3428	0.145898
11091	0.143200
3742	0.140509
9938	0.139298
7551	0.139298
7550	0.139298
7539	0.139298
7538	0.139298
4951	0.139261
5366	0.138290
3740	0.138072
4842	0.136912
4618	0.135968
7224	0.134657
6574	0.134657
5527	0.134657
4235	0.129988
4204	0.128502
11178	0.128194
11073	0.126119
4947	0.124230
3429	0.123031
10507	0.120989
677	0.119743
5185	0.119163
2486	0.117687
14128	0.116643
3441	0.115986
10089	0.114984
7036	0.113896
991	0.113701
11202	0.113158
2871	0.112821
3440	0.106706
10550	0.103826
12315	0.103754
11109	0.103481
5815	0.102924
10255	0.102660
3789	0.102068
10801	0.100466
9085	0.099719
11416	0.099617
9086	0.099298
6457	0.096770
475	0.094694
3425	0.094050
10589	0.092982
10273	0.092801
10274	0.090676
11677	0.090111
4494	0.090111
4493	0.090111
10245	0.089432
10275	0.089169
3426	0.087594
1778	0.087494
1178	0.086786
472	0.085459
589	0.084624
10638	0.083813
4319	0.083270
12527	0.083105
3077	0.082985
6938	0.081866
12367	0.080674
323	0.080333
4663	0.078588
6680	0.078465
11237	0.077548
5650	0.076571
10389	0.075593
13374	0.075446
13373	0.075446
3986	0.075418
11415	0.075297
247	0.075256
10523	0.075105
2594	0.074888
6138	0.074352
10127	0.073115
6147	0.072888
5649	0.072725
10556	0.072286
3715	0.071557
9026	0.071482
10264	0.071460
11145	0.070987
7626	0.069726
2595	0.069636
10376	0.069617
14250	0.069561
10558	0.069561
10555	0.069561
6968	0.069561
8042	0.069533
14227	0.068948
5205	0.068860
11626	0.068736
14249	0.067498
10249	0.067102
12063	0.066647
11211	0.066619
13095	0.066533
6969	0.066533
12431	0.066496
9094	0.066373
9093	0.066373
9092	0.066373
9065	0.066373
5513	0.066288
11556	0.066225
5154	0.065835
7245	0.065552
2196	0.065124
12525	0.064578
474	0.064563
5514	0.064012
10511	0.063871
13838	0.063741
12779	0.063577
10852	0.063549
6415	0.063024
4463	0.063024
12145	0.062888
10515	0.062888
5956	0.062888
10920	0.062800
14091	0.062669
10557	0.062651
6737	0.062593
12799	0.062563
5033	0.062162
3795	0.062091
5957	0.061854
11675	0.061681
4093	0.061528
5994	0.061410
11564	0.061394
8947	0.061334
570	0.061174
2184	0.061115
10921	0.060975
13665	0.060681
3152	0.060605
7670	0.060593
5217	0.060400
5041	0.060369
4530	0.060067
8656	0.060011
5007	0.059879
14111	0.059845
14080	0.059845
10961	0.059554
10554	0.059530
2280	0.059506
8794	0.059458
5034	0.059431
7207	0.059417
12880	0.059099
13121	0.059065
4789	0.059065
4788	0.059065
2281	0.058865
12573	0.058851
12182	0.058742
4464	0.058742
3135	0.058693
12732	0.058453
10037	0.058453
11565	0.058379
12572	0.058354
12044	0.058034
12502	0.057983
8329	0.057664
4787	0.057015
4349	0.056950
14248	0.056878
8047	0.056878
13942	0.056656
10548	0.056511
12551	0.056478
6366	0.056471
11447	0.056332
10358	0.055965
10739	0.055636
10788	0.055636
10777	0.055636
10759	0.055636
11742	0.055607
5226	0.055607
10657	0.055478
10499	0.055340
6758	0.055333
13164	0.055295
4529	0.055221
4068	0.055197
11354	0.055191
13820	0.055121
10658	0.055117
11915	0.055023
11800	0.054936
13155	0.054871
12384	0.054405
6829	0.054376
971	0.054329
8855	0.054025
12395	0.053961
4392	0.053937
12241	0.053918
12240	0.053918
8074	0.053918
7294	0.053918
6054	0.053918
4336	0.053918
12773	0.053909
3823	0.053741
4531	0.053734
592	0.053688
4907	0.053628
12637	0.053591
10226	0.053464
577	0.053440
3418	0.053431
13054	0.053094
3210	0.052909
2099	0.052895
1018	0.052863
12710	0.052825
12492	0.052709
11334	0.052516
5651	0.052409
4465	0.052369
11074	0.052333
11076	0.052328
5522	0.052288
3174	0.052114
5512	0.052063
10751	0.052026
11940	0.052015
5565	0.051995
11177	0.051991
2344	0.051887
11964	0.051806
10694	0.051767
5995	0.051582
12461	0.051270
3212	0.051056
11916	0.051023
12733	0.051010
13151	0.050864
6395	0.050854
11403	0.050719
6148	0.050719
8489	0.050698
5270	0.050630
473	0.050620
6045	0.050604
7282	0.050543
10500	0.050521
7281	0.050362
3326	0.050319
12249	0.050133
5008	0.050133
13331	0.050094
10212	0.049857
9562	0.049706
3100	0.049706
12613	0.049700
5521	0.049657
11033	0.049609
12734	0.049549
4114	0.049368
12636	0.049353
11977	0.049334
11143	0.049252
10639	0.049236
3209	0.049102
10483	0.049095
11463	0.049089
12574	0.049072
7422	0.048813
3438	0.048690
3977	0.048685
3324	0.048664
4908	0.048644
10427	0.048640
10632	0.048429
2283	0.048396
3323	0.048326
11217	0.048326
5424	0.048287
10778	0.048267
10441	0.048180
1242	0.048097
6830	0.048070
11094	0.048000
463	0.047885
12118	0.047809
2083	0.047809
2074	0.047809
1899	0.047809
1896	0.047809
5271	0.047750
3098	0.047712
10465	0.047686
11438	0.047678
5269	0.047664
7970	0.047588
12832	0.047559
2480	0.047542
7665	0.047534
4495	0.047394
3672	0.047124
9960	0.047116
5491	0.047071
13111	0.047055
13109	0.047055
9959	0.047055
10125	0.047015
11239	0.046981
11238	0.046981
3064	0.046971
8009	0.046897
12621	0.046801
10520	0.046798
14	0.046789
5608	0.046781
8622	0.046743
10521	0.046729
5035	0.046634
13441	0.046598
10484	0.046594
11510	0.046520
9917	0.046497
9237	0.046479
11381	0.046430
13547	0.046353
13546	0.046353
13368	0.046353
3068	0.046336
3176	0.046313
10464	0.046263
12701	0.046223
464	0.046109
3075	0.045968
12385	0.045896
2529	0.045812
7205	0.045726
11858	0.045614
9439	0.045607
10706	0.045592
4514	0.045581
4029	0.045563
12787	0.045368
5225	0.045295
5942	0.045224
392	0.045223
12142	0.045223
10388	0.045147
9950	0.045145
388	0.045139
11728	0.045125
13427	0.045024
10749	0.044972
6564	0.044938
1898	0.044597
11075	0.044478
11472	0.044443
13462	0.044426
6649	0.044423
6647	0.044423
6646	0.044423
5610	0.044423
12816	0.044347
12757	0.044299
12797	0.044298
5313	0.044156
7070	0.044154
12612	0.044145
5877	0.044118
12747	0.044112
5876	0.044099
567	0.044096
8832	0.044053
7246	0.044051
12528	0.044023
11405	0.044006
12794	0.043995
3764	0.043989
6386	0.043966
6709	0.043956
11853	0.043951
11729	0.043882
2473	0.043842
1506	0.043815
5248	0.043793
2944	0.043754
9958	0.043722
13545	0.043647
11711	0.043534
7541	0.043526
4457	0.043524
11279	0.043480
11487	0.043444
10834	0.043427
11197	0.043415
9762	0.043392
12606	0.043290
9089	0.043282
8884	0.043266
10428	0.043210
9462	0.043137
10833	0.043119
3791	0.042973
5672	0.042942
4090	0.042883
7459	0.042868
11019	0.042852
4763	0.042807
3007	0.042754
8564	0.042723
7359	0.042704
7932	0.042519
6046	0.042497
8059	0.042397
5832	0.042346
10925	0.042268
13165	0.042259
958	0.042258
268	0.042230
4192	0.042199
5671	0.042172
2247	0.042139
13180	0.042138
4664	0.042079
11568	0.041990
6731	0.041985
1161	0.041942
7506	0.041923
5177	0.041921
8652	0.041913
8091	0.041868
5519	0.041866
8887	0.041848
6290	0.041786
10042	0.041781
4087	0.041763
10324	0.041756
10734	0.041724
13087	0.041713
9021	0.041685
5870	0.041676
7114	0.041606
8901	0.041560
2952	0.041549
11552	0.041497
803	0.041423
2248	0.041413
6946	0.041328
5940	0.041294
2831	0.041293
12792	0.041269
11380	0.041269
11361	0.041254
10712	0.041250
11436	0.041221
10711	0.041221
12595	0.041209
6118	0.041197
2958	0.041129
9988	0.041124
3963	0.041107
10701	0.041015
969	0.041014
3961	0.040993
10946	0.040991
1359	0.040971
10452	0.040899
6052	0.040891
5860	0.040711
13166	0.040677
13333	0.040615
13041	0.040582
6119	0.040582
12791	0.040565
12788	0.040565
14207	0.040542
14206	0.040542
13824	0.040542
12504	0.040541
11188	0.040530
11187	0.040530
11575	0.040491
6850	0.040476
2078	0.040457
5765	0.040419
8513	0.040395
2634	0.040386
12589	0.040382
6414	0.040377
12705	0.040356
6963	0.040352
4568	0.040349
11189	0.040338
9948	0.040296
11752	0.040287
6987	0.040258
10198	0.040233
1759	0.040164
959	0.040142
12704	0.040094
2269	0.040091
4325	0.040072
5116	0.040069
11754	0.040007
12605	0.040006
8297	0.039996
10659	0.039931
6053	0.039894
11486	0.039891
6497	0.039848
3962	0.039825
2084	0.039799
5151	0.039772
5951	0.039663
2020	0.039639
10567	0.039588
4786	0.039581
10926	0.039545
522	0.039500
11198	0.039487
3939	0.039439
12698	0.039429
14291	0.039361
12153	0.039305
4702	0.039305
13500	0.039247
2820	0.039210
1756	0.039207
12804	0.039179
10475	0.039170
11887	0.039165
5352	0.039161
3260	0.039131
12691	0.039117
574	0.039057
9971	0.038996
10301	0.038966
7977	0.038962
12247	0.038931
2525	0.038925
6836	0.038914
11004	0.038913
735	0.038852
10770	0.038800
6333	0.038799
11453	0.038785
11452	0.038785
11451	0.038785
11449	0.038785
11445	0.038785
11427	0.038785
11391	0.038785
11388	0.038785
11331	0.038785
11327	0.038785
11268	0.038785
11088	0.038785
14214	0.038758
13566	0.038729
11477	0.038725
6047	0.038710
10853	0.038679
10741	0.038658
12577	0.038630
10643	0.038607
12666	0.038586
3591	0.038563
11968	0.038545
949	0.038545
5433	0.038533
8477	0.038525
8877	0.038498
964	0.038495
10477	0.038489
5950	0.038443
6814	0.038430
5039	0.038411
2542	0.038397
10453	0.038376
10305	0.038375
9909	0.038319
2176	0.038264
10911	0.038249
12237	0.038214
11934	0.038187
7407	0.038142
3853	0.038142
5766	0.038059
14045	0.038054
3151	0.037976
1420	0.037966
2945	0.037933
12707	0.037834
9694	0.037825
7700	0.037809
12238	0.037670
10916	0.037654
9944	0.037612
5292	0.037600
5040	0.037551
10312	0.037535
8040	0.037516
2471	0.037502
3735	0.037437
10780	0.037398
10937	0.037344
11356	0.037329
6195	0.037288
11371	0.037275
11370	0.037275
10955	0.037275
10686	0.037244
11357	0.037192
4000	0.037188
12496	0.037155
10440	0.037027
11377	0.037024
4798	0.037020
9796	0.037018
12311	0.037014
11409	0.036952
10337	0.036907
1419	0.036869
5423	0.036867
13569	0.036866
11165	0.036848
10485	0.036754
2477	0.036751
6252	0.036706
11065	0.036706
590	0.036682
7929	0.036622
8343	0.036617
1673	0.036609
13939	0.036572
7699	0.036540
2170	0.036534
10821	0.036524
13209	0.036481
13206	0.036481
13205	0.036481
13203	0.036481
6977	0.036481
7268	0.036453
11292	0.036409
12403	0.036408
6220	0.036397
4113	0.036381
2207	0.036333
10627	0.036326
10687	0.036295
2524	0.036287
9438	0.036234
11328	0.036190
11514	0.036183
2227	0.036150
7035	0.036116
5952	0.036105
10956	0.036091
3370	0.036081
9756	0.036070
10064	0.036026
12836	0.036007
12824	0.036007
4799	0.036004
6421	0.035986
5764	0.035957
11378	0.035945
10854	0.035900
7467	0.035888
12795	0.035879
2496	0.035852
8405	0.035834
9964	0.035823
10860	0.035822
4112	0.035809
12188	0.035728
11467	0.035717
967	0.035695
10426	0.035684
7062	0.035620
10682	0.035617
6970	0.035609
3630	0.035545
9186	0.035521
12591	0.035511
10390	0.035506
10522	0.035493
3451	0.035464
2359	0.035445
4709	0.035424
1177	0.035419
6077	0.035417
8890	0.035392
10841	0.035389
9847	0.035381
11502	0.035379
1879	0.035369
3957	0.035364
10600	0.035342
3871	0.035330
3372	0.035327
4321	0.035312
7278	0.035305
10432	0.035303
6140	0.035286
6139	0.035286
4756	0.035253
12559	0.035251
10884	0.035245
3496	0.035228
5009	0.035190
8471	0.035144
11439	0.035140
4551	0.035132
14238	0.035124
14175	0.035124
14044	0.035124
12633	0.035084
8336	0.035056
10991	0.035035
9114	0.035000
3883	0.034986
11185	0.034965
10927	0.034959
13608	0.034913
13409	0.034913
13408	0.034913
3960	0.034901
3956	0.034901
12629	0.034878
10637	0.034756
10048	0.034754
5343	0.034753
12759	0.034752
2268	0.034712
11234	0.034682
10544	0.034627
7082	0.034620
2085	0.034579
10827	0.034535
12807	0.034526
13806	0.034519
12436	0.034487
12718	0.034466
3066	0.034428
12745	0.034417
2087	0.034416
11731	0.034381
13265	0.034361
3030	0.034316
13204	0.034311
2342	0.034269
2581	0.034250
9484	0.034230
9483	0.034230
1816	0.034191
10904	0.034186
12729	0.034128
778	0.034071
779	0.034068
8314	0.034050
10237	0.034014
12161	0.034009
11870	0.034009
11794	0.034009
11204	0.034009
11203	0.034009
6144	0.034009
6143	0.034009
6142	0.034009
6141	0.034009
11365	0.034003
11270	0.034003
10957	0.034003
7144	0.034003
3286	0.033980
5430	0.033978
6506	0.033916
10615	0.033898
10357	0.033890
11297	0.033886
10498	0.033869
1925	0.033860
4839	0.033769
6321	0.033749
2582	0.033741
13397	0.033641
4376	0.033629
8432	0.033609
8431	0.033609
7908	0.033502
9139	0.033447
1199	0.033414
6966	0.033387
9982	0.033369
9983	0.033357
12730	0.033353
3587	0.033345
10699	0.033313
6754	0.033274
10885	0.033271
10846	0.033268
11035	0.033248
11001	0.033242
7073	0.033232
13552	0.033218
13511	0.033218
13507	0.033218
5615	0.033200
8248	0.033187
7354	0.033173
12833	0.033159
3341	0.033140
5493	0.033105
12673	0.033016
3497	0.033006
11658	0.032965
13384	0.032939
2521	0.032928
10487	0.032904
8596	0.032903
6017	0.032896
5129	0.032895
11373	0.032842
10202	0.032842
10491	0.032841
11142	0.032840
11153	0.032834
10845	0.032834
13609	0.032795
1583	0.032794
10334	0.032793
11069	0.032791
1603	0.032737
10186	0.032708
14334	0.032690
2098	0.032690
3668	0.032687
5883	0.032659
11242	0.032652
13716	0.032646
10634	0.032644
4111	0.032630
10844	0.032576
8621	0.032558
12400	0.032530
11586	0.032530
3389	0.032525
5859	0.032500
13469	0.032486
2526	0.032453
5775	0.032430
12552	0.032411
10875	0.032392
6834	0.032314
6371	0.032276
2674	0.032261
5833	0.032254
5934	0.032251
5933	0.032251
7344	0.032207
13178	0.032207
13179	0.032207
14101	0.032195
8365	0.032195
6812	0.032187
1017	0.032186
5579	0.032175
1091	0.032148
11402	0.032129
10307	0.032129
10208	0.032120
12768	0.032101
12638	0.032090
9120	0.032065
4895	0.032063
1758	0.032024
5075	0.031952
10308	0.031933
10737	0.031920
5854	0.031887
12764	0.031879
887	0.031873
12696	0.031872
7920	0.031819
10740	0.031817
9724	0.031815
11852	0.031811
12521	0.031772
12955	0.031764
5880	0.031752
7955	0.031742
11638	0.031738
11003	0.031722
12274	0.031716
8236	0.031716
8235	0.031716
6980	0.031716
6953	0.031716
298	0.031716
850	0.031709
4569	0.031691
6116	0.031686
12835	0.031663
9596	0.031622
6632	0.031610
6234	0.031600
11534	0.031597
2699	0.031558
11286	0.031554
10984	0.031548
7139	0.031546
10606	0.031543
11667	0.031542
10384	0.031489
8959	0.031486
10451	0.031470
2206	0.031458
12758	0.031448
11319	0.031442
11318	0.031442
11317	0.031442
11316	0.031442
2889	0.031433
1732	0.031399
4693	0.031371
12661	0.031357
10367	0.031312
7061	0.031289
11005	0.031268
7874	0.031260
5379	0.031230
7072	0.031208
3774	0.031200
12756	0.031194
3313	0.031191
11512	0.031138
12693	0.031104
11263	0.031103
14348	0.031100
13769	0.031094
4288	0.031094
9020	0.031078
5913	0.031063
10531	0.031052
13805	0.031047
5132	0.031047
6935	0.031045
568	0.031029
10421	0.030953
2276	0.030936
10720	0.030927
7101	0.030926
3332	0.030907
1507	0.030878
13574	0.030869
1085	0.030866
11689	0.030854
2208	0.030852
1236	0.030852
5434	0.030841
12556	0.030760
12647	0.030691
14317	0.030668
12744	0.030659
805	0.030658
1244	0.030644
10660	0.030621
8623	0.030612
7185	0.030600
3972	0.030600
10168	0.030580
10022	0.030580
8036	0.030580
705	0.030573
960	0.030544
13337	0.030514
5507	0.030514
7762	0.030473
5958	0.030472
7817	0.030470
4469	0.030443
4725	0.030421
10609	0.030419
6056	0.030417
9098	0.030410
13626	0.030398
