2097	0.202657
11989	0.202040
876	0.199579
1030	0.193776
2600	0.192631
2182	0.191327
5347	0.184963
7774	0.184669
5641	0.184669
5642	0.184668
2105	0.183388
2107	0.178180
2267	0.175021
9623	0.168413
498	0.167752
7526	0.159964
8864	0.159874
8863	0.159874
8583	0.159874
8124	0.159874
7904	0.159874
7903	0.159874
7902	0.159874
7901	0.159874
7900	0.159874
7899	0.159874
7897	0.159874
7896	0.159874
7895	0.159874
5546	0.158347
2110	0.155927
2708	0.154036
2109	0.153994
6838	0.153296
11658	0.153207
13265	0.152933
2962	0.152309
633	0.148266
3636	0.147621
9503	0.145858
2709	0.145063
6117	0.144536
2118	0.143786
352	0.142244
10097	0.141757
6618	0.141075
8773	0.140644
6621	0.140644
7295	0.140324
8531	0.138592
11679	0.138478
2181	0.138116
13394	0.137763
11902	0.134667
7420	0.134607
8661	0.134322
2116	0.133988
51	0.133756
10098	0.133351
221	0.131912
4538	0.131253
1119	0.130687
9613	0.130370
1120	0.130330
9633	0.130238
9630	0.130238
9628	0.130238
9626	0.130238
9625	0.130238
9624	0.130238
9622	0.130238
9621	0.130238
9620	0.130238
9619	0.130238
9618	0.130238
9615	0.130238
9482	0.130238
9612	0.129788
13247	0.129181
5354	0.129102
4865	0.129015
874	0.128546
6393	0.128353
1231	0.128326
9307	0.128063
7453	0.127774
7676	0.127242
9578	0.127014
3841	0.126735
2968	0.126183
6482	0.125229
8615	0.124646
2052	0.124485
9942	0.124217
9931	0.124217
9930	0.124217
9921	0.124217
9901	0.124217
9899	0.124217
9895	0.124217
9866	0.124217
9836	0.124217
9832	0.124217
9810	0.124217
9698	0.124217
9636	0.124217
9570	0.124217
9299	0.124217
997	0.123976
888	0.123937
9121	0.123572
9112	0.123572
9436	0.123461
2114	0.123215
1419	0.123101
9610	0.122424
6623	0.122313
14342	0.122194
351	0.122167
2117	0.121742
6971	0.121313
5183	0.119557
9269	0.119034
10018	0.118710
882	0.117441
5745	0.116366
7553	0.116073
35	0.115585
9462	0.115509
11212	0.115033
9606	0.114958
4144	0.114857
13994	0.114685
7931	0.114685
13448	0.114464
1132	0.113498
2828	0.112251
10110	0.111957
1111	0.111923
10800	0.111895
2579	0.111876
3934	0.111677
2119	0.110806
4542	0.110762
11858	0.110688
9338	0.110686
1420	0.110572
3778	0.110524
5346	0.110354
9439	0.110215
1118	0.109911
13449	0.109651
3973	0.108679
5219	0.108482
11988	0.108086
2575	0.107958
2612	0.107721
609	0.107266
12041	0.106806
9034	0.106611
9393	0.105990
977	0.105330
2845	0.105167
5059	0.105107
8792	0.104818
1447	0.104764
7560	0.104581
8090	0.104046
2847	0.104046
2843	0.104046
2839	0.104046
2840	0.104025
9609	0.103531
9580	0.103531
6908	0.103513
4922	0.103480
1952	0.102954
2189	0.102485
2952	0.102479
4778	0.102309
9347	0.102109
4262	0.102064
2577	0.101469
2120	0.101286
4672	0.101266
9611	0.101215
1893	0.101184
12909	0.101146
9413	0.101114
9928	0.101017
875	0.100630
414	0.100299
7288	0.100174
1044	0.099594
4977	0.099261
686	0.099199
5123	0.098492
4976	0.098407
716	0.098241
11987	0.098216
578	0.097972
12670	0.097966
2128	0.097960
2820	0.097274
11737	0.097031
354	0.096961
38	0.096577
1254	0.096524
9415	0.096439
8851	0.096439
8850	0.096439
1228	0.096414
13050	0.096314
1127	0.096108
9356	0.096096
9534	0.096073
9533	0.096073
9529	0.096073
9509	0.096073
2981	0.096049
11906	0.095951
1232	0.095631
1229	0.095631
2958	0.095179
9531	0.095018
5433	0.094914
699	0.094883
1131	0.094877
492	0.094849
7261	0.094823
6967	0.094793
6689	0.094793
1673	0.094730
7379	0.094680
115	0.094428
881	0.094392
5916	0.094382
11914	0.094378
6191	0.094358
14233	0.094314
1136	0.094314
353	0.094257
5500	0.094251
2990	0.094145
4671	0.094140
4669	0.094140
6267	0.094130
6302	0.094130
781	0.094034
2996	0.094000
4416	0.093992
1126	0.093927
13281	0.093863
13282	0.093860
7131	0.093838
9631	0.093825
11646	0.093710
225	0.093450
671	0.093347
4670	0.093185
8714	0.093166
4667	0.093065
8892	0.092912
1109	0.092882
6600	0.092632
11985	0.092552
8147	0.092552
8100	0.092552
8086	0.092552
8085	0.092552
8084	0.092552
4383	0.092545
4537	0.092328
4154	0.092227
3741	0.092069
12030	0.092041
2188	0.091975
861	0.091866
487	0.091850
469	0.091847
2172	0.091833
713	0.091757
7913	0.091700
5968	0.091700
470	0.091700
1439	0.091673
1950	0.091493
877	0.091249
8099	0.091104
6149	0.090876
12414	0.090703
5967	0.090565
370	0.090289
2111	0.090056
12873	0.089624
1751	0.089477
1121	0.089369
12010	0.089274
7468	0.089156
2967	0.089156
630	0.089032
3665	0.088984
4106	0.088972
2965	0.088868
404	0.088826
7872	0.088764
8352	0.088759
8351	0.088759
2957	0.088759
2956	0.088759
8676	0.088591
9199	0.088510
7089	0.088279
13850	0.088137
8584	0.088039
4849	0.088006
6896	0.087929
2102	0.087885
1040	0.087871
2115	0.087824
9616	0.087806
9775	0.087413
8634	0.087394
9231	0.087388
665	0.087232
5746	0.087152
11806	0.087074
4824	0.087013
9215	0.087007
9024	0.086994
9023	0.086994
9022	0.086994
8949	0.086994
4105	0.086797
6102	0.086761
2122	0.086743
8604	0.086710
6697	0.086642
4832	0.086631
8625	0.086583
6895	0.086173
426	0.086103
12073	0.086100
9794	0.086064
9361	0.085685
4668	0.085602
286	0.084962
586	0.084868
2523	0.084686
2892	0.084637
8312	0.084372
4231	0.084259
2902	0.084245
3507	0.084208
1836	0.084171
331	0.084145
4175	0.084056
9226	0.084031
9217	0.084031
8534	0.084031
7827	0.083964
280	0.083926
6217	0.083672
8207	0.083640
3203	0.083595
10617	0.083571
4176	0.083527
12276	0.083507
14263	0.083507
14002	0.083507
14001	0.083507
14000	0.083507
13998	0.083507
13996	0.083507
6666	0.083507
5064	0.083507
4854	0.083507
4852	0.083507
276	0.083397
9204	0.083366
8592	0.083366
316	0.083345
2518	0.083288
2108	0.083254
11920	0.083132
3927	0.083132
3868	0.083132
488	0.083094
3705	0.083053
1835	0.082932
2064	0.082926
6449	0.082736
1640	0.082620
268	0.082616
2113	0.082411
2522	0.082025
3837	0.081988
1400	0.081887
2472	0.081884
12069	0.081882
6806	0.081646
1768	0.081637
6532	0.081615
227	0.081490
1097	0.081480
2093	0.081390
1403	0.081346
891	0.081252
11918	0.080967
3784	0.080932
5197	0.080689
11678	0.080547
2827	0.080525
4541	0.080501
6676	0.080350
8886	0.080250
294	0.080248
4797	0.080193
8778	0.080131
9177	0.080020
114	0.079984
9512	0.079983
5725	0.079964
2521	0.079926
8779	0.079904
13997	0.079859
11919	0.079827
2881	0.079816
116	0.079805
3652	0.079782
6395	0.079766
823	0.079675
4121	0.079527
6472	0.079284
2954	0.079183
11715	0.079020
6804	0.078985
5186	0.078849
6305	0.078726
9102	0.078683
6295	0.078643
13030	0.078564
9218	0.078552
4800	0.078476
13075	0.078464
1861	0.078456
11818	0.078362
3827	0.078300
117	0.078266
879	0.078246
7767	0.078217
6550	0.078139
613	0.078094
782	0.078092
12178	0.078052
7003	0.078036
14003	0.077956
683	0.077951
4998	0.077824
5788	0.077799
13026	0.077749
9541	0.077705
11609	0.077679
12333	0.077606
4165	0.077516
7240	0.077412
6304	0.077274
8938	0.077134
11739	0.077048
5413	0.076971
786	0.076941
6763	0.076749
2535	0.076582
11733	0.076487
14162	0.076439
4838	0.076382
12338	0.076292
6064	0.076228
6065	0.076217
12281	0.076154
6619	0.076154
113	0.076127
8997	0.076007
3383	0.075993
2532	0.075935
2602	0.075895
1008	0.075866
13707	0.075859
465	0.075827
7830	0.075792
7195	0.075748
7193	0.075748
7715	0.075725
13706	0.075610
648	0.075600
13738	0.075590
13731	0.075590
6920	0.075557
7381	0.075557
697	0.075534
3427	0.075488
12954	0.075473
2580	0.075353
4644	0.075310
2104	0.075260
7414	0.074997
7772	0.074898
1265	0.074872
2821	0.074840
817	0.074798
2442	0.074709
1402	0.074686
2206	0.074676
6605	0.074652
7182	0.074588
2208	0.074586
1236	0.074586
288	0.074527
304	0.074392
8910	0.074385
588	0.074379
4848	0.074287
6501	0.074191
2599	0.074187
1112	0.074150
8980	0.074010
8978	0.074010
8977	0.074010
8976	0.074010
8940	0.074010
289	0.073932
6072	0.073844
3902	0.073708
4725	0.073703
3952	0.073638
11680	0.073627
1837	0.073611
9145	0.073597
12191	0.073587
6430	0.073523
1123	0.073523
4301	0.073464
3929	0.073460
3928	0.073460
9212	0.073454
118	0.073418
10723	0.073318
6742	0.073178
14407	0.073136
13926	0.073008
4850	0.072873
1442	0.072857
5013	0.072766
1291	0.072709
3448	0.072701
13131	0.072595
2	0.072519
1133	0.072494
8248	0.072469
3735	0.072455
4855	0.072396
3506	0.072280
820	0.072241
9958	0.072110
11813	0.072089
13721	0.072082
13709	0.072082
269	0.071989
11432	0.071865
10616	0.071865
7864	0.071825
5905	0.071748
122	0.071663
4396	0.071520
307	0.071441
730	0.071424
11852	0.071371
6616	0.071361
7659	0.071355
2096	0.071345
222	0.071152
6278	0.071096
2280	0.071060
1905	0.071008
8611	0.070941
3504	0.070935
8963	0.070910
7752	0.070878
9519	0.070818
7958	0.070778
9466	0.070632
5033	0.070594
5062	0.070547
3604	0.070530
9957	0.070498
8208	0.070481
6044	0.070463
5748	0.070334
9702	0.070317
14415	0.070309
9277	0.070309
12910	0.070278
14266	0.070221
1986	0.070208
346	0.070110
2112	0.070031
11233	0.070030
9381	0.070030
5296	0.070002
9457	0.069978
4152	0.069978
9130	0.069959
9113	0.069959
9198	0.069958
2124	0.069953
12002	0.069952
1838	0.069942
10549	0.069877
6426	0.069803
6303	0.069750
2531	0.069732
2980	0.069698
8712	0.069697
8303	0.069697
8302	0.069697
7362	0.069697
6359	0.069697
596	0.069690
4348	0.069663
6202	0.069622
4404	0.069605
6208	0.069591
2168	0.069550
4118	0.069547
2955	0.069369
2953	0.069369
13665	0.069367
12310	0.069259
8635	0.069195
3389	0.069128
5034	0.069125
223	0.069106
2207	0.069063
10456	0.069003
11903	0.068979
3446	0.068971
12915	0.068931
12914	0.068931
9797	0.068851
12948	0.068842
645	0.068784
4240	0.068780
2620	0.068767
274	0.068714
11701	0.068672
5238	0.068665
9627	0.068639
8709	0.068632
4111	0.068594
6598	0.068581
9210	0.068557
6255	0.068497
10377	0.068488
10838	0.068483
8711	0.068462
6695	0.068461
120	0.068453
13847	0.068437
14433	0.068433
14410	0.068418
14409	0.068418
14408	0.068418
7919	0.068418
806	0.068403
8732	0.068399
10378	0.068394
8710	0.068391
7889	0.068377
10839	0.068363
10862	0.068345
6081	0.068330
1777	0.068327
1280	0.068320
4664	0.068276
611	0.068269
12219	0.068239
9058	0.068207
6701	0.068207
10863	0.068105
1829	0.067967
14393	0.067831
14377	0.067831
1458	0.067817
235	0.067809
3549	0.067783
6576	0.067617
2542	0.067551
6889	0.067536
1113	0.067504
6771	0.067465
4482	0.067410
6249	0.067390
6251	0.067390
12138	0.067334
12137	0.067334
12068	0.067334
11864	0.067334
9484	0.067257
9483	0.067257
9152	0.067209
3828	0.067202
6126	0.067178
6125	0.067178
10694	0.067173
4485	0.067046
96	0.067005
3867	0.066982
3743	0.066927
4401	0.066907
282	0.066877
6519	0.066834
5142	0.066806
7947	0.066775
4265	0.066766
1800	0.066748
3590	0.066731
14004	0.066702
4866	0.066702
1925	0.066666
2677	0.066631
2676	0.066631
4112	0.066591
2979	0.066571
14085	0.066554
12250	0.066553
8845	0.066517
12252	0.066507
532	0.066479
6055	0.066443
13945	0.066425
9168	0.066382
10776	0.066362
14416	0.066313
4113	0.066269
6006	0.066224
14427	0.066154
295	0.066141
4241	0.066073
3751	0.066067
3750	0.066067
2696	0.066039
13767	0.066019
10675	0.065990
10226	0.065973
10830	0.065963
2666	0.065927
3320	0.065892
930	0.065838
2755	0.065713
11226	0.065708
2541	0.065629
5299	0.065620
8619	0.065596
8223	0.065594
3596	0.065515
12077	0.065509
6461	0.065509
3711	0.065509
12125	0.065491
141	0.065485
9237	0.065464
8468	0.065432
2978	0.065432
2977	0.065432
9538	0.065379
732	0.065344
13235	0.065334
6077	0.065317
13199	0.065191
13198	0.065191
293	0.065160
292	0.065160
291	0.065160
290	0.065160
287	0.065160
12141	0.065123
12428	0.065116
7917	0.065100
4394	0.065029
4882	0.064960
194	0.064915
4406	0.064895
4399	0.064891
9202	0.064821
7960	0.064794
7784	0.064775
14398	0.064754
14383	0.064754
8454	0.064754
7916	0.064754
7083	0.064754
7211	0.064726
6473	0.064701
3721	0.064682
10232	0.064662
1300	0.064644
7881	0.064644
9174	0.064622
6525	0.064564
13570	0.064544
13228	0.064544
731	0.064544
13815	0.064537
14283	0.064478
9190	0.064463
8503	0.064393
11147	0.064359
11121	0.064297
2765	0.064238
2944	0.064195
9497	0.064191
1094	0.064161
10356	0.064150
10045	0.064148
3710	0.064145
6557	0.064113
4407	0.064090
1114	0.064086
13693	0.064065
5268	0.063966
5291	0.063898
13928	0.063885
4932	0.063835
9608	0.063830
5407	0.063825
9780	0.063791
8398	0.063788
5348	0.063769
119	0.063701
6636	0.063701
7828	0.063653
9913	0.063514
49	0.063471
13013	0.063456
12962	0.063456
9605	0.063449
12360	0.063449
7711	0.063449
3598	0.063399
13076	0.063397
7933	0.063375
347	0.063375
13222	0.063369
11835	0.063359
4409	0.063359
11730	0.063287
13059	0.063281
12334	0.063281
6549	0.063281
814	0.063260
50	0.063252
6987	0.063244
7306	0.063229
13881	0.063225
8964	0.063225
8063	0.063225
9960	0.063222
6307	0.063199
2103	0.063188
3062	0.063153
4296	0.063141
13111	0.063123
13109	0.063123
9959	0.063123
3099	0.063116
5425	0.062975
2210	0.062911
8928	0.062893
10125	0.062883
8451	0.062798
4377	0.062774
11998	0.062774
4944	0.062762
4943	0.062762
3805	0.062743
10474	0.062743
4239	0.062734
4450	0.062726
14209	0.062718
7955	0.062610
8965	0.062585
5915	0.062573
10473	0.062535
11712	0.062511
2846	0.062481
9124	0.062443
1194	0.062431
751	0.062415
7890	0.062341
11999	0.062319
4304	0.062307
4302	0.062307
11256	0.062257
14226	0.062168
14225	0.062168
13873	0.062168
13872	0.062168
13871	0.062168
13870	0.062168
8437	0.062168
8435	0.062168
8434	0.062168
2844	0.062154
13897	0.062080
11607	0.062034
9207	0.061985
9205	0.061985
8528	0.061985
4148	0.061983
3940	0.061924
830	0.061911
2144	0.061893
8530	0.061813
9787	0.061788
9786	0.061788
9785	0.061788
9784	0.061788
9783	0.061788
9782	0.061788
9781	0.061788
9778	0.061788
9280	0.061788
8585	0.061788
8567	0.061788
8553	0.061788
4248	0.061771
7883	0.061768
4249	0.061768
4247	0.061768
4246	0.061768
4242	0.061768
4245	0.061768
5111	0.061764
4244	0.061761
4363	0.061760
2973	0.061756
6465	0.061735
6464	0.061732
6463	0.061732
10227	0.061695
4511	0.061487
14395	0.061485
7891	0.061485
4652	0.061355
12381	0.061325
6127	0.061306
5101	0.061268
11849	0.061255
1693	0.061178
641	0.061104
224	0.061095
5697	0.061083
6225	0.061082
14367	0.061014
7888	0.061014
9304	0.060978
2192	0.060880
13116	0.060880
11930	0.060871
241	0.060849
12300	0.060718
6435	0.060607
7276	0.060564
9200	0.060553
14290	0.060533
745	0.060515
10403	0.060459
1115	0.060414
2245	0.060381
11976	0.060240
11860	0.060167
10740	0.060155
3643	0.060144
6881	0.060068
3144	0.060065
8109	0.060001
1930	0.059968
4169	0.059955
3817	0.059951
8671	0.059930
9235	0.059917
9230	0.059917
9228	0.059917
9225	0.059917
9224	0.059917
9221	0.059917
9219	0.059917
9214	0.059917
9213	0.059917
9211	0.059917
