1115	0.229011
221	0.202566
1133	0.201587
1119	0.200879
1120	0.200856
13247	0.200328
1121	0.185446
6430	0.175485
1123	0.175485
115	0.174753
14233	0.173284
1136	0.173284
2174	0.166641
1118	0.159291
11989	0.157989
1132	0.155355
2828	0.155159
876	0.154587
12036	0.151141
2097	0.150742
2600	0.146951
2175	0.144681
13265	0.132659
11658	0.131919
12286	0.130672
2110	0.128936
2105	0.128754
7774	0.128360
5641	0.128360
5642	0.128352
5347	0.127764
2107	0.126609
5582	0.124079
498	0.121947
2695	0.116586
5583	0.115350
4497	0.114908
6838	0.114741
11677	0.111809
4494	0.111809
4493	0.111809
8864	0.111371
8863	0.111371
8583	0.111371
8124	0.111371
7904	0.111371
7903	0.111371
7902	0.111371
7901	0.111371
7900	0.111371
7899	0.111371
7897	0.111371
7896	0.111371
7895	0.111371
7526	0.111354
3001	0.111258
10898	0.111156
5585	0.111095
1117	0.110913
5584	0.109864
4204	0.109834
4463	0.107530
1835	0.107117
2382	0.106789
6205	0.105917
12182	0.105251
4464	0.105251
114	0.105208
11280	0.105095
10624	0.104533
5679	0.103559
10899	0.102790
8137	0.102498
7468	0.102334
2967	0.102334
716	0.102166
5546	0.102152
2965	0.102066
13657	0.101479
1719	0.101479
5745	0.101402
7615	0.101267
11988	0.101227
1707	0.100374
10976	0.100213
1135	0.100070
10977	0.099909
1952	0.099750
633	0.099150
13649	0.099130
2109	0.098820
7261	0.098447
3005	0.098357
121	0.098188
6938	0.098084
2981	0.097562
1111	0.096431
11818	0.096359
13394	0.095451
29	0.095311
9168	0.095162
11852	0.094747
11987	0.094667
2203	0.094439
9623	0.093553
465	0.093406
2206	0.093245
2267	0.092958
2208	0.092903
1236	0.092903
119	0.092832
2207	0.092725
2111	0.092694
1109	0.092475
7295	0.092187
3636	0.092166
1838	0.091997
683	0.091808
2117	0.091610
352	0.091258
2118	0.090910
11178	0.090616
6340	0.090097
7321	0.089759
877	0.089692
7020	0.089587
991	0.089531
13303	0.089240
3428	0.089086
2170	0.089066
5747	0.089005
6147	0.088850
2102	0.088484
2113	0.088248
1836	0.088137
1419	0.087262
6482	0.087098
7676	0.086627
1030	0.086496
578	0.086047
222	0.085936
8531	0.085565
10361	0.085544
7453	0.085474
2173	0.085374
9197	0.085074
7690	0.085025
7348	0.085025
7349	0.085025
713	0.084923
9198	0.084854
11587	0.084779
11679	0.084251
589	0.084234
2827	0.084132
881	0.083744
2197	0.083586
2182	0.083478
4596	0.083152
11112	0.082734
874	0.082435
6472	0.082343
2119	0.082313
5586	0.082138
295	0.082118
2191	0.081988
2521	0.081368
11902	0.081278
351	0.081029
2128	0.081011
8432	0.080621
8431	0.080621
3438	0.080574
8773	0.080095
6621	0.080095
2709	0.079888
316	0.079728
8615	0.079374
6618	0.079346
6395	0.079245
2108	0.079195
2124	0.079069
13942	0.078912
2096	0.078747
14248	0.078414
8047	0.078414
11930	0.078272
2192	0.078258
4469	0.078135
1420	0.077962
23	0.077900
8140	0.077493
5712	0.077463
5711	0.077463
5710	0.077463
13449	0.077402
3778	0.077110
7328	0.077054
2281	0.076962
4087	0.076933
6763	0.076915
2532	0.076277
13557	0.075901
13556	0.075901
9385	0.075731
6393	0.075607
2114	0.075442
11903	0.075211
4865	0.075178
13167	0.075164
10122	0.075164
1535	0.075016
997	0.074915
1235	0.074794
4595	0.074574
4542	0.074539
28	0.074498
13448	0.074286
2103	0.073786
487	0.073376
8661	0.073321
118	0.073188
1122	0.073007
4947	0.072973
2104	0.072932
9462	0.072749
11914	0.072677
12670	0.072637
1110	0.072335
1833	0.072265
11858	0.072114
7007	0.072096
1114	0.071834
9439	0.071798
4537	0.071672
3388	0.071366
3370	0.071324
13075	0.071235
3389	0.070821
5183	0.070780
4465	0.070778
7692	0.070754
875	0.070591
3425	0.070566
10308	0.069867
10984	0.069843
2112	0.069823
7745	0.069786
9775	0.069662
14431	0.069554
8148	0.069554
11689	0.069460
14254	0.069435
5403	0.069423
6378	0.069329
14370	0.069320
8307	0.069067
5354	0.069035
5392	0.068934
12229	0.068766
2052	0.068650
11402	0.068486
10307	0.068486
2962	0.068435
2612	0.068313
8453	0.068303
14357	0.068269
7787	0.068269
10795	0.068202
6680	0.067995
977	0.067616
10025	0.067601
3371	0.067503
12949	0.067446
12947	0.067446
12946	0.067446
12945	0.067446
12943	0.067446
12942	0.067446
5487	0.067377
2821	0.067223
9393	0.067139
14393	0.067044
14377	0.067044
122	0.066981
13638	0.066946
2199	0.066911
13542	0.066817
8276	0.066807
14339	0.066800
14338	0.066800
14312	0.066800
14272	0.066800
14259	0.066800
14160	0.066800
14159	0.066800
14158	0.066800
14156	0.066800
14144	0.066800
14133	0.066800
14123	0.066800
14110	0.066800
14102	0.066800
14053	0.066800
13501	0.066800
8311	0.066800
8309	0.066800
8308	0.066800
8306	0.066800
8288	0.066800
8286	0.066800
8285	0.066800
8283	0.066800
8282	0.066800
8280	0.066800
8278	0.066800
8277	0.066800
8046	0.066800
4603	0.066800
8310	0.066682
777	0.066634
2190	0.066557
14006	0.066486
9633	0.066349
9630	0.066349
9628	0.066349
9626	0.066349
9625	0.066349
9624	0.066349
9622	0.066349
9621	0.066349
9620	0.066349
9619	0.066349
9618	0.066349
9615	0.066349
9482	0.066349
8407	0.066338
4495	0.066228
3591	0.065949
14410	0.065880
14409	0.065880
14408	0.065880
7919	0.065880
9317	0.065829
1930	0.065785
14433	0.065758
3506	0.065665
7784	0.065645
14398	0.065589
14383	0.065589
8454	0.065589
7916	0.065589
7083	0.065589
7960	0.065570
7211	0.065537
7889	0.065402
1113	0.065120
2204	0.065098
2132	0.065049
5433	0.064878
6519	0.064795
14224	0.064763
13391	0.064763
11110	0.064763
8775	0.064623
3434	0.064413
4367	0.064352
4482	0.064346
14073	0.064288
13068	0.064283
13067	0.064283
13066	0.064283
13065	0.064283
13064	0.064283
13063	0.064283
13062	0.064283
13056	0.064283
13053	0.064283
13046	0.064283
13044	0.064283
12971	0.064283
12921	0.064283
9716	0.064266
8057	0.064249
2195	0.064185
3986	0.064150
4740	0.064100
2820	0.064050
7670	0.063902
2958	0.063885
14367	0.063833
14004	0.063817
4866	0.063817
10330	0.063806
5	0.063768
9338	0.063679
6664	0.063479
7420	0.063293
4538	0.063257
354	0.063096
1044	0.063091
90	0.062931
14366	0.062850
14361	0.062850
14355	0.062850
8456	0.062850
14369	0.062788
10060	0.062766
4365	0.062766
9123	0.062751
8714	0.062716
3952	0.062684
10403	0.062667
2442	0.062651
10182	0.062571
4784	0.062501
2968	0.062480
12074	0.062412
4783	0.062352
314	0.062339
11202	0.062260
1950	0.062189
7782	0.062178
1778	0.061948
14335	0.061881
9883	0.061881
3940	0.061842
2871	0.061825
6254	0.061734
12243	0.061712
2116	0.061678
4366	0.061401
4782	0.061189
11793	0.061148
7272	0.061136
1001	0.060883
9202	0.060807
5815	0.060760
8634	0.060729
9231	0.060712
2599	0.060704
12979	0.060689
8259	0.060626
1006	0.060575
9942	0.060535
9931	0.060535
9930	0.060535
9921	0.060535
9901	0.060535
9899	0.060535
9895	0.060535
9866	0.060535
9836	0.060535
9832	0.060535
9810	0.060535
9698	0.060535
9636	0.060535
9570	0.060535
9299	0.060535
9436	0.060425
5268	0.060425
11625	0.060395
11212	0.060372
12873	0.060352
331	0.060315
2202	0.060228
9534	0.060171
9533	0.060171
9529	0.060171
9509	0.060171
10751	0.060129
14291	0.059916
2523	0.059912
1403	0.059838
13384	0.059751
14342	0.059524
2708	0.059488
5189	0.059465
9796	0.059370
1673	0.059366
6117	0.059343
9606	0.059227
11904	0.059223
332	0.059197
4037	0.059178
12244	0.059111
7200	0.059067
26	0.059051
3429	0.058985
13994	0.058977
7931	0.058977
9218	0.058805
8134	0.058749
6623	0.058640
304	0.058534
335	0.058300
334	0.058300
327	0.058300
305	0.058300
302	0.058300
5493	0.058272
7872	0.058260
8352	0.058247
8351	0.058247
2957	0.058247
2956	0.058247
3753	0.058225
6380	0.058216
4144	0.058184
9120	0.058130
5346	0.058121
9307	0.058118
1231	0.058114
13293	0.058076
3617	0.057899
4106	0.057888
11123	0.057742
3907	0.057731
306	0.057640
4045	0.057192
861	0.057172
13706	0.057157
13738	0.057157
13731	0.057157
4105	0.057153
469	0.057132
7715	0.057130
13360	0.057120
7772	0.057115
7224	0.057086
6574	0.057086
5527	0.057086
7195	0.057042
7193	0.057042
12242	0.057015
13707	0.056862
1785	0.056860
303	0.056855
7913	0.056839
5968	0.056839
470	0.056839
2188	0.056810
6741	0.056734
2093	0.056684
10634	0.056630
8922	0.056572
1743	0.056571
4662	0.056496
10050	0.056436
3320	0.056375
5777	0.056329
2172	0.056314
9415	0.056279
8851	0.056279
8850	0.056279
6841	0.056195
12089	0.056135
6895	0.056132
9201	0.055966
13621	0.055946
5191	0.055904
9207	0.055901
9205	0.055901
8528	0.055901
7276	0.055790
10920	0.055770
51	0.055767
6835	0.055763
5177	0.055644
311	0.055541
7273	0.055533
9909	0.055439
6935	0.055433
13805	0.055427
5132	0.055427
5033	0.055394
3553	0.055389
700	0.055371
11616	0.055358
4648	0.055358
4643	0.055358
6473	0.055344
1951	0.055264
9034	0.055234
5863	0.055191
14317	0.055166
3440	0.055101
13850	0.055040
12010	0.054967
13285	0.054940
377	0.054733
4235	0.054690
5967	0.054633
3496	0.054627
11712	0.054514
9196	0.054507
6987	0.054476
7400	0.054367
8584	0.054350
9613	0.054326
8611	0.054325
12721	0.054298
7288	0.054296
6747	0.054282
677	0.054250
3598	0.054187
1234	0.054078
3706	0.054035
8099	0.054003
7943	0.053950
13910	0.053919
333	0.053885
4166	0.053791
296	0.053751
3256	0.053748
9794	0.053738
6896	0.053607
3576	0.053576
117	0.053557
5034	0.053491
6732	0.053480
8671	0.053473
4169	0.053470
9235	0.053458
9230	0.053458
9228	0.053458
9225	0.053458
9224	0.053458
9221	0.053458
9219	0.053458
9214	0.053458
9213	0.053458
9211	0.053458
9209	0.053458
9208	0.053458
9206	0.053458
9193	0.053458
8807	0.053458
8679	0.053458
8677	0.053458
8675	0.053458
8674	0.053458
8673	0.053458
8670	0.053458
8637	0.053458
8633	0.053458
8631	0.053458
8610	0.053458
8591	0.053458
8539	0.053458
8538	0.053458
8537	0.053458
8536	0.053458
8529	0.053458
8526	0.053458
8525	0.053458
8632	0.053458
6443	0.053411
11800	0.053296
9612	0.053124
7511	0.053124
2831	0.053091
1094	0.053089
4974	0.053059
13665	0.053056
6971	0.053027
2	0.052957
13490	0.052920
13632	0.052919
13631	0.052919
329	0.052875
11136	0.052866
9610	0.052845
8289	0.052839
14034	0.052813
330	0.052811
13609	0.052793
8305	0.052776
9497	0.052761
7857	0.052750
11423	0.052737
2952	0.052686
13633	0.052570
6498	0.052517
12861	0.052507
312	0.052505
2280	0.052482
13126	0.052476
13685	0.052420
13684	0.052420
13683	0.052420
13565	0.052420
4112	0.052326
2822	0.052223
3638	0.052211
9512	0.052182
3538	0.052127
220	0.052075
4113	0.052072
11618	0.052028
10566	0.051908
3441	0.051804
6407	0.051795
2269	0.051757
1734	0.051648
3905	0.051616
5059	0.051559
11781	0.051515
5885	0.051514
14003	0.051446
4998	0.051385
12944	0.051370
14290	0.051356
9849	0.051352
3934	0.051327
1083	0.051314
12279	0.051290
11825	0.051290
6270	0.051290
6269	0.051290
2381	0.051290
10045	0.051284
638	0.051250
10156	0.051164
124	0.051117
10661	0.051043
10546	0.051024
8530	0.051022
1685	0.050994
10236	0.050984
1953	0.050919
1954	0.050919
4824	0.050901
9215	0.050811
8636	0.050805
12357	0.050774
10283	0.050746
4111	0.050734
7866	0.050702
582	0.050644
5062	0.050641
10512	0.050622
7395	0.050620
10088	0.050496
6695	0.050468
4	0.050466
11143	0.050409
11314	0.050403
2198	0.050355
2902	0.050329
4836	0.050321
9177	0.050257
8635	0.050195
8255	0.050170
4180	0.050135
8792	0.049929
7131	0.049914
2486	0.049835
11137	0.049803
9210	0.049705
5184	0.049660
2954	0.049625
11091	0.049591
12525	0.049545
370	0.049460
5879	0.049439
310	0.049352
3623	0.049275
8295	0.049014
8242	0.048952
10589	0.048858
10098	0.048838
6127	0.048817
8076	0.048776
2200	0.048773
113	0.048756
9870	0.048742
3817	0.048737
5650	0.048727
698	0.048719
190	0.048713
9248	0.048707
7713	0.048704
4163	0.048678
14418	0.048647
14417	0.048647
13284	0.048647
13152	0.048647
9795	0.048647
9793	0.048647
9792	0.048647
9791	0.048647
9789	0.048647
9745	0.048647
9163	0.048647
8614	0.048647
8613	0.048647
8177	0.048647
2185	0.048624
7890	0.048565
3536	0.048491
4810	0.048484
14375	0.048446
9220	0.048409
7544	0.048304
6727	0.048253
13970	0.048173
1708	0.048155
6421	0.048116
3813	0.048069
308	0.048046
225	0.048000
693	0.047964
4416	0.047946
9030	0.047865
14128	0.047846
10031	0.047805
9578	0.047800
4671	0.047770
4669	0.047770
8430	0.047761
7917	0.047757
3812	0.047757
2990	0.047747
3806	0.047717
7977	0.047711
9200	0.047705
13026	0.047682
4693	0.047633
1237	0.047617
2823	0.047587
7887	0.047504
3714	0.047502
7984	0.047486
11638	0.047466
7207	0.047438
4972	0.047289
1116	0.047264
7962	0.047253
7729	0.047240
11033	0.047233
4670	0.047198
12856	0.047177
5248	0.047176
9840	0.047096
5376	0.047059
9192	0.047039
2186	0.047004
1405	0.046971
12462	0.046908
10685	0.046908
6187	0.046897
9226	0.046895
9217	0.046895
8534	0.046895
14351	0.046865
9269	0.046854
7827	0.046850
12909	0.046809
14275	0.046786
14039	0.046786
14036	0.046786
14030	0.046786
14029	0.046786
14026	0.046786
8415	0.046786
8400	0.046786
8378	0.046786
8375	0.046786
8363	0.046786
8360	0.046786
8350	0.046786
8294	0.046786
8218	0.046786
13764	0.046786
4351	0.046786
9413	0.046706
7642	0.046693
12030	0.046682
14033	0.046618
11752	0.046614
13054	0.046610
4922	0.046512
13858	0.046509
7802	0.046509
3810	0.046430
4090	0.046401
8376	0.046328
8241	0.046328
13836	0.046324
4696	0.046295
9222	0.046293
9503	0.046252
14028	0.046235
6754	0.046207
13855	0.046156
14157	0.046152
4021	0.046140
3837	0.046116
5219	0.046093
6077	0.046089
14243	0.046083
10549	0.046051
2996	0.046004
684	0.045985
10646	0.045869
7918	0.045839
12915	0.045792
12914	0.045792
4646	0.045754
12687	0.045729
11298	0.045726
10994	0.045726
3372	0.045714
5413	0.045696
5680	0.045675
10962	0.045608
6447	0.045608
14219	0.045489
5705	0.045302
5185	0.045299
13534	0.045157
4660	0.045149
3209	0.045120
2227	0.045057
6101	0.044998
10232	0.044982
12636	0.044847
27	0.044821
4618	0.044787
11646	0.044775
14404	0.044756
14400	0.044756
8143	0.044756
8096	0.044756
2522	0.044724
8041	0.044694
699	0.044645
1759	0.044632
6277	0.044556
6035	0.044550
10097	0.044534
13427	0.044528
5829	0.044527
472	0.044480
5270	0.044480
6806	0.044480
14374	0.044340
14363	0.044340
2123	0.044302
10800	0.044293
492	0.044082
13739	0.044073
11064	0.044068
10110	0.044055
5768	0.044052
5178	0.044013
8416	0.043948
8836	0.043943
5704	0.043923
8221	0.043886
11266	0.043874
7479	0.043828
6376	0.043823
13281	0.043756
230	0.043750
14297	0.043739
5830	0.043644
11147	0.043613
13282	0.043588
2106	0.043585
2518	0.043582
321	0.043527
8090	0.043526
2847	0.043526
2843	0.043526
2839	0.043526
10605	0.043495
11606	0.043493
11605	0.043493
5746	0.043463
5123	0.043460
4778	0.043432
3333	0.043410
6530	0.043408
6176	0.043332
2129	0.043314
35	0.043258
328	0.043257
7209	0.043252
12855	0.043225
14052	0.043220
10065	0.043220
2840	0.043190
11023	0.043166
11024	0.043166
10507	0.043065
9174	0.043049
341	0.042950
7783	0.042942
