2660	0.333469
2659	0.327484
2658	0.261808
2661	0.258632
10808	0.201054
9588	0.179927
4205	0.168415
6395	0.159858
2105	0.146267
5347	0.142751
5642	0.142545
7774	0.142542
5641	0.142542
4958	0.139978
6623	0.134381
14342	0.134116
9623	0.132446
4231	0.131046
2276	0.127034
9121	0.123120
9112	0.123120
888	0.122841
2107	0.122212
8531	0.122128
2110	0.121351
4037	0.119502
13265	0.118935
11658	0.118708
9218	0.118055
1118	0.117642
5184	0.116503
221	0.116170
7511	0.116109
3905	0.116062
6407	0.115693
3538	0.115566
11618	0.115540
11989	0.114680
7713	0.113777
6380	0.113728
877	0.113684
3907	0.113436
1119	0.113037
8676	0.112792
1120	0.112725
7767	0.112270
13247	0.112270
11914	0.110904
876	0.110487
2108	0.110091
5123	0.109820
1785	0.109419
9226	0.108307
9217	0.108307
8534	0.108307
7827	0.108283
2103	0.107854
9177	0.107774
2821	0.106742
2280	0.106386
9152	0.105847
7200	0.105639
1109	0.105113
8625	0.104953
352	0.104655
1756	0.104608
5033	0.104194
3427	0.104076
5034	0.103699
13665	0.103228
2104	0.102977
1836	0.102772
4485	0.102317
8604	0.102035
2102	0.102029
9462	0.101916
8584	0.101657
5591	0.100881
6501	0.100654
6806	0.100627
11858	0.100552
3612	0.100551
9439	0.100418
268	0.100356
3211	0.099973
2097	0.099931
9207	0.099828
9205	0.099828
8528	0.099828
6889	0.099144
14415	0.098768
9277	0.098768
4538	0.098481
6533	0.097990
9393	0.097936
5268	0.097875
498	0.096999
5013	0.096435
882	0.096145
2283	0.096140
792	0.095890
9609	0.095631
9580	0.095631
351	0.095314
9633	0.095134
9630	0.095134
9628	0.095134
9626	0.095134
9625	0.095134
9624	0.095134
9622	0.095134
9621	0.095134
9620	0.095134
9619	0.095134
9618	0.095134
9615	0.095134
9482	0.095134
2119	0.094943
8892	0.094885
2114	0.094640
1231	0.094321
5743	0.094277
6913	0.094130
13533	0.094077
13532	0.094077
13531	0.094077
9135	0.093893
6771	0.093757
1893	0.093573
5862	0.093374
9201	0.093371
2128	0.093270
633	0.093101
5719	0.092726
7288	0.092623
6987	0.092305
2600	0.092170
4922	0.092161
12556	0.092093
6149	0.092090
398	0.091972
823	0.091384
2281	0.091174
7420	0.090973
3313	0.090612
7932	0.090515
9709	0.090493
2820	0.090418
9702	0.090299
1673	0.090276
10301	0.089977
4758	0.089950
1111	0.089815
6301	0.089693
11212	0.089500
9606	0.089457
10749	0.089150
13707	0.089123
5433	0.089028
2111	0.088993
8451	0.088875
9689	0.088747
8615	0.088661
13706	0.088593
13738	0.088590
13731	0.088590
2958	0.088550
8864	0.088545
8863	0.088545
8583	0.088545
8124	0.088545
7904	0.088545
7903	0.088545
7902	0.088545
7901	0.088545
7900	0.088545
7899	0.088545
7897	0.088545
7896	0.088545
7895	0.088545
7526	0.088542
11637	0.088515
3741	0.088235
889	0.088143
9176	0.088136
8809	0.088136
8711	0.088099
8732	0.088015
9174	0.087906
1711	0.087866
8710	0.087840
9610	0.087813
3303	0.087743
2947	0.087720
224	0.087711
4810	0.087648
2278	0.087472
11587	0.087238
7752	0.087146
3506	0.087072
414	0.086815
4427	0.086787
9711	0.086586
9708	0.086586
9707	0.086586
9705	0.086586
9703	0.086586
686	0.086538
10661	0.086528
9699	0.086478
2275	0.086378
5059	0.086113
5546	0.086061
9710	0.086034
14407	0.086008
8076	0.085885
14418	0.085852
14417	0.085852
13284	0.085852
13152	0.085852
9795	0.085852
9793	0.085852
9792	0.085852
9791	0.085852
9789	0.085852
9745	0.085852
9163	0.085852
8614	0.085852
8613	0.085852
8177	0.085852
6730	0.085846
4163	0.085824
5296	0.085611
1801	0.085604
2113	0.085595
1572	0.085404
8661	0.085334
2968	0.085207
6838	0.085193
222	0.085078
1664	0.084981
9578	0.084924
7453	0.084841
6473	0.084683
1194	0.084540
7676	0.084487
14416	0.084357
6557	0.084232
793	0.084011
9199	0.083914
3023	0.083668
8634	0.083665
9231	0.083639
1209	0.083602
307	0.083559
5035	0.083404
13621	0.083318
9613	0.083314
9612	0.083271
2	0.083169
9436	0.083156
3037	0.083097
9143	0.083057
6242	0.083057
7880	0.082928
12721	0.082883
4106	0.082665
8335	0.082651
8709	0.082592
2121	0.082590
7872	0.082473
8352	0.082467
8351	0.082467
2957	0.082467
2956	0.082467
8845	0.082432
9413	0.082331
13394	0.082292
12909	0.082261
8712	0.082256
8303	0.082256
8302	0.082256
7362	0.082256
6359	0.082256
3056	0.082230
6202	0.082178
10130	0.082105
5413	0.081970
648	0.081907
10760	0.081826
9058	0.081761
6701	0.081761
4541	0.081426
4542	0.081406
12023	0.081401
3952	0.081190
4294	0.081183
4105	0.080954
2227	0.080855
6117	0.080772
7977	0.080728
7915	0.080705
1	0.080654
6295	0.080532
7553	0.080317
3060	0.080248
2954	0.080204
6895	0.080194
9222	0.079761
7560	0.079707
9338	0.079683
699	0.079582
14358	0.079566
1254	0.079494
13050	0.079414
1768	0.079342
3867	0.079332
7295	0.079150
6081	0.079069
7654	0.079038
7655	0.078918
2442	0.078870
6618	0.078792
9503	0.078619
758	0.078607
7263	0.078547
2450	0.078518
8773	0.078451
6621	0.078451
2282	0.078426
13850	0.078374
6896	0.078317
295	0.078142
9706	0.078141
3352	0.078107
3347	0.078107
6532	0.078086
879	0.077962
12252	0.077943
12873	0.077913
6671	0.077788
4053	0.077689
1458	0.077571
7227	0.077502
11425	0.077275
10379	0.077275
3900	0.077235
3590	0.077149
4169	0.077144
1663	0.077127
8671	0.077094
9235	0.077090
9230	0.077090
9228	0.077090
9225	0.077090
9224	0.077090
9221	0.077090
9219	0.077090
9214	0.077090
9213	0.077090
9211	0.077090
9209	0.077090
9208	0.077090
9206	0.077090
9193	0.077090
8807	0.077090
8679	0.077090
8677	0.077090
8675	0.077090
8674	0.077090
8673	0.077090
8670	0.077090
8637	0.077090
8633	0.077090
8631	0.077090
8610	0.077090
8591	0.077090
8539	0.077090
8538	0.077090
8537	0.077090
8536	0.077090
8529	0.077090
8526	0.077090
8525	0.077090
8632	0.077090
3940	0.077081
6443	0.077075
6465	0.076942
2902	0.076910
9787	0.076908
9786	0.076908
9785	0.076908
9784	0.076908
9783	0.076908
9782	0.076908
9781	0.076908
9778	0.076908
9280	0.076908
8585	0.076908
8567	0.076908
8553	0.076908
8635	0.076765
14395	0.076338
7891	0.076338
9212	0.076308
8530	0.076299
8611	0.076199
6307	0.076165
10023	0.076041
6815	0.076038
3778	0.075997
7917	0.075955
4144	0.075903
2109	0.075886
713	0.075871
1121	0.075822
13994	0.075780
7931	0.075780
2315	0.075778
2748	0.075693
14290	0.075524
9030	0.075476
9713	0.075322
9704	0.075285
9248	0.075243
9611	0.075239
3636	0.075221
6024	0.075220
6472	0.075186
2286	0.075021
5186	0.074969
4281	0.074921
6725	0.074886
9775	0.074759
8997	0.074739
3973	0.074674
9220	0.074619
7888	0.074529
14375	0.074429
13970	0.074427
9780	0.074380
5476	0.074327
2522	0.074106
6971	0.074028
13485	0.073882
13468	0.073882
5177	0.073749
8903	0.073606
8902	0.073606
235	0.073582
4416	0.073539
2106	0.073514
13585	0.073376
7131	0.073206
1656	0.073200
3588	0.073150
2523	0.073048
9913	0.073046
861	0.073022
469	0.073017
9102	0.073005
7913	0.072981
5968	0.072981
470	0.072981
115	0.072937
9568	0.072919
9215	0.072817
10286	0.072708
5967	0.072674
4824	0.072626
8618	0.072578
9794	0.072563
5245	0.072414
9616	0.072388
11733	0.072384
14379	0.072334
3837	0.072250
8464	0.072215
9064	0.072183
11866	0.072177
2064	0.072137
6482	0.071879
2117	0.071646
4946	0.071447
6208	0.071341
11715	0.071273
129	0.071231
2605	0.071188
1097	0.071148
9244	0.071111
14404	0.070982
14400	0.070982
8143	0.070982
8096	0.070982
3974	0.070974
11722	0.070856
2955	0.070787
2953	0.070787
1132	0.070731
14351	0.070614
5090	0.070580
11920	0.070571
3927	0.070571
3868	0.070571
6904	0.070545
4559	0.070522
7918	0.070490
4334	0.070450
13442	0.070395
12855	0.070376
9168	0.070365
2237	0.070333
426	0.070287
11919	0.070270
6449	0.070258
9480	0.070217
8533	0.070217
8886	0.070215
8099	0.070199
5187	0.070139
3318	0.070119
8636	0.070111
1979	0.070036
6816	0.069986
12201	0.069966
10863	0.069856
9233	0.069823
14233	0.069822
1136	0.069822
2828	0.069798
7642	0.069747
11678	0.069731
1001	0.069656
8180	0.069518
10862	0.069417
4021	0.069411
119	0.069378
1039	0.069337
5905	0.069258
13721	0.069213
13709	0.069213
12357	0.069142
11679	0.069135
3093	0.069132
4646	0.069039
4596	0.069015
13541	0.068857
11681	0.068813
7864	0.068728
13603	0.068720
13238	0.068720
9553	0.068720
2959	0.068720
12103	0.068720
7400	0.068700
7060	0.068678
1078	0.068656
5461	0.068569
13400	0.068440
12043	0.068432
10664	0.068360
4142	0.068346
981	0.068335
1133	0.068119
13519	0.068109
1016	0.068099
3213	0.068055
14406	0.068042
14405	0.068042
6641	0.068001
1992	0.067958
11850	0.067957
9202	0.067939
2960	0.067924
1419	0.067702
9631	0.067664
13282	0.067568
6484	0.067568
2124	0.067559
13281	0.067554
6640	0.067546
2279	0.067517
820	0.067512
4967	0.067490
3283	0.067386
5219	0.067316
1955	0.067306
4407	0.067232
5166	0.067193
4959	0.067184
1791	0.067141
1457	0.067140
6519	0.066980
1201	0.066961
6774	0.066940
12849	0.066939
12139	0.066896
2472	0.066855
13334	0.066836
3059	0.066834
6642	0.066818
6668	0.066817
3705	0.066739
10240	0.066698
3585	0.066567
5062	0.066435
9024	0.066362
9023	0.066362
9022	0.066362
8949	0.066362
9307	0.066347
404	0.066345
786	0.066309
8600	0.066139
9368	0.065996
3841	0.065979
2123	0.065826
2188	0.065824
7479	0.065805
2992	0.065797
2545	0.065795
11982	0.065782
5414	0.065782
5412	0.065782
13739	0.065619
2420	0.065602
3712	0.065577
118	0.065455
7428	0.065365
7102	0.065365
4533	0.065361
3389	0.065359
3116	0.065358
51	0.065327
9673	0.065278
7421	0.065268
14393	0.065267
14377	0.065267
13075	0.065211
8482	0.065200
8412	0.065116
7960	0.064969
8258	0.064924
7784	0.064912
14398	0.064895
14383	0.064895
8454	0.064895
7916	0.064895
7083	0.064895
7211	0.064852
9839	0.064781
9200	0.064746
11823	0.064726
8870	0.064709
596	0.064649
1833	0.064634
6704	0.064627
11923	0.064588
7659	0.064550
5623	0.064548
7954	0.064478
6430	0.064478
1123	0.064478
2612	0.064413
2737	0.064401
7616	0.064397
7145	0.064397
10966	0.064380
5510	0.064373
7307	0.064284
1755	0.064214
4195	0.064188
2952	0.064060
11756	0.064047
6888	0.064047
1448	0.063896
8038	0.063873
4857	0.063846
5984	0.063799
8348	0.063774
8792	0.063759
796	0.063738
6278	0.063646
11256	0.063624
9237	0.063545
6271	0.063434
7480	0.063409
3929	0.063339
3928	0.063339
241	0.063304
3681	0.063297
7483	0.063291
14266	0.063273
764	0.063257
5322	0.063239
354	0.063217
3784	0.063134
12493	0.063121
1840	0.063084
3320	0.063058
6447	0.063057
12374	0.062888
223	0.062878
6151	0.062800
5330	0.062772
7890	0.062765
225	0.062731
1966	0.062722
9105	0.062641
9104	0.062641
4408	0.062625
9700	0.062546
1057	0.062529
5234	0.062518
11616	0.062505
4648	0.062505
4643	0.062505
10584	0.062462
5759	0.062413
7584	0.062351
9195	0.062252
1829	0.062232
6866	0.062226
4168	0.062210
2112	0.062177
122	0.062176
9145	0.062128
12152	0.062017
11673	0.062017
8479	0.062017
6773	0.062017
1805	0.062017
1804	0.062017
1799	0.062017
1706	0.062017
1704	0.062017
1702	0.062017
1698	0.062017
11596	0.062015
12030	0.062014
1699	0.062006
1705	0.062005
3292	0.061996
10006	0.061989
9506	0.061980
5869	0.061968
6856	0.061934
1115	0.061792
7705	0.061784
6897	0.061784
11157	0.061779
4078	0.061765
5625	0.061749
5571	0.061739
14219	0.061728
8196	0.061681
8174	0.061681
8122	0.061681
8119	0.061681
7953	0.061681
6742	0.061664
10534	0.061648
1701	0.061644
6470	0.061629
7807	0.061533
8334	0.061524
7276	0.061521
10403	0.061462
6763	0.061426
3654	0.061355
5338	0.061330
12243	0.061287
13199	0.061247
13198	0.061247
11708	0.061245
2413	0.061221
13498	0.061213
1930	0.061164
1524	0.061148
1710	0.061141
6292	0.061139
12076	0.061121
1531	0.061121
1525	0.061121
1523	0.061121
1522	0.061111
7606	0.061082
7889	0.061073
4961	0.061059
1703	0.061049
7999	0.061040
9210	0.061033
11634	0.061033
7879	0.061003
13293	0.060887
240	0.060864
591	0.060810
7947	0.060754
5734	0.060715
4124	0.060709
3592	0.060676
12136	0.060619
11412	0.060509
14433	0.060404
4387	0.060386
9957	0.060353
977	0.060307
2170	0.060257
14410	0.060256
14409	0.060256
14408	0.060256
7919	0.060256
10243	0.060255
9347	0.060215
13497	0.060208
4661	0.060190
881	0.060153
5523	0.060085
342	0.060066
1882	0.060062
5604	0.060040
5928	0.060036
5310	0.059981
2322	0.059950
14178	0.059917
7935	0.059917
9414	0.059872
4350	0.059840
14353	0.059812
2052	0.059768
12010	0.059764
11364	0.059738
11305	0.059738
11254	0.059738
10868	0.059738
10794	0.059738
5768	0.059667
942	0.059641
4722	0.059604
14382	0.059583
13222	0.059532
9788	0.059531
1304	0.059512
5442	0.059500
4836	0.059442
1835	0.059442
3057	0.059421
1709	0.059354
5855	0.059340
4096	0.059301
7351	0.059271
4963	0.059148
14367	0.059147
5302	0.059144
2092	0.059103
2610	0.059094
5272	0.059070
8617	0.059050
2768	0.059040
13578	0.059036
13576	0.059036
13390	0.059036
11635	0.058978
817	0.058913
2513	0.058863
9818	0.058841
9693	0.058841
3619	0.058820
5755	0.058754
8938	0.058688
7692	0.058619
974	0.058593
361	0.058541
571	0.058522
1981	0.058514
10238	0.058447
1993	0.058447
492	0.058432
1937	0.058371
10724	0.058315
3498	0.058281
9577	0.058241
10725	0.058237
1936	0.058237
12303	0.058190
7798	0.058179
113	0.058177
716	0.058177
11806	0.058169
12151	0.058130
9360	0.058121
3225	0.058092
4721	0.058027
2320	0.057903
237	0.057896
3994	0.057871
9415	0.057824
8851	0.057824
8850	0.057824
12229	0.057805
4511	0.057756
5403	0.057736
3649	0.057695
353	0.057658
7830	0.057630
726	0.057608
532	0.057600
2444	0.057556
2568	0.057552
14370	0.057548
11930	0.057511
2192	0.057508
2981	0.057495
12915	0.057447
12914	0.057447
11903	0.057433
943	0.057426
12036	0.057421
13200	0.057350
9320	0.057350
9318	0.057350
9315	0.057350
9314	0.057350
9313	0.057350
9312	0.057350
9310	0.057350
9309	0.057350
9306	0.057350
9305	0.057350
8733	0.057350
8669	0.057350
8668	0.057350
8608	0.057350
8607	0.057350
8605	0.057350
8603	0.057350
7703	0.057350
7477	0.057350
7408	0.057350
10795	0.057296
8453	0.057282
14357	0.057257
7787	0.057257
5987	0.057253
10257	0.057248
13326	0.057248
1621	0.057174
3643	0.057156
9748	0.057122
11860	0.057076
12979	0.057024
8565	0.057021
7887	0.056909
9062	0.056902
10241	0.056878
4121	0.056867
948	0.056821
4520	0.056815
10045	0.056751
12135	0.056707
5286	0.056620
2060	0.056607
10220	0.056549
6108	0.056522
10326	0.056519
8980	0.056503
8978	0.056503
8977	0.056503
8976	0.056503
8940	0.056503
12687	0.056478
7261	0.056440
12120	0.056402
3993	0.056402
9751	0.056399
13622	0.056398
2376	0.056383
1030	0.056293
5346	0.056236
7702	0.056111
5407	0.056089
5688	0.056083
5790	0.056008
7955	0.056007
9761	0.055988
2757	0.055921
2621	0.055892
8468	0.055816
2978	0.055816
2977	0.055816
3430	0.055813
1987	0.055807
6361	0.055804
8032	0.055790
2514	0.055742
6197	0.055669
106	0.055666
12365	0.055652
1008	0.055571
1839	0.055526
