7950	0.232020
7337	0.129479
10318	0.123373
9616	0.121325
8622	0.119915
7553	0.113269
11507	0.113061
3669	0.112615
11510	0.110960
11007	0.109867
12795	0.109317
12544	0.108423
5174	0.107296
699	0.105897
5665	0.105632
277	0.103477
3675	0.103239
10127	0.102846
10554	0.102520
10435	0.101319
12383	0.100202
3662	0.099873
1779	0.099673
9830	0.099474
12109	0.099398
5948	0.099398
2927	0.099171
6928	0.098988
13449	0.098966
9295	0.098887
3168	0.098499
5728	0.097949
12547	0.097925
11104	0.097578
5213	0.097472
10907	0.097438
2594	0.096160
7959	0.096034
6534	0.095866
8051	0.095705
6737	0.094893
11132	0.094826
12787	0.094595
9187	0.094521
11501	0.094390
325	0.094334
9587	0.094093
12525	0.094014
12117	0.093433
7345	0.093433
12565	0.093382
11490	0.093249
10475	0.093203
4787	0.093121
7706	0.092850
3732	0.092613
5112	0.092568
7397	0.092144
5346	0.092132
8959	0.091768
5520	0.091742
3987	0.091709
12382	0.091607
2033	0.091473
3341	0.091360
3784	0.091221
1507	0.091155
8960	0.090929
2546	0.090895
5888	0.090828
5465	0.090730
7220	0.090710
3342	0.090654
2889	0.090401
4425	0.090297
2434	0.090157
4051	0.089935
14249	0.089804
2466	0.089595
5666	0.089458
8929	0.089209
8618	0.089099
11419	0.088897
7453	0.088891
11556	0.088876
6287	0.088864
8052	0.088860
2101	0.088843
10852	0.088816
5650	0.088557
13607	0.088453
13121	0.088434
4789	0.088434
4788	0.088434
7676	0.088372
10597	0.088315
5249	0.088281
13363	0.088059
4349	0.088007
5558	0.087942
12794	0.087805
12747	0.087750
9377	0.087730
7229	0.087677
10497	0.087672
9375	0.087646
12736	0.087624
2925	0.087468
1555	0.087447
9609	0.087339
9580	0.087339
12734	0.087166
13305	0.086959
12597	0.086785
12719	0.086724
4078	0.086668
11053	0.086529
5603	0.086413
12757	0.086406
9500	0.086342
10834	0.086274
5649	0.085943
12543	0.085865
10389	0.085774
2558	0.085764
9502	0.085721
13374	0.085657
13373	0.085657
12564	0.085467
13092	0.085222
2869	0.085175
7306	0.085133
1462	0.085070
628	0.085061
5734	0.084977
12570	0.084977
4024	0.084952
12613	0.084887
5550	0.084834
10556	0.084802
10835	0.084767
5260	0.084767
8336	0.084678
7420	0.084576
12751	0.084341
3646	0.084330
9436	0.084272
11626	0.084139
11539	0.084103
11323	0.084011
2559	0.083966
12561	0.083964
10859	0.083818
11506	0.083721
5276	0.083645
10833	0.083567
10461	0.083472
9501	0.083346
11191	0.083306
5602	0.083213
5682	0.083125
11413	0.082917
7049	0.082841
12202	0.082797
3988	0.082797
9487	0.082744
12804	0.082740
9601	0.082670
5906	0.082644
8430	0.082625
7485	0.082532
7484	0.082532
12536	0.082519
11529	0.082485
2595	0.082363
9835	0.082346
4190	0.082295
14250	0.082280
10558	0.082280
10555	0.082280
6968	0.082280
8042	0.082245
10557	0.082242
2560	0.082160
6226	0.082154
9159	0.082100
11221	0.082087
7331	0.082047
5605	0.081962
9898	0.081954
9229	0.081924
7332	0.081923
6365	0.081923
10376	0.081900
10583	0.081895
2703	0.081806
2553	0.081724
5155	0.081700
1822	0.081677
6222	0.081647
2555	0.081633
1485	0.081607
3555	0.081572
13876	0.081565
8061	0.081565
6138	0.081553
11265	0.081493
3976	0.081466
10499	0.081322
2552	0.081298
9005	0.081278
10049	0.081239
12571	0.081216
1588	0.081166
13708	0.081156
5601	0.081013
3242	0.080971
10813	0.080810
7050	0.080786
4793	0.080769
2554	0.080736
1963	0.080712
6224	0.080706
10674	0.080688
9958	0.080666
5267	0.080654
4902	0.080648
5600	0.080608
3633	0.080578
13808	0.080482
5490	0.080470
3254	0.080403
12372	0.080396
6861	0.080383
5551	0.080374
12231	0.080299
13452	0.080271
5251	0.080247
9917	0.080241
13653	0.080237
13555	0.080237
13316	0.080237
10602	0.080237
2551	0.080152
12542	0.080076
819	0.080055
9721	0.080053
7948	0.080053
7778	0.080053
7618	0.080053
7113	0.080053
10441	0.080028
2540	0.079976
12698	0.079964
10603	0.079953
11179	0.079763
7809	0.079691
269	0.079633
13550	0.079604
9002	0.079590
14041	0.079586
4330	0.079543
686	0.079526
4832	0.079472
10057	0.079429
12410	0.079390
11019	0.079316
1582	0.079304
10658	0.079288
3312	0.079138
10921	0.079025
7165	0.078812
8661	0.078758
6117	0.078746
11086	0.078697
4698	0.078666
12654	0.078662
11920	0.078630
3927	0.078630
3868	0.078630
9006	0.078597
9004	0.078597
9003	0.078597
9001	0.078597
9000	0.078597
8999	0.078597
8941	0.078597
6449	0.078451
7739	0.078413
10463	0.078358
3678	0.078355
3673	0.078355
3965	0.078354
8324	0.078218
13567	0.078198
5731	0.078198
5730	0.078198
5726	0.078198
5723	0.078198
5722	0.078198
5721	0.078198
5681	0.078198
10125	0.078186
6614	0.078184
13606	0.078108
5491	0.078015
9960	0.077991
12507	0.077885
11919	0.077884
13111	0.077820
13109	0.077820
9959	0.077820
2556	0.077816
6268	0.077813
11211	0.077791
13095	0.077774
6969	0.077774
11681	0.077725
11081	0.077712
12431	0.077710
6085	0.077665
9182	0.077640
286	0.077549
8998	0.077549
6223	0.077487
34	0.077355
10657	0.077214
8886	0.077125
13361	0.076912
5670	0.076872
7807	0.076712
12628	0.076643
8135	0.076362
5716	0.076273
11530	0.076158
13938	0.076125
1332	0.076034
4532	0.076005
12630	0.075995
2100	0.075875
12753	0.075838
5344	0.075719
6366	0.075597
11176	0.075563
10432	0.075549
7329	0.075485
13398	0.075453
4752	0.075291
6910	0.075152
10042	0.075091
1817	0.075047
7152	0.074986
5736	0.074930
13652	0.074924
10468	0.074898
4735	0.074889
2790	0.074826
5186	0.074818
9675	0.074803
10523	0.074777
4786	0.074745
4713	0.074732
5264	0.074630
5991	0.074626
10537	0.074623
10264	0.074622
4332	0.074578
9383	0.074562
12832	0.074501
14342	0.074395
9179	0.074357
12433	0.074329
3760	0.074307
4292	0.074279
4530	0.074270
6623	0.074230
6326	0.074223
11237	0.074116
10023	0.074107
10844	0.073840
9373	0.073823
7543	0.073791
8531	0.073776
662	0.073639
10226	0.073579
11447	0.073546
2557	0.073543
11415	0.073526
6582	0.073494
6422	0.073453
11334	0.073429
9909	0.073373
10739	0.073277
10788	0.073277
10777	0.073277
10759	0.073277
10017	0.073257
7206	0.073216
7114	0.073211
6382	0.073145
3505	0.073067
10359	0.073051
12612	0.073002
9606	0.072930
4744	0.072930
11212	0.072881
13423	0.072862
9613	0.072833
6624	0.072810
10647	0.072798
9423	0.072789
9906	0.072753
6450	0.072726
11166	0.072551
11558	0.072385
1399	0.072360
10205	0.072279
4945	0.072257
12763	0.072227
9633	0.072166
9630	0.072166
9628	0.072166
9626	0.072166
9625	0.072166
9624	0.072166
9622	0.072166
9621	0.072166
9620	0.072166
9619	0.072166
9618	0.072166
9615	0.072166
9482	0.072166
9181	0.072144
11520	0.072138
9718	0.072133
3213	0.072040
11818	0.072026
3929	0.072020
3928	0.072020
3039	0.072004
10547	0.071992
6958	0.071982
8079	0.071977
12632	0.071941
10618	0.071902
7726	0.071823
6584	0.071789
6581	0.071789
6860	0.071783
9330	0.071773
11935	0.071725
4763	0.071692
10649	0.071630
5688	0.071612
7631	0.071577
9623	0.071428
13994	0.071371
7931	0.071371
13404	0.071318
4144	0.071309
9118	0.071305
10863	0.071222
5308	0.071222
14108	0.071188
4745	0.071188
12880	0.071166
11491	0.071164
13122	0.071138
7492	0.071118
10862	0.071109
13838	0.071097
3231	0.071094
4410	0.071072
14315	0.071028
5181	0.071009
11290	0.070773
6462	0.070747
9676	0.070747
4561	0.070732
12755	0.070731
12426	0.070720
8390	0.070707
6723	0.070698
6722	0.070698
6971	0.070555
6445	0.070494
9021	0.070352
9196	0.070162
9612	0.070005
10142	0.069968
13153	0.069944
10171	0.069944
10170	0.069944
14111	0.069927
14080	0.069927
2545	0.069903
9611	0.069884
9329	0.069876
2749	0.069857
10694	0.069853
5667	0.069805
3363	0.069738
13912	0.069643
2094	0.069512
11477	0.069465
13798	0.069425
3805	0.069393
7716	0.069344
12792	0.069295
7077	0.069286
2817	0.069262
9503	0.069251
12807	0.069193
1231	0.069174
280	0.069164
3230	0.069123
7864	0.069092
2076	0.069067
11175	0.069018
10212	0.068990
11577	0.068968
2706	0.068944
7095	0.068931
6643	0.068765
12791	0.068715
12788	0.068715
4434	0.068694
1612	0.068692
5905	0.068666
3277	0.068617
12445	0.068524
11581	0.068506
12444	0.068497
11463	0.068468
10722	0.068432
11218	0.068397
12720	0.068262
7666	0.068262
12262	0.068222
8641	0.068210
3469	0.068172
13165	0.068013
11918	0.067985
13644	0.067875
12590	0.067825
6334	0.067798
3764	0.067783
760	0.067744
8763	0.067731
8761	0.067731
13721	0.067731
13709	0.067731
11500	0.067730
1937	0.067710
12640	0.067709
5059	0.067708
13405	0.067695
3232	0.067535
10670	0.067461
1936	0.067402
11256	0.067392
11554	0.067374
10156	0.067362
331	0.067230
10088	0.067219
11534	0.067073
8080	0.067068
13087	0.067065
10511	0.066956
12665	0.066798
2251	0.066760
249	0.066728
11502	0.066718
78	0.066660
5038	0.066585
5957	0.066580
3263	0.066550
12502	0.066542
3234	0.066507
12772	0.066506
13624	0.066500
13623	0.066500
3185	0.066487
2499	0.066484
12312	0.066456
7010	0.066441
6715	0.066386
13529	0.066340
6162	0.066240
6208	0.066230
1538	0.066219
5651	0.066162
4790	0.066140
9948	0.066115
3630	0.066106
3229	0.066076
4384	0.065929
4536	0.065887
11486	0.065829
323	0.065781
10002	0.065778
8802	0.065756
13904	0.065746
7233	0.065739
9876	0.065664
7628	0.065664
7627	0.065664
1022	0.065596
11394	0.065575
13166	0.065559
11459	0.065555
11340	0.065555
6329	0.065555
11755	0.065502
329	0.065501
9169	0.065496
1358	0.065489
3235	0.065482
8087	0.065454
330	0.065448
11215	0.065282
13023	0.065249
4531	0.065179
5483	0.065177
12145	0.065168
10515	0.065168
5956	0.065168
11759	0.065157
5887	0.065155
2929	0.065130
6945	0.065052
3867	0.065051
4962	0.064998
10050	0.064983
6328	0.064960
13500	0.064921
12636	0.064903
6671	0.064896
8081	0.064789
11034	0.064752
6482	0.064746
3465	0.064715
7947	0.064707
11429	0.064701
11324	0.064701
6733	0.064689
12803	0.064581
13605	0.064550
9915	0.064520
13604	0.064416
250	0.064406
4507	0.064394
6527	0.064357
14091	0.064340
11315	0.064321
3773	0.064188
7973	0.064099
8837	0.064057
6283	0.064008
7155	0.063872
759	0.063847
10604	0.063819
1737	0.063816
3982	0.063800
3841	0.063783
1463	0.063756
9578	0.063748
12457	0.063730
12456	0.063730
12450	0.063730
12443	0.063730
9798	0.063730
9338	0.063677
3152	0.063675
10492	0.063613
1506	0.063612
6704	0.063602
338	0.063571
11921	0.063502
2802	0.063502
7530	0.063489
6452	0.063380
11325	0.063374
10836	0.063319
8069	0.063308
9519	0.063295
9610	0.063278
4324	0.063230
2435	0.063195
10315	0.063193
7560	0.063159
5446	0.063137
14069	0.063104
611	0.063041
6159	0.062986
6158	0.062986
10314	0.062975
6908	0.062953
9827	0.062927
11516	0.062897
11795	0.062895
459	0.062861
10450	0.062854
457	0.062854
11551	0.062852
3451	0.062847
6728	0.062832
190	0.062732
11497	0.062673
2437	0.062665
13146	0.062602
7963	0.062541
1337	0.062539
11332	0.062522
12812	0.062427
10375	0.062425
1192	0.062400
11493	0.062379
5430	0.062377
4534	0.062345
12801	0.062340
4224	0.062334
13820	0.062281
5995	0.062267
1609	0.062250
5208	0.062225
11467	0.062202
11213	0.062143
7154	0.062117
2081	0.062083
5110	0.062044
10094	0.062013
5675	0.061985
14083	0.061982
11216	0.061975
10894	0.061973
14070	0.061966
2008	0.061903
4016	0.061823
11161	0.061769
11374	0.061757
9307	0.061706
5324	0.061666
6323	0.061638
10572	0.061605
10650	0.061548
9426	0.061541
13716	0.061539
10235	0.061505
11226	0.061491
11494	0.061484
10368	0.061428
319	0.061269
13008	0.061202
8337	0.061138
5684	0.061101
10920	0.061095
12516	0.061041
8237	0.061010
7094	0.060908
13482	0.060903
1829	0.060873
7014	0.060815
13504	0.060802
8397	0.060748
11648	0.060712
8250	0.060702
13490	0.060699
13632	0.060699
13631	0.060699
12515	0.060674
10943	0.060614
12200	0.060605
12617	0.060564
10234	0.060557
1397	0.060555
11169	0.060515
4761	0.060409
5546	0.060402
13633	0.060389
12403	0.060314
2625	0.060123
4033	0.060111
12538	0.060026
12707	0.059979
10949	0.059932
5580	0.059904
1556	0.059879
1336	0.059836
11675	0.059818
11056	0.059816
6110	0.059770
9944	0.059762
3170	0.059653
13609	0.059640
11129	0.059589
5969	0.059557
11555	0.059501
10843	0.059420
9857	0.059389
8995	0.059295
11729	0.059263
220	0.059208
3822	0.059197
6838	0.059155
10740	0.059147
9579	0.059146
11269	0.059115
14291	0.059098
11533	0.059085
12621	0.059031
11386	0.058995
5044	0.058976
6163	0.058974
11455	0.058962
11426	0.058962
11403	0.058962
6148	0.058962
5622	0.058911
971	0.058831
12073	0.058805
8162	0.058735
5725	0.058731
13161	0.058722
10672	0.058678
13160	0.058668
11728	0.058602
4143	0.058576
5188	0.058512
8794	0.058502
232	0.058499
10048	0.058436
3838	0.058396
11528	0.058383
7239	0.058382
10517	0.058375
2777	0.058363
7962	0.058360
9747	0.058346
10219	0.058277
5256	0.058180
9961	0.058176
1021	0.058175
8170	0.058145
4535	0.058096
5187	0.058062
10609	0.058050
7093	0.058049
569	0.058025
9183	0.057996
10166	0.057990
10854	0.057956
705	0.057941
14245	0.057890
13314	0.057866
5143	0.057847
43	0.057846
13333	0.057843
8926	0.057778
12521	0.057758
1008	0.057753
253	0.057740
10330	0.057699
2440	0.057674
10476	0.057666
2500	0.057647
9097	0.057629
9096	0.057629
8382	0.057584
7681	0.057579
11743	0.057578
8862	0.057541
8861	0.057541
8860	0.057541
8859	0.057541
8858	0.057541
8857	0.057541
8844	0.057541
8843	0.057541
8842	0.057541
8841	0.057541
8840	0.057541
8839	0.057541
8838	0.057541
8834	0.057541
8824	0.057541
8823	0.057541
8822	0.057541
8820	0.057541
8818	0.057541
8817	0.057541
8803	0.057541
8798	0.057541
8737	0.057541
8639	0.057541
7682	0.057541
7677	0.057541
7382	0.057541
7247	0.057541
6836	0.057541
5795	0.057522
13199	0.057484
13198	0.057484
8896	0.057478
12759	0.057472
5178	0.057424
13580	0.057390
3120	0.057367
10853	0.057338
11511	0.057338
8703	0.057338
3951	0.057289
1421	0.057282
10941	0.057275
5579	0.057239
5691	0.057215
12535	0.057199
9497	0.057171
4664	0.057126
10838	0.057090
12730	0.057079
8864	0.057006
8863	0.057006
8583	0.057006
8124	0.057006
7904	0.057006
7903	0.057006
7902	0.057006
7901	0.057006
7900	0.057006
7899	0.057006
7897	0.057006
7896	0.057006
7895	0.057006
7526	0.056963
5747	0.056897
3418	0.056882
6979	0.056812
7234	0.056798
12205	0.056780
11569	0.056715
2770	0.056710
3918	0.056700
10024	0.056669
9536	0.056668
8718	0.056653
13083	0.056651
3106	0.056617
66	0.056593
7415	0.056583
1020	0.056560
820	0.056547
13084	0.056458
9184	0.056458
9180	0.056458
7293	0.056458
7292	0.056458
7291	0.056458
7267	0.056453
12758	0.056430
6086	0.056426
426	0.056424
566	0.056414
6564	0.056386
11575	0.056335
5720	0.056317
5156	0.056267
13748	0.056252
7991	0.056207
5	0.056171
9964	0.056151
11576	0.056093
4350	0.056081
13560	0.056080
14178	0.056075
7935	0.056075
12701	0.056066
596	0.055966
12808	0.055962
11322	0.055956
6325	0.055931
10526	0.055926
9263	0.055872
8593	0.055871
9605	0.055856
10919	0.055779
1880	0.055767
2930	0.055759
12829	0.055715
11431	0.055699
5266	0.055694
5041	0.055683
12496	0.055681
9564	0.055672
3566	0.055672
4717	0.055660
5129	0.055658
12560	0.055584
5697	0.055555
4295	0.055548
