5028	0.173402
7419	0.144416
7418	0.144055
8704	0.139692
566	0.136395
7523	0.134062
11010	0.133441
9872	0.132518
13422	0.130976
12127	0.130538
7201	0.130188
9926	0.129915
9925	0.129915
9924	0.129915
9852	0.129915
7773	0.129915
7447	0.129915
9790	0.128184
3822	0.126311
12774	0.125361
427	0.124614
11164	0.124184
5491	0.123764
2740	0.123652
12832	0.123137
9800	0.122665
10239	0.122600
12419	0.122350
9917	0.122120
10993	0.121844
12513	0.121676
11491	0.121468
12505	0.120968
9403	0.120845
5010	0.120812
10263	0.120647
11163	0.120406
12776	0.120231
2731	0.119937
9717	0.119839
12187	0.119317
6499	0.118948
4712	0.118871
1084	0.118616
8794	0.118588
10513	0.116959
5897	0.116618
8652	0.114345
7246	0.114040
4826	0.113614
4208	0.113048
8551	0.112297
12029	0.111746
12786	0.111489
4433	0.111291
5894	0.111045
10647	0.109995
12100	0.109378
7055	0.108906
11124	0.108231
9691	0.108206
12401	0.107744
9835	0.107329
2930	0.107049
14331	0.106931
14330	0.106931
4867	0.106469
5254	0.106365
3838	0.105984
12562	0.105401
11101	0.105202
5212	0.105135
11486	0.105059
1821	0.105031
5974	0.104998
6544	0.104675
4819	0.104584
12803	0.104551
7875	0.104414
4729	0.104287
11162	0.104243
6812	0.103941
10784	0.103898
966	0.103817
1619	0.103334
9654	0.103056
821	0.103024
11551	0.102597
4505	0.102110
4501	0.102110
1503	0.102110
10783	0.102063
6343	0.102060
1504	0.102060
8907	0.101789
12638	0.101748
12426	0.101662
11492	0.101654
4504	0.101432
3826	0.101185
1188	0.100467
12818	0.099999
12743	0.099914
11536	0.099834
2301	0.099796
9874	0.099366
7668	0.099217
9964	0.099116
1433	0.097748
14203	0.097561
13907	0.097561
13906	0.097561
13407	0.097561
11171	0.097561
8372	0.097561
7978	0.097561
3942	0.097561
10681	0.097548
12537	0.097437
11154	0.097266
10153	0.097204
9998	0.097186
12508	0.097107
12654	0.096926
1538	0.096253
2792	0.096097
12526	0.095638
12554	0.094966
11351	0.094899
10671	0.094739
12197	0.094714
3825	0.094493
7930	0.094032
10203	0.093679
12576	0.093498
9389	0.093239
12623	0.093116
1618	0.093017
10819	0.092844
7667	0.092730
8402	0.092439
4168	0.092413
11159	0.092355
7894	0.092323
6052	0.092318
12666	0.092289
12801	0.092198
5221	0.091819
9486	0.091741
11502	0.091438
11554	0.091269
10809	0.091186
7580	0.091186
10837	0.091101
7581	0.091098
12536	0.091066
11354	0.090608
8397	0.090591
9986	0.090405
12199	0.090283
4808	0.090283
4503	0.090114
12438	0.089984
9662	0.089516
4490	0.089291
12200	0.089267
12812	0.088931
4489	0.088662
12829	0.088271
9829	0.088064
3217	0.087950
14276	0.087884
13428	0.087884
8836	0.087674
10903	0.087244
13358	0.087106
9016	0.087059
12393	0.086865
10424	0.086854
8135	0.086817
6946	0.086656
3819	0.086543
2332	0.086528
4291	0.086487
12548	0.086447
7070	0.086310
10649	0.086199
12502	0.085839
12396	0.085668
5112	0.085549
12015	0.085326
12514	0.085137
11094	0.085025
13332	0.084746
13389	0.084715
14072	0.084706
12808	0.084314
3040	0.084276
8314	0.084159
11520	0.083991
1963	0.083952
11818	0.083634
10916	0.083578
11476	0.083321
13089	0.083282
3210	0.083149
10859	0.083104
4322	0.083095
1807	0.082723
12270	0.082601
12809	0.082550
8606	0.082533
12322	0.082504
6876	0.082500
6844	0.082144
1261	0.082017
3981	0.081967
14267	0.081547
6887	0.081464
6758	0.081453
13376	0.081416
8054	0.081313
9900	0.081234
9165	0.081234
7387	0.081234
9908	0.081115
9164	0.081115
3405	0.081104
13361	0.080991
10871	0.080966
4115	0.080964
542	0.080877
12415	0.080783
12078	0.080728
8837	0.080715
9276	0.080682
9275	0.080682
9166	0.080682
7173	0.080682
7138	0.080682
7133	0.080682
7069	0.080682
4439	0.080635
12412	0.080365
9558	0.080303
4813	0.080303
10658	0.080270
11474	0.080194
10657	0.079948
11081	0.079744
5957	0.079618
7268	0.079604
10628	0.079463
12804	0.079398
442	0.079328
11871	0.079297
5498	0.079297
3602	0.079297
13280	0.079285
13279	0.079285
12166	0.079285
7873	0.079285
6248	0.079285
6246	0.079285
4349	0.079108
12692	0.079107
12145	0.079018
10515	0.079018
5956	0.079018
11817	0.078868
6990	0.078868
5499	0.078619
6667	0.078421
2584	0.078395
587	0.078238
9033	0.078221
11519	0.077968
11297	0.077919
13321	0.077856
4737	0.077827
11487	0.077705
6543	0.077640
1299	0.077450
1251	0.077227
5616	0.077194
2002	0.076772
6627	0.076736
7028	0.076724
1020	0.076610
3489	0.076596
8862	0.076570
8861	0.076570
8860	0.076570
8859	0.076570
8858	0.076570
8857	0.076570
8844	0.076570
8843	0.076570
8842	0.076570
8841	0.076570
8840	0.076570
8839	0.076570
8838	0.076570
8834	0.076570
8824	0.076570
8823	0.076570
8822	0.076570
8820	0.076570
8818	0.076570
8817	0.076570
8803	0.076570
8798	0.076570
8737	0.076570
8639	0.076570
7682	0.076570
7677	0.076570
7382	0.076570
7247	0.076570
5795	0.076513
4328	0.076406
11365	0.076399
11270	0.076399
10957	0.076399
7144	0.076399
8382	0.076398
10318	0.076287
3527	0.076277
3250	0.076271
10450	0.076263
9904	0.076214
7681	0.076209
11743	0.076153
2243	0.076139
7961	0.076121
12667	0.076118
3951	0.076052
11581	0.076028
10164	0.075944
13306	0.075816
10878	0.075797
6123	0.075751
12410	0.075683
4724	0.075524
13737	0.075502
9857	0.075274
1708	0.075187
2037	0.075142
12587	0.075018
2485	0.074994
7898	0.074887
6697	0.074877
13139	0.074808
12597	0.074640
10486	0.074635
8954	0.074459
11190	0.074459
2916	0.074352
12409	0.074293
4792	0.074245
5638	0.074236
4107	0.073774
6398	0.073738
11556	0.073676
11141	0.073638
10042	0.073440
6438	0.073188
3726	0.073142
5443	0.073139
6315	0.073116
5736	0.072955
11530	0.072904
10788	0.072881
10777	0.072881
10759	0.072881
10739	0.072881
9919	0.072829
6124	0.072774
10139	0.072758
4431	0.072644
11179	0.072550
10568	0.072545
300	0.072521
1616	0.072499
441	0.072478
3744	0.072280
513	0.072257
11053	0.072238
3312	0.072232
11789	0.072063
5157	0.072030
12881	0.072020
12210	0.071982
277	0.071922
12517	0.071684
11086	0.071622
11595	0.071468
1921	0.071465
12516	0.071222
11182	0.071077
9747	0.071036
5188	0.070944
11496	0.070849
3521	0.070812
12753	0.070765
9066	0.070730
1812	0.070678
1811	0.070678
12093	0.070642
1809	0.070632
2487	0.070606
7206	0.070602
2057	0.070535
6397	0.070519
9495	0.070517
9147	0.070517
2067	0.070512
13435	0.070493
2059	0.070493
5071	0.070422
14222	0.070415
13866	0.070415
4785	0.070384
3886	0.070308
4945	0.070302
11175	0.070281
514	0.070277
12833	0.070268
10547	0.070225
13122	0.070217
8103	0.070157
13568	0.070140
13311	0.070094
9082	0.070055
9587	0.069930
13663	0.069906
13319	0.069892
6381	0.069885
11956	0.069835
6134	0.069686
12379	0.069669
12435	0.069636
13689	0.069614
13489	0.069614
8799	0.069596
4506	0.069596
4502	0.069596
1947	0.069596
4432	0.069543
13680	0.069536
11343	0.069516
432	0.069486
12679	0.069482
11139	0.069387
1583	0.069319
12109	0.069298
5948	0.069298
2488	0.069297
5343	0.069260
7141	0.069113
13802	0.068918
10319	0.068810
6550	0.068784
3470	0.068739
12336	0.068688
1922	0.068687
3474	0.068662
6289	0.068659
13404	0.068657
11183	0.068520
3764	0.068383
1880	0.068245
6098	0.068225
12394	0.068074
10336	0.068067
8383	0.068021
12413	0.067951
10843	0.067934
452	0.067924
13497	0.067907
5576	0.067709
833	0.067708
3256	0.067678
6480	0.067666
5670	0.067666
10974	0.067642
6283	0.067642
11180	0.067641
11160	0.067576
1413	0.067476
1367	0.067476
11783	0.067473
10615	0.067416
10212	0.067410
7457	0.067402
10873	0.067334
3450	0.067219
3661	0.067165
3204	0.067146
13165	0.067139
10781	0.067076
10140	0.066821
13517	0.066721
9847	0.066721
2744	0.066717
9799	0.066696
11172	0.066670
9015	0.066651
10998	0.066635
10997	0.066635
842	0.066631
1767	0.066576
2159	0.066527
9391	0.066448
1359	0.066418
6919	0.066410
2229	0.066291
9307	0.066268
9108	0.066268
12708	0.066168
10758	0.066125
3734	0.066038
11569	0.065971
13573	0.065953
10509	0.065906
2021	0.065906
747	0.065867
11635	0.065815
10722	0.065719
12520	0.065710
12581	0.065667
9109	0.065652
11729	0.065634
11522	0.065627
11392	0.065594
8476	0.065564
9170	0.065481
2320	0.065450
1882	0.065426
11728	0.065389
13794	0.065358
13430	0.065255
10693	0.065254
3240	0.065213
13323	0.065060
10468	0.065015
1599	0.064919
11043	0.064893
5986	0.064822
10939	0.064816
11550	0.064795
1296	0.064780
10040	0.064651
5265	0.064590
424	0.064455
2408	0.064439
11134	0.064430
3488	0.064378
13598	0.064369
13606	0.064345
3753	0.064294
9169	0.064294
11464	0.064280
9858	0.064243
6231	0.064227
2048	0.064123
11102	0.064116
10975	0.064109
5720	0.064102
9915	0.064066
2741	0.064005
9632	0.063999
13449	0.063993
4292	0.063841
13679	0.063817
5634	0.063774
3278	0.063758
5780	0.063666
323	0.063661
10480	0.063655
11775	0.063623
3525	0.063623
8162	0.063599
9127	0.063550
9813	0.063496
2440	0.063358
6261	0.063310
7280	0.063254
8970	0.063212
13503	0.063196
10680	0.063178
11634	0.063167
12604	0.063099
2039	0.063066
6630	0.062963
13498	0.062946
191	0.062902
6945	0.062765
14109	0.062726
10736	0.062726
11181	0.062721
7234	0.062708
4880	0.062703
11085	0.062700
10735	0.062690
11498	0.062624
2341	0.062597
14349	0.062552
14344	0.062552
14316	0.062552
14309	0.062552
14306	0.062552
14260	0.062552
14240	0.062552
14216	0.062552
14168	0.062552
2800	0.062491
14132	0.062477
12658	0.062445
11116	0.062445
2795	0.062445
2794	0.062445
5106	0.062383
5104	0.062383
3327	0.062367
10031	0.062329
1057	0.062328
9989	0.062315
7135	0.062302
8253	0.062282
10731	0.062249
12659	0.062179
11898	0.062145
5969	0.062077
6810	0.061971
7701	0.061925
4189	0.061891
10732	0.061887
6481	0.061845
10764	0.061827
10679	0.061827
4721	0.061769
4170	0.061717
10766	0.061640
10765	0.061640
12408	0.061631
10241	0.061612
9723	0.061590
543	0.061588
232	0.061550
10927	0.061537
703	0.061534
5451	0.061522
3451	0.061494
10522	0.061487
5259	0.061485
8706	0.061424
8705	0.061424
7639	0.061419
9554	0.061375
8200	0.061375
8141	0.061276
6512	0.061260
13185	0.061238
5492	0.061204
9929	0.061184
11544	0.061083
8342	0.061071
12090	0.061064
1103	0.061036
11363	0.060997
7140	0.060988
491	0.060955
4933	0.060954
3897	0.060936
3072	0.060900
4293	0.060878
11571	0.060790
7337	0.060785
11312	0.060674
10325	0.060673
2165	0.060617
3255	0.060542
10614	0.060519
448	0.060449
5346	0.060400
5378	0.060346
10854	0.060298
4036	0.060275
11782	0.060256
11009	0.060210
14291	0.060139
11619	0.060126
5970	0.060017
854	0.060016
2674	0.060013
446	0.060012
447	0.060010
4612	0.059982
3522	0.059976
2503	0.059951
13183	0.059893
11008	0.059893
235	0.059861
855	0.059771
7001	0.059744
10492	0.059737
7403	0.059727
10853	0.059726
10992	0.059722
729	0.059658
4711	0.059603
8248	0.059603
12769	0.059586
4376	0.059585
7183	0.059507
5287	0.059506
1633	0.059484
6394	0.059417
7325	0.059370
7324	0.059370
413	0.059362
12567	0.059295
4828	0.059194
10670	0.059181
11683	0.059165
2227	0.059091
6626	0.059028
7977	0.058965
1690	0.058839
12710	0.058809
3297	0.058771
12695	0.058758
3144	0.058748
5856	0.058702
13403	0.058663
10163	0.058633
12080	0.058630
13993	0.058630
6334	0.058615
2232	0.058601
10552	0.058552
11336	0.058529
12535	0.058506
3664	0.058465
7553	0.058424
13382	0.058369
10095	0.058350
5160	0.058340
9946	0.058297
3030	0.058268
10807	0.058264
3139	0.058249
5755	0.058196
12773	0.058194
10572	0.058121
11200	0.058118
5650	0.058059
11774	0.058041
11290	0.058031
3020	0.057984
9992	0.057980
4957	0.057957
12542	0.057931
8080	0.057912
12681	0.057841
10573	0.057836
11151	0.057801
12238	0.057763
10483	0.057726
5680	0.057684
10674	0.057666
9909	0.057643
4725	0.057600
10400	0.057595
1465	0.057463
11467	0.057454
3529	0.057433
11572	0.057400
10574	0.057381
11485	0.057275
6450	0.057239
5843	0.057120
11368	0.057001
1408	0.056922
3126	0.056918
12303	0.056889
597	0.056884
8990	0.056782
8989	0.056782
8987	0.056782
8986	0.056782
8984	0.056782
1060	0.056746
9179	0.056679
4455	0.056676
3895	0.056664
14063	0.056629
11152	0.056577
8025	0.056577
9332	0.056552
12391	0.056548
12594	0.056538
10836	0.056527
3294	0.056521
10950	0.056430
12512	0.056370
11511	0.056341
10521	0.056328
4541	0.056273
7907	0.056241
5249	0.056222
13254	0.056220
12934	0.056220
12933	0.056220
12932	0.056220
12081	0.056220
8996	0.056220
8994	0.056220
8992	0.056220
6354	0.056214
1555	0.056196
11173	0.056183
12935	0.056179
10983	0.056162
10324	0.056151
5631	0.056144
2318	0.056139
10706	0.056132
13117	0.056075
10392	0.056075
11897	0.056045
7946	0.056040
1464	0.056038
5220	0.056036
8821	0.056031
10597	0.056017
7556	0.055963
6434	0.055963
11469	0.055932
8918	0.055875
10476	0.055873
4492	0.055859
11753	0.055820
7973	0.055786
12341	0.055755
13135	0.055739
9720	0.055704
10033	0.055691
5542	0.055676
8230	0.055676
3226	0.055652
11833	0.055618
4588	0.055612
7194	0.055548
12352	0.055540
3526	0.055529
5834	0.055525
11431	0.055504
5175	0.055385
3967	0.055358
5639	0.055345
5377	0.055323
443	0.055311
9966	0.055294
4379	0.055268
11630	0.055250
161	0.055173
8988	0.055148
3881	0.055137
5141	0.055094
3505	0.055089
12406	0.055079
2586	0.055026
4310	0.055013
12930	0.055006
12928	0.055006
7146	0.055005
9319	0.055002
12797	0.054991
11547	0.054954
4317	0.054949
4315	0.054949
4311	0.054949
10437	0.054942
4922	0.054919
11394	0.054886
11577	0.054873
11169	0.054862
7481	0.054849
7451	0.054826
14	0.054801
10462	0.054797
10349	0.054784
3540	0.054754
11653	0.054745
10313	0.054737
13413	0.054690
11578	0.054636
11301	0.054621
12653	0.054611
10612	0.054605
10172	0.054605
12434	0.054575
12390	0.054575
14428	0.054574
14421	0.054574
14420	0.054574
3131	0.054477
4054	0.054397
13608	0.054396
13409	0.054396
13408	0.054396
12578	0.054393
6524	0.054377
4822	0.054370
6660	0.054360
8951	0.054349
2592	0.054343
596	0.054321
9927	0.054289
9896	0.054289
7208	0.054289
3630	0.054236
10953	0.054189
11419	0.054135
2061	0.054116
1507	0.054075
12800	0.054064
9596	0.054054
12181	0.054016
5065	0.053984
4377	0.053958
11998	0.053949
4450	0.053887
12687	0.053871
11478	0.053853
13650	0.053827
11401	0.053824
11399	0.053824
11545	0.053787
4038	0.053768
10740	0.053710
3617	0.053704
10561	0.053688
10682	0.053647
10351	0.053637
4576	0.053628
9875	0.053622
3845	0.053613
9057	0.053601
9349	0.053590
12235	0.053555
12528	0.053515
567	0.053496
3894	0.053487
1567	0.053438
7212	0.053430
11686	0.053417
4031	0.053402
439	0.053401
617	0.053392
453	0.053390
11477	0.053351
2787	0.053336
11500	0.053306
638	0.053288
1348	0.053257
10640	0.053238
1018	0.053218
14141	0.053206
14048	0.053191
4172	0.053179
4655	0.053178
3242	0.053148
4261	0.053140
12399	0.053125
12042	0.053106
3481	0.053106
12314	0.053086
8749	0.053084
8748	0.053084
9143	0.053072
6242	0.053072
2473	0.053070
4313	0.053064
11250	0.053058
1268	0.053044
6015	0.052997
6194	0.052992
7353	0.052938
12630	0.052929
10808	0.052910
9262	0.052902
12559	0.052895
9677	0.052873
8728	0.052864
7030	0.052856
3484	0.052841
4392	0.052772
2461	0.052771
