1125	0.232478
13444	0.219451
1327	0.216955
1245	0.211070
6032	0.203947
3306	0.191275
2622	0.191207
578	0.190161
9028	0.188443
9081	0.188306
9078	0.188306
11761	0.187677
6097	0.187677
5547	0.187677
3595	0.187677
2569	0.187507
12041	0.186822
609	0.186690
9980	0.175602
1131	0.175270
1128	0.170230
7966	0.165688
3548	0.164691
13341	0.164361
1541	0.160974
1798	0.158641
259	0.157091
3933	0.156354
13076	0.155124
2616	0.153157
3934	0.152924
1509	0.149679
2613	0.148104
3504	0.147690
2682	0.143226
997	0.140035
875	0.139453
1129	0.138592
5183	0.138513
12101	0.134311
1511	0.133443
12306	0.132502
6369	0.132502
6368	0.132502
7450	0.132426
12070	0.132108
1542	0.130258
4153	0.129792
5375	0.128652
6695	0.127502
121	0.122074
1132	0.119918
2828	0.119153
2531	0.119037
1034	0.118954
2618	0.116137
2904	0.115921
1117	0.115777
3549	0.115383
9437	0.114573
1135	0.114461
2614	0.113838
12850	0.113768
716	0.112614
9503	0.112418
2293	0.112376
7020	0.111767
9645	0.111457
12854	0.111047
9578	0.110922
9608	0.110767
2014	0.110483
9610	0.110379
9402	0.110360
5745	0.110234
874	0.110194
96	0.109899
2116	0.109272
2619	0.108313
7468	0.108216
2967	0.108216
304	0.108086
6074	0.107753
2965	0.106971
9613	0.106545
5111	0.106116
2841	0.105444
9612	0.105204
11992	0.105188
9614	0.105065
9304	0.105049
12208	0.104827
114	0.104695
9177	0.103613
12411	0.103609
2615	0.102952
1837	0.102429
12853	0.102406
4154	0.102341
8726	0.102287
8312	0.101836
1833	0.101793
5347	0.101063
2195	0.100811
11407	0.100537
8531	0.100503
5642	0.100314
2981	0.100310
7774	0.100299
5641	0.100299
7261	0.099969
9198	0.099886
4179	0.099694
2199	0.099643
12107	0.099452
1006	0.099335
5089	0.099302
9623	0.099046
823	0.098427
2204	0.098351
2868	0.098203
8604	0.098188
9881	0.097944
1941	0.097601
12872	0.097394
11989	0.097219
13060	0.097100
13055	0.097100
13048	0.097100
13014	0.097100
13009	0.097100
12892	0.097100
8379	0.097100
2105	0.097023
6761	0.096985
12874	0.096077
8625	0.095885
13058	0.095822
7945	0.095822
2197	0.095683
2117	0.095525
876	0.095239
11047	0.095165
14162	0.095099
11671	0.094728
13438	0.094630
11398	0.094514
9204	0.094461
8592	0.094461
9393	0.094049
1122	0.094037
8628	0.094033
2202	0.093972
6351	0.093964
2174	0.093903
7491	0.093888
2079	0.093771
9477	0.093645
9481	0.093595
9479	0.093595
9478	0.093595
9476	0.093595
9475	0.093595
9473	0.093595
9472	0.093595
9471	0.093595
9470	0.093595
9468	0.093595
9345	0.093595
8667	0.093595
8665	0.093595
8664	0.093595
8663	0.093595
8662	0.093595
8630	0.093595
8629	0.093595
8627	0.093595
8626	0.093595
12165	0.093222
12940	0.093160
10501	0.093135
977	0.093062
6413	0.092981
8232	0.092840
6707	0.092830
9115	0.092763
11625	0.092709
2118	0.092664
9912	0.092647
9911	0.092647
9859	0.092325
1114	0.092236
3594	0.092071
14068	0.091843
1714	0.091661
777	0.091618
2097	0.091532
5087	0.091347
13019	0.091103
11930	0.090993
2192	0.090986
7560	0.090794
6117	0.090782
1285	0.090612
351	0.090598
582	0.090594
13061	0.090374
7394	0.090241
11027	0.090209
3564	0.090065
6631	0.089902
12952	0.089732
12951	0.089732
633	0.089698
13388	0.089578
13387	0.089578
12950	0.089558
4262	0.089446
2107	0.089376
13036	0.089110
5088	0.089109
12899	0.088685
2122	0.088667
3739	0.088662
1030	0.088466
13081	0.088418
13080	0.088418
13079	0.088418
13078	0.088418
13074	0.088418
13071	0.088418
13057	0.088418
13049	0.088418
13047	0.088418
13045	0.088418
13043	0.088418
13017	0.088418
12959	0.088418
12904	0.088418
7936	0.088418
6411	0.088336
5147	0.088027
12670	0.087959
3745	0.087875
12053	0.087846
3579	0.087738
9200	0.087668
13676	0.087633
6563	0.087591
5299	0.087479
774	0.087310
14230	0.087254
14229	0.087254
13886	0.087254
352	0.086888
10030	0.086828
3209	0.086777
11367	0.086753
354	0.086658
13664	0.086611
10278	0.086589
9218	0.086285
2755	0.086003
1483	0.085889
12860	0.085818
12859	0.085817
11769	0.085603
6400	0.085433
10302	0.085355
1231	0.085242
4595	0.084908
9201	0.084790
9076	0.084746
13038	0.084569
13037	0.084569
9633	0.084476
9630	0.084476
9628	0.084476
9626	0.084476
9625	0.084476
9624	0.084476
9622	0.084476
9621	0.084476
9620	0.084476
9619	0.084476
9618	0.084476
9615	0.084476
9482	0.084476
12136	0.084418
13040	0.084368
1997	0.084306
5179	0.084160
1235	0.084077
12941	0.084066
6717	0.084036
5180	0.083984
13116	0.083952
11679	0.083872
2708	0.083702
2425	0.083637
9152	0.083505
2191	0.083486
2714	0.083402
6281	0.083379
9627	0.083344
7400	0.083299
12844	0.083281
12843	0.083281
12841	0.083281
12840	0.083281
891	0.082849
9611	0.082735
10518	0.082627
2783	0.082110
4917	0.082057
5123	0.081905
200	0.081867
2600	0.081834
2452	0.081626
8676	0.081459
1952	0.081358
6525	0.081259
2532	0.081176
1520	0.081100
11987	0.080897
8661	0.080894
5407	0.080674
5391	0.080580
2190	0.080369
12858	0.080343
1534	0.080171
13581	0.080149
2827	0.079881
5637	0.079760
645	0.079606
9199	0.079522
6021	0.079495
2541	0.079459
1889	0.079219
12281	0.079171
6619	0.079171
13054	0.078897
1126	0.078716
6501	0.078620
588	0.078494
3921	0.078425
8207	0.078407
6618	0.078318
7433	0.078204
6436	0.078067
5455	0.077736
8773	0.077693
6621	0.077693
5918	0.077637
6018	0.077554
2	0.077533
4710	0.077342
8423	0.077301
780	0.077294
6587	0.077203
6204	0.077192
2838	0.076988
3212	0.076709
2860	0.076694
1454	0.076602
5591	0.076553
13456	0.076417
13342	0.076417
7420	0.076307
10303	0.076239
1186	0.076150
9029	0.076131
10163	0.075974
8979	0.075972
13050	0.075722
3841	0.075688
11146	0.075657
2110	0.075657
1254	0.075480
10028	0.075251
831	0.075230
881	0.075189
4374	0.075149
13582	0.075093
5410	0.075093
5409	0.075093
5408	0.075093
5356	0.075093
6623	0.075029
4848	0.074951
9704	0.074774
14342	0.074743
10805	0.074667
1097	0.074640
1127	0.074512
1897	0.074482
1959	0.074422
4596	0.074368
2617	0.074359
3503	0.074260
11683	0.073997
1781	0.073868
13300	0.073781
10982	0.073741
1800	0.073721
257	0.073453
4158	0.073440
5452	0.073374
8391	0.073279
3087	0.073279
6997	0.073206
3854	0.073144
498	0.073048
10167	0.072994
2812	0.072835
10559	0.072787
3083	0.072700
9311	0.072684
2980	0.072668
4824	0.072668
12851	0.072666
9215	0.072654
1768	0.072604
8997	0.072531
3948	0.072472
3008	0.072235
1648	0.072046
2976	0.071933
2120	0.071771
11212	0.071461
9202	0.071426
1711	0.071281
9606	0.071277
9358	0.070900
2175	0.070874
6533	0.070826
13142	0.070817
7430	0.070817
7029	0.070747
4231	0.070746
5059	0.070706
12785	0.070672
9210	0.070512
12694	0.070421
6377	0.070347
8584	0.070005
12784	0.069986
6971	0.069976
2816	0.069889
2629	0.069886
2114	0.069878
11902	0.069679
2931	0.069655
7427	0.069573
12058	0.069572
4087	0.069414
2722	0.069347
1785	0.069304
1121	0.069273
2979	0.069247
6592	0.069097
7939	0.069012
1116	0.069001
9248	0.068843
3476	0.068778
9512	0.068706
2119	0.068705
2971	0.068704
489	0.068586
2123	0.068411
2932	0.068367
5492	0.068365
2709	0.068056
10284	0.067964
9135	0.067944
13252	0.067827
13251	0.067827
1893	0.067753
9465	0.067712
9319	0.067610
12915	0.067429
12914	0.067429
4849	0.067388
3536	0.067329
2821	0.067216
12352	0.067144
832	0.066966
12414	0.066928
1010	0.066867
12141	0.066844
11358	0.066807
11207	0.066730
6768	0.066677
5456	0.066307
5035	0.066045
10369	0.066028
7425	0.066019
10969	0.065843
13315	0.065720
12967	0.065702
9436	0.065653
9474	0.065648
6961	0.065648
115	0.065521
1113	0.065386
2962	0.065341
1778	0.065327
3477	0.065198
86	0.065059
5013	0.065012
346	0.064890
2292	0.064886
6395	0.064883
7917	0.064881
1743	0.064871
532	0.064821
8552	0.064743
10666	0.064716
13	0.064704
9338	0.064691
9711	0.064617
9708	0.064617
9707	0.064617
9705	0.064617
9703	0.064617
13013	0.064610
12962	0.064610
2278	0.064582
9699	0.064573
2426	0.064516
12061	0.064489
7830	0.064483
648	0.064456
222	0.064424
3408	0.064355
7879	0.064347
2060	0.064301
6680	0.064214
8223	0.064175
11663	0.064122
1726	0.063973
1797	0.063892
9609	0.063856
9580	0.063856
1510	0.063852
13847	0.063820
1025	0.063809
5571	0.063766
6126	0.063541
6125	0.063541
14233	0.063402
1136	0.063402
10939	0.063314
9797	0.063302
7115	0.063288
12957	0.063139
9207	0.063100
9205	0.063100
8528	0.063100
8468	0.063088
2978	0.063088
2977	0.063088
13028	0.063052
7999	0.063044
3116	0.063040
5895	0.063017
155	0.063001
488	0.062994
7200	0.062953
7385	0.062868
3772	0.062863
13298	0.062843
4672	0.062831
12310	0.062818
12631	0.062756
7301	0.062712
2867	0.062674
1792	0.062534
2881	0.062477
1024	0.062359
7586	0.062244
2109	0.062124
9361	0.062116
14310	0.062084
9488	0.062028
11231	0.062023
1346	0.061972
11670	0.061961
4042	0.061947
12143	0.061918
14247	0.061858
2892	0.061852
1077	0.061806
9007	0.061766
12252	0.061753
1951	0.061663
8972	0.061641
5042	0.061624
7933	0.061498
347	0.061498
11850	0.061482
11232	0.061479
11230	0.061479
11229	0.061479
11228	0.061479
3592	0.061449
12530	0.061340
342	0.061292
6443	0.061150
11036	0.061135
1134	0.061106
8535	0.061062
8671	0.061036
14375	0.061023
9235	0.061016
9230	0.061016
9228	0.061016
9225	0.061016
9224	0.061016
9221	0.061016
9219	0.061016
9214	0.061016
9213	0.061016
9211	0.061016
9209	0.061016
9208	0.061016
9206	0.061016
9193	0.061016
8807	0.061016
8679	0.061016
8677	0.061016
8675	0.061016
8674	0.061016
8673	0.061016
8670	0.061016
8637	0.061016
8633	0.061016
8631	0.061016
8610	0.061016
8591	0.061016
8539	0.061016
8538	0.061016
8537	0.061016
8536	0.061016
8529	0.061016
8526	0.061016
8525	0.061016
8632	0.061016
4169	0.061011
13077	0.060990
12895	0.060990
889	0.060980
1028	0.060973
1954	0.060909
1953	0.060909
1751	0.060850
13970	0.060777
6430	0.060728
1123	0.060728
5647	0.060685
113	0.060606
9226	0.060577
9217	0.060577
8534	0.060577
8740	0.060552
3544	0.060551
7827	0.060546
7958	0.060483
5074	0.060399
5259	0.060350
758	0.060322
2280	0.060309
8634	0.060266
9231	0.060251
12064	0.060216
7426	0.060210
1901	0.060154
8666	0.060122
9861	0.060050
9819	0.060050
4719	0.060044
13874	0.060043
11655	0.059910
13281	0.059736
8202	0.059724
13282	0.059721
781	0.059674
1166	0.059637
9631	0.059606
1700	0.059597
8229	0.059593
6295	0.059582
5500	0.059553
7642	0.059446
14351	0.059443
6913	0.059306
4582	0.059280
9356	0.059267
5033	0.059202
5459	0.059169
11658	0.059146
414	0.059142
6806	0.059135
4130	0.059115
8530	0.059096
4491	0.059086
8712	0.059049
8303	0.059049
8302	0.059049
7362	0.059049
6359	0.059049
13242	0.059034
13241	0.059034
5595	0.059034
5594	0.059034
6149	0.059032
6967	0.059030
6689	0.059030
1238	0.059027
2306	0.059021
6747	0.059016
7918	0.058999
6202	0.058993
13239	0.058970
1734	0.058966
10682	0.058919
5277	0.058887
1133	0.058849
8938	0.058787
782	0.058781
13265	0.058742
6191	0.058727
5296	0.058724
1078	0.058700
9058	0.058690
6701	0.058690
6697	0.058668
6267	0.058639
6302	0.058639
3710	0.058588
8907	0.058586
11918	0.058585
4021	0.058534
10098	0.058525
5598	0.058511
5062	0.058496
4977	0.058488
13533	0.058468
13532	0.058468
13531	0.058468
13271	0.058452
13448	0.058433
8635	0.058430
5201	0.058421
8928	0.058421
2773	0.058362
6557	0.058291
6081	0.058217
11096	0.058153
5034	0.058055
307	0.058002
4976	0.058001
13665	0.057916
5258	0.057889
5357	0.057858
4483	0.057846
179	0.057840
1514	0.057803
2267	0.057789
11737	0.057773
7075	0.057708
4921	0.057611
1419	0.057604
836	0.057569
2210	0.057560
4176	0.057552
4888	0.057524
6217	0.057495
12276	0.057448
14263	0.057448
14002	0.057448
14001	0.057448
14000	0.057448
13998	0.057448
13996	0.057448
6666	0.057448
5064	0.057448
4854	0.057448
4852	0.057448
6305	0.057439
13030	0.057393
14290	0.057386
6412	0.057207
988	0.057204
1788	0.057203
492	0.057159
8980	0.057134
8978	0.057134
8977	0.057134
8976	0.057134
8940	0.057134
4175	0.057130
3973	0.057117
2681	0.057051
5219	0.057039
989	0.057025
2809	0.057020
2182	0.057014
12871	0.056994
3636	0.056940
6772	0.056894
4781	0.056813
10748	0.056800
9834	0.056800
5990	0.056768
2188	0.056748
10097	0.056618
11226	0.056598
6447	0.056573
8329	0.056572
13994	0.056553
7931	0.056553
5652	0.056547
2172	0.056532
5086	0.056496
4144	0.056443
13897	0.056339
2228	0.056316
2458	0.056281
13625	0.056237
7136	0.056237
7767	0.056217
9220	0.056050
5433	0.056013
13545	0.055914
9480	0.055899
8533	0.055899
1835	0.055840
5592	0.055826
11677	0.055817
4494	0.055817
4493	0.055817
14365	0.055764
8439	0.055712
7435	0.055712
7180	0.055712
8438	0.055679
2055	0.055669
14360	0.055643
13997	0.055621
13117	0.055557
14364	0.055501
6389	0.055487
13815	0.055451
8636	0.055444
12237	0.055418
4495	0.055350
5590	0.055335
6307	0.055314
3545	0.055268
14283	0.055228
2951	0.055141
1040	0.055077
9347	0.055063
825	0.055058
2752	0.054952
3940	0.054947
6771	0.054914
9986	0.054901
640	0.054862
8447	0.054848
5067	0.054838
2453	0.054834
3292	0.054834
13739	0.054829
6169	0.054817
13012	0.054796
13004	0.054796
11806	0.054762
3438	0.054730
2115	0.054713
8000	0.054659
1043	0.054657
5696	0.054654
6013	0.054634
1094	0.054602
3667	0.054592
12936	0.054508
12415	0.054481
8710	0.054468
13926	0.054466
7479	0.054411
12412	0.054387
1919	0.054365
14219	0.054324
9840	0.054271
6594	0.054238
2599	0.054170
10076	0.054158
12462	0.054156
10685	0.054156
2203	0.054136
3638	0.054118
9870	0.054114
8711	0.054101
10077	0.054080
3974	0.054066
8732	0.054062
8392	0.053927
11385	0.053924
5855	0.053837
12010	0.053818
7526	0.053787
8864	0.053777
8863	0.053777
8583	0.053777
8124	0.053777
7904	0.053777
7903	0.053777
7902	0.053777
7901	0.053777
7900	0.053777
7899	0.053777
7897	0.053777
7896	0.053777
7895	0.053777
5235	0.053735
1756	0.053726
2200	0.053720
11714	0.053718
13114	0.053710
3785	0.053705
11925	0.053687
11873	0.053669
10286	0.053643
6072	0.053623
3700	0.053611
7949	0.053558
2275	0.053558
936	0.053490
11072	0.053477
9258	0.053414
5196	0.053406
9462	0.053404
2966	0.053378
9234	0.053307
13945	0.053286
1930	0.053250
5343	0.053216
13851	0.053175
14151	0.053107
13959	0.053015
12357	0.053015
11368	0.053007
6528	0.052996
2775	0.052975
4850	0.052903
539	0.052902
11638	0.052887
80	0.052871
2784	0.052834
7617	0.052822
9188	0.052805
4542	0.052796
1265	0.052785
235	0.052774
9499	0.052761
268	0.052747
13826	0.052731
4427	0.052731
7758	0.052624
1731	0.052611
1693	0.052589
7951	0.052578
934	0.052575
3837	0.052539
13439	0.052530
5287	0.052484
4605	0.052404
4600	0.052404
4322	0.052388
8709	0.052356
11151	0.052337
4111	0.052284
1151	0.052280
12502	0.052272
1	0.052239
13140	0.052224
1002	0.052187
565	0.052179
1315	0.052166
6277	0.052040
7894	0.052038
6035	0.052011
6034	0.052009
2817	0.051975
4165	0.051893
4599	0.051880
2952	0.051870
611	0.051831
