4947	0.211626
3428	0.201817
7224	0.198022
6574	0.198022
5527	0.198022
3429	0.196176
991	0.195093
4235	0.194920
677	0.190746
3441	0.190118
11073	0.188600
11091	0.188513
1030	0.183858
5185	0.180528
11178	0.178454
10089	0.177309
7036	0.176405
11202	0.174507
2486	0.173426
2871	0.171832
14128	0.171596
10255	0.167773
4618	0.166531
10245	0.163279
13265	0.161086
11416	0.160737
11658	0.160583
9086	0.160500
3789	0.160485
9085	0.160483
11109	0.160384
10275	0.159655
10274	0.159448
4319	0.155852
12315	0.155091
10550	0.153425
3440	0.153122
2962	0.152840
3425	0.152424
10507	0.150082
10801	0.149919
10097	0.148678
874	0.148655
10098	0.144639
3209	0.141318
4204	0.139418
6415	0.138881
13054	0.138788
5815	0.138177
10273	0.138103
3986	0.137842
10249	0.137318
1111	0.136991
11989	0.135650
2182	0.134267
2129	0.131958
11177	0.130213
3212	0.129679
13448	0.128751
876	0.128644
9433	0.127411
6938	0.126149
3715	0.124994
8572	0.124582
8569	0.124582
8568	0.124582
2171	0.124530
568	0.123909
12283	0.123616
3375	0.123568
8570	0.122218
589	0.122164
120	0.121465
2267	0.121247
2109	0.121130
5177	0.121115
2708	0.119918
11742	0.117210
5226	0.117210
8566	0.116157
2709	0.115614
13394	0.115530
241	0.114678
10277	0.114462
2020	0.113835
5154	0.113680
4135	0.113379
7207	0.113146
1112	0.112568
6216	0.111659
9562	0.110628
3100	0.110628
12118	0.110614
2083	0.110614
2074	0.110614
1899	0.110614
1896	0.110614
3098	0.110578
2097	0.110417
5918	0.110060
1199	0.108450
1952	0.108406
10258	0.107595
11987	0.106670
1867	0.105414
2124	0.105379
9317	0.104700
2110	0.104442
2600	0.103649
474	0.103337
10018	0.102904
10925	0.102596
3426	0.102566
2078	0.102563
221	0.102556
5347	0.102337
7774	0.102216
5641	0.102216
5642	0.102190
1118	0.100701
11904	0.100421
8452	0.100391
8449	0.100391
1120	0.100329
1119	0.100266
2289	0.100220
9139	0.100172
13247	0.099975
13515	0.099113
4090	0.098441
1109	0.097867
9367	0.097849
4117	0.097393
6987	0.097123
6457	0.096031
13270	0.095736
2381	0.095624
6393	0.095302
2107	0.095091
12367	0.095023
4865	0.094575
3077	0.094129
10326	0.093946
10220	0.093875
1869	0.093715
3225	0.093687
354	0.093640
3454	0.093613
247	0.093579
5620	0.093341
2344	0.093314
4392	0.093125
12241	0.093099
12240	0.093099
8074	0.093099
7294	0.093099
6054	0.093099
4336	0.093099
2105	0.093059
2111	0.092698
4529	0.092606
11112	0.092397
3135	0.091521
2191	0.091462
12414	0.091388
9393	0.091269
877	0.090931
1177	0.090769
116	0.090169
12120	0.090094
3993	0.090094
2113	0.089830
11753	0.089516
14	0.089414
5175	0.089402
1237	0.089257
11800	0.089144
9123	0.088890
6053	0.088635
1953	0.088439
1954	0.088439
6935	0.088432
13805	0.088423
5132	0.088423
5946	0.088291
4652	0.087720
5024	0.087546
1085	0.087147
1879	0.086970
5441	0.086892
14317	0.086586
1951	0.086540
9198	0.086418
11587	0.086313
1091	0.085616
3030	0.085335
5272	0.085285
4895	0.084758
492	0.084695
5940	0.084543
7459	0.084463
498	0.084379
2203	0.084309
5942	0.084278
1132	0.084004
716	0.083690
2828	0.083631
1734	0.083449
2823	0.082918
11966	0.082319
2185	0.082302
3473	0.082201
4882	0.082050
1968	0.081982
2753	0.081731
5225	0.081467
713	0.081207
7468	0.081203
2967	0.081203
5423	0.081081
10240	0.080980
3908	0.080977
6317	0.080784
4650	0.080733
8877	0.080583
2172	0.080511
10256	0.080367
5217	0.080303
12249	0.080150
5008	0.080150
3326	0.080140
6963	0.080031
6056	0.079928
8234	0.079739
2674	0.079633
4000	0.079479
5007	0.079253
7205	0.079199
11624	0.079047
11675	0.078943
9957	0.078720
1172	0.078644
6386	0.078485
3638	0.078319
4376	0.078301
11728	0.078012
1956	0.077972
14073	0.077943
352	0.077892
3636	0.077866
333	0.077844
3907	0.077741
1950	0.077624
2965	0.077594
3778	0.077577
3064	0.077499
5846	0.077401
2186	0.077201
11729	0.077115
6380	0.076945
3068	0.076864
11638	0.076684
6830	0.076626
487	0.076565
5292	0.076554
2128	0.076436
1359	0.076304
1743	0.076228
4461	0.076148
6259	0.075954
7261	0.075849
3952	0.075537
2981	0.075440
1182	0.075228
13810	0.075055
6709	0.074901
4037	0.074794
9775	0.074752
5829	0.074576
6455	0.074519
5672	0.074436
14126	0.074433
14125	0.074433
6101	0.074100
12687	0.074098
8938	0.074011
8471	0.073966
5671	0.073895
9457	0.073835
4152	0.073835
2621	0.073819
8832	0.073607
8980	0.073551
8978	0.073551
8977	0.073551
8976	0.073551
8940	0.073551
5248	0.073468
2827	0.073387
2532	0.073358
6009	0.073332
4742	0.073332
8009	0.073244
1238	0.072961
6157	0.072849
6891	0.072804
9870	0.072642
5830	0.072635
11903	0.072622
6528	0.072603
3905	0.072579
5418	0.072498
7511	0.072489
10427	0.072388
6530	0.072377
9840	0.072302
3538	0.072280
5768	0.072220
11618	0.072106
9175	0.072038
9173	0.072038
8831	0.072038
8830	0.072038
7688	0.072038
12462	0.071998
10685	0.071998
10467	0.071966
6472	0.071642
10466	0.071583
8038	0.071397
3194	0.071386
679	0.071317
6220	0.071260
351	0.071044
3066	0.071007
4743	0.070994
4128	0.070919
12277	0.070917
8073	0.070917
6150	0.070917
5944	0.070917
5943	0.070917
10584	0.070814
6814	0.070741
6407	0.070726
392	0.070540
8847	0.070518
1731	0.070436
5493	0.070164
10693	0.070155
13430	0.070106
10237	0.069926
3742	0.069825
3405	0.069790
9779	0.069737
7713	0.069383
6829	0.069272
11754	0.069151
11988	0.069142
7343	0.069048
1898	0.069047
3287	0.068928
8855	0.068926
12101	0.068864
3007	0.068708
7281	0.068619
6480	0.068361
12234	0.068325
2523	0.068260
11123	0.068244
6934	0.068124
4644	0.068086
3176	0.067971
14224	0.067955
13391	0.067955
11110	0.067955
4856	0.067841
5424	0.067802
2810	0.067734
9462	0.067668
10511	0.067629
1785	0.067357
2422	0.067229
11240	0.067223
3506	0.066995
12044	0.066810
10276	0.066668
4121	0.066412
7908	0.066400
2831	0.066292
4612	0.066236
591	0.066223
11812	0.066211
12311	0.066211
6366	0.066164
12188	0.066140
5843	0.066139
9120	0.066085
8969	0.066076
107	0.066047
5745	0.065915
12066	0.065824
9436	0.065790
4838	0.065749
12955	0.065742
12274	0.065741
8236	0.065741
8235	0.065741
6980	0.065741
6953	0.065741
298	0.065741
12504	0.065739
164	0.065730
4660	0.065608
1375	0.065477
3984	0.065420
14404	0.065316
14400	0.065316
8143	0.065316
8096	0.065316
55	0.065310
7359	0.065294
6732	0.065150
2517	0.065091
10254	0.065032
2639	0.065011
8922	0.064972
10734	0.064874
2112	0.064854
12338	0.064829
5184	0.064773
5219	0.064742
2452	0.064727
342	0.064718
675	0.064698
5013	0.064507
3204	0.064501
9356	0.064395
2817	0.064296
6920	0.064184
7381	0.064184
53	0.064115
11739	0.064085
12954	0.064017
3383	0.064003
14291	0.063984
3823	0.063918
11145	0.063864
6046	0.063697
7414	0.063689
12721	0.063552
11292	0.063450
13331	0.063431
13621	0.063394
254	0.063288
4756	0.063167
9366	0.063151
9365	0.063151
9364	0.063151
9363	0.063151
9359	0.063151
8869	0.063151
8849	0.063151
8848	0.063151
8846	0.063151
10390	0.063028
7288	0.062934
574	0.062890
7351	0.062836
2001	0.062728
8800	0.062706
11677	0.062706
4494	0.062706
4493	0.062706
1905	0.062622
14254	0.062597
6677	0.062592
2423	0.062573
10031	0.062444
7894	0.062421
7342	0.062220
12048	0.062216
1050	0.062193
6255	0.062184
8773	0.062158
6621	0.062158
1836	0.062136
6618	0.062013
9174	0.061978
8178	0.061781
4538	0.061596
13568	0.061559
2809	0.061541
9935	0.061459
4129	0.061459
11279	0.061440
12063	0.061367
3740	0.061319
7527	0.061298
2442	0.061244
9938	0.061224
7551	0.061224
7550	0.061224
7539	0.061224
7538	0.061224
11858	0.061218
9439	0.061179
5990	0.061140
6147	0.061131
2073	0.061126
1124	0.060992
8307	0.060957
5366	0.060901
7933	0.060836
347	0.060836
8780	0.060828
5071	0.060728
10839	0.060723
2351	0.060699
2350	0.060699
2348	0.060699
2346	0.060699
10838	0.060611
565	0.060301
2102	0.060289
7101	0.060245
9943	0.060210
2658	0.060189
3977	0.060186
6731	0.060144
2114	0.060138
8584	0.060130
13821	0.060118
295	0.060096
4665	0.059997
13940	0.059949
5146	0.059949
4951	0.059862
12034	0.059806
2108	0.059676
9297	0.059565
12591	0.059545
2274	0.059515
8171	0.059464
4240	0.059372
5086	0.059266
4842	0.059242
8615	0.059233
12692	0.059101
4666	0.058940
5145	0.058909
7285	0.058901
5513	0.058842
9319	0.058782
5514	0.058750
2075	0.058708
11902	0.058507
4824	0.058426
2952	0.058423
9215	0.058377
12010	0.058373
12352	0.058358
11940	0.058344
3837	0.058309
5012	0.058268
5348	0.058263
4136	0.058243
9464	0.058190
8517	0.058190
8516	0.058190
4139	0.058190
4138	0.058190
1675	0.058105
257	0.058087
3735	0.057970
10223	0.057898
11165	0.057881
1758	0.057841
4651	0.057778
11968	0.057703
949	0.057703
700	0.057688
4160	0.057670
2599	0.057654
6010	0.057615
2188	0.057596
2181	0.057571
11887	0.057478
10634	0.057423
3389	0.057408
4646	0.057384
12252	0.057289
6324	0.057245
11616	0.057230
4648	0.057230
4643	0.057230
5009	0.057187
4725	0.057179
6254	0.057156
7942	0.057013
9202	0.057003
12691	0.056989
5293	0.056974
14332	0.056827
14320	0.056827
14257	0.056827
14235	0.056827
14231	0.056827
14217	0.056827
14143	0.056827
7584	0.056735
1906	0.056730
13264	0.056689
4724	0.056655
1816	0.056567
6866	0.056497
2815	0.056457
3067	0.056261
12043	0.056258
6279	0.056241
2363	0.056087
2386	0.056042
2387	0.056042
11077	0.055935
1146	0.055854
13716	0.055853
633	0.055804
6284	0.055691
6680	0.055668
6319	0.055635
8997	0.055437
2104	0.055368
918	0.055335
9066	0.055296
10334	0.055293
4045	0.055052
10452	0.055036
1833	0.055027
1291	0.054988
460	0.054981
51	0.054968
12175	0.054958
12670	0.054920
4662	0.054916
4087	0.054869
5354	0.054851
11411	0.054628
1185	0.054595
13706	0.054521
13738	0.054510
13731	0.054510
5913	0.054484
4658	0.054458
268	0.054380
13707	0.054301
3998	0.054298
6656	0.054225
12358	0.054221
13475	0.054205
4109	0.054179
11914	0.054157
5955	0.054142
8255	0.053968
9176	0.053962
8809	0.053962
12136	0.053959
3666	0.053951
4922	0.053938
13164	0.053844
6851	0.053834
2453	0.053819
9581	0.053811
13900	0.053735
7861	0.053735
9643	0.053683
1955	0.053670
1895	0.053627
2477	0.053609
6003	0.053585
9058	0.053584
6701	0.053584
169	0.053579
11579	0.053493
2612	0.053464
10441	0.053382
1528	0.053360
7767	0.053333
1309	0.053275
1295	0.053273
184	0.053247
12091	0.053225
5048	0.053225
3133	0.053095
1889	0.053089
570	0.053087
4834	0.053075
4596	0.053074
948	0.053073
3279	0.053031
7048	0.052980
14006	0.052955
12138	0.052945
12137	0.052945
12068	0.052945
11864	0.052945
8276	0.052931
14339	0.052854
14338	0.052854
14312	0.052854
14272	0.052854
14259	0.052854
14160	0.052854
14159	0.052854
14158	0.052854
14156	0.052854
14144	0.052854
14133	0.052854
14123	0.052854
14110	0.052854
14102	0.052854
14053	0.052854
13501	0.052854
8311	0.052854
8309	0.052854
8308	0.052854
8306	0.052854
8288	0.052854
8286	0.052854
8285	0.052854
8283	0.052854
8282	0.052854
8280	0.052854
8278	0.052854
8277	0.052854
8046	0.052854
4603	0.052854
5379	0.052804
8248	0.052787
13769	0.052783
4288	0.052783
12384	0.052776
13542	0.052711
2118	0.052661
8611	0.052642
11402	0.052605
10307	0.052605
4463	0.052597
11752	0.052588
8310	0.052583
12275	0.052511
3314	0.052482
4656	0.052474
243	0.052455
9741	0.052449
3310	0.052449
4624	0.052435
7541	0.052423
598	0.052408
10984	0.052350
6754	0.052346
10231	0.052328
1673	0.052283
788	0.052281
3990	0.052278
875	0.052184
5270	0.052175
5582	0.052144
9764	0.052115
4241	0.051997
3024	0.051980
10841	0.051909
4543	0.051814
4540	0.051795
10308	0.051778
5741	0.051676
2380	0.051595
6771	0.051548
10337	0.051513
2117	0.051513
2170	0.051511
8256	0.051493
7200	0.051444
8259	0.051393
11803	0.051340
889	0.051336
5777	0.051280
3226	0.051269
10377	0.051251
10378	0.051184
2958	0.051136
11976	0.051030
9735	0.050917
4500	0.050854
11849	0.050846
8792	0.050803
9916	0.050792
9880	0.050792
9842	0.050792
9838	0.050792
9822	0.050792
9372	0.050792
8791	0.050792
8790	0.050792
8768	0.050792
6892	0.050781
11108	0.050774
10901	0.050737
9763	0.050733
9759	0.050733
9758	0.050733
8717	0.050733
8716	0.050733
8715	0.050733
8836	0.050721
4140	0.050718
5413	0.050631
3311	0.050562
3404	0.050481
586	0.050475
4511	0.050439
5269	0.050421
4542	0.050419
10640	0.050386
11291	0.050386
1419	0.050386
1252	0.050347
6292	0.050329
13026	0.050300
8889	0.050257
2052	0.050212
11371	0.050211
11370	0.050211
10955	0.050211
6251	0.050200
6249	0.050200
6956	0.050194
4305	0.050177
4760	0.050170
2183	0.050144
3840	0.050025
2820	0.050025
3256	0.050023
9997	0.049868
11313	0.049792
6889	0.049776
10910	0.049758
9934	0.049740
4131	0.049732
10956	0.049727
6955	0.049704
1090	0.049697
5123	0.049663
4541	0.049630
1297	0.049628
590	0.049614
2968	0.049568
7131	0.049567
4828	0.049478
7943	0.049344
1693	0.049277
9623	0.049271
14402	0.049266
14392	0.049266
14387	0.049266
14329	0.049251
4120	0.049204
4416	0.049202
9694	0.049129
4961	0.049123
72	0.049119
1876	0.049092
6126	0.049046
6125	0.049046
8714	0.048994
4321	0.048992
8217	0.048977
7578	0.048977
7458	0.048943
7700	0.048933
5355	0.048905
11817	0.048857
6990	0.048857
997	0.048856
239	0.048829
8238	0.048805
1529	0.048782
2812	0.048646
9025	0.048604
6023	0.048509
3593	0.048509
3211	0.048506
871	0.048414
7670	0.048407
299	0.048391
10432	0.048342
14334	0.048312
8549	0.048279
7757	0.048248
2941	0.048207
1001	0.048204
3617	0.048167
11653	0.048081
3625	0.048048
248	0.048033
4248	0.048015
7883	0.048011
4249	0.048011
4247	0.048011
4246	0.048011
4242	0.048011
4244	0.048008
4245	0.048006
11019	0.047972
12017	0.047950
224	0.047943
11591	0.047931
1587	0.047876
10661	0.047866
11866	0.047828
6134	0.047819
5476	0.047808
10475	0.047785
2080	0.047766
1958	0.047665
79	0.047663
7977	0.047655
240	0.047651
11379	0.047640
6781	0.047637
5583	0.047627
1308	0.047608
2347	0.047606
5996	0.047567
11808	0.047537
11016	0.047514
9207	0.047488
9205	0.047488
8528	0.047488
2184	0.047487
12385	0.047463
10962	0.047439
3180	0.047424
13374	0.047420
13373	0.047420
3700	0.047322
7856	0.047300
10294	0.047299
1777	0.047298
7245	0.047269
14214	0.047248
930	0.047201
9981	0.047172
11234	0.047142
9797	0.047093
1178	0.047023
10556	0.047012
9361	0.047005
5914	0.046971
3136	0.046962
2461	0.046944
11241	0.046944
9704	0.046942
5117	0.046922
12310	0.046882
13318	0.046876
9218	0.046862
5743	0.046850
12131	0.046845
2641	0.046845
2640	0.046845
8497	0.046843
8901	0.046836
2227	0.046826
6347	0.046811
6804	0.046806
1420	0.046773
9247	0.046655
1452	0.046628
11592	0.046623
13293	0.046568
10572	0.046545
231	0.046522
745	0.046501
2594	0.046475
13820	0.046449
2602	0.046362
3710	0.046345
8660	0.046320
8659	0.046320
8658	0.046320
11679	0.046306
3142	0.046271
2522	0.046266
7646	0.046266
12119	0.046266
14432	0.046265
14430	0.046265
14403	0.046265
14397	0.046265
14396	0.046265
