1745	0.153352
2596	0.143333
12784	0.138300
12785	0.138222
1725	0.134069
2571	0.130352
1726	0.129961
1723	0.128005
2792	0.127676
10163	0.127472
2166	0.126082
8115	0.125888
1196	0.125188
2574	0.123517
2836	0.123483
3408	0.122722
10284	0.121761
2680	0.121335
6303	0.120431
2318	0.119931
1077	0.119726
11779	0.119668
5536	0.119668
137	0.119434
12912	0.119285
2915	0.119268
2143	0.118693
11670	0.118109
5020	0.116987
1264	0.116476
6577	0.115629
1071	0.115352
2165	0.115329
3483	0.115261
12042	0.114526
3481	0.114526
781	0.113963
2139	0.113603
3484	0.113363
9008	0.112035
1095	0.111981
3519	0.111964
619	0.111657
12281	0.111432
6619	0.111432
12350	0.110735
12349	0.110565
158	0.110394
645	0.110114
4830	0.110046
4829	0.110046
4317	0.110044
4315	0.110044
4311	0.110044
7946	0.109993
4310	0.109991
4582	0.109990
1096	0.109718
844	0.109161
11321	0.108751
3027	0.108129
8954	0.107496
3967	0.106964
2973	0.106567
4036	0.106371
2329	0.106245
5548	0.106088
405	0.106041
4710	0.105663
1727	0.105437
157	0.105405
11610	0.105162
6360	0.105146
3339	0.105081
138	0.105075
12287	0.104914
8515	0.104914
2714	0.104589
1730	0.104493
873	0.104470
1075	0.103967
4255	0.103551
3258	0.103447
6267	0.103071
6302	0.103071
3492	0.103036
130	0.102984
6191	0.102827
6967	0.102782
6689	0.102782
9881	0.102709
11737	0.102280
11908	0.101766
3277	0.101450
3359	0.101198
1391	0.101112
13389	0.100876
12720	0.100753
7666	0.100753
13060	0.100715
13055	0.100715
13048	0.100715
13014	0.100715
13009	0.100715
12892	0.100715
8379	0.100715
906	0.100417
12089	0.100371
5191	0.100310
1574	0.100258
4313	0.100253
12435	0.099962
8970	0.099430
11047	0.099401
864	0.098449
3021	0.098089
12850	0.097942
11642	0.097932
4179	0.097794
8132	0.097726
3866	0.097720
3864	0.097720
1718	0.097559
525	0.097446
11671	0.097404
12854	0.097391
936	0.097343
12107	0.097222
12874	0.096844
3407	0.096803
3494	0.096785
371	0.096595
9715	0.096419
3865	0.096259
2713	0.096207
13061	0.096075
9437	0.095789
12415	0.095668
884	0.095494
1186	0.095420
1289	0.095364
6399	0.095326
5089	0.095245
12071	0.095240
175	0.095240
2789	0.095026
9614	0.095017
12412	0.094975
10982	0.094735
4042	0.094734
12143	0.094682
621	0.094578
135	0.094531
12046	0.094439
2063	0.094407
4976	0.094367
9540	0.094346
4977	0.094227
5311	0.094191
774	0.094082
5201	0.093939
2931	0.093779
1941	0.093748
12411	0.093724
6469	0.093688
780	0.093603
1079	0.093430
9028	0.093294
2932	0.093064
2630	0.092832
3569	0.092758
9499	0.092713
8928	0.092648
935	0.092553
2572	0.092536
9149	0.092522
9081	0.092481
9078	0.092481
10392	0.092336
8552	0.092277
2321	0.092276
12391	0.092191
3761	0.092190
11546	0.092137
2904	0.091929
6436	0.091831
6305	0.091685
13030	0.091544
5087	0.091418
1072	0.091155
4262	0.091137
2851	0.091128
2038	0.090959
6411	0.090889
12434	0.090853
12390	0.090853
13140	0.090808
12853	0.090745
13135	0.090684
11502	0.090639
13959	0.090500
9859	0.090464
10040	0.090295
2860	0.090232
7707	0.090202
5325	0.090189
5299	0.090009
1195	0.089795
992	0.089772
10678	0.089093
2293	0.089084
9561	0.089070
823	0.089013
9769	0.089012
12950	0.089010
4594	0.088854
11599	0.088732
2169	0.088732
5021	0.088604
5019	0.088604
6563	0.088461
12872	0.088314
3047	0.088274
3608	0.088068
754	0.087814
11545	0.087642
4165	0.087632
12800	0.087568
11609	0.087566
9552	0.087532
12130	0.087462
6304	0.087454
594	0.087309
12941	0.087267
7964	0.087155
9627	0.087061
2425	0.086829
681	0.086806
11992	0.086642
171	0.086167
2242	0.086162
10333	0.086105
12859	0.086050
12208	0.086039
12860	0.086037
2541	0.085970
9029	0.085950
12899	0.085909
1251	0.085832
6450	0.085796
2040	0.085756
2892	0.085747
11127	0.085735
6460	0.085689
11547	0.085665
5023	0.085530
8329	0.085486
11407	0.085474
13429	0.085469
6361	0.085396
5391	0.085381
5455	0.085320
3291	0.085316
7028	0.085298
9978	0.085291
13040	0.085286
6717	0.085284
12940	0.085128
11623	0.085103
12417	0.085074
4034	0.085074
2135	0.085062
968	0.085050
12858	0.085016
630	0.085007
3377	0.084957
2917	0.084850
1274	0.084794
6694	0.084717
13081	0.084669
13080	0.084669
13079	0.084669
13078	0.084669
13074	0.084669
13071	0.084669
13057	0.084669
13049	0.084669
13047	0.084669
13045	0.084669
13043	0.084669
13017	0.084669
12959	0.084669
12904	0.084669
7936	0.084669
12952	0.084637
12951	0.084637
11601	0.084630
627	0.084367
7488	0.084281
6945	0.084276
7961	0.084146
11398	0.084142
391	0.083987
782	0.083935
4917	0.083875
4343	0.083830
13142	0.083721
7430	0.083721
13116	0.083663
5088	0.083558
9608	0.083542
5500	0.083534
13019	0.083530
5740	0.083478
8232	0.083349
147	0.083208
6674	0.083134
14068	0.083110
6021	0.083003
496	0.082876
8230	0.082702
9550	0.082506
3447	0.082355
6525	0.082321
6217	0.082306
3509	0.082264
4176	0.082163
12276	0.082163
14263	0.082163
14002	0.082163
14001	0.082163
14000	0.082163
13998	0.082163
13996	0.082163
6666	0.082163
5064	0.082163
4854	0.082163
4852	0.082163
11984	0.082139
5017	0.082094
8312	0.082039
8423	0.082035
1686	0.082027
387	0.081983
13664	0.081959
1070	0.081851
11099	0.081820
3568	0.081811
11548	0.081807
5018	0.081763
12165	0.081756
4175	0.081709
10939	0.081533
988	0.081512
10501	0.081502
13438	0.081493
10859	0.081490
13676	0.081452
12064	0.081446
2598	0.081439
13388	0.081431
13387	0.081431
5111	0.081382
5438	0.081319
4118	0.081231
2079	0.081195
9076	0.081187
2681	0.081131
11569	0.080977
7830	0.080952
11769	0.080898
5631	0.080858
10505	0.080833
9976	0.080568
5627	0.080549
13536	0.080451
4808	0.080412
1740	0.080227
13997	0.080183
126	0.080064
3572	0.080063
4848	0.080022
1094	0.079767
11578	0.079629
185	0.079528
6288	0.079511
6033	0.079511
7388	0.079481
1800	0.079212
7528	0.079175
5058	0.079121
3361	0.079121
7647	0.079118
6767	0.079109
6765	0.079109
6764	0.079109
139	0.079104
12193	0.079059
3521	0.078994
11723	0.078959
5315	0.078923
9404	0.078880
12219	0.078640
11159	0.078626
1074	0.078610
11967	0.078552
13826	0.078515
730	0.078466
2209	0.078455
9837	0.078422
10437	0.078383
2907	0.078336
13449	0.078228
2919	0.078142
2263	0.078049
10614	0.078003
862	0.077857
9531	0.077819
7089	0.077727
14162	0.077711
7951	0.077710
56	0.077705
4374	0.077663
4774	0.077633
7030	0.077564
784	0.077392
11392	0.077326
8729	0.077307
8727	0.077307
96	0.077242
168	0.077230
5022	0.077218
11257	0.077196
11550	0.077154
717	0.077128
749	0.076953
5426	0.076877
3493	0.076875
12653	0.076845
3819	0.076802
635	0.076766
1370	0.076673
11469	0.076663
4932	0.076647
7639	0.076616
5051	0.076609
834	0.076581
13038	0.076450
13037	0.076450
13788	0.076430
3943	0.076427
1831	0.076384
11600	0.076332
4561	0.076331
8229	0.076229
3292	0.076135
11942	0.076130
3362	0.076130
3487	0.076099
10871	0.076069
176	0.075961
4672	0.075917
13235	0.075844
163	0.075842
12077	0.075819
6461	0.075819
3711	0.075819
3378	0.075721
10139	0.075604
12141	0.075578
4850	0.075570
10039	0.075430
2741	0.075425
2723	0.075294
136	0.075254
12683	0.075230
7379	0.075130
2327	0.075108
3677	0.075074
9726	0.074989
2859	0.074940
12407	0.074865
1311	0.074762
10636	0.074745
2778	0.074725
6130	0.074578
6074	0.074456
11226	0.074366
7425	0.074256
8130	0.074186
6064	0.074144
6065	0.074099
7958	0.074092
13058	0.074042
7945	0.074042
7820	0.074013
5836	0.073945
3981	0.073915
8207	0.073872
8251	0.073814
4961	0.073810
13767	0.073792
12814	0.073740
6874	0.073709
14262	0.073679
8129	0.073655
11325	0.073477
11478	0.073453
2881	0.073414
181	0.073379
1483	0.073363
3510	0.073358
14246	0.073335
12960	0.073335
8050	0.073335
14085	0.073269
12189	0.073222
2252	0.073038
11682	0.073007
2722	0.072992
3171	0.072909
10140	0.072852
9809	0.072821
1277	0.072720
867	0.072715
3651	0.072712
3379	0.072702
2910	0.072691
140	0.072643
4079	0.072634
1259	0.072633
2821	0.072576
1442	0.072528
3843	0.072421
734	0.072268
3351	0.072240
5118	0.072204
1028	0.072204
7129	0.071977
5847	0.071977
534	0.071841
9734	0.071712
9732	0.071712
9730	0.071712
8868	0.071712
8866	0.071712
13013	0.071680
12962	0.071680
3661	0.071674
5697	0.071478
9353	0.071390
9947	0.071319
2979	0.071307
11264	0.071289
11027	0.071118
3639	0.071094
6656	0.070927
11577	0.070858
5895	0.070838
11036	0.070835
5086	0.070798
3155	0.070747
5751	0.070721
6950	0.070703
6072	0.070687
11681	0.070678
9375	0.070397
6266	0.070367
3026	0.070337
12749	0.070301
12748	0.070301
4855	0.070103
1078	0.070065
2115	0.070058
824	0.070056
8956	0.070035
8955	0.070035
4604	0.069993
4602	0.069993
908	0.069974
5993	0.069917
2145	0.069843
2168	0.069791
10375	0.069651
12780	0.069641
12817	0.069572
9281	0.069561
6110	0.069480
3511	0.069403
12194	0.069336
10902	0.069275
2357	0.069256
13286	0.069232
3825	0.069183
10076	0.069112
903	0.069029
5006	0.069029
399	0.069017
10077	0.069005
11362	0.068998
2048	0.068948
12455	0.068866
2210	0.068864
11400	0.068784
2520	0.068774
6412	0.068730
14205	0.068674
14071	0.068667
826	0.068653
9395	0.068606
12368	0.068576
7163	0.068576
9316	0.068574
13077	0.068553
12895	0.068553
7164	0.068453
8355	0.068453
4379	0.068421
13928	0.068372
260	0.068323
6875	0.068246
5824	0.068243
2442	0.068214
11072	0.068176
6616	0.068149
9829	0.068130
10969	0.068078
3523	0.068061
12678	0.068052
2311	0.068013
13255	0.067996
9922	0.067962
7130	0.067959
6755	0.067894
1261	0.067870
174	0.067854
5792	0.067791
5793	0.067761
178	0.067720
1728	0.067720
7455	0.067714
8293	0.067675
5794	0.067671
793	0.067667
2974	0.067578
939	0.067554
13379	0.067550
530	0.067438
400	0.067438
3587	0.067385
9170	0.067380
11880	0.067378
7456	0.067373
2080	0.067314
11527	0.067302
11461	0.067263
11151	0.067217
12695	0.067192
3284	0.067181
1302	0.067114
3285	0.066999
4053	0.066951
11551	0.066941
1461	0.066868
3564	0.066808
11368	0.066790
1328	0.066753
11134	0.066663
869	0.066651
11740	0.066588
3505	0.066578
5485	0.066572
521	0.066568
7206	0.066552
11768	0.066536
5482	0.066533
6991	0.066499
5619	0.066486
5867	0.066484
4086	0.066462
1793	0.066453
4853	0.066428
13889	0.066413
11571	0.066398
2062	0.066391
863	0.066244
13926	0.066229
2645	0.066199
1654	0.066145
1459	0.066132
6076	0.066115
3508	0.065941
11252	0.065935
154	0.065923
7284	0.065918
11612	0.065909
11838	0.065907
7283	0.065907
11760	0.065889
849	0.065869
5954	0.065867
12957	0.065853
12394	0.065827
12588	0.065815
912	0.065792
180	0.065783
11044	0.065767
5259	0.065765
4056	0.065739
5865	0.065733
900	0.065659
5328	0.065613
11877	0.065548
4052	0.065535
4196	0.065530
1298	0.065492
5953	0.065473
12511	0.065455
13561	0.065415
10133	0.065415
5517	0.065383
890	0.065366
10336	0.065363
3131	0.065324
1412	0.065322
933	0.065257
2167	0.065196
343	0.065194
1301	0.065180
1901	0.065136
3474	0.065124
8168	0.065033
11081	0.064936
7617	0.064896
2909	0.064869
642	0.064846
11911	0.064786
5063	0.064759
2292	0.064749
3126	0.064741
12522	0.064740
1319	0.064705
3636	0.064637
6922	0.064633
10805	0.064608
8450	0.064564
13659	0.064547
13658	0.064547
7973	0.064509
5229	0.064482
6865	0.064462
1837	0.064433
11160	0.064413
4256	0.064405
12654	0.064388
12413	0.064357
3373	0.064346
12677	0.064330
6631	0.064288
1721	0.064236
12517	0.064222
7407	0.064190
3853	0.064190
3004	0.064184
1268	0.064167
3554	0.064166
183	0.064141
5518	0.064133
934	0.064122
2961	0.064117
9238	0.064113
3449	0.064111
9455	0.064089
13999	0.064087
5005	0.064087
9128	0.064080
940	0.064061
3763	0.064042
11227	0.064028
10666	0.064023
13749	0.064003
10142	0.063996
11090	0.063994
6102	0.063971
10070	0.063963
5346	0.063942
2857	0.063914
3921	0.063854
11559	0.063844
12852	0.063794
13012	0.063759
13004	0.063759
10132	0.063748
2458	0.063726
1923	0.063726
13173	0.063663
3553	0.063629
11393	0.063629
990	0.063624
9685	0.063621
11250	0.063598
10648	0.063507
4998	0.063497
7394	0.063442
14003	0.063419
2153	0.063317
11303	0.063304
13181	0.063286
4232	0.063273
3806	0.063229
761	0.063079
3294	0.063070
12936	0.063029
12426	0.063019
9069	0.062972
9068	0.062972
9067	0.062972
5492	0.062915
12235	0.062888
13153	0.062691
10171	0.062691
10170	0.062691
2575	0.062691
7635	0.062636
7633	0.062636
5459	0.062623
10748	0.062618
9834	0.062618
10998	0.062523
10997	0.062523
13517	0.062517
11683	0.062464
10761	0.062443
9332	0.062424
6768	0.062388
5074	0.062387
4548	0.062368
1296	0.062354
12223	0.062341
2285	0.062274
1515	0.062231
11503	0.062229
3008	0.062203
4545	0.062165
10517	0.062079
9019	0.062012
6134	0.062009
13852	0.061933
9279	0.061906
9610	0.061892
8916	0.061873
8915	0.061873
8914	0.061873
8913	0.061873
8912	0.061873
8911	0.061873
7634	0.061873
6568	0.061873
13717	0.061805
9578	0.061804
3531	0.061796
11013	0.061785
5782	0.061767
8983	0.061751
4110	0.061671
209	0.061646
6007	0.061634
728	0.061503
7981	0.061500
10762	0.061491
4314	0.061451
12547	0.061435
10682	0.061369
10351	0.061298
102	0.061279
1315	0.061278
595	0.061255
812	0.061218
5203	0.061215
3530	0.061182
12723	0.061161
14276	0.061092
13428	0.061092
1276	0.061053
11597	0.061039
10873	0.061022
3920	0.060943
7625	0.060894
10892	0.060890
5769	0.060889
12706	0.060847
6281	0.060845
13495	0.060811
866	0.060772
6523	0.060771
11965	0.060613
9558	0.060606
4813	0.060606
3535	0.060575
412	0.060555
2052	0.060527
12079	0.060512
12803	0.060508
904	0.060440
13897	0.060440
13825	0.060434
11676	0.060412
3710	0.060341
3384	0.060332
10373	0.060310
12651	0.060303
881	0.060260
13948	0.060222
750	0.060202
6283	0.060197
11107	0.060197
928	0.060164
14354	0.060155
12593	0.060111
7986	0.060076
7385	0.060039
9590	0.060024
3877	0.059999
1171	0.059918
111	0.059907
2064	0.059898
12519	0.059894
6618	0.059887
10879	0.059862
11718	0.059813
11906	0.059808
6652	0.059800
9273	0.059790
11848	0.059781
8773	0.059769
6621	0.059769
5845	0.059745
658	0.059741
2755	0.059730
165	0.059723
11616	0.059713
4648	0.059713
4643	0.059713
4969	0.059707
1649	0.059680
10611	0.059615
1163	0.059610
11231	0.059566
6176	0.059565
233	0.059512
787	0.059495
11931	0.059486
4520	0.059471
4366	0.059431
12346	0.059391
3601	0.059384
2150	0.059357
2489	0.059344
4646	0.059335
6653	0.059313
12053	0.059252
11408	0.059215
3745	0.059196
1404	0.059138
2689	0.059134
4825	0.059100
11991	0.059090
4629	0.059081
3730	0.059074
1321	0.059037
11862	0.059015
4479	0.059002
3358	0.058995
6181	0.058989
3883	0.058981
1729	0.058959
6038	0.058954
6878	0.058922
12741	0.058911
12031	0.058884
1464	0.058878
10880	0.058877
11955	0.058869
6131	0.058866
6389	0.058854
10918	0.058817
11581	0.058804
1247	0.058802
845	0.058764
2138	0.058739
13036	0.058710
11232	0.058708
11230	0.058708
11229	0.058708
11228	0.058708
7404	0.058667
4115	0.058665
10060	0.058655
4365	0.058655
10978	0.058625
