1973	0.181203
1125	0.175105
2622	0.156741
1327	0.156494
2569	0.155503
11761	0.155156
6097	0.155156
5547	0.155156
3595	0.155156
609	0.153420
9508	0.153218
2730	0.152972
12041	0.152373
9028	0.150108
1245	0.150082
9081	0.149563
9078	0.149563
13444	0.148037
7473	0.146960
6708	0.144749
2969	0.144670
3140	0.144451
1544	0.144143
11971	0.143443
1131	0.140853
875	0.140678
6032	0.138311
2901	0.137194
9640	0.136271
11910	0.132854
578	0.130227
3306	0.129288
259	0.129177
3138	0.129030
1541	0.128828
3933	0.128311
5745	0.125589
1958	0.124548
2116	0.124483
1128	0.123687
3934	0.123138
840	0.122817
2616	0.122424
1132	0.121445
2828	0.120754
3225	0.119991
10220	0.119854
10326	0.119854
257	0.119521
8923	0.119437
716	0.119288
6279	0.119069
2399	0.118331
13244	0.118262
10536	0.117852
2531	0.117842
11803	0.117308
11902	0.117287
2398	0.116832
2613	0.115042
6292	0.114962
104	0.114872
11861	0.114701
6318	0.114701
7468	0.114286
2967	0.114286
1975	0.114195
13341	0.114093
922	0.113546
10258	0.113450
1249	0.113270
84	0.112992
6909	0.112687
9980	0.112152
6262	0.112099
9198	0.111293
1223	0.110833
1226	0.110829
11679	0.110317
1798	0.110097
7966	0.110088
2965	0.109929
1129	0.109605
2097	0.109473
2682	0.109373
5168	0.109368
5272	0.109088
2600	0.108991
6949	0.108926
6618	0.108921
4128	0.108700
9957	0.108359
2117	0.108303
2532	0.107899
2783	0.107814
1034	0.107799
9304	0.107653
8773	0.107605
6621	0.107605
8924	0.107512
827	0.107486
13245	0.107469
2810	0.106488
977	0.106180
2397	0.106045
1542	0.106006
5172	0.105754
12365	0.105749
2757	0.105575
12136	0.105529
5347	0.105279
2073	0.105003
788	0.104575
1997	0.104469
5642	0.104438
7774	0.104438
5641	0.104438
11658	0.104336
11617	0.104252
13265	0.103697
11989	0.103647
8339	0.103581
5183	0.103428
588	0.103382
885	0.103359
6926	0.103037
997	0.102743
3607	0.102100
1866	0.101980
847	0.101826
9797	0.101673
8223	0.100714
9260	0.100588
4272	0.100316
12310	0.100306
753	0.099863
876	0.099789
2393	0.099457
727	0.099419
4540	0.099418
9610	0.099348
4543	0.099330
2614	0.099278
488	0.098823
12032	0.098804
9436	0.098671
11146	0.098633
5407	0.098548
5233	0.098462
9503	0.098434
3854	0.098240
3204	0.098173
7830	0.098114
9578	0.098006
12670	0.097917
9549	0.097885
1873	0.097511
13393	0.097407
474	0.097345
8661	0.096487
2006	0.096314
101	0.096276
12031	0.096211
9623	0.096177
2001	0.096111
11653	0.095979
9388	0.095887
2904	0.095847
12489	0.095645
5819	0.095645
5818	0.095645
6280	0.095481
12222	0.095172
9645	0.095129
2085	0.094994
633	0.094993
9393	0.094814
1253	0.094724
1376	0.094464
10518	0.094318
10917	0.094299
1010	0.093998
79	0.093925
1231	0.093710
11852	0.093555
9613	0.093536
3548	0.093405
9267	0.093374
5059	0.093179
1998	0.093055
9856	0.092970
4135	0.092951
5182	0.092896
12006	0.092751
3241	0.092645
9612	0.092456
7560	0.092446
12306	0.092444
6369	0.092444
6368	0.092444
10240	0.092347
9683	0.092306
5013	0.092272
9603	0.092263
4547	0.092263
7090	0.092220
5152	0.092217
10277	0.092182
11896	0.092077
3926	0.092046
1893	0.092045
498	0.091931
8726	0.091849
2329	0.091814
6034	0.091332
13042	0.090952
88	0.090868
12146	0.090581
8582	0.090581
7599	0.090581
3695	0.090581
3694	0.090581
3616	0.090581
7617	0.090397
9611	0.090322
730	0.090250
9633	0.089972
9630	0.089972
9628	0.089972
9626	0.089972
9625	0.089972
9624	0.089972
9622	0.089972
9621	0.089972
9620	0.089972
9619	0.089972
9618	0.089972
9615	0.089972
9482	0.089972
6117	0.089891
2981	0.089657
2012	0.089530
2047	0.089254
10294	0.089216
2118	0.089117
9402	0.089089
7261	0.089066
13847	0.088990
2096	0.088940
2315	0.088882
1380	0.088826
465	0.088652
2973	0.088467
2856	0.088447
487	0.088442
3060	0.088421
5123	0.088349
1043	0.088294
3841	0.088189
3476	0.088156
351	0.088099
12034	0.088032
1838	0.087882
346	0.087861
9540	0.087840
5219	0.087720
1379	0.087668
3504	0.087599
1040	0.087336
11358	0.087040
6295	0.086771
11207	0.086759
12252	0.086745
12234	0.086660
2395	0.086510
4720	0.086460
8299	0.086370
2755	0.086349
12077	0.086243
6461	0.086243
3711	0.086243
1550	0.086189
10467	0.086169
3696	0.086126
13235	0.086065
9437	0.086016
1163	0.085884
2426	0.085865
4396	0.085864
3952	0.085742
2717	0.085578
6587	0.085289
1454	0.085190
13148	0.085171
13147	0.085171
7892	0.085171
6298	0.085171
6297	0.085171
6198	0.085146
2619	0.085116
3549	0.085050
9999	0.085045
7420	0.085010
2020	0.084930
7893	0.084860
11637	0.084860
2206	0.084841
2208	0.084725
1236	0.084725
11307	0.084722
4407	0.084667
10466	0.084648
3636	0.084541
13050	0.084478
1254	0.084404
12070	0.084240
11096	0.084223
1994	0.084191
1879	0.084150
5305	0.083989
13456	0.083882
13342	0.083882
5234	0.083833
6227	0.083707
12101	0.083591
1209	0.083438
6656	0.083420
6856	0.083349
12304	0.083335
7744	0.083178
9384	0.083175
3246	0.083175
2107	0.082955
3705	0.082913
9102	0.082896
4144	0.082795
3846	0.082791
1375	0.082746
13994	0.082364
7931	0.082364
9715	0.082358
1874	0.082344
10130	0.082285
3615	0.082179
12273	0.082165
3884	0.082049
4921	0.082004
502	0.081993
6511	0.081977
5300	0.081884
11877	0.081855
3691	0.081832
2415	0.081828
12687	0.081768
10666	0.081751
3292	0.081597
837	0.081494
10256	0.081490
843	0.081299
1868	0.081259
7179	0.081232
5768	0.081230
2920	0.081207
901	0.081152
7190	0.081122
9009	0.081100
8260	0.081100
4542	0.080945
6281	0.080900
8261	0.080891
6951	0.080772
9706	0.080743
414	0.080674
10592	0.080605
4960	0.080592
1572	0.080565
2602	0.080556
4656	0.080489
891	0.080099
3209	0.080048
5971	0.080018
8755	0.080000
8754	0.080000
8753	0.080000
8752	0.080000
8751	0.080000
5973	0.080000
5972	0.080000
4231	0.079983
9466	0.079927
9338	0.079903
9279	0.079881
2183	0.079780
4209	0.079683
108	0.079625
2293	0.079588
6730	0.079546
9456	0.079479
3847	0.079479
1768	0.079468
648	0.079461
2267	0.079428
3544	0.079391
7894	0.079338
4541	0.079296
3303	0.079228
2947	0.079228
9606	0.079218
5296	0.079008
823	0.078976
2452	0.078921
11212	0.078895
4153	0.078854
4204	0.078843
3545	0.078634
3710	0.078621
9627	0.078486
352	0.078437
2974	0.078433
11627	0.078433
499	0.078404
1897	0.078353
1293	0.078335
4097	0.078227
10383	0.078161
3253	0.078145
12257	0.078069
13021	0.078056
5405	0.078056
12135	0.078019
918	0.077980
1889	0.077978
1509	0.077915
2621	0.077915
4730	0.077803
1258	0.077458
1030	0.077443
1905	0.077395
5404	0.077345
8997	0.077340
6999	0.077326
2461	0.077314
11873	0.077247
12139	0.077243
128	0.077166
11758	0.077164
2207	0.077138
2078	0.077074
11385	0.076993
3892	0.076919
1510	0.076807
1303	0.076759
1778	0.076698
3550	0.076651
96	0.076631
2646	0.076574
6532	0.076460
9614	0.076454
1315	0.076431
2210	0.076271
170	0.076108
4922	0.076076
12845	0.076033
9726	0.076003
7868	0.075892
13711	0.075842
5560	0.075842
2105	0.075689
9238	0.075603
565	0.075377
13822	0.075367
1895	0.075222
505	0.075210
5287	0.075207
2709	0.075170
10925	0.075119
12854	0.075093
2422	0.074794
503	0.074775
6623	0.074760
1835	0.074731
12850	0.074703
8549	0.074697
1252	0.074643
5553	0.074471
2618	0.074455
2094	0.074449
4888	0.074312
467	0.074253
6003	0.074216
14342	0.074064
1876	0.074033
107	0.074026
5375	0.074024
9333	0.073969
1781	0.073946
2754	0.073723
4093	0.073688
5459	0.073619
2769	0.073515
12692	0.073385
1810	0.073288
2420	0.073215
5236	0.073207
13945	0.072988
519	0.072868
4251	0.072737
9631	0.072698
4255	0.072643
13282	0.072548
80	0.072546
1898	0.072527
13281	0.072526
3473	0.072483
758	0.072454
1356	0.072443
934	0.072352
4132	0.072297
12876	0.072234
398	0.072219
1199	0.072186
1950	0.072115
9935	0.072054
4129	0.072054
5111	0.072006
1714	0.071926
6105	0.071844
13054	0.071835
9608	0.071834
10163	0.071808
350	0.071764
12133	0.071696
4571	0.071652
10286	0.071574
7207	0.071542
4538	0.071483
2758	0.071370
13403	0.071347
6277	0.071293
10399	0.071271
6035	0.071267
4087	0.071210
5736	0.071202
10296	0.071049
14255	0.071048
10224	0.071027
10278	0.070997
6971	0.070962
3594	0.070898
3922	0.070878
9058	0.070832
6701	0.070832
4400	0.070824
4126	0.070705
14334	0.070685
2182	0.070524
4154	0.070328
4136	0.070325
3195	0.070295
10589	0.070267
1497	0.070194
9609	0.070154
9580	0.070154
6299	0.070085
534	0.070070
4612	0.070031
9464	0.070010
8517	0.070010
8516	0.070010
4139	0.070010
4138	0.070010
10559	0.070007
14162	0.069965
13815	0.069962
13965	0.069787
8249	0.069635
11475	0.069612
881	0.069531
5719	0.069474
10288	0.069470
10382	0.069406
4140	0.069358
486	0.069355
9244	0.069348
774	0.069309
989	0.069299
1234	0.069261
6074	0.069252
4131	0.069249
13314	0.069216
532	0.069207
6347	0.069202
1028	0.069195
10159	0.069127
229	0.069100
1648	0.068999
11027	0.068985
14283	0.068930
1968	0.068900
4587	0.068714
1871	0.068709
1396	0.068670
6631	0.068625
5688	0.068618
4665	0.068529
504	0.068515
4179	0.068488
13580	0.068438
14415	0.068343
9277	0.068343
8531	0.068251
1483	0.068227
10160	0.068207
12392	0.068091
6592	0.068084
11036	0.068078
2814	0.067994
6149	0.067960
9581	0.067857
14014	0.067854
494	0.067802
6680	0.067773
406	0.067752
11197	0.067596
6082	0.067576
2575	0.067488
3023	0.067479
7394	0.067436
9934	0.067435
342	0.067407
836	0.067406
2110	0.067320
2220	0.067306
4666	0.067292
11291	0.067245
12967	0.067163
13300	0.067157
2214	0.067139
2011	0.067125
8312	0.067119
13315	0.067109
10084	0.067107
1324	0.067103
1387	0.067073
2172	0.067044
5720	0.066930
9356	0.066925
11677	0.066887
4494	0.066887
4493	0.066887
1320	0.066731
1059	0.066678
4808	0.066646
1307	0.066563
6426	0.066519
7004	0.066421
1371	0.066409
1248	0.066394
5622	0.066342
2815	0.066333
7939	0.066331
9358	0.066319
4048	0.066291
4047	0.066291
4046	0.066291
4044	0.066291
3628	0.066291
3622	0.066291
513	0.066218
461	0.066119
13581	0.066107
10488	0.066092
5762	0.066092
540	0.066050
3611	0.066028
3193	0.066024
517	0.065992
2872	0.065977
6291	0.065965
3712	0.065950
11817	0.065946
6990	0.065946
1511	0.065899
4437	0.065871
6781	0.065852
5918	0.065849
2396	0.065739
5488	0.065694
5780	0.065666
6018	0.065659
2451	0.065564
6924	0.065548
1490	0.065528
982	0.065482
2114	0.065404
7450	0.065385
10511	0.065351
1785	0.065341
7301	0.065242
3291	0.065223
1913	0.065171
1332	0.065105
4399	0.065096
7142	0.065019
2976	0.064991
5089	0.064944
780	0.064911
8438	0.064909
8439	0.064892
7435	0.064892
7180	0.064892
7038	0.064855
4657	0.064823
2765	0.064818
10097	0.064811
369	0.064791
4781	0.064726
11531	0.064708
5175	0.064666
2603	0.064652
11753	0.064639
6264	0.064575
1323	0.064530
8853	0.064503
307	0.064476
3037	0.064474
11120	0.064440
169	0.064385
6983	0.064382
6982	0.064382
4301	0.064298
1458	0.064277
12107	0.064239
2187	0.064227
10302	0.064213
192	0.064135
3913	0.064128
4348	0.064095
10028	0.064077
1370	0.064028
1194	0.063994
1092	0.063987
13567	0.063977
5731	0.063977
5730	0.063977
5726	0.063977
5723	0.063977
5722	0.063977
5721	0.063977
5681	0.063977
1265	0.063962
8965	0.063956
4664	0.063914
6763	0.063905
848	0.063905
4296	0.063892
7005	0.063869
10076	0.063868
10077	0.063848
13034	0.063825
7006	0.063825
8982	0.063686
11072	0.063665
7933	0.063625
347	0.063625
8109	0.063621
7980	0.063615
8324	0.063591
11367	0.063575
8451	0.063522
8022	0.063500
2213	0.063473
2079	0.063436
8110	0.063400
1078	0.063389
13656	0.063314
13655	0.063314
13378	0.063314
9071	0.063314
3589	0.063291
8391	0.063285
3087	0.063285
4774	0.063254
1837	0.063248
611	0.063231
2917	0.063221
13363	0.063214
706	0.063157
2040	0.063116
6771	0.063105
9870	0.062994
2219	0.062974
11016	0.062964
3840	0.062933
5456	0.062923
1978	0.062901
2768	0.062889
8621	0.062866
4509	0.062806
4159	0.062791
1755	0.062778
3212	0.062764
10284	0.062754
6094	0.062750
4707	0.062740
3083	0.062725
11835	0.062700
4409	0.062700
4406	0.062694
9434	0.062671
711	0.062671
710	0.062671
518	0.062671
13881	0.062659
8964	0.062659
8063	0.062659
1173	0.062571
9397	0.062528
7932	0.062502
9840	0.062442
13261	0.062411
12462	0.062395
10685	0.062395
12058	0.062340
4858	0.062310
1534	0.062243
9124	0.062206
10749	0.062169
3677	0.062150
4394	0.062129
9087	0.062092
1143	0.062066
8712	0.062066
8303	0.062066
8302	0.062066
7362	0.062066
6359	0.062066
6202	0.062015
2181	0.061989
5359	0.061970
6772	0.061920
1933	0.061900
1308	0.061897
9953	0.061876
9426	0.061829
10693	0.061791
11379	0.061746
10192	0.061697
10184	0.061697
10572	0.061670
3789	0.061669
13430	0.061618
7351	0.061617
11682	0.061602
6081	0.061595
1869	0.061556
2499	0.061545
11840	0.061430
472	0.061368
12118	0.061352
2083	0.061352
2074	0.061352
1899	0.061352
1896	0.061352
3098	0.061323
2649	0.061311
1377	0.061277
1460	0.061251
12485	0.061212
12484	0.061212
12466	0.061212
12581	0.061187
9582	0.061153
12411	0.061113
6650	0.061008
5074	0.060971
2120	0.060926
7553	0.060910
8710	0.060864
747	0.060773
8732	0.060745
8711	0.060738
2841	0.060734
2460	0.060707
10293	0.060654
11917	0.060650
2809	0.060621
9140	0.060606
2615	0.060597
13252	0.060586
13251	0.060586
7700	0.060585
4944	0.060558
4943	0.060558
2132	0.060557
1284	0.060552
12193	0.060534
9702	0.060500
6952	0.060475
888	0.060444
10571	0.060433
239	0.060426
5190	0.060413
4165	0.060413
13625	0.060388
7136	0.060388
12874	0.060372
3949	0.060359
936	0.060318
645	0.060297
12113	0.060289
14416	0.060244
7082	0.060236
8552	0.060127
1130	0.060108
1752	0.060099
5391	0.060075
2115	0.060067
4495	0.060056
10303	0.060052
3030	0.060033
1378	0.060006
750	0.059987
2355	0.059971
8246	0.059941
6317	0.059903
2812	0.059902
2778	0.059889
1992	0.059878
4579	0.059837
4404	0.059832
10455	0.059831
11048	0.059831
9121	0.059816
9112	0.059816
3601	0.059779
9562	0.059652
3100	0.059652
255	0.059638
3336	0.059572
797	0.059561
11887	0.059529
14214	0.059450
8156	0.059394
6925	0.059394
9701	0.059387
9143	0.059378
6242	0.059378
3887	0.059327
3015	0.059284
3458	0.059282
6089	0.059209
2502	0.059207
3973	0.059176
10162	0.059174
233	0.059172
2913	0.059167
6091	0.059140
6090	0.059140
1959	0.059120
9454	0.059058
4160	0.059044
4511	0.058988
11927	0.058941
2759	0.058941
8037	0.058930
7921	0.058870
11928	0.058836
8501	0.058836
2779	0.058836
2756	0.058836
13272	0.058834
2786	0.058834
2782	0.058834
1505	0.058834
13227	0.058826
13038	0.058807
13037	0.058807
7491	0.058798
1326	0.058754
6126	0.058746
6125	0.058746
11047	0.058742
3639	0.058719
6662	0.058702
13298	0.058697
14118	0.058687
3772	0.058663
1008	0.058653
7699	0.058641
13918	0.058634
1442	0.058617
683	0.058575
5778	0.058547
5779	0.058491
5244	0.058489
13237	0.058436
1500	0.058385
3176	0.058377
1942	0.058343
