82	0.177392
1285	0.161328
2758	0.160195
14415	0.159990
9277	0.159990
12868	0.159327
9242	0.159327
9241	0.159327
9240	0.159327
6696	0.159327
7752	0.157439
14407	0.154918
9702	0.154297
7830	0.151591
5296	0.150053
9710	0.148051
155	0.145634
171	0.145142
1691	0.144750
3568	0.143747
468	0.143671
758	0.143643
4231	0.140288
9135	0.139981
6149	0.138834
1254	0.138232
14416	0.138078
4485	0.137834
1458	0.137783
13050	0.137746
2775	0.137577
9244	0.137435
9316	0.137238
8451	0.136794
2064	0.136471
6695	0.136298
2275	0.135524
8892	0.134756
3292	0.133689
1266	0.132930
6806	0.131985
9713	0.131712
532	0.131670
903	0.131640
2954	0.131321
7767	0.131235
3741	0.131171
12071	0.130994
175	0.130994
307	0.130776
2450	0.129654
12252	0.129030
158	0.128436
6278	0.127893
2621	0.127530
6295	0.127261
74	0.127100
6081	0.126622
900	0.126434
3588	0.126298
9623	0.126241
104	0.126212
1379	0.126186
6465	0.126160
9787	0.126112
9786	0.126112
9785	0.126112
9784	0.126112
9783	0.126112
9782	0.126112
9781	0.126112
9778	0.126112
9280	0.126112
8585	0.126112
8567	0.126112
8553	0.126112
7659	0.126015
8845	0.125937
5782	0.125791
14266	0.125648
5272	0.125460
8709	0.125363
2754	0.124783
11926	0.124558
129	0.124442
2458	0.124188
2768	0.124111
1388	0.123966
7617	0.123806
1320	0.123677
8676	0.123614
8732	0.123280
9226	0.123275
9217	0.123275
8534	0.123275
8711	0.123257
7827	0.123243
879	0.123226
9780	0.123153
6202	0.123042
6359	0.123023
8712	0.123023
8303	0.123023
8302	0.123023
7362	0.123023
9699	0.123019
8710	0.123008
9711	0.122916
9708	0.122916
9707	0.122916
9705	0.122916
9703	0.122916
8604	0.122845
9709	0.122678
10748	0.122626
9834	0.122626
13944	0.122580
10286	0.122354
7880	0.122291
1942	0.121863
9729	0.121833
11848	0.121753
9913	0.121603
1319	0.121598
1380	0.121581
126	0.121544
869	0.121346
6557	0.121299
3283	0.120972
2955	0.120955
2953	0.120955
2658	0.120664
8180	0.120563
1078	0.120502
1321	0.120464
5442	0.120251
9413	0.120241
12909	0.120046
14365	0.119983
8228	0.119792
7879	0.119196
304	0.119147
4281	0.118948
6889	0.118908
14364	0.118674
1324	0.118205
5619	0.118025
2026	0.117965
4488	0.117432
3948	0.117257
1143	0.117162
2783	0.117122
9673	0.117040
1148	0.116804
823	0.116687
1760	0.116499
6501	0.116476
2006	0.116240
4868	0.116073
8584	0.115909
3060	0.115613
4334	0.115534
369	0.115311
1263	0.115146
2755	0.115024
2256	0.115023
1482	0.114999
9480	0.114981
8533	0.114981
3793	0.114954
2814	0.114923
2413	0.114897
888	0.114846
4294	0.114797
12845	0.114468
9121	0.114099
9112	0.114099
3116	0.113677
414	0.113624
106	0.113619
1305	0.113611
1755	0.113506
3619	0.113486
1310	0.113381
9218	0.113312
11850	0.113247
3125	0.113241
12201	0.113161
9045	0.113112
8625	0.113007
7263	0.112951
9414	0.112916
3093	0.112892
1897	0.112802
8600	0.112792
3900	0.112740
1312	0.112674
3667	0.112664
1267	0.112630
1293	0.112606
6228	0.112492
4587	0.112458
4571	0.112417
153	0.112257
8464	0.111972
845	0.111881
2105	0.111866
9706	0.111823
5123	0.111696
1323	0.111681
1233	0.111504
9788	0.111488
9177	0.111439
140	0.111348
1490	0.111344
7999	0.111306
56	0.111297
7436	0.111284
9462	0.111267
2062	0.110909
1997	0.110898
1092	0.110841
11627	0.110699
2167	0.110674
7654	0.110650
7882	0.110622
6725	0.110606
1249	0.110541
7770	0.110538
11858	0.110500
6317	0.110368
9251	0.110325
2441	0.110279
9439	0.110208
102	0.109847
12257	0.109806
12113	0.109774
13021	0.109754
5405	0.109754
12234	0.109554
3532	0.109467
7954	0.109371
1326	0.109359
5286	0.109354
13442	0.109290
981	0.109193
7655	0.109070
5404	0.109041
309	0.109013
13334	0.109000
7906	0.108957
730	0.108868
9149	0.108802
9726	0.108799
4256	0.108797
4301	0.108765
145	0.108635
4255	0.108633
13603	0.108432
13238	0.108432
9553	0.108432
2959	0.108432
12103	0.108432
13541	0.108397
6913	0.108312
466	0.108293
11708	0.108242
9397	0.108170
10664	0.107989
9041	0.107871
8772	0.107861
9247	0.107797
1056	0.107696
9152	0.107630
9704	0.107593
11751	0.107579
6197	0.107257
13533	0.107256
13532	0.107256
13531	0.107256
11682	0.107181
3892	0.107167
4542	0.106984
9073	0.106928
5302	0.106909
8335	0.106817
7917	0.106809
6094	0.106740
3724	0.106675
2960	0.106555
14375	0.106525
2128	0.106421
1247	0.106365
2773	0.106349
2660	0.106296
13400	0.106259
1265	0.106200
13970	0.106127
187	0.106120
11979	0.105890
5300	0.105889
5571	0.105875
10592	0.105790
1370	0.105753
93	0.105626
7868	0.105609
13711	0.105519
5560	0.105519
13076	0.105440
9062	0.105432
5433	0.105204
761	0.105157
3530	0.105086
2030	0.105081
1317	0.104972
1488	0.104970
2046	0.104739
9761	0.104660
2040	0.104550
4538	0.104545
9069	0.104523
9068	0.104523
9067	0.104523
3195	0.104346
1	0.104303
3535	0.104251
974	0.104233
9610	0.104211
2631	0.104172
5618	0.104146
5617	0.104146
2265	0.104078
3712	0.104065
12050	0.103986
3613	0.103775
6623	0.103728
4460	0.103721
14368	0.103719
3130	0.103648
11758	0.103569
3351	0.103562
320	0.103463
11655	0.103398
3913	0.103357
1754	0.103261
8942	0.103242
9563	0.103213
989	0.103124
4901	0.103035
1502	0.102940
9232	0.102839
2659	0.102793
5330	0.102612
3657	0.102572
224	0.102567
4694	0.102542
2852	0.102406
3321	0.102303
8412	0.102295
14342	0.102197
2868	0.102146
13118	0.102131
3653	0.102131
1055	0.102131
6839	0.102065
6896	0.102000
11896	0.101869
9106	0.101784
848	0.101774
9327	0.101695
1281	0.101551
7156	0.101500
12139	0.101500
9506	0.101423
113	0.101389
9107	0.101323
14351	0.101319
10204	0.101316
9141	0.101173
1058	0.101173
13850	0.101134
9238	0.101119
3322	0.101024
14360	0.100877
4021	0.100757
4511	0.100672
5625	0.100649
2426	0.100432
1979	0.100423
7606	0.100395
2630	0.100317
2902	0.100287
5347	0.100228
2865	0.100129
9512	0.100120
7918	0.100094
4229	0.100027
4928	0.099984
13815	0.099841
5244	0.099790
10206	0.099782
13227	0.099747
13945	0.099733
11927	0.099716
2759	0.099716
11928	0.099679
8501	0.099679
2779	0.099679
2756	0.099679
13272	0.099652
2786	0.099652
2782	0.099652
1505	0.099652
3731	0.099618
5062	0.099585
71	0.099537
2523	0.099492
6082	0.099438
2060	0.099421
5236	0.099410
13320	0.099381
13651	0.099337
11681	0.099222
6322	0.099115
142	0.099113
12285	0.098963
3611	0.098906
5642	0.098851
7774	0.098842
5641	0.098842
79	0.098838
7915	0.098775
86	0.098755
7222	0.098708
128	0.098687
14283	0.098686
3500	0.098679
3427	0.098678
11806	0.098662
7227	0.098639
1762	0.098602
1895	0.098540
9239	0.098522
863	0.098473
8026	0.098447
2356	0.098441
8249	0.098371
1810	0.098345
8000	0.098242
410	0.098226
10582	0.098195
3786	0.098195
2821	0.098183
5338	0.098134
4196	0.098046
13698	0.098012
13544	0.098012
8924	0.097717
1481	0.097598
2905	0.097598
10559	0.097590
8352	0.097578
8351	0.097578
2957	0.097578
2956	0.097578
7872	0.097565
5790	0.097555
3691	0.097291
1209	0.097278
6592	0.097267
8956	0.097181
8955	0.097181
7697	0.097099
7254	0.097099
4106	0.097051
3166	0.097025
4781	0.096985
4557	0.096932
8531	0.096921
5696	0.096877
1905	0.096860
3974	0.096825
1893	0.096764
238	0.096661
1648	0.096574
12530	0.096506
180	0.096437
3722	0.096424
6866	0.096405
12077	0.096393
6461	0.096393
3711	0.096393
13235	0.096251
1903	0.096177
61	0.096163
237	0.096144
11425	0.096045
10379	0.096045
9328	0.096042
1764	0.095962
236	0.095876
4005	0.095775
6895	0.095764
2872	0.095749
141	0.095701
824	0.095622
936	0.095621
467	0.095590
7190	0.095546
7584	0.095502
8731	0.095454
5988	0.095434
2789	0.095405
2751	0.095334
4105	0.095280
3225	0.095249
7486	0.095211
10220	0.095192
7184	0.095174
10326	0.095053
3000	0.094936
6704	0.094930
8979	0.094722
268	0.094716
9077	0.094680
1457	0.094676
9368	0.094669
9578	0.094513
4640	0.094427
2464	0.094369
10159	0.094259
2012	0.094255
13845	0.094189
8371	0.094189
6554	0.093996
9740	0.093995
169	0.093967
4128	0.093932
4357	0.093922
5438	0.093897
2420	0.093762
4641	0.093754
10403	0.093708
909	0.093647
1491	0.093621
3984	0.093603
2213	0.093454
13545	0.093399
571	0.093340
7560	0.093329
1479	0.093250
4825	0.093199
2971	0.093172
2411	0.093124
6873	0.093083
679	0.093083
1231	0.092923
14406	0.092921
14405	0.092921
9145	0.092911
1881	0.092899
1480	0.092836
9010	0.092833
10160	0.092811
1753	0.092762
6742	0.092749
937	0.092729
13276	0.092710
4720	0.092697
222	0.092628
1325	0.092622
12243	0.092596
4916	0.092566
9700	0.092556
2820	0.092550
3577	0.092532
2958	0.092515
11809	0.092508
6016	0.092496
1283	0.092482
2307	0.092477
9794	0.092472
10518	0.092354
934	0.092305
3679	0.092246
7480	0.092245
1116	0.092172
3654	0.092163
1575	0.092157
9465	0.092106
9537	0.092069
5461	0.092028
1793	0.091948
1284	0.091838
394	0.091798
1673	0.091773
5523	0.091605
1271	0.091538
147	0.091527
1391	0.091519
8164	0.091364
7389	0.091364
6685	0.091364
6612	0.091364
6611	0.091364
1302	0.091235
8165	0.091198
1093	0.091182
1315	0.091146
2278	0.091106
2073	0.091105
2860	0.091094
12031	0.090989
6192	0.090939
4630	0.090929
1287	0.090908
5038	0.090842
2374	0.090819
6473	0.090810
13744	0.090799
10045	0.090776
10205	0.090714
5067	0.090679
6603	0.090635
14367	0.090601
6915	0.090565
11475	0.090327
8439	0.090307
7435	0.090307
7180	0.090307
6872	0.090294
2757	0.090285
816	0.090282
8438	0.090257
1187	0.090166
231	0.090116
2769	0.089994
162	0.089975
2022	0.089890
5243	0.089888
4142	0.089873
5456	0.089690
11827	0.089507
3159	0.089507
11636	0.089493
131	0.089480
9143	0.089468
6242	0.089468
12131	0.089429
2641	0.089429
2640	0.089429
4103	0.089411
6532	0.089385
2329	0.089353
7647	0.089340
5510	0.089321
1272	0.089304
2378	0.089294
7760	0.089274
5268	0.089269
9027	0.089236
5202	0.089236
105	0.089033
6201	0.089015
164	0.088997
1290	0.088963
12939	0.088909
12084	0.088909
4286	0.088909
4283	0.088909
4220	0.088909
1228	0.088878
1865	0.088871
6240	0.088871
9775	0.088737
12365	0.088737
1589	0.088734
4238	0.088714
1224	0.088706
12135	0.088669
1870	0.088594
170	0.088557
12455	0.088417
4125	0.088381
9246	0.088359
398	0.088243
9746	0.088164
9258	0.088155
12105	0.088141
792	0.087921
5171	0.087895
2055	0.087867
12871	0.087827
1901	0.087786
10661	0.087765
4130	0.087762
3394	0.087757
9281	0.087722
3836	0.087718
5242	0.087716
3366	0.087712
9188	0.087647
233	0.087467
12679	0.087414
2011	0.087404
1395	0.087349
4160	0.087344
2246	0.087307
2745	0.087306
4039	0.087290
2750	0.087281
1376	0.087261
13234	0.087250
5791	0.087192
3209	0.087138
8312	0.087129
13417	0.086961
5006	0.086925
9420	0.086900
8392	0.086898
1300	0.086886
2399	0.086883
14205	0.086858
3590	0.086856
5591	0.086720
2282	0.086696
8615	0.086681
9540	0.086616
2752	0.086576
5627	0.086542
5993	0.086531
3289	0.086515
9674	0.086478
14071	0.086465
5406	0.086426
2951	0.086422
8334	0.086397
2512	0.086338
8975	0.086289
10240	0.086272
11925	0.086267
10303	0.086233
4758	0.086200
13321	0.086179
5849	0.086139
3910	0.086101
5215	0.086099
8925	0.086083
9174	0.086009
3179	0.086002
6007	0.085967
1930	0.085957
1742	0.085891
5592	0.085887
3884	0.085873
8447	0.085855
5918	0.085847
4848	0.085793
2380	0.085793
3706	0.085751
8076	0.085717
4958	0.085624
1801	0.085621
10175	0.085621
7351	0.085617
8678	0.085594
2469	0.085588
4163	0.085575
14418	0.085573
14417	0.085573
13284	0.085573
13152	0.085573
9795	0.085573
9793	0.085573
9792	0.085573
9791	0.085573
9789	0.085573
9745	0.085573
9163	0.085573
8614	0.085573
8613	0.085573
8177	0.085573
11637	0.085539
8611	0.085473
94	0.085439
2870	0.085434
133	0.085404
4491	0.085371
13242	0.085332
13241	0.085332
5595	0.085332
5594	0.085332
4268	0.085322
2306	0.085321
13239	0.085311
5737	0.085269
5597	0.085250
2909	0.085189
5341	0.085173
6095	0.085093
154	0.085069
12123	0.085021
6175	0.085008
10278	0.084985
4672	0.084961
2748	0.084894
13286	0.084893
7288	0.084853
11766	0.084818
2778	0.084811
1269	0.084796
1113	0.084735
1958	0.084702
1800	0.084593
5598	0.084560
3101	0.084452
815	0.084411
5590	0.084380
9334	0.084365
2042	0.084299
825	0.084263
1386	0.084261
11894	0.084259
2747	0.084259
8231	0.084217
4883	0.084167
1498	0.084147
982	0.084134
9441	0.084106
1941	0.084088
1510	0.084073
773	0.084021
9488	0.083997
6447	0.083992
9957	0.083929
9503	0.083891
1088	0.083881
7495	0.083835
3710	0.083833
6377	0.083731
12115	0.083718
1163	0.083663
5201	0.083649
1434	0.083616
864	0.083610
4254	0.083582
5908	0.083577
842	0.083573
5604	0.083564
115	0.083561
11820	0.083520
7142	0.083502
539	0.083485
2784	0.083458
14219	0.083449
12233	0.083401
867	0.083368
6169	0.083359
14094	0.083354
4483	0.083336
6610	0.083292
6608	0.083292
3268	0.083242
1299	0.083166
14358	0.083103
6003	0.083093
9203	0.083045
6013	0.083028
11034	0.083008
1377	0.082922
11196	0.082916
14382	0.082913
5914	0.082898
524	0.082886
1166	0.082877
9460	0.082865
5309	0.082852
11756	0.082763
6888	0.082763
9633	0.082719
9630	0.082719
9628	0.082719
9626	0.082719
9625	0.082719
9624	0.082719
9622	0.082719
9621	0.082719
9620	0.082719
9619	0.082719
9618	0.082719
9615	0.082719
9482	0.082719
7398	0.082694
6155	0.082689
11899	0.082663
5169	0.082663
13519	0.082661
12211	0.082616
7686	0.082579
9102	0.082532
6609	0.082513
2424	0.082454
9064	0.082379
5855	0.082367
3420	0.082354
14395	0.082320
7891	0.082320
5778	0.082317
182	0.082302
9418	0.082220
9167	0.082080
9260	0.082077
1492	0.082013
1280	0.081998
3709	0.081955
5779	0.081864
2286	0.081857
4561	0.081833
5287	0.081804
11429	0.081793
11324	0.081793
1114	0.081786
5559	0.081773
1087	0.081697
45	0.081682
4581	0.081653
9860	0.081649
1614	0.081542
4697	0.081540
3160	0.081534
13578	0.081524
13576	0.081524
13390	0.081524
8221	0.081474
5289	0.081456
8972	0.081410
4759	0.081400
3398	0.081346
1845	0.081342
7315	0.081326
2661	0.081315
6971	0.081264
5504	0.081233
4053	0.081224
12069	0.081172
5506	0.081169
123	0.081162
2388	0.081128
12903	0.081124
1374	0.081110
1090	0.081034
4285	0.081000
4280	0.081000
3935	0.080954
9252	0.080953
1322	0.080946
239	0.080920
1487	0.080870
1992	0.080854
5333	0.080849
1301	0.080786
4756	0.080751
4753	0.080735
11531	0.080706
6818	0.080700
1749	0.080700
494	0.080682
10570	0.080663
3431	0.080661
9419	0.080634
3311	0.080605
4102	0.080596
12188	0.080558
4262	0.080555
132	0.080534
5332	0.080498
1292	0.080481
1501	0.080468
3666	0.080457
1902	0.080456
2979	0.080434
6730	0.080407
1572	0.080362
2274	0.080331
3171	0.080327
2749	0.080280
13743	0.080275
12540	0.080252
172	0.080242
51	0.080227
9679	0.080188
1866	0.080185
14343	0.080182
14341	0.080182
14304	0.080182
14292	0.080182
14278	0.080182
14273	0.080182
14164	0.080182
7461	0.080182
