8835	0.265172
8593	0.260829
6001	0.256670
3182	0.245679
8284	0.243815
8696	0.241990
8703	0.241920
9229	0.241276
1337	0.240863
8362	0.240804
7814	0.240785
8239	0.240662
3224	0.239984
4259	0.238265
8472	0.237400
8500	0.235592
4685	0.235586
8701	0.235554
6483	0.235528
8724	0.235499
8723	0.235499
8722	0.235499
8721	0.235499
8720	0.235499
8719	0.235499
8702	0.235499
8698	0.235499
8695	0.235499
8694	0.235499
8693	0.235499
8692	0.235499
8691	0.235499
8690	0.235499
8689	0.235499
8688	0.235499
8687	0.235499
8686	0.235499
8685	0.235499
8684	0.235499
8683	0.235499
8682	0.235499
8681	0.235499
8680	0.235499
8649	0.235499
8648	0.235499
8647	0.235499
8646	0.235499
8645	0.235499
8644	0.235499
8643	0.235499
8642	0.235499
8640	0.235499
8554	0.235499
7577	0.235499
5214	0.235411
8699	0.235205
7482	0.234859
1886	0.234838
8192	0.234820
8385	0.234767
17	0.234531
3678	0.234309
3673	0.234309
8718	0.233682
8697	0.233607
2672	0.232502
5489	0.231426
6014	0.230461
7274	0.229837
4445	0.229335
11194	0.228782
7509	0.227955
7304	0.227955
7305	0.227781
7303	0.227781
7039	0.227161
3465	0.225566
7737	0.224995
8612	0.223513
5298	0.223367
5297	0.223356
5209	0.222112
3363	0.221724
8031	0.220737
4098	0.220385
6002	0.220300
6596	0.219600
8557	0.217701
8555	0.217701
8547	0.217701
8252	0.217408
2802	0.215840
212	0.211611
2780	0.210212
7302	0.208354
7155	0.203332
7494	0.202240
6861	0.201189
1949	0.200254
7341	0.197082
8641	0.181461
3106	0.177686
10181	0.177447
5080	0.176858
345	0.175818
8700	0.175332
5856	0.175224
3999	0.174740
1394	0.173991
3237	0.168398
8747	0.167995
8725	0.167995
1887	0.167789
10858	0.164783
11404	0.164708
10922	0.164708
8128	0.164518
7499	0.162490
4820	0.162388
828	0.162152
7352	0.159980
3760	0.159364
2438	0.158417
8067	0.156962
3108	0.156873
2258	0.156786
5937	0.156614
234	0.156455
14021	0.155858
6556	0.155769
6555	0.155769
8578	0.155386
13577	0.155352
14024	0.155095
14022	0.155095
14019	0.155095
14018	0.155095
8384	0.155095
7446	0.155095
9830	0.154878
1779	0.154592
7943	0.154465
2406	0.154074
4258	0.153160
5858	0.153018
13604	0.152830
13605	0.152761
7813	0.152706
7805	0.152706
7812	0.152648
3232	0.149953
5374	0.149950
3676	0.149579
2943	0.148875
7799	0.148348
7160	0.148282
6934	0.147420
8430	0.147331
5543	0.145941
3188	0.145217
4178	0.145196
4898	0.144986
702	0.144648
3230	0.144555
4443	0.142861
3236	0.142694
5596	0.142233
4711	0.142053
3669	0.141633
10090	0.141493
10842	0.141436
11421	0.141436
11345	0.141436
11335	0.141436
8089	0.141108
6679	0.141064
9392	0.139848
3675	0.137901
13405	0.137391
184	0.137248
770	0.136695
490	0.136660
5398	0.136642
9718	0.135276
4971	0.135255
3229	0.135101
6588	0.134912
4804	0.134900
1350	0.134527
13624	0.134230
13623	0.134230
6254	0.134211
12312	0.134160
6038	0.133019
4227	0.132816
11337	0.132695
3228	0.132500
13529	0.132239
6042	0.132001
6041	0.132001
6040	0.132001
6039	0.132001
373	0.131365
6229	0.130892
13146	0.130528
8217	0.130525
7578	0.130525
13716	0.130106
11507	0.129945
4500	0.129506
10315	0.129441
2383	0.129416
8238	0.129370
4338	0.129010
10314	0.128993
11780	0.128883
1669	0.128787
9865	0.128516
6760	0.128202
4027	0.128202
4026	0.128017
5673	0.127789
6121	0.127718
13504	0.127311
3231	0.126899
5674	0.126224
2082	0.126086
10840	0.125896
5707	0.125783
5728	0.125502
10597	0.125474
5249	0.125303
8821	0.125074
8852	0.124511
572	0.124217
1418	0.124183
9564	0.123983
3566	0.123983
7166	0.123116
12707	0.122044
8328	0.121780
13686	0.121200
13670	0.121200
1041	0.120682
13620	0.120560
6147	0.120118
2283	0.119872
1566	0.119628
6500	0.119623
5692	0.119095
5690	0.119012
4504	0.118465
4330	0.118446
1858	0.118298
4703	0.118262
13550	0.118073
10119	0.117995
703	0.117896
5344	0.117840
1585	0.117728
444	0.117590
419	0.117514
4771	0.117268
12302	0.117183
4773	0.117183
4772	0.117183
11532	0.117013
8618	0.116659
5181	0.116294
8336	0.116188
13087	0.115863
421	0.115766
5532	0.115657
8460	0.115214
12317	0.115183
12516	0.115115
1355	0.115028
3316	0.115020
11191	0.114930
9084	0.114796
10318	0.114732
8373	0.114688
8240	0.114688
11542	0.114580
12096	0.114436
5377	0.113961
2519	0.113921
9601	0.113758
11419	0.113745
5658	0.113663
13530	0.113595
12262	0.113457
7437	0.113318
1382	0.113291
1555	0.113286
1773	0.113252
2341	0.113038
2260	0.113026
78	0.112826
2930	0.112791
11014	0.112765
4816	0.112713
13793	0.112356
8136	0.112356
8024	0.111939
4807	0.111820
1462	0.111819
4805	0.111660
10640	0.111583
10835	0.111546
5260	0.111546
384	0.111518
3251	0.111227
8548	0.111073
10036	0.111018
4328	0.111011
1990	0.110890
5675	0.110850
11193	0.110831
11192	0.110831
3217	0.110611
12426	0.110531
2744	0.110485
8338	0.110383
4841	0.110360
10209	0.110326
14076	0.110319
10102	0.110192
13502	0.110189
10668	0.110189
10494	0.110189
13170	0.110113
6323	0.110093
5079	0.110066
4224	0.110042
13138	0.109964
7809	0.109874
1053	0.109853
6325	0.109553
13674	0.109536
13411	0.109536
210	0.109504
7014	0.109482
8250	0.109395
10949	0.109187
11132	0.109025
12597	0.108830
6031	0.108782
6030	0.108782
5992	0.108782
4723	0.108586
13494	0.108529
11455	0.108396
11426	0.108396
6590	0.108346
6128	0.108193
6308	0.108045
8579	0.108029
723	0.107758
277	0.107756
1507	0.107070
2076	0.107064
5802	0.106957
13359	0.106945
5052	0.106795
11695	0.106689
4282	0.106564
1604	0.106553
6810	0.106497
12335	0.106467
7337	0.106381
5490	0.106364
2043	0.106323
9721	0.106226
7948	0.106226
7778	0.106226
7618	0.106226
7113	0.106226
1821	0.106123
13185	0.106088
12577	0.106044
10796	0.105977
10603	0.105892
12628	0.105890
10042	0.105831
12565	0.105712
9426	0.105621
9728	0.105620
482	0.105580
13973	0.105479
1086	0.105293
11007	0.105279
1543	0.105137
1279	0.105133
7806	0.105119
12730	0.105096
7543	0.104946
4505	0.104705
4501	0.104705
1503	0.104705
13186	0.104673
10583	0.104489
4484	0.104420
3732	0.104331
13830	0.104184
12109	0.104143
5948	0.104143
4439	0.104110
11782	0.104107
13972	0.104066
3605	0.104029
6343	0.103604
1504	0.103604
4049	0.103575
8622	0.103543
5241	0.103307
4507	0.103298
5129	0.103264
5789	0.103157
4498	0.103114
5558	0.102974
3085	0.102961
14069	0.102959
2927	0.102866
7229	0.102775
12578	0.102769
7438	0.102753
7123	0.102753
11462	0.102689
9867	0.102673
10435	0.102647
3723	0.102638
11700	0.102636
4456	0.102454
12544	0.102452
9691	0.102414
5805	0.102379
4859	0.102191
11674	0.101958
5174	0.101940
11490	0.101843
8763	0.101713
8761	0.101713
11649	0.101617
6326	0.101593
2016	0.101474
12382	0.101457
8188	0.101405
8577	0.101328
8576	0.101328
8574	0.101328
8556	0.101328
4975	0.101290
1593	0.101050
11440	0.101037
11341	0.101037
10907	0.100897
7095	0.100810
6363	0.100805
12203	0.100782
8580	0.100782
8575	0.100782
8546	0.100782
7122	0.100782
2224	0.100745
1230	0.100600
8051	0.099909
5115	0.099803
6314	0.099651
11528	0.099631
11501	0.099552
9811	0.099501
9739	0.099496
1613	0.099492
3456	0.099457
4503	0.099438
11287	0.099327
11285	0.099327
11284	0.099327
3680	0.099320
5665	0.099023
6958	0.098754
3315	0.098684
13491	0.098539
7220	0.098504
8493	0.098502
4324	0.098413
420	0.098234
13165	0.098048
3656	0.097944
7040	0.097901
11941	0.097810
12630	0.097744
1607	0.097738
12570	0.097723
13191	0.097722
4912	0.097518
8862	0.097433
8861	0.097433
8860	0.097433
8859	0.097433
8858	0.097433
8857	0.097433
8844	0.097433
8843	0.097433
8842	0.097433
8841	0.097433
8840	0.097433
8839	0.097433
8838	0.097433
8834	0.097433
8824	0.097433
8823	0.097433
8822	0.097433
8820	0.097433
8818	0.097433
8817	0.097433
8803	0.097433
8798	0.097433
8737	0.097433
8639	0.097433
7682	0.097433
7677	0.097433
7382	0.097433
7247	0.097433
6104	0.097413
6103	0.097413
10212	0.097387
8382	0.097377
5795	0.097361
11713	0.097350
6740	0.097350
6534	0.097300
5701	0.097285
7259	0.097097
11582	0.097088
3951	0.097060
13070	0.096992
9595	0.096908
8836	0.096858
12548	0.096787
5154	0.096781
1680	0.096733
11772	0.096644
1618	0.096491
1406	0.096471
12409	0.096414
1413	0.096359
1367	0.096359
1020	0.096343
508	0.096245
3797	0.096239
9295	0.096237
4752	0.096203
12547	0.096123
13354	0.096103
6947	0.096102
11698	0.096097
11325	0.096056
12602	0.095888
11963	0.095827
12957	0.095810
6452	0.095725
8209	0.095720
10069	0.095716
7601	0.095594
4064	0.095535
4063	0.095535
4061	0.095535
4058	0.095535
4057	0.095535
2644	0.095535
5176	0.095486
2929	0.095476
1610	0.095421
5256	0.095369
3764	0.095339
724	0.095212
5155	0.095112
3987	0.095043
7681	0.095034
13762	0.094997
12529	0.094994
688	0.094943
11743	0.094700
11104	0.094595
3596	0.094465
11802	0.094356
4085	0.094278
11000	0.094258
13294	0.094192
13652	0.094126
10441	0.094084
2848	0.094026
12202	0.093997
3988	0.093997
12736	0.093984
13305	0.093927
1963	0.093857
6669	0.093833
12734	0.093743
6736	0.093740
11529	0.093740
4190	0.093699
6311	0.093615
6310	0.093615
4843	0.093615
6451	0.093609
9835	0.093593
11544	0.093587
10626	0.093572
4059	0.093564
2437	0.093411
3219	0.093367
7963	0.093350
4647	0.093344
6312	0.093253
3341	0.093163
5218	0.093131
4084	0.093093
10860	0.093058
7472	0.093052
4340	0.093043
6671	0.093035
12590	0.093030
9383	0.093015
14165	0.092976
2781	0.092973
11534	0.092952
4425	0.092932
14321	0.092902
14311	0.092902
14307	0.092902
14114	0.092902
10393	0.092902
8406	0.092902
8368	0.092902
3158	0.092902
2262	0.092893
10475	0.092851
12719	0.092803
12261	0.092739
9827	0.092728
12806	0.092707
7111	0.092701
2537	0.092673
6459	0.092547
2801	0.092531
3796	0.092501
3312	0.092487
11790	0.092459
3457	0.092408
5307	0.092235
7093	0.092220
6086	0.092197
3489	0.092100
8135	0.092097
12751	0.092095
10897	0.092092
11218	0.092065
12794	0.092026
7959	0.092021
5806	0.091813
13283	0.091806
5982	0.091754
12747	0.091752
5014	0.091719
9694	0.091638
4433	0.091595
1683	0.091586
13766	0.091496
12757	0.091482
11539	0.091444
10834	0.091083
6058	0.090955
538	0.090766
5401	0.090715
416	0.090709
2401	0.090572
9617	0.090534
445	0.090518
3668	0.090381
9187	0.090301
1633	0.090300
12710	0.090284
12567	0.090238
8837	0.090218
8081	0.090191
13958	0.090185
8052	0.090125
4857	0.090011
10541	0.089839
11406	0.089814
4553	0.089813
1568	0.089669
1278	0.089555
9216	0.089513
12507	0.089389
8055	0.089375
10859	0.089291
10342	0.089188
2889	0.088947
6565	0.088941
2101	0.088879
2998	0.088877
7807	0.088872
3240	0.088816
12564	0.088801
9652	0.088697
12773	0.088691
4369	0.088658
5808	0.088658
11	0.088641
12087	0.088477
5810	0.088477
5807	0.088477
5804	0.088477
5255	0.088477
11854	0.088448
2799	0.088437
4893	0.088426
12088	0.088409
5384	0.088409
10394	0.088398
1600	0.088171
1595	0.088171
1590	0.088171
5738	0.088138
9026	0.088040
10048	0.088020
217	0.087967
14291	0.087953
7143	0.087882
11757	0.087865
13192	0.087771
6114	0.087745
2033	0.087735
1347	0.087726
7071	0.087618
7584	0.087593
6866	0.087554
11595	0.087549
9448	0.087531
13188	0.087486
1616	0.087471
8736	0.087189
1427	0.087069
11021	0.087038
13956	0.086967
4628	0.086967
12566	0.086934
8808	0.086932
11556	0.086914
10933	0.086796
8401	0.086742
10054	0.086690
5542	0.086679
4060	0.086567
7094	0.086538
436	0.086516
11561	0.086449
6261	0.086380
5809	0.086353
10497	0.086353
2770	0.086310
1545	0.086295
7318	0.086239
2817	0.086208
8162	0.086159
12558	0.086148
11477	0.086036
5109	0.085998
7010	0.085951
5025	0.085906
8801	0.085896
1761	0.085813
3606	0.085810
12383	0.085781
10235	0.085780
3918	0.085625
232	0.085613
1157	0.085433
13753	0.085411
7645	0.085374
48	0.085289
2434	0.085226
3469	0.085214
12795	0.085212
4062	0.085210
9507	0.085210
2008	0.085129
325	0.085121
4962	0.085088
3822	0.084980
6362	0.084967
7985	0.084906
1485	0.084887
4678	0.084835
10655	0.084758
6004	0.084739
13644	0.084737
6258	0.084535
5580	0.084394
10654	0.084380
3168	0.084369
3464	0.084313
4329	0.084244
9966	0.084228
6994	0.084210
8947	0.084147
6624	0.084104
10647	0.084041
6993	0.084010
2914	0.083985
1626	0.083956
455	0.083919
449	0.083919
4687	0.083907
2796	0.083898
1642	0.083812
431	0.083786
11510	0.083764
3365	0.083728
5491	0.083718
443	0.083670
11262	0.083670
4474	0.083592
12965	0.083512
12964	0.083512
12963	0.083512
12888	0.083512
12887	0.083512
12886	0.083512
12885	0.083512
12884	0.083512
12847	0.083512
12168	0.083512
3468	0.083512
3467	0.083512
12117	0.083493
7345	0.083493
13106	0.083481
13092	0.083402
1815	0.083348
6928	0.083337
13431	0.083330
7815	0.083327
10833	0.083291
12545	0.083258
10143	0.083199
10450	0.083064
5212	0.083040
3103	0.082992
4616	0.082839
12049	0.082839
8960	0.082794
5961	0.082775
3674	0.082726
7272	0.082690
11793	0.082684
11323	0.082609
2440	0.082591
5465	0.082587
9351	0.082555
9350	0.082555
7401	0.082555
10717	0.082530
3466	0.082382
3452	0.082313
3462	0.082259
13361	0.082203
2559	0.082110
5556	0.082030
3451	0.081961
5351	0.081945
11333	0.081925
10252	0.081878
854	0.081802
3662	0.081792
10670	0.081786
10604	0.081728
1533	0.081581
11543	0.081490
5520	0.081384
2551	0.081349
13189	0.081334
13187	0.081334
8959	0.081325
5666	0.081294
4952	0.081238
13598	0.081224
2561	0.081221
5957	0.081180
10609	0.081178
12181	0.081149
5550	0.081030
9501	0.081007
13540	0.080984
12536	0.080980
9227	0.080969
13682	0.080925
13487	0.080925
13345	0.080925
12500	0.080854
4856	0.080852
8762	0.080801
8121	0.080766
6566	0.080704
1365	0.080690
12542	0.080584
12145	0.080576
10515	0.080576
5956	0.080576
8545	0.080431
14073	0.080410
1463	0.080397
12561	0.080370
12832	0.080353
323	0.080326
2558	0.080296
3422	0.080091
4320	0.080046
13825	0.080036
3342	0.080013
9094	0.079980
9093	0.079980
9092	0.079980
9065	0.079980
5213	0.079929
3599	0.079893
11551	0.079887
9502	0.079877
4006	0.079845
10851	0.079787
9790	0.079720
9169	0.079714
9839	0.079692
8222	0.079624
4679	0.079543
6614	0.079505
11056	0.079500
7926	0.079485
2498	0.079448
6189	0.079368
12658	0.079363
11116	0.079363
2795	0.079363
2794	0.079363
3274	0.079326
3163	0.079293
10563	0.079292
2800	0.079268
12698	0.079209
13654	0.079192
5695	0.079189
6287	0.079155
8390	0.079153
1647	0.079107
985	0.079047
4410	0.079008
5653	0.078981
199	0.078936
5691	0.078906
3838	0.078904
10165	0.078797
12753	0.078780
4038	0.078742
9915	0.078711
13823	0.078710
5670	0.078698
5602	0.078657
2605	0.078593
5262	0.078587
1547	0.078559
8105	0.078470
11735	0.078450
542	0.078443
8287	0.078398
11283	0.078377
6558	0.078321
10498	0.078241
11982	0.078215
5414	0.078215
5412	0.078215
8470	0.078157
1822	0.078084
13008	0.078075
9016	0.078052
453	0.078013
11755	0.077947
4434	0.077878
7289	0.077870
3959	0.077835
5734	0.077820
4793	0.077773
5276	0.077705
506	0.077700
4024	0.077692
1167	0.077677
6643	0.077655
