919	0.182643
1728	0.181268
4478	0.177262
1362	0.177241
9396	0.177241
4481	0.177241
2153	0.171667
1363	0.170276
1924	0.168022
6878	0.159150
1040	0.154370
999	0.154041
9395	0.149544
3841	0.141758
908	0.141340
484	0.138782
882	0.138024
1108	0.137586
734	0.137272
11878	0.136367
2668	0.132784
9531	0.132365
2949	0.132152
4194	0.131911
630	0.129999
9503	0.129187
9436	0.126216
6117	0.126186
1044	0.125246
3848	0.124501
1095	0.122907
2710	0.122299
10506	0.121922
1045	0.121922
1442	0.120558
12301	0.120317
9611	0.120213
7553	0.119931
7053	0.119451
8661	0.118816
3117	0.117711
9578	0.115743
2680	0.114905
1000	0.114678
1251	0.114628
2667	0.114571
611	0.114157
6971	0.113774
7420	0.113687
9777	0.113231
9776	0.113231
6106	0.113231
6107	0.113231
483	0.112921
3593	0.112327
906	0.112028
9424	0.111875
10163	0.111798
9613	0.111567
4775	0.111447
1231	0.111295
11959	0.111190
6626	0.110705
1099	0.110511
6577	0.110123
7560	0.109867
4776	0.109622
6250	0.109610
1046	0.109594
9519	0.109588
9827	0.109398
4777	0.109373
3350	0.109294
9610	0.109255
2317	0.108326
6367	0.107999
3564	0.107972
2973	0.107894
3920	0.107817
9612	0.107652
9614	0.107500
3543	0.107156
13058	0.106248
7945	0.106248
1101	0.105972
1100	0.105972
9633	0.105873
9630	0.105873
9628	0.105873
9626	0.105873
9625	0.105873
9624	0.105873
9622	0.105873
9621	0.105873
9620	0.105873
9619	0.105873
9618	0.105873
9615	0.105873
9482	0.105873
9425	0.105655
917	0.105170
873	0.105120
10142	0.104847
2150	0.103562
3844	0.103291
13153	0.103265
10171	0.103265
10170	0.103265
2907	0.103079
2572	0.103077
3298	0.103024
4226	0.102955
275	0.102262
5947	0.102060
9687	0.102048
138	0.102037
481	0.101980
5473	0.101977
6623	0.101855
387	0.101472
140	0.101398
14342	0.101081
10823	0.101062
11884	0.101024
581	0.100769
2115	0.100606
9437	0.100373
6303	0.099990
9631	0.099851
1658	0.099842
56	0.099695
883	0.099548
2904	0.099445
1857	0.099309
2172	0.099175
13282	0.099049
13281	0.098939
9534	0.098538
9533	0.098538
9529	0.098538
9509	0.098538
9609	0.098412
9580	0.098412
9034	0.098360
9606	0.098326
3562	0.098252
10284	0.098246
1724	0.097726
6525	0.097637
6763	0.097560
11902	0.097534
11212	0.097530
995	0.097526
3561	0.097372
2318	0.097348
7156	0.097100
2293	0.096927
2709	0.096912
634	0.096853
12178	0.096642
4144	0.096574
990	0.096313
2860	0.096105
2165	0.095913
497	0.095908
12414	0.095836
13994	0.095789
7931	0.095789
642	0.095546
9599	0.095326
9518	0.095176
2168	0.095076
14167	0.095073
1721	0.094974
6399	0.094919
9504	0.094914
513	0.094867
11819	0.094569
5571	0.094561
6436	0.094481
11321	0.094371
9608	0.094209
5111	0.094179
2107	0.093993
3636	0.093835
3705	0.093780
278	0.093354
5740	0.093326
2859	0.093186
1075	0.093063
9497	0.092877
12458	0.092659
2166	0.092587
1729	0.092328
96	0.092226
2145	0.092110
2596	0.091981
3171	0.091810
2915	0.091765
11475	0.091653
7501	0.091389
880	0.091145
2143	0.090927
9535	0.090834
9530	0.090834
9527	0.090834
9526	0.090834
9525	0.090834
9524	0.090834
9523	0.090834
9521	0.090834
9517	0.090834
9516	0.090834
9515	0.090834
9513	0.090834
9511	0.090834
9510	0.090834
9243	0.090834
9161	0.090834
6099	0.090834
7368	0.090722
9532	0.090673
3384	0.090587
5059	0.090558
2116	0.090529
4932	0.090528
9080	0.090376
2038	0.090353
11769	0.090322
10970	0.090156
2118	0.090029
168	0.090008
11047	0.089853
6360	0.089682
6100	0.089679
1923	0.089621
2137	0.089544
13385	0.089434
8954	0.089420
2139	0.089385
12287	0.089337
8515	0.089337
11779	0.089328
5536	0.089328
5328	0.089244
2097	0.089107
869	0.089106
6992	0.088988
5517	0.088771
881	0.088482
391	0.088399
621	0.088115
2597	0.087977
11676	0.087955
559	0.087865
3351	0.087726
692	0.087636
1941	0.087419
9338	0.087360
167	0.087297
11502	0.087203
7820	0.087188
1439	0.087048
1030	0.086938
2120	0.086754
864	0.086465
487	0.086402
9348	0.086320
9623	0.086273
774	0.086232
1515	0.086190
2541	0.086056
876	0.085835
11890	0.085763
11889	0.085763
8139	0.085763
2149	0.085763
2148	0.085763
2147	0.085763
9616	0.085696
9449	0.085679
4052	0.085577
12874	0.085539
12850	0.085343
12107	0.085319
619	0.085311
11989	0.085274
1720	0.085121
10695	0.085094
9356	0.084946
2857	0.084930
714	0.084929
3047	0.084915
5769	0.084892
1727	0.084757
2466	0.084679
2136	0.084659
8956	0.084586
8955	0.084586
6767	0.084492
6765	0.084492
6764	0.084492
1333	0.084427
6	0.084311
13116	0.084271
1254	0.084132
890	0.084087
4921	0.084007
784	0.083903
183	0.083885
414	0.083744
8983	0.083589
1103	0.083559
6600	0.083508
13050	0.083464
11985	0.083397
8147	0.083397
8100	0.083397
8086	0.083397
8085	0.083397
8084	0.083397
9543	0.083395
14239	0.083392
11817	0.083330
6990	0.083330
3292	0.083222
1259	0.083171
904	0.083149
5311	0.083098
498	0.082995
3408	0.082911
10841	0.082898
9550	0.082889
1004	0.082834
1003	0.082834
996	0.082834
757	0.082834
5455	0.082800
997	0.082760
1274	0.082725
2972	0.082573
12597	0.082531
6411	0.082530
137	0.082479
1068	0.082457
10802	0.082338
2600	0.082301
2905	0.082207
993	0.082154
3584	0.082082
12854	0.082080
9019	0.082051
1824	0.082004
11995	0.081963
7388	0.081875
9554	0.081838
8200	0.081838
2917	0.081827
2210	0.081757
5087	0.081744
2096	0.081692
2530	0.081640
3027	0.081624
5183	0.081516
3521	0.081460
11906	0.081433
1730	0.081416
4056	0.081352
9859	0.081287
11671	0.081189
11877	0.081124
2288	0.081114
5089	0.081034
11600	0.081027
2182	0.080997
671	0.080778
7745	0.080774
13019	0.080718
1800	0.080671
557	0.080509
6281	0.080448
12950	0.080387
12912	0.080269
10892	0.080255
386	0.080142
6922	0.080083
2575	0.080064
12411	0.080027
405	0.080012
11469	0.080005
12109	0.079992
5948	0.079992
2157	0.079987
13664	0.079945
10476	0.079652
130	0.079614
525	0.079511
9029	0.079509
1077	0.079487
277	0.079487
3763	0.079449
12858	0.079447
3778	0.079400
12042	0.079358
3481	0.079358
11658	0.079340
12941	0.079315
4255	0.079304
960	0.079291
6550	0.079231
139	0.079216
12860	0.079150
488	0.079139
12859	0.079137
13676	0.079092
9288	0.079020
7089	0.079020
6563	0.078989
8102	0.078943
6418	0.078915
12415	0.078857
12940	0.078844
4710	0.078604
10097	0.078481
11431	0.078417
9685	0.078363
12064	0.078359
10682	0.078289
13265	0.078221
3967	0.078120
9492	0.078047
10028	0.077995
3625	0.077988
2109	0.077938
3484	0.077936
11670	0.077879
4122	0.077836
994	0.077752
3483	0.077624
288	0.077509
5670	0.077491
2425	0.077478
9627	0.077340
1893	0.077299
6991	0.077297
11994	0.077117
2826	0.077117
4179	0.077073
3446	0.077064
12412	0.077034
3730	0.076955
12435	0.076799
7425	0.076725
6304	0.076700
11609	0.076689
4830	0.076661
4829	0.076661
968	0.076639
2040	0.076608
12872	0.076536
5492	0.076496
5570	0.076304
1005	0.076302
13081	0.076250
13080	0.076250
13079	0.076250
13078	0.076250
13074	0.076250
13071	0.076250
13057	0.076250
13049	0.076250
13047	0.076250
13045	0.076250
13043	0.076250
13017	0.076250
12959	0.076250
12904	0.076250
7936	0.076250
5203	0.076241
2267	0.076214
2132	0.076195
5751	0.076095
5150	0.076077
13040	0.076064
9992	0.076035
12408	0.076025
336	0.075960
6131	0.075926
2126	0.075915
11151	0.075868
939	0.075864
12744	0.075808
670	0.075741
4770	0.075706
11368	0.075705
9561	0.075640
822	0.075632
6868	0.075555
5088	0.075554
12235	0.075513
12553	0.075459
8207	0.075455
9190	0.075454
12073	0.075292
1186	0.075289
2962	0.075286
11398	0.075271
7028	0.075266
194	0.075180
276	0.075168
8929	0.075145
2328	0.075142
13438	0.075089
10373	0.075049
3203	0.075032
165	0.075009
2122	0.074999
3665	0.074946
9505	0.074932
7647	0.074920
7961	0.074917
4837	0.074866
1234	0.074845
12593	0.074834
12910	0.074796
10098	0.074700
11679	0.074627
3683	0.074557
5201	0.074486
372	0.074292
10018	0.074257
620	0.074084
4917	0.073987
8132	0.073985
617	0.073970
3523	0.073943
6629	0.073938
913	0.073928
1654	0.073911
4401	0.073902
10139	0.073872
3259	0.073807
5652	0.073803
7280	0.073794
8660	0.073782
8659	0.073782
8658	0.073782
9881	0.073765
3519	0.073734
9008	0.073727
1391	0.073639
11912	0.073559
274	0.073488
7385	0.073462
6021	0.073382
2079	0.073377
9076	0.073290
4744	0.073241
5022	0.073204
13388	0.073126
13387	0.073126
14068	0.073026
2181	0.072955
583	0.072947
7405	0.072943
1751	0.072818
12952	0.072768
12951	0.072768
6717	0.072730
5783	0.072720
587	0.072682
12899	0.072663
2135	0.072521
12749	0.072519
12748	0.072519
2666	0.072506
10140	0.072455
8232	0.072433
12350	0.072398
10902	0.072340
12208	0.072332
13992	0.072281
10542	0.072280
5426	0.072261
365	0.072226
11992	0.072216
12349	0.072215
10859	0.072208
616	0.072201
14108	0.072180
4745	0.072180
8465	0.072151
9127	0.072111
11362	0.072096
5407	0.071877
4374	0.071867
11955	0.071848
2080	0.071847
12542	0.071823
10939	0.071594
4571	0.071561
3845	0.071551
2970	0.071545
11159	0.071530
9918	0.071495
12165	0.071469
11723	0.071314
7534	0.071256
12853	0.071048
2155	0.071044
11252	0.070995
8778	0.070914
12236	0.070896
10046	0.070777
10318	0.070704
1412	0.070696
6768	0.070632
6448	0.070627
11491	0.070621
2164	0.070612
729	0.070501
12524	0.070497
2612	0.070493
5391	0.070470
6188	0.070413
14354	0.070386
4480	0.070381
2048	0.070323
5438	0.070303
10969	0.070207
3062	0.070113
2910	0.070086
2063	0.070071
1686	0.070016
9493	0.069983
1126	0.069919
1102	0.069818
1106	0.069780
8779	0.069778
781	0.069744
3919	0.069690
911	0.069675
3297	0.069623
286	0.069532
3369	0.069449
3515	0.069414
9734	0.069413
9732	0.069413
9730	0.069413
8868	0.069413
8866	0.069413
12922	0.069350
13675	0.069333
7973	0.069287
6130	0.069282
11537	0.069272
5072	0.069255
3508	0.069253
12913	0.069226
2577	0.069105
8423	0.069029
9346	0.068930
6479	0.068848
3633	0.068822
12893	0.068764
2845	0.068739
13015	0.068696
3639	0.068688
11013	0.068650
12391	0.068630
2047	0.068491
35	0.068488
9128	0.068400
4477	0.068234
1424	0.068186
940	0.068119
5346	0.068116
12695	0.068083
13003	0.068069
12869	0.068069
8928	0.068057
2691	0.067944
3565	0.067788
9520	0.067699
4774	0.067661
11509	0.067657
477	0.067609
9886	0.067600
8229	0.067555
2681	0.067551
12193	0.067387
3341	0.067365
12434	0.067309
12390	0.067309
10293	0.067294
3843	0.067283
1426	0.067279
1447	0.067269
826	0.067231
11547	0.067225
3640	0.067125
4147	0.067115
1247	0.067097
520	0.067025
1052	0.067009
13135	0.066992
5985	0.066973
1518	0.066952
2688	0.066938
10475	0.066864
6618	0.066810
13181	0.066809
2518	0.066766
8945	0.066700
11539	0.066625
5470	0.066538
10186	0.066515
1073	0.066510
6049	0.066459
3780	0.066444
1766	0.066433
51	0.066398
5745	0.066372
8942	0.066359
9284	0.066300
6234	0.066247
8773	0.066089
6621	0.066089
2891	0.066042
9522	0.066040
10336	0.066011
5542	0.066000
10040	0.065970
12624	0.065967
10657	0.065913
1642	0.065871
12413	0.065818
7639	0.065759
4256	0.065726
3877	0.065669
3451	0.065629
1268	0.065584
10658	0.065557
3131	0.065511
156	0.065510
496	0.065431
633	0.065400
1768	0.065345
935	0.065269
11400	0.065093
12381	0.065072
2311	0.065064
10483	0.064981
11027	0.064949
1261	0.064901
10967	0.064899
4143	0.064849
227	0.064834
4980	0.064827
11160	0.064818
10352	0.064793
3198	0.064786
12426	0.064653
12027	0.064617
12785	0.064608
10437	0.064604
9020	0.064455
11774	0.064425
4983	0.064410
6074	0.064408
5736	0.064400
5801	0.064387
8707	0.064324
3572	0.064316
9844	0.064209
4121	0.064195
2645	0.064194
1852	0.064185
907	0.064163
1390	0.064146
12784	0.064143
3126	0.064135
50	0.064083
6954	0.064038
1007	0.064035
2789	0.064024
3527	0.064015
5049	0.063957
2889	0.063932
4865	0.063920
722	0.063915
2975	0.063898
12026	0.063846
552	0.063819
10221	0.063798
13705	0.063692
282	0.063669
6083	0.063668
10441	0.063662
560	0.063563
12339	0.063551
11737	0.063463
4036	0.063457
2285	0.063379
10998	0.063349
10997	0.063349
10761	0.063328
9349	0.063273
3257	0.063227
5459	0.063217
699	0.063119
10478	0.063092
280	0.063079
4213	0.063068
9552	0.063058
936	0.062985
11722	0.062971
5086	0.062956
3113	0.062955
13077	0.062910
12895	0.062910
5259	0.062898
3355	0.062869
12852	0.062760
320	0.062646
14017	0.062614
7914	0.062614
13826	0.062566
6393	0.062557
6945	0.062555
13606	0.062474
10016	0.062432
13038	0.062399
13037	0.062399
4206	0.062395
6523	0.062368
12653	0.062351
3632	0.062331
1096	0.062308
4629	0.062272
1111	0.062264
11026	0.062252
7991	0.062240
11920	0.062188
3927	0.062188
3868	0.062188
6412	0.062173
11619	0.062158
10762	0.062154
10392	0.062063
5447	0.062061
6449	0.062050
1829	0.062021
7951	0.061955
2903	0.061945
2167	0.061936
3553	0.061912
5348	0.061902
12654	0.061897
12428	0.061878
11775	0.061813
3525	0.061813
12063	0.061766
2119	0.061764
158	0.061752
2693	0.061730
5491	0.061722
2535	0.061713
1196	0.061713
2579	0.061688
371	0.061684
351	0.061620
2741	0.061559
13482	0.061483
5725	0.061455
11851	0.061433
6927	0.061433
686	0.061361
12028	0.061353
12025	0.061338
2893	0.061338
1723	0.061270
9341	0.061242
2685	0.061203
2678	0.061203
4433	0.061197
11909	0.061186
10516	0.061158
12238	0.061052
2117	0.061043
10780	0.061043
12237	0.061035
9961	0.060994
11121	0.060910
2911	0.060905
10949	0.060845
1739	0.060780
7949	0.060771
12588	0.060725
13163	0.060715
10169	0.060715
8531	0.060666
5427	0.060622
3026	0.060543
4646	0.060479
11072	0.060443
8886	0.060439
2238	0.060355
9238	0.060347
1483	0.060315
13449	0.060296
2193	0.060286
9724	0.060199
4151	0.060186
3488	0.060148
12832	0.060128
2855	0.060090
12135	0.060079
4761	0.060062
2896	0.059992
11455	0.059980
11426	0.059980
9307	0.059930
4832	0.059927
918	0.059910
3623	0.059891
1081	0.059873
3867	0.059835
9269	0.059831
3522	0.059814
6094	0.059798
10456	0.059743
13174	0.059701
739	0.059677
8419	0.059646
5191	0.059635
3973	0.059630
12089	0.059627
7134	0.059621
6697	0.059577
4018	0.059528
5865	0.059455
6076	0.059423
2061	0.059414
8405	0.059381
3929	0.059364
3928	0.059364
12957	0.059330
3541	0.059310
3282	0.059303
9484	0.059284
9483	0.059284
4808	0.059278
5017	0.059235
2532	0.059206
10581	0.059203
10077	0.059171
293	0.059154
292	0.059154
291	0.059154
290	0.059154
287	0.059154
6908	0.059146
1031	0.059133
4818	0.059114
3608	0.059110
3286	0.059062
13948	0.059038
1264	0.059020
10901	0.059012
10076	0.058994
3357	0.058976
3509	0.058942
12907	0.058860
9410	0.058860
9409	0.058860
9408	0.058860
9407	0.058860
9406	0.058860
5965	0.058856
3364	0.058841
7451	0.058821
5114	0.058804
10572	0.058788
3782	0.058757
11919	0.058740
2220	0.058707
9639	0.058698
3356	0.058696
5018	0.058651
3202	0.058608
11407	0.058585
412	0.058566
7481	0.058523
11474	0.058522
10294	0.058482
11126	0.058410
9790	0.058394
2329	0.058371
11293	0.058321
