9419	0.146481
6553	0.143275
4210	0.143275
6552	0.143269
10159	0.140681
10160	0.139525
6095	0.139062
143	0.137514
1165	0.133930
9701	0.131741
1206	0.130775
3192	0.130607
3775	0.129756
3556	0.129593
1143	0.128865
2445	0.128477
2778	0.128245
8010	0.128209
2758	0.125143
13264	0.125078
2590	0.124446
3190	0.123823
162	0.123483
5831	0.123399
2374	0.123288
5093	0.123027
14415	0.121800
9277	0.121800
164	0.121107
4488	0.120803
2621	0.120120
11966	0.119930
11894	0.119763
2747	0.119763
13937	0.118617
12188	0.118432
1307	0.118165
10979	0.118088
1166	0.117924
5015	0.117672
5236	0.117394
9126	0.117316
12311	0.117061
3984	0.117000
2762	0.116663
2757	0.116304
2783	0.116079
11928	0.116078
8501	0.116078
2779	0.116078
2756	0.116078
13272	0.116058
2786	0.116058
2782	0.116058
1505	0.116058
13227	0.116035
11927	0.116006
2759	0.116006
1292	0.115745
8249	0.115567
5537	0.115190
12365	0.115063
9706	0.114929
4756	0.114920
679	0.114711
1758	0.114313
4587	0.113678
2378	0.113667
2767	0.112650
9686	0.111652
11758	0.111638
4231	0.111433
1272	0.111227
12955	0.110784
12274	0.110776
8236	0.110776
8235	0.110776
6980	0.110776
6953	0.110776
298	0.110776
5244	0.110751
9702	0.110113
74	0.109970
8471	0.109958
5910	0.109711
14247	0.109360
1691	0.109169
9074	0.108888
5387	0.107890
7344	0.107856
13178	0.107856
13179	0.107856
3225	0.107846
10220	0.107570
12252	0.107491
10326	0.107450
6116	0.107437
13844	0.107414
9135	0.107367
2920	0.107345
2717	0.107143
12911	0.106974
5766	0.106897
5765	0.106858
6317	0.106703
3557	0.106503
5764	0.106417
155	0.105948
4417	0.105824
6425	0.105795
14407	0.105721
4397	0.105602
2319	0.105537
2261	0.105355
126	0.105010
3720	0.104700
6428	0.104631
6427	0.104631
7752	0.104481
4230	0.104170
5775	0.103392
4087	0.103307
1092	0.103233
1747	0.102681
1871	0.102641
709	0.102461
4564	0.102409
9063	0.102077
5296	0.101850
10286	0.101589
3244	0.101494
6201	0.101438
1093	0.101366
8451	0.101330
4405	0.101184
11924	0.101169
2774	0.101144
3903	0.101140
13249	0.100996
13248	0.100996
4403	0.100996
5442	0.100378
79	0.100224
2315	0.100059
6003	0.100008
2361	0.099655
5773	0.099164
3748	0.098863
460	0.098841
4580	0.098721
1209	0.098719
233	0.098556
1200	0.098192
12071	0.097962
175	0.097962
9638	0.097756
4581	0.097650
4787	0.097611
149	0.097610
6291	0.097571
4458	0.097449
5385	0.097395
2380	0.097370
179	0.097141
13220	0.096861
14416	0.096722
9440	0.096532
2529	0.096411
1387	0.096157
1458	0.095828
3901	0.095724
1753	0.095690
4381	0.095605
4128	0.095574
5719	0.095471
92	0.095121
2775	0.094945
2274	0.094536
10130	0.094410
3861	0.094290
6509	0.094231
5733	0.094196
1785	0.094110
4204	0.094096
2736	0.094007
6149	0.093792
3613	0.093670
2517	0.093170
75	0.092993
10063	0.092876
2974	0.092836
9711	0.092798
9708	0.092798
9707	0.092798
9705	0.092798
9703	0.092798
252	0.092740
9699	0.092707
4233	0.092638
9244	0.092552
1897	0.092425
11637	0.092327
6197	0.092017
5772	0.091769
1168	0.091678
10493	0.091646
1569	0.091538
5774	0.091443
10103	0.091383
10479	0.091377
5177	0.091274
1078	0.091151
3786	0.091117
3366	0.091034
3520	0.090948
4187	0.090892
9713	0.090875
5750	0.090823
5275	0.090565
3387	0.090536
2007	0.090477
11926	0.090440
9710	0.090282
4421	0.090258
4186	0.090224
1778	0.090166
4423	0.090144
4422	0.090137
13289	0.090106
13256	0.090106
13127	0.090106
3836	0.090075
4614	0.090053
4424	0.089971
7775	0.089803
10256	0.089728
6677	0.089699
2751	0.089652
3968	0.089469
989	0.089459
4495	0.089316
9953	0.089238
3303	0.089236
11094	0.089230
2947	0.089228
4831	0.089083
3607	0.088977
4577	0.088845
4575	0.088845
4184	0.088812
180	0.088781
758	0.088735
87	0.088548
105	0.088392
10192	0.088310
10184	0.088310
1958	0.088126
948	0.088085
3776	0.088059
12174	0.088023
61	0.087974
9040	0.087916
12530	0.087860
2814	0.087834
1895	0.087829
6730	0.087760
8234	0.087750
9709	0.087644
2443	0.087604
2006	0.087533
4215	0.087478
1674	0.087472
3273	0.087429
11677	0.087424
4494	0.087424
4493	0.087424
3913	0.087416
2768	0.087342
5350	0.087090
10015	0.087029
13121	0.086946
4789	0.086946
4788	0.086946
1572	0.086892
1370	0.086369
7207	0.086054
12627	0.086039
2464	0.085942
584	0.085907
6819	0.085870
9418	0.085805
5394	0.085734
5790	0.085724
10713	0.085591
4781	0.085552
11475	0.085522
3966	0.085406
12386	0.085373
7287	0.085320
10701	0.085232
2275	0.085196
10265	0.085186
9788	0.085109
9970	0.085089
10559	0.085036
2639	0.084916
1969	0.084796
80	0.084726
1181	0.084716
6295	0.084707
4324	0.084654
3621	0.084218
3260	0.084213
10049	0.084208
1	0.084153
10168	0.084123
10022	0.084123
8036	0.084123
8026	0.084109
9787	0.084051
9786	0.084051
9785	0.084051
9784	0.084051
9783	0.084051
9782	0.084051
9781	0.084051
9778	0.084051
9280	0.084051
8585	0.084051
8567	0.084051
8553	0.084051
5914	0.084010
9689	0.083854
6465	0.083848
11655	0.083812
10930	0.083683
1083	0.083553
2411	0.083541
3568	0.083466
5619	0.083373
4511	0.083317
10071	0.083261
7369	0.083261
7803	0.083225
9444	0.083212
3832	0.083204
1378	0.083196
3060	0.083161
172	0.083158
6016	0.083131
2745	0.083125
13859	0.083103
3195	0.083084
5272	0.083069
1872	0.082996
4130	0.082842
494	0.082813
2172	0.082783
5300	0.082706
13222	0.082688
8974	0.082666
1752	0.082573
8439	0.082548
7435	0.082548
7180	0.082548
1380	0.082536
8438	0.082494
10264	0.082397
1905	0.082383
6299	0.082369
9465	0.082035
6292	0.081982
9316	0.081823
5257	0.081787
6680	0.081645
9251	0.081601
3336	0.081539
5608	0.081415
6592	0.081392
10240	0.081349
3037	0.081341
1762	0.081186
11923	0.081128
2737	0.081118
2501	0.081089
10511	0.081029
8892	0.080944
1281	0.080869
8611	0.080853
9757	0.080799
6321	0.080571
10637	0.080519
3712	0.080507
2766	0.080438
6198	0.080403
2594	0.080395
238	0.080393
13148	0.080376
13147	0.080376
7892	0.080376
6298	0.080376
6297	0.080376
3137	0.080322
9999	0.080299
398	0.080250
3700	0.080164
2311	0.080082
4159	0.079994
3023	0.079911
2971	0.079763
4229	0.079698
1842	0.079694
5649	0.079663
10523	0.079635
2754	0.079635
9957	0.079586
2752	0.079478
7070	0.079447
11197	0.079378
2784	0.079350
13918	0.079311
3313	0.079259
2755	0.079249
7714	0.079207
10064	0.078984
8979	0.078981
4160	0.078949
3265	0.078941
1497	0.078939
11803	0.078914
6649	0.078886
6647	0.078886
6646	0.078886
5610	0.078886
11925	0.078850
224	0.078832
12305	0.078823
4301	0.078681
1759	0.078587
4407	0.078574
307	0.078523
5913	0.078505
1760	0.078475
12740	0.078474
2360	0.078420
3654	0.078395
1379	0.078284
9700	0.078213
10708	0.078198
10369	0.078146
9796	0.078070
2761	0.078048
2055	0.077934
1148	0.077928
1376	0.077910
3171	0.077888
2829	0.077848
7200	0.077810
8887	0.077803
839	0.077729
6851	0.077713
3173	0.077685
7245	0.077632
5870	0.077495
6091	0.077448
6090	0.077448
102	0.077395
3472	0.077386
4566	0.077375
2694	0.077375
6089	0.077360
2426	0.077333
9673	0.077264
1501	0.077234
1742	0.077215
4131	0.077190
6322	0.077118
6824	0.077109
12896	0.077059
4513	0.077059
9334	0.077056
10870	0.077038
5305	0.076985
10573	0.076984
8899	0.076929
1668	0.076911
3011	0.076872
7549	0.076755
11415	0.076751
4574	0.076731
7227	0.076722
11111	0.076617
11981	0.076602
5287	0.076410
9958	0.076391
6278	0.076384
9247	0.076293
77	0.076249
8930	0.076249
9913	0.076245
266	0.076232
4883	0.076217
11809	0.076189
2306	0.076164
2237	0.076155
13242	0.076151
13241	0.076151
5595	0.076151
5594	0.076151
4491	0.076141
13239	0.076120
8514	0.076042
8505	0.076042
5598	0.076037
231	0.076015
8000	0.075977
166	0.075977
9780	0.075972
1482	0.075969
7659	0.075880
10574	0.075800
4135	0.075752
8732	0.075658
264	0.075637
11474	0.075591
8711	0.075586
169	0.075555
103	0.075553
4444	0.075494
4251	0.075487
565	0.075473
12131	0.075428
2641	0.075428
2640	0.075428
1502	0.075419
10546	0.075377
5590	0.075329
3386	0.075250
8180	0.075246
8710	0.075234
10084	0.075193
1161	0.075157
4573	0.075035
1173	0.074999
11425	0.074946
10379	0.074946
6178	0.074847
7072	0.074830
6012	0.074787
6138	0.074724
145	0.074713
1373	0.074690
5592	0.074673
1997	0.074648
2513	0.074623
12273	0.074592
502	0.074542
12845	0.074521
11556	0.074471
11626	0.074438
12139	0.074382
2363	0.074289
11682	0.074288
3200	0.074282
2515	0.074276
89	0.074268
2656	0.074260
9009	0.074229
8260	0.074229
14266	0.074220
3394	0.074196
12404	0.074157
8261	0.074114
12620	0.074040
3666	0.074024
12871	0.073952
10389	0.073933
13559	0.073895
9539	0.073735
13965	0.073701
239	0.073619
7654	0.073504
5382	0.073494
4483	0.073436
3120	0.073384
12031	0.073369
7073	0.073352
9333	0.073339
888	0.073288
3741	0.073234
1570	0.073226
5949	0.073164
7975	0.073163
6300	0.073154
142	0.073078
3588	0.072975
9337	0.072896
151	0.072873
5067	0.072866
4391	0.072866
4834	0.072816
10376	0.072717
9121	0.072652
9112	0.072652
4549	0.072463
12048	0.072416
106	0.072339
11514	0.072299
1090	0.072272
9279	0.072228
78	0.072216
7655	0.072196
12082	0.072005
1089	0.071977
10257	0.071946
3165	0.071918
5571	0.071888
10533	0.071875
6319	0.071851
10556	0.071838
2803	0.071828
1388	0.071810
10499	0.071775
2020	0.071681
1712	0.071660
243	0.071533
4624	0.071527
14406	0.071505
14405	0.071505
9741	0.071476
3310	0.071476
12275	0.071468
4177	0.071346
1479	0.071280
6081	0.071078
11896	0.070980
7954	0.070969
11643	0.070958
4408	0.070936
735	0.070900
5757	0.070865
3186	0.070841
1906	0.070775
6293	0.070762
10226	0.070760
3311	0.070740
11289	0.070724
7977	0.070702
10045	0.070675
12745	0.070669
4732	0.070644
6359	0.070642
8712	0.070642
8303	0.070642
8302	0.070642
7362	0.070642
6202	0.070578
2511	0.070528
11840	0.070490
6323	0.070478
2227	0.070422
5800	0.070389
3891	0.070380
5206	0.070324
3926	0.070287
7906	0.070197
11766	0.070177
7014	0.070114
2941	0.070100
8250	0.070063
2447	0.070055
6595	0.070041
10586	0.069953
4420	0.069936
7767	0.069924
12149	0.069896
8794	0.069873
549	0.069839
3314	0.069801
6889	0.069772
13944	0.069763
577	0.069719
11123	0.069653
11777	0.069651
9136	0.069571
171	0.069523
323	0.069493
10483	0.069491
13715	0.069416
6384	0.069416
81	0.069376
12213	0.069359
3612	0.069355
12626	0.069319
10206	0.069299
2454	0.069264
5849	0.069246
3397	0.069236
7673	0.069218
8020	0.069190
9735	0.069174
10589	0.069105
2030	0.069057
182	0.069030
12525	0.068990
268	0.068982
3974	0.068980
12113	0.068942
5460	0.068942
1789	0.068895
12388	0.068879
5717	0.068832
2278	0.068742
8973	0.068710
8968	0.068710
8967	0.068710
8948	0.068710
10204	0.068626
11842	0.068619
6486	0.068619
6603	0.068573
9582	0.068540
8076	0.068533
2013	0.068512
14418	0.068505
14417	0.068505
13284	0.068505
13152	0.068505
9795	0.068505
9793	0.068505
9792	0.068505
9791	0.068505
9789	0.068505
9745	0.068505
9163	0.068505
8614	0.068505
8613	0.068505
8177	0.068505
11708	0.068474
4163	0.068436
2219	0.068400
1489	0.068398
11843	0.068377
6998	0.068377
4327	0.068366
9188	0.068336
12559	0.068322
4005	0.068311
1755	0.068295
5840	0.068290
299	0.068235
2595	0.068170
11929	0.068169
1371	0.068109
3604	0.068071
974	0.068070
3211	0.068063
6383	0.068005
5404	0.067998
1989	0.067938
5294	0.067924
8042	0.067919
14250	0.067915
10558	0.067915
10555	0.067915
6968	0.067915
6344	0.067821
10694	0.067691
12416	0.067684
9268	0.067637
2290	0.067617
6970	0.067602
6147	0.067596
2424	0.067595
4132	0.067583
2864	0.067563
10885	0.067524
3500	0.067511
4786	0.067489
12492	0.067452
6890	0.067434
6005	0.067414
11007	0.067406
12033	0.067403
1242	0.067401
4572	0.067374
10244	0.067359
3328	0.067351
6019	0.067346
12686	0.067315
11804	0.067281
10432	0.067253
8845	0.067191
597	0.067158
10661	0.067156
6769	0.067148
13640	0.067147
1199	0.067137
9905	0.067125
8731	0.067090
1385	0.067078
8853	0.067034
10538	0.067034
10587	0.067029
2748	0.067024
186	0.066968
1609	0.066952
14091	0.066877
2213	0.066853
6105	0.066844
6604	0.066840
5243	0.066806
10557	0.066800
6567	0.066790
12898	0.066785
12571	0.066780
13112	0.066731
3279	0.066713
12781	0.066712
10154	0.066690
3840	0.066673
9157	0.066652
4434	0.066643
13098	0.066633
9106	0.066592
12718	0.066573
12146	0.066566
8582	0.066566
7599	0.066566
3695	0.066566
3694	0.066566
3616	0.066566
2874	0.066506
10884	0.066438
9862	0.066414
12238	0.066345
2214	0.066326
141	0.066316
12619	0.066310
9107	0.066249
2231	0.066163
10258	0.066141
2458	0.066091
4442	0.066072
3420	0.065985
1457	0.065940
12384	0.065934
11214	0.065928
7009	0.065862
2433	0.065807
2830	0.065797
5037	0.065784
4447	0.065772
9871	0.065770
7367	0.065760
8172	0.065745
3418	0.065733
5066	0.065726
5994	0.065725
7727	0.065725
7753	0.065723
7216	0.065723
3152	0.065721
539	0.065710
2270	0.065696
5591	0.065695
10722	0.065692
12771	0.065648
7683	0.065648
3390	0.065633
11693	0.065624
5464	0.065624
5995	0.065601
3046	0.065599
13114	0.065558
2524	0.065529
5907	0.065495
5884	0.065475
7215	0.065467
6599	0.065453
12452	0.065368
7231	0.065363
1769	0.065345
13592	0.065329
763	0.065318
4583	0.065313
11211	0.065270
13945	0.065259
4294	0.065211
10395	0.065138
8347	0.065135
7531	0.065114
12196	0.065092
1754	0.065092
2637	0.065088
6985	0.065074
12496	0.065047
13660	0.065034
10748	0.064988
9834	0.064988
11627	0.064959
4536	0.064926
5342	0.064923
5306	0.064923
2523	0.064865
4094	0.064792
2863	0.064784
247	0.064724
5908	0.064665
12445	0.064661
2256	0.064657
10288	0.064651
10554	0.064622
730	0.064597
5289	0.064585
12431	0.064582
13966	0.064581
3620	0.064569
12162	0.064564
13095	0.064528
6969	0.064528
3770	0.064502
6325	0.064420
12257	0.064403
12444	0.064389
13021	0.064386
5405	0.064386
8909	0.064356
3859	0.064355
7263	0.064353
6737	0.064338
11360	0.064336
12077	0.064308
6461	0.064308
3711	0.064308
2870	0.064302
1176	0.064274
5448	0.064272
14249	0.064265
9797	0.064214
13840	0.064153
4281	0.064142
13235	0.064140
11019	0.064117
6898	0.064054
2073	0.063988
10248	0.063956
11848	0.063955
14129	0.063954
5671	0.063932
3196	0.063929
11030	0.063920
11029	0.063920
13838	0.063910
2001	0.063886
6866	0.063829
72	0.063824
11463	0.063766
5650	0.063748
12123	0.063722
4339	0.063708
7911	0.063675
9860	0.063604
10682	0.063540
6593	0.063539
3321	0.063536
14228	0.063459
12034	0.063441
10495	0.063434
1876	0.063361
14025	0.063338
13820	0.063312
11237	0.063303
12232	0.063299
5194	0.063295
4530	0.063273
9989	0.063255
14328	0.063253
11550	0.063238
553	0.063232
1865	0.063232
7584	0.063215
3892	0.063205
11675	0.063187
1134	0.063175
4109	0.063154
13103	0.063128
13102	0.063128
13101	0.063128
13100	0.063128
153	0.063112
7489	0.063077
5737	0.063044
9480	0.063024
8533	0.063024
3322	0.063003
5461	0.062967
10455	0.062960
11196	0.062906
4586	0.062897
