960	0.262301
388	0.257724
592	0.230757
956	0.200371
4765	0.198183
963	0.197289
969	0.196692
3065	0.196237
11934	0.195957
2995	0.195365
971	0.194810
3332	0.191847
5854	0.191777
957	0.190666
954	0.190666
8730	0.189547
1584	0.189455
6714	0.189279
2665	0.188550
6471	0.186552
13324	0.186481
616	0.185378
958	0.184753
1393	0.181602
1506	0.177302
8422	0.177150
2663	0.176890
5170	0.172418
959	0.171897
4568	0.171858
3597	0.170173
6497	0.170070
2830	0.153002
2829	0.151164
1352	0.150403
5912	0.150155
10721	0.149220
6490	0.148662
13472	0.146666
9992	0.146512
12408	0.146245
558	0.145795
1935	0.144781
1507	0.141681
267	0.139229
9070	0.139020
12717	0.138846
10802	0.137091
5871	0.135380
7159	0.135057
4713	0.134906
5526	0.134240
2701	0.132650
5486	0.131911
967	0.131844
12672	0.131505
535	0.130074
387	0.129949
1803	0.128972
13174	0.128887
6660	0.128558
10632	0.128345
8091	0.128331
2547	0.127785
6910	0.127392
5608	0.127215
7152	0.127191
2548	0.126116
11011	0.124381
9944	0.124136
11175	0.123444
11343	0.123032
6849	0.122719
680	0.122660
3207	0.122032
10389	0.121393
1344	0.121334
10903	0.120915
1807	0.120889
5650	0.120474
5649	0.120407
10949	0.120074
2642	0.119967
12552	0.119293
7673	0.118788
11455	0.118718
11426	0.118718
3923	0.118407
9948	0.118377
12336	0.117902
4385	0.117748
6649	0.117603
6647	0.117603
6646	0.117603
5610	0.117603
11626	0.117461
13333	0.117202
13166	0.117038
4819	0.116689
964	0.116547
3078	0.116304
2799	0.116241
3851	0.115971
2473	0.115667
12162	0.115500
611	0.115158
6138	0.114939
2949	0.114584
1345	0.114558
562	0.114468
12597	0.113598
5994	0.113317
10682	0.113204
4536	0.112936
2594	0.112897
11094	0.112796
8462	0.112361
4292	0.112145
11523	0.112060
10675	0.111768
5567	0.111469
5491	0.111205
12153	0.111107
4702	0.111107
2796	0.111068
7022	0.110842
11188	0.109982
11187	0.109982
11189	0.109930
11312	0.109696
5427	0.109670
391	0.109653
12832	0.109395
3152	0.109204
8794	0.108726
11463	0.108711
9090	0.108517
12661	0.107991
14091	0.107979
14119	0.107892
10720	0.107764
12247	0.107718
1007	0.107432
9091	0.107015
961	0.106971
11711	0.106838
10717	0.106828
5995	0.106809
11901	0.106794
3163	0.106691
6729	0.106459
11724	0.105607
12253	0.105503
10687	0.105503
11556	0.105483
5061	0.105478
11494	0.105364
11497	0.105150
13606	0.105138
11419	0.105101
11218	0.105013
12821	0.104781
323	0.104671
10686	0.104623
6842	0.104514
265	0.104304
232	0.104180
10843	0.104027
11667	0.103639
12639	0.103390
11496	0.103272
12768	0.103197
8405	0.103117
4535	0.102949
11351	0.102853
10921	0.102722
10485	0.102686
3210	0.102651
12833	0.102140
12381	0.102095
10499	0.102046
10920	0.101323
11405	0.101142
13995	0.100897
10339	0.100851
12644	0.100814
5736	0.100762
2476	0.100261
10974	0.100234
4531	0.100166
11495	0.100161
12628	0.099714
10069	0.099602
3658	0.099536
12658	0.099415
11116	0.099415
2795	0.099415
2794	0.099415
10650	0.099388
12606	0.099319
2800	0.099216
12500	0.099208
12525	0.099207
2816	0.099132
4534	0.098898
2471	0.098862
5041	0.098541
11543	0.098514
3746	0.098266
10573	0.098112
9988	0.097958
12426	0.097946
10574	0.097801
11033	0.097511
12589	0.097435
11403	0.097404
6148	0.097404
11101	0.097403
10606	0.097352
4114	0.097313
12611	0.097204
12148	0.097110
7411	0.097110
11190	0.096949
11447	0.096784
5651	0.096758
8489	0.096688
11148	0.096569
5664	0.096389
264	0.096358
10476	0.096300
3273	0.096153
8054	0.095948
6887	0.095906
966	0.095891
12835	0.095803
11554	0.095606
10426	0.095555
11354	0.095261
7898	0.094987
11163	0.094941
3726	0.094875
5250	0.094678
12779	0.094548
10722	0.094394
4588	0.094235
5109	0.094206
9989	0.094162
12401	0.093980
5607	0.093974
4530	0.093836
12161	0.093799
11870	0.093799
11794	0.093799
11204	0.093799
11203	0.093799
6144	0.093799
6143	0.093799
6142	0.093799
6141	0.093799
5801	0.093728
11431	0.093620
10937	0.093183
5609	0.093149
3593	0.093063
11498	0.092921
10500	0.092854
4532	0.092737
462	0.092735
10388	0.092488
5903	0.092351
11457	0.092176
6290	0.092110
10195	0.091902
9847	0.091885
12495	0.091855
10166	0.091753
10927	0.091533
8622	0.091488
1733	0.091394
3451	0.091011
12147	0.090969
12562	0.090946
9169	0.090747
10484	0.090700
5670	0.090627
10464	0.090616
12769	0.090594
10141	0.090542
10035	0.090542
11474	0.090438
11846	0.090378
5784	0.090378
10049	0.090369
6690	0.090257
1963	0.090208
6140	0.090084
6139	0.090084
3213	0.089955
9915	0.089864
12436	0.089696
12580	0.089688
3418	0.089670
3266	0.089471
543	0.089384
9958	0.089358
12503	0.089356
3217	0.089311
12494	0.089221
3558	0.089109
11486	0.088829
4147	0.088675
10465	0.088618
7070	0.088516
11176	0.088494
8890	0.088142
5188	0.088065
8596	0.088061
9111	0.088010
10264	0.087877
10556	0.087788
3203	0.087713
4786	0.087637
10486	0.087203
11162	0.087059
3342	0.086735
9946	0.086723
5888	0.086716
3630	0.086667
12502	0.086633
5979	0.086559
11053	0.086543
13339	0.086430
6560	0.086363
11025	0.086306
5803	0.086203
5430	0.085827
10554	0.085806
6829	0.085760
8855	0.085621
2595	0.085240
1387	0.085206
12499	0.085163
7275	0.085144
12630	0.084885
7088	0.084722
6087	0.084717
11539	0.084615
13838	0.084491
13482	0.084241
4252	0.084048
5977	0.083994
10376	0.083879
11140	0.083821
12621	0.083782
11510	0.083663
12701	0.083545
5068	0.083486
8042	0.083449
14250	0.083431
10558	0.083431
10555	0.083431
6968	0.083431
5069	0.083407
2798	0.083352
9767	0.083309
11186	0.083307
10876	0.083098
1579	0.083049
965	0.082943
10613	0.082916
10042	0.082799
7733	0.082789
8947	0.082788
4300	0.082727
13121	0.082533
4789	0.082533
4788	0.082533
11154	0.082376
14249	0.082354
8003	0.082340
9857	0.082335
12526	0.082121
617	0.082077
3390	0.082005
4787	0.081994
12594	0.081811
7505	0.081772
6622	0.081764
3621	0.081738
13260	0.081733
13259	0.081733
12167	0.081733
8573	0.081733
6135	0.081724
5957	0.081655
12496	0.081427
12710	0.081348
10188	0.081287
12773	0.081260
11485	0.081154
7801	0.081127
8654	0.081074
8653	0.081074
12409	0.081062
11585	0.080988
2301	0.080970
11568	0.080874
10557	0.080868
886	0.080842
9972	0.080790
7762	0.080577
14063	0.080384
12145	0.080371
10515	0.080371
5956	0.080371
9564	0.080357
3566	0.080357
1619	0.080296
1359	0.080271
13361	0.080119
5978	0.079892
11007	0.079891
12238	0.079882
2435	0.079657
9983	0.079628
9982	0.079606
5982	0.079281
10432	0.079266
4933	0.079203
5969	0.079172
4221	0.079126
12624	0.079035
1923	0.078903
5007	0.078858
3764	0.078808
9996	0.078791
8513	0.078769
7154	0.078740
10523	0.078635
10894	0.078617
11346	0.078510
8887	0.078216
5983	0.078205
10074	0.078182
6043	0.078127
9694	0.078082
6877	0.078014
1924	0.077964
5447	0.077933
12560	0.077905
5870	0.077841
3845	0.077767
6737	0.077642
10970	0.077631
4887	0.077615
13111	0.077582
13109	0.077582
9959	0.077582
9960	0.077573
10860	0.077569
8909	0.077539
12605	0.077487
9094	0.077464
9093	0.077464
9092	0.077464
9065	0.077464
12388	0.077438
5970	0.077427
5717	0.077427
3135	0.077423
13169	0.077422
13141	0.077422
482	0.077377
12553	0.077237
10125	0.077217
7403	0.077179
998	0.077173
6289	0.077090
7140	0.077032
11290	0.076916
9596	0.076731
12638	0.076664
567	0.076532
10104	0.076529
10075	0.076418
11211	0.076371
10292	0.076336
10978	0.076307
13861	0.076276
13860	0.076276
8191	0.076276
12431	0.076264
13095	0.076231
6969	0.076231
12497	0.076046
12404	0.076025
7094	0.076009
4295	0.075960
429	0.075943
13820	0.075863
4856	0.075857
2094	0.075791
4194	0.075784
1934	0.075740
4031	0.075721
4674	0.075688
12314	0.075638
8749	0.075637
8748	0.075637
13151	0.075358
12200	0.075226
5856	0.075225
10046	0.075188
13887	0.075155
8070	0.075011
736	0.075011
3784	0.074816
5112	0.074698
4738	0.074613
7183	0.074588
11487	0.074560
5512	0.074536
7024	0.074490
8886	0.074451
11754	0.074444
10735	0.074359
12262	0.074073
10212	0.074066
277	0.073922
738	0.073917
1609	0.073905
14109	0.073791
10736	0.073791
3077	0.073593
419	0.073578
10658	0.073531
14111	0.073517
14080	0.073517
11920	0.073476
3927	0.073476
3868	0.073476
9766	0.073446
9765	0.073446
12579	0.073437
3848	0.073396
11970	0.073367
4523	0.073314
9747	0.073063
13165	0.073036
110	0.073035
4349	0.073027
4673	0.073005
11394	0.072985
12551	0.072968
6449	0.072922
11415	0.072910
11448	0.072892
5254	0.072787
4354	0.072662
10768	0.072655
8359	0.072583
8358	0.072583
11237	0.072525
12633	0.072257
12362	0.072217
9971	0.071963
11528	0.071952
10657	0.071880
11555	0.071877
14203	0.071806
13907	0.071806
13906	0.071806
13407	0.071806
11171	0.071806
8372	0.071806
7978	0.071806
3942	0.071806
8144	0.071792
10911	0.071663
1669	0.071619
11066	0.071591
10428	0.071588
6234	0.071570
6728	0.071556
12554	0.071527
1378	0.071374
9998	0.071358
11375	0.071342
6783	0.071339
6785	0.071318
6946	0.071240
10496	0.071228
11121	0.071197
3280	0.071179
9691	0.071145
10781	0.070985
11829	0.070964
4525	0.070964
7721	0.070952
12760	0.070946
12787	0.070884
12823	0.070794
11490	0.070782
8336	0.070730
9826	0.070712
1363	0.070643
9825	0.070606
3202	0.070573
5946	0.070563
7720	0.070545
4712	0.070466
12237	0.070402
3326	0.070399
10024	0.070349
10784	0.070303
10250	0.070285
12249	0.070272
5008	0.070272
10048	0.070271
5514	0.070218
11575	0.070211
3929	0.070158
3928	0.070158
10259	0.070126
12421	0.070041
10269	0.070041
10266	0.070041
10262	0.070041
10261	0.070041
11476	0.070039
10267	0.069961
12459	0.069929
12598	0.069823
12754	0.069790
10450	0.069757
12505	0.069713
11439	0.069686
10586	0.069652
7930	0.069652
10263	0.069634
1737	0.069570
11301	0.069546
10313	0.069460
9835	0.069377
14347	0.069362
4376	0.069280
2586	0.069214
10649	0.069185
9990	0.069113
10435	0.069077
7267	0.069009
12776	0.068999
12667	0.068994
8045	0.068849
11132	0.068831
9158	0.068817
3261	0.068801
6758	0.068792
5525	0.068760
11919	0.068711
1618	0.068705
10468	0.068688
244	0.068678
12548	0.068616
7139	0.068588
10740	0.068524
4177	0.068496
12698	0.068393
9955	0.068366
13765	0.068362
1828	0.068333
533	0.068188
10819	0.068179
3633	0.068172
9720	0.068148
4218	0.068139
7290	0.068097
11145	0.068093
9827	0.067983
2674	0.067980
8043	0.067957
7535	0.067925
10318	0.067923
12109	0.067890
5948	0.067890
8324	0.067887
1108	0.067816
7166	0.067780
5622	0.067771
10127	0.067764
1848	0.067670
581	0.067514
13567	0.067503
5731	0.067503
5730	0.067503
5726	0.067503
5723	0.067503
5722	0.067503
5721	0.067503
5681	0.067503
10859	0.067494
10818	0.067490
11969	0.067463
13619	0.067345
4339	0.067305
1538	0.067115
12792	0.067102
12567	0.067068
9756	0.066877
6613	0.066832
12063	0.066665
11173	0.066628
4395	0.066626
4832	0.066585
12789	0.066472
12807	0.066468
11477	0.066463
5894	0.066444
2944	0.066425
11529	0.066409
11491	0.066256
10293	0.066235
10033	0.066235
11056	0.066233
4213	0.066228
9964	0.066126
6727	0.066125
12659	0.066076
3822	0.066064
8943	0.066025
13580	0.065939
12791	0.065936
12788	0.065936
10305	0.065884
13314	0.065846
6908	0.065813
12795	0.065731
8343	0.065688
1172	0.065632
4558	0.065607
7523	0.065559
4327	0.065530
8900	0.065433
12822	0.065296
11878	0.065295
10841	0.065129
4337	0.065088
2770	0.065033
7864	0.065019
10528	0.064971
612	0.064916
13607	0.064912
13363	0.064911
11475	0.064845
11172	0.064777
12709	0.064747
5897	0.064734
3208	0.064726
10924	0.064661
11141	0.064661
4664	0.064650
6123	0.064643
5350	0.064568
10138	0.064539
4477	0.064514
1728	0.064466
6810	0.064443
517	0.064438
10475	0.064402
10531	0.064400
4433	0.064390
13332	0.064390
477	0.064383
6499	0.064373
12627	0.064340
12393	0.064328
6366	0.064283
12187	0.064267
12587	0.064237
11467	0.064231
10548	0.064219
5513	0.064213
434	0.064184
11509	0.064161
3858	0.064131
7819	0.064099
12782	0.064079
5921	0.064057
737	0.063958
12458	0.063955
13721	0.063946
13709	0.063946
7037	0.063880
10268	0.063866
7137	0.063851
10916	0.063698
286	0.063677
6569	0.063665
3312	0.063648
11570	0.063501
12804	0.063448
5905	0.063440
12770	0.063371
511	0.063263
3485	0.063223
11441	0.063207
5616	0.063205
7553	0.063178
13358	0.063168
11464	0.063142
4326	0.063122
6919	0.063041
1332	0.063009
12396	0.062991
10772	0.062974
7807	0.062951
2319	0.062923
12694	0.062917
9961	0.062859
11918	0.062809
12501	0.062775
10852	0.062752
12571	0.062659
13716	0.062644
12622	0.062592
9450	0.062553
11117	0.062522
11342	0.062504
10746	0.062504
8797	0.062496
6308	0.062479
12293	0.062469
7181	0.062469
6809	0.062441
13547	0.062417
13546	0.062417
13368	0.062417
11542	0.062404
10526	0.062383
13441	0.062359
11522	0.062351
10674	0.062186
13559	0.062123
12666	0.062075
7732	0.062059
10479	0.062053
4591	0.062048
574	0.062024
3543	0.061954
10609	0.061924
11234	0.061915
12744	0.061866
11283	0.061856
1551	0.061786
3489	0.061777
11260	0.061777
10157	0.061777
10295	0.061749
14060	0.061741
9026	0.061717
13592	0.061694
5720	0.061583
1829	0.061581
3486	0.061577
227	0.061574
13249	0.061568
13248	0.061568
4403	0.061568
11259	0.061548
6208	0.061547
9917	0.061510
9349	0.061462
5174	0.061442
4405	0.061416
3350	0.061411
11352	0.061333
12662	0.061291
7370	0.061257
4847	0.061257
3341	0.061247
11179	0.061170
4155	0.061134
3334	0.061068
12619	0.060986
962	0.060943
13737	0.060769
8314	0.060737
1925	0.060722
8040	0.060700
11086	0.060673
13375	0.060541
13685	0.060535
13684	0.060535
13683	0.060535
13565	0.060535
13374	0.060515
13373	0.060515
12566	0.060475
10587	0.060471
12812	0.060455
13404	0.060414
12542	0.060404
3323	0.060386
12660	0.060356
740	0.060331
11747	0.060251
12897	0.060228
10511	0.060136
9952	0.060085
6479	0.060084
10747	0.060080
10483	0.060063
5690	0.060060
733	0.060017
12680	0.060015
7245	0.059994
5692	0.059922
2886	0.059916
12301	0.059835
10349	0.059720
5362	0.059698
5361	0.059698
5360	0.059698
5734	0.059509
11456	0.059499
7010	0.059471
7068	0.059457
11530	0.059456
10907	0.059447
10375	0.059417
12410	0.059345
4872	0.059300
7221	0.059282
11595	0.059273
12604	0.059225
6124	0.059084
12704	0.059050
13640	0.058993
4699	0.058979
12626	0.058977
10933	0.058928
5502	0.058866
1009	0.058832
10681	0.058793
529	0.058758
11797	0.058726
11561	0.058706
10961	0.058692
7825	0.058689
9725	0.058600
12729	0.058581
11574	0.058486
13891	0.058433
12577	0.058410
8958	0.058401
5457	0.058376
706	0.058192
10863	0.058133
3918	0.058113
11583	0.058102
12654	0.058083
1362	0.058081
9396	0.058081
4481	0.058081
4478	0.058050
10451	0.058042
11513	0.058000
12815	0.057949
7947	0.057934
2007	0.057922
9950	0.057869
9389	0.057823
13331	0.057816
10862	0.057794
6954	0.057768
3324	0.057762
13863	0.057646
2888	0.057646
8103	0.057597
10692	0.057476
5129	0.057422
10492	0.057419
1036	0.057414
9074	0.057372
7165	0.057367
6266	0.057359
11521	0.057353
11010	0.057345
6854	0.057303
10495	0.057293
4945	0.057255
2465	0.057171
3442	0.057130
12798	0.057116
11589	0.057083
10527	0.056899
9434	0.056896
711	0.056896
710	0.056896
