3837	0.151092
342	0.143800
2105	0.142207
9462	0.139414
9135	0.139142
9710	0.138837
1	0.137656
6295	0.136810
11858	0.136278
7933	0.136216
347	0.136216
9439	0.136146
12252	0.135098
9623	0.133835
4538	0.133552
1375	0.132165
2658	0.131997
2758	0.131214
9706	0.131164
82	0.129408
1285	0.129161
14415	0.127963
9277	0.127963
307	0.127670
5347	0.126975
1673	0.126518
7774	0.125688
5641	0.125688
5642	0.125688
6149	0.124791
2422	0.124445
1458	0.124399
2958	0.124200
5423	0.124126
9457	0.124052
4152	0.124052
6081	0.123820
9711	0.123784
9708	0.123784
9707	0.123784
9705	0.123784
9703	0.123784
9699	0.123734
2820	0.123550
5272	0.123358
11607	0.122881
235	0.122777
4305	0.122651
9702	0.122194
4542	0.122097
4294	0.122083
565	0.121156
8712	0.120555
8303	0.120555
8302	0.120555
7362	0.120555
6359	0.120555
5123	0.120488
6202	0.120486
11999	0.120423
4304	0.120419
4302	0.120419
14407	0.120283
8892	0.120269
3710	0.120004
9367	0.119082
9174	0.119052
4128	0.118759
7830	0.118598
5296	0.118443
8451	0.118443
241	0.118427
9704	0.118009
3741	0.117573
7288	0.117441
224	0.116981
9713	0.116915
14416	0.116737
7752	0.116541
12348	0.116438
6532	0.115848
2052	0.115776
8709	0.115610
8615	0.115472
532	0.115338
4106	0.115181
6896	0.115147
8352	0.115109
8351	0.115109
2957	0.115109
2956	0.115109
7872	0.115105
13850	0.115029
2423	0.114686
2902	0.114599
7757	0.114268
4105	0.114225
6895	0.114188
5990	0.114091
6557	0.114040
8732	0.113900
8711	0.113864
8710	0.113837
9176	0.113515
8809	0.113515
1233	0.113401
7770	0.113120
4231	0.113111
2748	0.112830
8676	0.112630
1293	0.112588
2621	0.112362
6695	0.112355
74	0.112320
13076	0.111804
1979	0.111762
7606	0.111706
3613	0.111442
2426	0.110712
4640	0.110602
9480	0.110575
8533	0.110575
5790	0.110557
12868	0.110368
9242	0.110368
9241	0.110368
9240	0.110368
6696	0.110368
155	0.109960
5219	0.109634
9787	0.109576
9786	0.109576
9785	0.109576
9784	0.109576
9783	0.109576
9782	0.109576
9781	0.109576
9778	0.109576
9280	0.109576
8585	0.109576
8567	0.109576
8553	0.109576
4652	0.109515
6465	0.109434
1785	0.109108
2765	0.108971
758	0.108859
9709	0.108798
1997	0.108753
1419	0.108413
876	0.108233
8625	0.108112
9244	0.108002
11989	0.107943
9199	0.107822
4168	0.107723
14406	0.107633
14405	0.107633
12034	0.107425
2783	0.107244
8611	0.107197
7767	0.106979
4511	0.106916
9177	0.106765
9248	0.106526
888	0.106525
4559	0.106422
8076	0.106325
8180	0.106175
8604	0.106104
10467	0.105960
14418	0.105918
14417	0.105918
13284	0.105918
13152	0.105918
9795	0.105918
9793	0.105918
9792	0.105918
9791	0.105918
9789	0.105918
9745	0.105918
9163	0.105918
8614	0.105918
8613	0.105918
8177	0.105918
4163	0.105913
406	0.105773
9121	0.105763
9112	0.105763
153	0.105737
10220	0.105522
10326	0.105398
1635	0.105372
7458	0.105265
7659	0.105095
3225	0.105016
9143	0.104996
6242	0.104996
9506	0.104972
392	0.104908
14358	0.104838
6278	0.104833
8845	0.104604
9913	0.104529
6317	0.104518
5461	0.104503
11100	0.104484
1254	0.104304
13050	0.103941
3398	0.103867
3209	0.103834
5618	0.103695
5617	0.103695
2265	0.103687
3588	0.103498
417	0.103493
4485	0.103381
730	0.103375
7263	0.103262
10466	0.103244
989	0.103196
11658	0.103158
2452	0.103010
4281	0.102973
14266	0.102634
13265	0.102625
1457	0.102596
3321	0.102498
9152	0.102495
4126	0.102457
9239	0.102427
3712	0.102313
3322	0.102063
9218	0.101920
6307	0.101688
4142	0.101670
3007	0.101541
9673	0.101479
1656	0.101356
8335	0.101163
6889	0.101057
13515	0.101031
3974	0.100691
2064	0.100659
1420	0.100659
7449	0.100618
5996	0.100612
2523	0.100599
3292	0.100528
8412	0.100368
1853	0.100242
9780	0.100203
9788	0.100192
468	0.100059
9645	0.100029
12101	0.099899
9319	0.099895
8972	0.099808
9775	0.099739
6725	0.099724
9957	0.099434
10661	0.099372
8584	0.099332
1486	0.099323
4306	0.099321
10286	0.099278
6891	0.099169
7617	0.099102
2020	0.099034
5424	0.098900
2816	0.098863
107	0.098839
6806	0.098737
5813	0.098709
2952	0.098675
4766	0.098613
7827	0.098546
9226	0.098536
9217	0.098536
8534	0.098536
86	0.098470
125	0.098322
12352	0.098202
2631	0.098186
3430	0.098186
1960	0.097982
11016	0.097849
4140	0.097790
5523	0.097695
2768	0.097516
51	0.097377
5625	0.097342
2109	0.097336
352	0.097311
3328	0.097229
56	0.096870
5456	0.096769
9251	0.096745
9413	0.096613
11379	0.096576
12909	0.096553
8982	0.096486
8032	0.096466
6441	0.096409
9726	0.096356
7480	0.096329
12077	0.096119
6461	0.096119
3711	0.096119
1346	0.096103
8452	0.095930
8449	0.095930
13235	0.095918
2046	0.095871
9794	0.095637
1030	0.095630
4665	0.095481
14382	0.095223
3389	0.095007
7915	0.094931
2274	0.094816
2812	0.094740
4882	0.094675
9700	0.094610
7954	0.094427
6255	0.094361
2264	0.094290
6102	0.094238
4136	0.094203
1992	0.094056
3952	0.094028
788	0.093913
1321	0.093867
3592	0.093839
2128	0.093780
7227	0.093716
9464	0.093699
8517	0.093699
8516	0.093699
4139	0.093699
4138	0.093699
1510	0.093625
1893	0.093565
12012	0.093510
6082	0.093487
2097	0.093365
13944	0.093328
9393	0.093327
4767	0.093300
1118	0.093282
4666	0.093276
3700	0.093111
6571	0.092999
3611	0.092985
171	0.092735
7654	0.092685
304	0.092478
1283	0.092369
2110	0.092317
5286	0.092146
1867	0.092101
11425	0.091958
10379	0.091958
3679	0.091875
4537	0.091716
5177	0.091653
4407	0.091643
8176	0.091482
4625	0.091482
5433	0.091463
9748	0.091394
6197	0.091383
2420	0.091366
13320	0.091352
3925	0.091219
6501	0.091177
5777	0.091095
8439	0.091044
7435	0.091044
7180	0.091044
8438	0.091002
3498	0.090933
7880	0.090829
2745	0.090804
7655	0.090781
4301	0.090678
2450	0.090653
9761	0.090607
9995	0.090563
9751	0.090476
7200	0.090445
8207	0.090032
6113	0.089918
12226	0.089913
3969	0.089913
2411	0.089904
823	0.089843
6192	0.089759
4781	0.089588
1284	0.089572
10097	0.089514
1266	0.089449
9729	0.089444
4120	0.089368
71	0.089300
6913	0.089292
4414	0.089269
2815	0.089189
3913	0.089141
7879	0.089069
4412	0.089040
5741	0.088918
3767	0.088882
6587	0.088770
1900	0.088744
73	0.088675
13270	0.088589
1755	0.088541
4357	0.088521
1187	0.088464
1691	0.088448
5476	0.088268
1331	0.088204
2042	0.088154
3142	0.088145
4883	0.087953
9204	0.087948
8592	0.087948
8026	0.087934
1228	0.087908
229	0.087903
1536	0.087901
13533	0.087899
13532	0.087899
13531	0.087899
874	0.087897
9779	0.087876
11739	0.087835
2458	0.087739
8847	0.087717
12325	0.087686
12136	0.087686
12288	0.087588
5838	0.087588
7266	0.087574
7586	0.087535
3432	0.087503
848	0.087457
1905	0.087441
2040	0.087421
1768	0.087396
4650	0.087285
1249	0.087229
5636	0.087210
13448	0.087158
414	0.087110
1320	0.087005
4651	0.086976
14404	0.086969
14400	0.086969
8143	0.086969
8096	0.086969
12234	0.086947
2014	0.086813
7906	0.086784
5305	0.086753
11531	0.086752
13456	0.086693
13342	0.086693
7323	0.086552
79	0.086467
8000	0.086379
10748	0.086352
9834	0.086352
1640	0.086216
1800	0.086101
679	0.086088
2376	0.086057
14414	0.086035
14413	0.086035
14412	0.086035
14411	0.086035
9755	0.086035
9754	0.086035
9752	0.086035
9750	0.086035
8590	0.086035
8589	0.086035
8588	0.086035
8587	0.086035
8586	0.086035
8527	0.086035
8446	0.086035
8117	0.086035
7780	0.086035
5839	0.086035
14380	0.085994
8075	0.085994
1782	0.085880
2018	0.085713
13054	0.085656
7956	0.085529
13600	0.085467
5204	0.085461
5302	0.085447
10518	0.085389
9304	0.085386
349	0.085377
8004	0.085363
10243	0.085177
112	0.085096
2968	0.085012
343	0.084915
9232	0.084908
9379	0.084821
2447	0.084595
5535	0.084585
3067	0.084557
2962	0.084448
3590	0.084436
814	0.084362
4922	0.084275
1478	0.084249
8792	0.084217
6251	0.084210
6249	0.084210
1132	0.084181
353	0.084173
13698	0.083960
13544	0.083960
1376	0.083829
10582	0.083616
10377	0.083543
6623	0.083515
10378	0.083492
4753	0.083443
2107	0.083422
10405	0.083316
2828	0.083289
943	0.083248
239	0.083222
9201	0.083213
129	0.083139
4135	0.083139
12210	0.083049
3283	0.083033
11048	0.082994
11944	0.082957
4364	0.082939
9686	0.082937
3420	0.082876
13321	0.082873
169	0.082870
6656	0.082805
8928	0.082753
9753	0.082665
8334	0.082619
100	0.082604
1158	0.082597
14342	0.082596
4958	0.082588
268	0.082511
2015	0.082485
12030	0.082443
1231	0.082395
7888	0.082358
2954	0.082300
4334	0.082277
1942	0.082250
1247	0.082127
1291	0.082069
2887	0.082068
1786	0.082039
10231	0.081980
4131	0.081965
1112	0.081826
348	0.081725
4825	0.081608
9843	0.081546
534	0.081442
9316	0.081432
5442	0.081415
1265	0.081398
9578	0.081356
72	0.081187
14395	0.081186
7891	0.081186
4460	0.081140
3195	0.081127
8531	0.081117
1467	0.081100
13578	0.080962
13576	0.080962
13390	0.080962
14399	0.080913
3212	0.080799
7556	0.080738
6434	0.080738
1309	0.080730
2708	0.080712
141	0.080705
4241	0.080653
879	0.080653
12069	0.080567
2329	0.080539
13442	0.080528
12135	0.080489
9014	0.080414
404	0.080373
9207	0.080367
9205	0.080367
8528	0.080367
5090	0.080321
1290	0.080320
8097	0.080311
3255	0.080304
1232	0.080248
1229	0.080248
9178	0.080243
8464	0.080226
11682	0.080123
2182	0.080118
238	0.080098
9041	0.080066
2286	0.080027
14401	0.079992
14388	0.079992
14386	0.079992
8123	0.079992
1092	0.079985
540	0.079827
2630	0.079746
13651	0.079627
11866	0.079623
4442	0.079505
11566	0.079438
12146	0.079395
8582	0.079395
7599	0.079395
3695	0.079395
3694	0.079395
3616	0.079395
1133	0.079375
3892	0.079330
1497	0.079267
1437	0.079212
9073	0.079197
9864	0.079168
5117	0.079133
3093	0.079132
524	0.079087
351	0.079059
1280	0.079052
10240	0.079027
7510	0.078896
3979	0.078811
4087	0.078804
12139	0.078758
1165	0.078721
936	0.078703
596	0.078644
6823	0.078626
3270	0.078599
648	0.078590
13603	0.078582
13238	0.078582
9553	0.078582
2959	0.078582
12103	0.078582
10664	0.078570
9818	0.078486
9693	0.078486
1780	0.078339
2047	0.078288
3739	0.078232
1958	0.078197
13541	0.078085
2455	0.078062
233	0.077972
2019	0.077960
1526	0.077951
1889	0.077951
5062	0.077818
1269	0.077809
2114	0.077698
10293	0.077669
11758	0.077658
891	0.077633
1380	0.077594
9414	0.077583
14379	0.077552
5287	0.077524
9633	0.077514
9630	0.077514
9628	0.077514
9626	0.077514
9625	0.077514
9624	0.077514
9622	0.077514
9621	0.077514
9620	0.077514
9619	0.077514
9618	0.077514
9615	0.077514
9482	0.077514
9062	0.077487
12201	0.077483
503	0.077441
13394	0.077407
3924	0.077394
6034	0.077363
1444	0.077332
5619	0.077292
1297	0.077233
1781	0.077223
2280	0.077146
651	0.077139
80	0.077042
6756	0.077020
13545	0.077016
9610	0.076976
7491	0.076922
4541	0.076908
10592	0.076771
12070	0.076725
231	0.076651
211	0.076539
4916	0.076520
3276	0.076491
2960	0.076418
4416	0.076349
5488	0.076246
11653	0.076223
9797	0.076090
8164	0.076049
7389	0.076049
6685	0.076049
6612	0.076049
6611	0.076049
13334	0.076028
11733	0.076022
981	0.076020
5013	0.076007
9307	0.076007
796	0.075983
8165	0.075983
11681	0.075941
12131	0.075877
2641	0.075877
2640	0.075877
726	0.075754
3677	0.075752
5459	0.075728
2275	0.075719
877	0.075689
3507	0.075652
3745	0.075348
11976	0.075333
12053	0.075324
14103	0.075321
8495	0.075321
3994	0.075225
4865	0.075159
5768	0.075142
2600	0.075084
1287	0.075071
7131	0.075055
5789	0.074988
2022	0.074967
1310	0.074963
12687	0.074746
1919	0.074666
6393	0.074623
10218	0.074610
3279	0.074556
6277	0.074555
6035	0.074549
492	0.074493
5743	0.074420
5182	0.074412
9855	0.074371
8713	0.074371
11803	0.074306
1304	0.074167
5782	0.074163
12310	0.074054
918	0.074040
1966	0.073994
2522	0.073875
3991	0.073875
4571	0.073835
2073	0.073793
3615	0.073785
8870	0.073718
9198	0.073663
3692	0.073660
1088	0.073616
3747	0.073565
489	0.073532
1520	0.073500
1434	0.073462
10098	0.073414
11905	0.073371
7090	0.073158
6521	0.073153
4121	0.073122
10101	0.073057
7560	0.073007
2451	0.072881
2955	0.072879
2953	0.072879
1305	0.072874
9334	0.072801
10216	0.072769
2755	0.072731
11111	0.072709
10294	0.072708
948	0.072493
1371	0.072464
847	0.072426
3390	0.072282
2141	0.072272
13036	0.072220
13400	0.072202
8535	0.072182
10682	0.072167
11680	0.072140
2160	0.072136
4461	0.072119
9563	0.072073
2775	0.072051
2538	0.072027
9366	0.072019
9365	0.072019
9364	0.072019
9363	0.072019
9359	0.072019
8869	0.072019
8849	0.072019
8848	0.072019
8846	0.072019
2062	0.071975
4240	0.071929
5091	0.071926
12041	0.071923
7740	0.071915
830	0.071879
716	0.071829
1317	0.071826
6299	0.071712
9613	0.071679
4418	0.071654
3423	0.071636
8661	0.071514
3000	0.071442
9869	0.071404
2539	0.071352
93	0.071301
4663	0.071268
1307	0.071246
609	0.071214
9010	0.071201
6839	0.071194
11849	0.071162
2660	0.071138
6364	0.071039
8014	0.071011
11289	0.070939
2599	0.070924
12295	0.070905
6243	0.070905
2754	0.070790
12273	0.070785
8876	0.070759
9297	0.070657
5034	0.070562
9360	0.070562
1537	0.070440
2424	0.070425
3002	0.070396
7420	0.070375
13353	0.070361
2323	0.070359
158	0.070357
7406	0.070350
13455	0.070314
7640	0.070314
9993	0.070310
2188	0.070275
5033	0.070242
12010	0.070206
6473	0.070154
9327	0.070141
950	0.070123
9102	0.070078
2773	0.070039
12694	0.070020
11708	0.069965
13476	0.069954
974	0.069858
1788	0.069760
12023	0.069754
4170	0.069721
13665	0.069699
1528	0.069671
14353	0.069582
1777	0.069561
7569	0.069529
12420	0.069503
1479	0.069401
425	0.069384
2659	0.069335
12204	0.069321
6904	0.069317
9175	0.069299
9173	0.069299
8831	0.069299
8830	0.069299
7688	0.069299
1976	0.069271
5197	0.069271
1267	0.069262
1051	0.069259
9612	0.069118
12296	0.069100
6244	0.069100
9982	0.069085
9685	0.069068
9983	0.069060
13159	0.069051
12721	0.069051
13621	0.069034
9311	0.069019
5348	0.068955
1774	0.068940
3383	0.068919
3704	0.068902
8223	0.068795
10030	0.068774
3751	0.068761
3750	0.068761
12050	0.068741
1791	0.068650
6094	0.068642
7222	0.068634
10279	0.068604
1377	0.068593
6292	0.068582
4838	0.068570
3709	0.068529
1131	0.068507
6986	0.068505
1711	0.068453
5300	0.068331
1760	0.068326
10511	0.068322
9715	0.068318
761	0.068292
10725	0.068256
5407	0.068092
2917	0.068026
3654	0.067965
12338	0.067893
3176	0.067865
6198	0.067840
4549	0.067818
2852	0.067788
13635	0.067739
13548	0.067739
13148	0.067735
13147	0.067735
7892	0.067735
6298	0.067735
6297	0.067735
1524	0.067709
221	0.067688
1522	0.067682
12076	0.067680
1531	0.067680
1525	0.067680
1523	0.067680
5452	0.067670
3666	0.067660
9999	0.067659
11799	0.067644
1143	0.067633
6610	0.067582
6608	0.067582
1111	0.067534
6920	0.067531
7381	0.067531
9069	0.067525
9068	0.067525
9067	0.067525
12954	0.067501
10277	0.067471
2814	0.067469
1114	0.067467
1119	0.067465
4587	0.067449
