221	0.192808
1119	0.190512
1120	0.190281
13247	0.189713
1115	0.187881
2105	0.183141
5642	0.178882
7774	0.178881
5641	0.178881
5347	0.178782
1133	0.164576
1121	0.160618
11989	0.152890
1118	0.152187
1419	0.149986
876	0.149827
115	0.149823
6430	0.149190
1123	0.149190
2097	0.148999
14233	0.148219
1136	0.148219
9623	0.146898
13265	0.145651
11658	0.145284
3389	0.141693
9462	0.141331
11858	0.140971
2600	0.140638
9439	0.140611
1420	0.139605
4542	0.139437
3837	0.137756
2820	0.136212
2958	0.135410
1673	0.134958
2052	0.133461
7526	0.133128
8864	0.133117
8863	0.133117
8583	0.133117
8124	0.133117
7904	0.133117
7903	0.133117
7902	0.133117
7901	0.133117
7900	0.133117
7899	0.133117
7897	0.133117
7896	0.133117
7895	0.133117
6838	0.132528
4538	0.131023
2174	0.130380
4537	0.130065
1117	0.129626
2107	0.128766
2110	0.128528
8615	0.128506
1132	0.127949
2828	0.127164
5546	0.125838
12036	0.125802
114	0.125689
2114	0.125157
4304	0.123511
4302	0.123511
11999	0.123505
1836	0.122990
2102	0.122348
7872	0.121550
8352	0.121539
8351	0.121539
2957	0.121539
2956	0.121539
4106	0.121464
4105	0.120570
2128	0.119897
12348	0.119836
11607	0.119822
6895	0.119502
2968	0.118781
877	0.118777
121	0.118750
2521	0.118615
2952	0.118311
1135	0.117972
7288	0.117408
13850	0.117182
6896	0.116298
2109	0.116196
13394	0.116152
2111	0.114294
2902	0.113412
2170	0.113012
13557	0.113002
13556	0.113002
9385	0.112924
7295	0.112886
2108	0.111867
222	0.111622
1109	0.111363
498	0.110282
7020	0.109386
295	0.108929
9794	0.108170
2175	0.107806
12873	0.107701
2113	0.107639
6378	0.107500
6482	0.107120
3778	0.106448
713	0.105894
5433	0.105867
7676	0.105135
7453	0.104363
6532	0.104321
861	0.102976
469	0.102955
7913	0.102804
5968	0.102804
470	0.102804
8531	0.102673
4922	0.102539
2382	0.102469
2182	0.101719
5967	0.101623
5413	0.100752
235	0.100622
12286	0.099309
8661	0.099275
13738	0.098909
13731	0.098909
13706	0.098908
11914	0.098749
13707	0.098623
6102	0.098073
2124	0.096632
4305	0.096403
12909	0.096347
9413	0.096326
7757	0.096273
8076	0.096210
352	0.096137
9248	0.096109
4163	0.096103
14418	0.096091
14417	0.096091
13284	0.096091
13152	0.096091
9795	0.096091
9793	0.096091
9792	0.096091
9791	0.096091
9789	0.096091
9745	0.096091
9163	0.096091
8614	0.096091
8613	0.096091
8177	0.096091
4111	0.095751
9168	0.095443
10661	0.095133
2267	0.094907
2104	0.094845
14342	0.094454
6623	0.093955
12229	0.093784
9174	0.093690
9218	0.093624
4671	0.093487
4669	0.093487
2990	0.093466
14370	0.093177
9775	0.093105
4670	0.093103
119	0.093064
5582	0.092934
5403	0.092873
224	0.092610
2827	0.092529
1930	0.092465
1122	0.092349
11988	0.092239
8453	0.092229
14357	0.092224
7787	0.092224
10795	0.092214
5745	0.091888
11715	0.091831
4497	0.091385
1111	0.091017
10060	0.090950
4365	0.090950
2996	0.090470
9177	0.090299
2981	0.090266
4865	0.090261
6747	0.090259
6393	0.090255
8611	0.090208
7261	0.089981
4366	0.089811
4667	0.089539
9176	0.089501
8809	0.089501
2695	0.089494
9633	0.089417
9630	0.089417
9628	0.089417
9626	0.089417
9625	0.089417
9624	0.089417
9622	0.089417
9621	0.089417
9620	0.089417
9619	0.089417
9618	0.089417
9615	0.089417
9482	0.089417
11678	0.089267
12030	0.089261
4482	0.089231
14367	0.089105
6472	0.089038
716	0.089004
12949	0.088931
12947	0.088931
12946	0.088931
12945	0.088931
12943	0.088931
12942	0.088931
4668	0.088865
14358	0.088686
4168	0.088626
370	0.088342
4463	0.088332
10898	0.088319
51	0.087931
8714	0.087926
404	0.087832
6763	0.087824
12182	0.087778
4464	0.087778
9415	0.087715
8851	0.087715
8850	0.087715
10549	0.087712
2954	0.087683
7420	0.087564
10403	0.087543
1952	0.087543
9201	0.087542
2965	0.087478
633	0.087443
7692	0.087435
5585	0.087269
8792	0.087250
12979	0.087185
8584	0.087037
5583	0.086846
12243	0.086737
3001	0.086732
10232	0.086329
5123	0.086273
2280	0.086207
1030	0.086121
9207	0.085996
9205	0.085996
8528	0.085996
5354	0.085959
5584	0.085802
1400	0.085650
11147	0.085629
29	0.085548
11646	0.085545
225	0.085501
5033	0.085203
13621	0.084965
874	0.084591
7468	0.084547
2967	0.084547
13449	0.084262
13075	0.084224
7955	0.083985
3320	0.083765
2064	0.083751
353	0.083714
304	0.083635
6205	0.083547
9258	0.083516
2708	0.083484
7131	0.083408
2119	0.083327
5268	0.083216
12721	0.083085
1231	0.083050
6473	0.083043
1110	0.083033
5034	0.082987
13665	0.082972
4112	0.082905
1835	0.082845
4416	0.082826
11987	0.082755
14404	0.082655
14400	0.082655
8143	0.082655
8096	0.082655
2962	0.082648
10624	0.082451
879	0.082346
11212	0.082116
11280	0.081966
4383	0.081871
4113	0.081840
9226	0.081731
9217	0.081731
8534	0.081731
7827	0.081697
2955	0.081650
2953	0.081650
13657	0.081588
1719	0.081588
4294	0.081519
9606	0.081452
1707	0.081302
9347	0.081233
2523	0.081134
9942	0.081003
9931	0.081003
9930	0.081003
9921	0.081003
9901	0.081003
9899	0.081003
9895	0.081003
9866	0.081003
9836	0.081003
9832	0.081003
9810	0.081003
9698	0.081003
9636	0.081003
9570	0.081003
9299	0.081003
13942	0.080946
8137	0.080938
6806	0.080859
3507	0.080854
14366	0.080839
14361	0.080839
14355	0.080839
8456	0.080839
14369	0.080827
9199	0.080790
1114	0.080776
5746	0.080695
9704	0.080694
14248	0.080691
8047	0.080691
3553	0.080495
10899	0.080317
7782	0.080311
4541	0.080271
13293	0.080261
683	0.080133
11818	0.079696
118	0.079651
3438	0.079609
13649	0.079536
5219	0.079494
6117	0.079476
35	0.079401
2173	0.079247
2112	0.079043
8090	0.078997
2847	0.078997
2843	0.078997
2839	0.078997
7615	0.078902
2840	0.078862
881	0.078828
4778	0.078794
8634	0.078773
9231	0.078754
4450	0.078600
9338	0.078555
11998	0.078554
4377	0.078542
10977	0.078374
10976	0.078226
11852	0.078223
882	0.078180
38	0.078164
414	0.078143
8892	0.078076
2831	0.078002
3636	0.077632
1838	0.077532
4306	0.077289
7917	0.077202
2103	0.077179
9135	0.077160
1116	0.076896
7379	0.076871
7659	0.076341
888	0.076181
13448	0.076150
9711	0.076144
9708	0.076144
9707	0.076144
9705	0.076144
9703	0.076144
9121	0.076090
9112	0.076090
9709	0.076089
9699	0.076063
10227	0.076061
3431	0.076051
14374	0.075916
14363	0.075916
3005	0.075906
13994	0.075684
7931	0.075684
5747	0.075388
4144	0.075292
11679	0.075240
8221	0.075151
14393	0.075087
14377	0.075087
11298	0.074741
10994	0.074741
5863	0.074695
6695	0.074676
7783	0.074628
8604	0.074567
4465	0.074424
9796	0.074422
13970	0.074373
14365	0.074345
9497	0.074276
122	0.074153
14375	0.073804
7960	0.073800
7784	0.073771
14398	0.073770
14383	0.073770
8454	0.073770
7916	0.073770
7083	0.073770
2612	0.073729
7211	0.073704
6077	0.073435
9307	0.073390
1656	0.073330
14364	0.073262
6519	0.073136
1113	0.072870
7889	0.072656
12242	0.072582
9613	0.072095
6754	0.072087
3914	0.072063
1694	0.071946
14410	0.071752
14409	0.071752
14408	0.071752
7919	0.071752
14335	0.071746
9883	0.071746
14433	0.071733
3706	0.071635
6971	0.071480
699	0.071435
2845	0.071431
6340	0.071318
8625	0.071039
9152	0.070990
8775	0.070928
1402	0.070919
8773	0.070833
6621	0.070833
9716	0.070825
11937	0.070807
13068	0.070665
13067	0.070665
13066	0.070665
13065	0.070665
13064	0.070665
13063	0.070665
13062	0.070665
13056	0.070665
13053	0.070665
13046	0.070665
13044	0.070665
12971	0.070665
12921	0.070665
8057	0.070644
6618	0.070625
3934	0.070561
2709	0.070487
1097	0.070421
6278	0.070412
2117	0.070389
2206	0.070120
14266	0.070107
2208	0.069980
1236	0.069980
14368	0.069705
465	0.069644
7622	0.069592
14351	0.069525
686	0.069516
7918	0.069444
6664	0.069438
9436	0.069394
1044	0.069365
7887	0.069333
7479	0.069302
2207	0.069250
9484	0.069093
9483	0.069093
4021	0.069049
9612	0.069033
3144	0.069027
6395	0.068994
9438	0.068832
7767	0.068786
13739	0.068748
9198	0.068676
9269	0.068654
5346	0.068653
7866	0.068583
9197	0.068554
9609	0.068547
9580	0.068547
426	0.068520
4559	0.068511
9145	0.068489
7321	0.068417
12252	0.068379
6255	0.068368
9702	0.068367
8468	0.068322
2978	0.068322
2977	0.068322
9578	0.068223
351	0.068160
12915	0.068130
12914	0.068130
6742	0.068083
599	0.068061
5	0.068047
9818	0.068018
9693	0.068018
9610	0.068010
13303	0.067783
8676	0.067782
190	0.067703
2118	0.067677
10233	0.067529
11903	0.067512
3506	0.067507
6447	0.067453
13638	0.067446
7690	0.067398
7348	0.067398
7349	0.067398
14407	0.067381
4672	0.067348
5059	0.067342
8041	0.067276
3906	0.067096
3539	0.067045
1001	0.066951
9534	0.066886
9533	0.066886
9529	0.066886
9509	0.066886
4836	0.066795
2442	0.066691
14219	0.066600
11635	0.066581
7752	0.066471
9024	0.066108
9023	0.066108
9022	0.066108
8949	0.066108
14004	0.066092
4866	0.066092
5476	0.066037
2185	0.066008
2821	0.065893
6889	0.065562
10361	0.065499
7890	0.065486
13467	0.065369
4533	0.065288
14052	0.065217
10065	0.065217
2123	0.065214
1840	0.065144
4231	0.065116
12089	0.064955
5191	0.064810
4810	0.064764
817	0.064722
6149	0.064634
9480	0.064542
8533	0.064542
316	0.064193
2666	0.064164
7276	0.064115
2106	0.063988
10800	0.063869
13281	0.063862
8874	0.063786
3841	0.063780
10110	0.063774
13282	0.063752
7880	0.063738
3940	0.063733
1039	0.063722
7553	0.063591
3741	0.063438
11689	0.063356
8319	0.063325
8207	0.063308
5062	0.063190
5035	0.063152
3370	0.063111
10050	0.063079
9631	0.062936
9503	0.062645
11982	0.062516
5414	0.062516
5412	0.062516
4977	0.062485
9512	0.062448
9034	0.062405
1711	0.062388
1458	0.062342
13076	0.062314
4205	0.062262
385	0.062259
1232	0.062177
1229	0.062177
9710	0.062133
6501	0.062101
12198	0.061991
9913	0.061983
9787	0.061902
9786	0.061902
9785	0.061902
9784	0.061902
9783	0.061902
9782	0.061902
9781	0.061902
9778	0.061902
9280	0.061902
8585	0.061902
8567	0.061902
8553	0.061902
13497	0.061852
6465	0.061851
28	0.061814
1833	0.061723
2599	0.061543
698	0.061498
3448	0.061481
3371	0.061419
11739	0.061366
2532	0.061300
9030	0.061255
14415	0.061222
9277	0.061222
7258	0.061111
6044	0.061059
13498	0.061032
73	0.060958
10236	0.060841
2659	0.060785
9993	0.060774
9202	0.060702
2121	0.060648
2281	0.060626
9780	0.060561
2351	0.060461
2350	0.060461
2348	0.060461
2346	0.060461
3714	0.060460
4976	0.060368
5679	0.060362
9204	0.060319
8592	0.060319
9928	0.060234
13167	0.060130
10122	0.060130
6301	0.060099
11730	0.060092
2660	0.060075
7328	0.060008
12218	0.059820
2058	0.059820
10045	0.059747
5186	0.059651
9700	0.059604
23	0.059500
1403	0.059322
2172	0.059289
10566	0.059219
2096	0.059218
3753	0.059188
2964	0.059169
8503	0.059154
14373	0.059079
14372	0.059079
14371	0.059079
14362	0.059079
14352	0.059079
14350	0.059079
8455	0.059079
7997	0.059079
7823	0.059079
1565	0.058968
10230	0.058937
5177	0.058882
12944	0.058858
589	0.058803
6376	0.058647
3591	0.058519
14395	0.058511
7891	0.058511
12214	0.058507
2522	0.058362
1882	0.058253
3681	0.058139
4721	0.058118
11609	0.058096
5777	0.058090
3598	0.058037
6304	0.057863
2980	0.057842
10480	0.057820
3817	0.057731
113	0.057718
7888	0.057650
9611	0.057558
4596	0.057508
1300	0.057505
532	0.057505
1950	0.057504
331	0.057480
7400	0.057356
7306	0.057287
11634	0.057239
2	0.057235
1265	0.057216
2116	0.057215
6725	0.057204
5855	0.057190
3590	0.057168
3427	0.057162
8038	0.057129
3496	0.056943
6938	0.056924
7999	0.056896
8259	0.056896
11566	0.056890
10584	0.056872
10025	0.056858
7388	0.056832
10694	0.056635
1194	0.056526
11112	0.056425
40	0.056398
12039	0.056396
13910	0.056367
5586	0.056341
3093	0.056328
14431	0.056300
8148	0.056300
11712	0.056296
6151	0.056193
6689	0.055978
6967	0.055978
2132	0.055947
11902	0.055875
6904	0.055833
613	0.055780
9222	0.055766
6127	0.055655
671	0.055651
14376	0.055645
14359	0.055645
7998	0.055645
354	0.055629
2092	0.055578
638	0.055576
10226	0.055570
3388	0.055526
8635	0.055508
11300	0.055442
6072	0.055433
12861	0.055384
10330	0.055305
10097	0.055218
268	0.055177
1785	0.055133
5500	0.055109
1816	0.055093
14003	0.055056
7977	0.055047
9909	0.054933
13442	0.054927
4998	0.054922
3588	0.054914
9393	0.054911
14379	0.054889
332	0.054830
6176	0.054813
314	0.054804
8180	0.054771
5916	0.054750
1228	0.054732
12201	0.054701
4262	0.054664
3973	0.054621
11737	0.054517
5487	0.054492
5452	0.054412
8451	0.054395
3142	0.054385
4958	0.054381
10156	0.054341
9196	0.054271
6191	0.054240
117	0.054218
187	0.054207
9192	0.054077
4646	0.054068
10664	0.054060
6302	0.054042
6267	0.054042
10286	0.054035
524	0.053864
852	0.053852
13633	0.053824
14416	0.053784
13490	0.053770
13632	0.053770
13631	0.053770
10088	0.053673
4281	0.053650
13541	0.053633
4169	0.053618
8671	0.053609
9235	0.053572
9230	0.053572
9228	0.053572
9225	0.053572
9224	0.053572
9221	0.053572
9219	0.053572
9214	0.053572
9213	0.053572
9211	0.053572
9209	0.053572
9208	0.053572
9206	0.053572
9193	0.053572
8807	0.053572
8679	0.053572
8677	0.053572
8675	0.053572
8674	0.053572
8673	0.053572
8670	0.053572
8637	0.053572
8633	0.053572
8631	0.053572
8610	0.053572
8591	0.053572
8539	0.053572
8538	0.053572
8537	0.053572
8536	0.053572
8529	0.053572
8526	0.053572
8525	0.053572
8632	0.053572
6443	0.053506
9616	0.053446
11733	0.053435
4693	0.053425
10229	0.053401
12855	0.053297
11587	0.053259
8530	0.053239
311	0.053234
13603	0.053147
13238	0.053147
9553	0.053147
2959	0.053147
12103	0.053147
7510	0.053071
2227	0.053060
8197	0.053056
12074	0.052985
14290	0.052932
855	0.052914
8779	0.052822
10663	0.052771
5712	0.052723
5711	0.052723
5710	0.052723
6598	0.052709
823	0.052701
6908	0.052689
8778	0.052565
4051	0.052527
22	0.052514
5187	0.052393
335	0.052311
334	0.052311
327	0.052311
305	0.052311
302	0.052311
4485	0.052221
11806	0.052161
6557	0.052141
7984	0.052089
13334	0.052077
306	0.052071
329	0.052068
10642	0.052063
330	0.052031
9062	0.051954
11930	0.051950
2192	0.051939
7954	0.051929
7200	0.051903
11289	0.051873
2960	0.051740
10098	0.051706
2510	0.051706
11616	0.051697
4648	0.051697
4643	0.051697
9123	0.051627
12670	0.051611
2844	0.051590
2509	0.051584
2188	0.051582
8204	0.051482
2979	0.051438
220	0.051254
9153	0.051232
786	0.051157
9831	0.051081
8464	0.051035
9244	0.051017
3318	0.050986
11920	0.050972
3927	0.050972
3868	0.050972
6576	0.050845
4367	0.050844
3279	0.050806
2203	0.050795
129	0.050722
6449	0.050686
377	0.050648
13427	0.050603
1708	0.050572
2093	0.050506
9150	0.050479
4175	0.050457
684	0.050431
9912	0.050292
9911	0.050292
781	0.049968
4799	0.049951
312	0.049949
6707	0.049925
12069	0.049914
10641	0.049902
6295	0.049855
9064	0.049797
13072	0.049782
13069	0.049782
12857	0.049782
8709	0.049674
1839	0.049607
9220	0.049550
1893	0.049499
5571	0.049480
11686	0.049427
2542	0.049380
13050	0.049320
