3306	0.213024
7966	0.192996
2622	0.188249
11761	0.184701
6097	0.184701
5547	0.184701
3595	0.184701
2569	0.184495
3548	0.183434
1125	0.179711
2616	0.168476
1327	0.166891
13444	0.163711
1798	0.158618
12041	0.154741
609	0.153869
1245	0.153129
1509	0.153002
2613	0.152077
578	0.147607
3504	0.147355
6032	0.146758
9980	0.146410
9028	0.145919
9081	0.145868
9078	0.145868
1511	0.144332
7450	0.143626
1131	0.141324
2682	0.141004
1128	0.140465
1541	0.136697
12306	0.133563
6369	0.133563
6368	0.133563
3549	0.132014
259	0.129672
114	0.129599
3934	0.123984
4154	0.123902
121	0.122998
2014	0.113922
1117	0.111293
3933	0.110699
1135	0.109858
1129	0.109852
13341	0.109471
5347	0.108509
5642	0.107658
7774	0.107639
5641	0.107639
2619	0.106073
7020	0.104494
2105	0.103807
9304	0.103548
9623	0.103018
7939	0.102688
875	0.102124
8726	0.101599
8628	0.100802
1132	0.100576
6351	0.100458
9477	0.100131
9481	0.100035
9479	0.100035
9478	0.100035
9476	0.100035
9475	0.100035
9473	0.100035
9472	0.100035
9471	0.100035
9470	0.100035
9468	0.100035
9345	0.100035
8667	0.100035
8665	0.100035
8664	0.100035
8663	0.100035
8662	0.100035
8630	0.100035
8629	0.100035
8627	0.100035
8626	0.100035
2828	0.099896
2531	0.099086
14367	0.097921
14370	0.097796
2614	0.097523
12979	0.097400
10403	0.097387
12229	0.097336
10795	0.097311
8453	0.097306
14357	0.097294
7787	0.097294
7692	0.097288
12243	0.097075
7782	0.096405
5403	0.096155
5183	0.095265
14233	0.095177
1136	0.095177
7917	0.094930
6400	0.094650
2827	0.094500
9248	0.093922
5179	0.093848
5180	0.093735
115	0.093680
10236	0.093623
997	0.093232
1930	0.093011
6018	0.091861
3706	0.091783
9613	0.091238
12242	0.091062
9578	0.090790
9612	0.090473
3116	0.089838
2114	0.089723
1114	0.089587
1122	0.089322
9503	0.089294
14369	0.089212
14366	0.089189
14361	0.089189
14355	0.089189
8456	0.089189
13970	0.088983
14375	0.088850
1121	0.088783
1419	0.088758
4021	0.088096
14351	0.087897
7479	0.087764
7918	0.087741
7866	0.087339
11850	0.087277
7228	0.086889
13739	0.086716
1714	0.086408
11146	0.086379
1837	0.086087
9610	0.086001
2618	0.085568
1542	0.085107
5855	0.084772
8535	0.084243
9258	0.084204
5059	0.084069
6447	0.083743
6117	0.083315
14219	0.083310
2052	0.083088
13050	0.083055
2060	0.082942
6228	0.082926
2116	0.082903
1254	0.082802
5745	0.082307
2122	0.082289
2617	0.082220
1010	0.082207
9633	0.081554
9630	0.081554
9628	0.081554
9626	0.081554
9625	0.081554
9624	0.081554
9622	0.081554
9621	0.081554
9620	0.081554
9619	0.081554
9618	0.081554
9615	0.081554
9482	0.081554
6430	0.081127
1123	0.081127
716	0.080856
4868	0.080780
1231	0.080706
7560	0.080465
9358	0.080182
2117	0.080064
8531	0.079812
2629	0.079659
1133	0.079513
9480	0.079488
8533	0.079488
1420	0.079437
5125	0.079312
6695	0.079151
1116	0.079060
14253	0.079041
2965	0.078887
9469	0.078731
118	0.078673
9311	0.078640
122	0.078501
1006	0.078162
113	0.078152
10410	0.077842
11389	0.077714
2107	0.077609
14365	0.077354
5433	0.077333
10411	0.077284
1034	0.077151
11679	0.077070
2204	0.076954
14364	0.076898
7468	0.076804
2967	0.076804
588	0.076758
2981	0.076724
2199	0.076610
414	0.076534
11902	0.076385
7261	0.076321
8661	0.076313
13076	0.076128
2118	0.075979
10286	0.075435
2195	0.075402
13300	0.075387
7758	0.075242
14368	0.075232
14374	0.075022
14363	0.075022
6618	0.074835
1011	0.074758
6896	0.074658
13850	0.074409
7783	0.074358
7830	0.074288
8773	0.074173
6621	0.074173
7889	0.073887
3243	0.073755
633	0.073728
11625	0.073661
222	0.073652
3431	0.073597
4538	0.073566
9474	0.073467
6961	0.073467
5407	0.073370
5637	0.073350
14410	0.073289
14409	0.073289
14408	0.073289
7919	0.073289
14433	0.073284
3841	0.073241
2097	0.073167
221	0.073032
7999	0.073026
4559	0.073024
7276	0.073012
3837	0.072921
823	0.072659
9627	0.072513
7420	0.072327
1119	0.072242
7890	0.072129
12058	0.072119
1120	0.072036
7115	0.072004
977	0.071973
104	0.071971
777	0.071933
13819	0.071744
2202	0.071543
13247	0.071225
11307	0.071223
3590	0.071158
11607	0.071076
13874	0.070881
13252	0.070868
13251	0.070868
2174	0.070793
7872	0.070570
8352	0.070563
8351	0.070563
2957	0.070563
2956	0.070563
11999	0.070526
4304	0.070521
4302	0.070521
4106	0.070382
2648	0.070324
9609	0.070312
9580	0.070312
14376	0.070150
14359	0.070150
7998	0.070150
10594	0.070085
6707	0.070018
1126	0.069977
304	0.069902
9912	0.069872
9911	0.069872
2123	0.069855
6260	0.069713
12348	0.069709
2532	0.069696
8625	0.069636
3739	0.069401
881	0.069332
13898	0.069315
4105	0.069214
3948	0.069015
7888	0.068969
6895	0.068890
14395	0.068571
7891	0.068571
582	0.068488
2600	0.068437
2197	0.068336
1115	0.068093
6532	0.068071
2976	0.068018
14393	0.067955
14377	0.067955
8604	0.067869
13036	0.067823
2902	0.067815
3745	0.067811
1113	0.067804
12053	0.067797
3598	0.067760
6587	0.067677
8000	0.067355
4093	0.067341
7960	0.067330
7784	0.067302
14398	0.067257
14383	0.067257
8454	0.067257
7916	0.067257
7083	0.067257
7211	0.067220
9462	0.067056
13456	0.066994
13342	0.066994
6623	0.066979
9402	0.066947
9198	0.066934
14342	0.066883
10329	0.066877
8207	0.066837
235	0.066816
14379	0.066748
540	0.066689
10566	0.066611
6519	0.066357
13271	0.066256
5734	0.066247
12036	0.066224
13075	0.066165
498	0.066160
12218	0.066057
2058	0.066057
879	0.066030
11712	0.065998
11873	0.065794
3854	0.065768
7433	0.065649
9178	0.065611
9177	0.065492
9611	0.065435
6971	0.065368
14360	0.065269
7526	0.065031
8864	0.065015
8863	0.065015
8583	0.065015
8124	0.065015
7904	0.065015
7903	0.065015
7902	0.065015
7901	0.065015
7900	0.065015
7899	0.065015
7897	0.065015
7896	0.065015
7895	0.065015
3594	0.064954
11231	0.064936
12764	0.064891
3446	0.064821
9797	0.064726
4537	0.064540
3710	0.064493
11858	0.064461
989	0.064450
13281	0.064431
13282	0.064416
11232	0.064403
11230	0.064403
11229	0.064403
11228	0.064403
9439	0.064362
488	0.064359
2110	0.064351
9631	0.064296
12310	0.064287
5042	0.064251
4097	0.064240
4619	0.064090
5123	0.064025
5296	0.063919
1118	0.063907
837	0.063905
12252	0.063678
8392	0.063668
7089	0.063561
10666	0.063551
825	0.063528
6376	0.063517
33	0.063421
7002	0.063406
1565	0.063332
14373	0.063306
14372	0.063306
14371	0.063306
14362	0.063306
14352	0.063306
14350	0.063306
8455	0.063306
7997	0.063306
7823	0.063306
3821	0.063240
611	0.063142
11358	0.062935
11207	0.062850
1800	0.062806
1346	0.062712
2949	0.062527
10045	0.062310
13394	0.062245
3619	0.062124
9804	0.062097
10050	0.062071
8439	0.062014
7435	0.062014
7180	0.062014
8438	0.062008
3423	0.061914
6034	0.061873
8312	0.061659
12756	0.061650
11355	0.061586
8221	0.061461
3817	0.061333
6904	0.061320
3913	0.061299
117	0.061220
9606	0.061217
11930	0.061216
2192	0.061208
11212	0.061148
13418	0.061118
13897	0.061078
13994	0.061070
7931	0.061070
7012	0.061011
1265	0.060986
9176	0.060889
8809	0.060889
2567	0.060860
8891	0.060761
9199	0.060669
8447	0.060654
4144	0.060639
7380	0.060606
12670	0.060600
2765	0.060571
9338	0.060443
7011	0.060415
7909	0.060329
9174	0.060309
1293	0.060306
3921	0.060296
10088	0.060282
13851	0.060142
1673	0.060086
9168	0.060068
11989	0.060063
14151	0.060023
9437	0.060010
2820	0.059958
13581	0.059945
7495	0.059916
10156	0.059916
2952	0.059882
7933	0.059858
347	0.059858
1768	0.059833
8615	0.059737
10683	0.059637
6277	0.059574
6035	0.059572
9201	0.059481
2824	0.059436
6149	0.059398
9102	0.059317
1510	0.059268
5696	0.059164
5546	0.059034
2958	0.058916
224	0.058861
9780	0.058851
7887	0.058844
4781	0.058808
4542	0.058744
119	0.058682
4163	0.058673
8076	0.058603
14418	0.058570
14417	0.058570
13284	0.058570
13152	0.058570
9795	0.058570
9793	0.058570
9792	0.058570
9791	0.058570
9789	0.058570
9745	0.058570
9163	0.058570
8614	0.058570
8613	0.058570
8177	0.058570
12186	0.058547
12851	0.058421
6838	0.058390
503	0.058360
1030	0.058327
2955	0.058325
2953	0.058325
3536	0.058319
4231	0.058248
3712	0.058180
11407	0.058077
4168	0.057973
876	0.057969
3952	0.057960
11658	0.057912
8611	0.057834
13265	0.057721
11243	0.057697
12172	0.057578
7288	0.057505
6395	0.057414
2825	0.057407
2904	0.057200
4922	0.057053
12070	0.056940
1751	0.056919
2228	0.056911
1959	0.056891
8895	0.056849
9512	0.056581
6295	0.056567
13427	0.056517
2941	0.056481
758	0.056477
2954	0.056426
187	0.056314
8874	0.056122
2182	0.056107
10337	0.056037
6501	0.056025
2397	0.055995
6557	0.055979
730	0.055968
2755	0.055946
5375	0.055944
8792	0.055929
5299	0.055886
3506	0.055708
11611	0.055633
8894	0.055633
8893	0.055633
6339	0.055633
3439	0.055633
7295	0.055601
13508	0.055583
13894	0.055413
7065	0.055362
7458	0.055330
8114	0.055312
9711	0.055308
9708	0.055308
9707	0.055308
9705	0.055308
9703	0.055308
9699	0.055275
11096	0.055269
12077	0.055218
6461	0.055218
3711	0.055218
1458	0.055194
13235	0.055130
5688	0.054996
565	0.054901
4533	0.054828
9135	0.054792
7968	0.054759
3389	0.054692
686	0.054687
6571	0.054631
12909	0.054591
4294	0.054589
9413	0.054584
4848	0.054552
9794	0.054500
1127	0.054490
2190	0.054422
12002	0.054409
5346	0.054325
13449	0.054309
5555	0.054307
2173	0.054182
8324	0.054164
4886	0.054121
9204	0.054075
8592	0.054075
9244	0.054038
13582	0.053946
5410	0.053946
5409	0.053946
5408	0.053946
5356	0.053946
3677	0.053933
3204	0.053845
882	0.053791
7553	0.053711
2191	0.053689
2248	0.053687
8871	0.053653
3955	0.053589
13567	0.053558
5731	0.053558
5730	0.053558
5726	0.053558
5723	0.053558
5722	0.053558
5721	0.053558
5681	0.053558
4832	0.053509
7894	0.053507
3081	0.053502
10001	0.053469
13077	0.053421
12895	0.053421
9702	0.053413
4087	0.053402
7941	0.053382
11367	0.053359
342	0.053275
648	0.053269
1151	0.053257
13293	0.053249
14415	0.053210
9277	0.053210
4672	0.053189
7967	0.053089
13899	0.053087
13892	0.053087
7965	0.053087
2247	0.053077
13914	0.053065
8296	0.053065
7622	0.052962
918	0.052904
225	0.052902
9616	0.052862
6102	0.052703
11988	0.052698
13061	0.052629
1726	0.052612
9608	0.052506
10302	0.052490
7394	0.052488
9415	0.052454
8851	0.052454
8850	0.052454
1380	0.052421
13666	0.052406
13424	0.052405
2293	0.052391
2966	0.052383
5413	0.052359
4731	0.052335
4675	0.052335
9913	0.052212
2188	0.052195
3741	0.052091
10661	0.051936
13807	0.051930
1656	0.051898
3166	0.051797
7606	0.051757
12687	0.051685
1223	0.051652
257	0.051641
7301	0.051616
13299	0.051616
2094	0.051604
96	0.051601
13704	0.051593
13702	0.051593
14003	0.051574
4998	0.051506
6631	0.051466
2203	0.051435
6831	0.051434
11362	0.051404
14358	0.051404
8892	0.051380
8451	0.051351
6731	0.051345
12850	0.051339
9787	0.051325
9786	0.051325
9785	0.051325
9784	0.051325
9783	0.051325
9782	0.051325
9781	0.051325
9778	0.051325
9280	0.051325
8585	0.051325
8567	0.051325
8553	0.051325
8709	0.051310
6465	0.051285
4836	0.051254
1486	0.051222
10902	0.051072
5111	0.051036
2599	0.051018
5768	0.051014
1226	0.051014
1039	0.050865
8666	0.050859
11918	0.050808
1285	0.050773
5476	0.050732
4612	0.050692
13509	0.050648
9709	0.050536
320	0.050462
9436	0.050413
11226	0.050407
4262	0.050342
3680	0.050201
6006	0.050158
7614	0.050151
7613	0.050151
14407	0.050080
6173	0.050016
7676	0.050001
2479	0.049981
3292	0.049879
4452	0.049836
8180	0.049831
2064	0.049773
11523	0.049693
7434	0.049689
532	0.049675
9729	0.049629
7453	0.049572
1840	0.049571
12010	0.049547
6115	0.049540
12064	0.049530
2615	0.049450
13516	0.049449
5309	0.049400
535	0.049397
8329	0.049375
10693	0.049353
6886	0.049328
11646	0.049272
11903	0.049244
5219	0.049234
13430	0.049131
4153	0.049103
7958	0.048998
1586	0.048953
13224	0.048936
13315	0.048896
2475	0.048893
12967	0.048869
492	0.048857
12032	0.048849
5796	0.048847
7491	0.048839
7449	0.048838
11803	0.048809
12854	0.048802
9514	0.048705
1025	0.048607
7752	0.048525
8246	0.048475
4541	0.048457
1893	0.048436
12101	0.048428
5176	0.048386
5062	0.048377
11919	0.048357
12642	0.048328
9453	0.048294
10914	0.048273
5357	0.048253
9145	0.048248
1635	0.048231
2395	0.048188
6742	0.048173
8712	0.048135
8303	0.048135
8302	0.048135
7362	0.048135
6359	0.048135
9806	0.048117
9805	0.048117
9802	0.048117
9801	0.048117
9645	0.048101
14416	0.048092
6202	0.048084
5013	0.048075
6074	0.048044
2566	0.047985
8487	0.047984
8928	0.047890
7317	0.047850
7316	0.047850
7174	0.047850
6338	0.047850
6482	0.047751
1332	0.047743
2128	0.047741
3592	0.047732
11224	0.047720
73	0.047715
8997	0.047700
9706	0.047675
2093	0.047674
2399	0.047636
11737	0.047626
2866	0.047587
1839	0.047584
461	0.047575
7868	0.047562
13711	0.047552
5560	0.047552
2286	0.047439
7172	0.047399
3415	0.047344
352	0.047278
5326	0.047270
2708	0.047262
4305	0.047240
6449	0.047205
5756	0.047189
9153	0.047161
11920	0.047113
3927	0.047113
3868	0.047113
5233	0.047070
5712	0.047069
5711	0.047069
5710	0.047069
3476	0.046985
1755	0.046953
1483	0.046847
307	0.046830
9614	0.046806
6307	0.046764
12522	0.046761
2398	0.046649
4766	0.046628
12006	0.046587
3333	0.046581
223	0.046575
5012	0.046461
13393	0.046410
7662	0.046377
5186	0.046356
5553	0.046354
1396	0.046334
13298	0.046309
3772	0.046275
5147	0.046229
3700	0.046213
13302	0.046212
2109	0.046096
8772	0.046077
14107	0.046035
6017	0.045946
2841	0.045910
7757	0.045896
5720	0.045865
9818	0.045816
9693	0.045816
8710	0.045804
7880	0.045721
1094	0.045688
13025	0.045669
13024	0.045669
13022	0.045669
8486	0.045669
2881	0.045667
13013	0.045632
12962	0.045632
6781	0.045625
6806	0.045609
9881	0.045607
1958	0.045571
6072	0.045560
13042	0.045538
8339	0.045524
2414	0.045486
8740	0.045443
3430	0.045412
7920	0.045411
8711	0.045368
8732	0.045350
7409	0.045349
891	0.045335
1024	0.045311
14310	0.045230
2987	0.045213
51	0.045202
11669	0.045200
6375	0.045200
13082	0.045158
9133	0.045158
9129	0.045158
7400	0.045136
2968	0.045097
123	0.045047
699	0.045044
5622	0.044970
14148	0.044949
3091	0.044934
3089	0.044934
3088	0.044934
14147	0.044931
3090	0.044931
8886	0.044913
2446	0.044895
415	0.044893
3636	0.044872
10491	0.044845
9152	0.044831
3867	0.044765
14146	0.044737
1693	0.044727
9673	0.044717
6322	0.044713
4511	0.044711
6081	0.044700
5235	0.044685
4767	0.044646
9861	0.044601
9819	0.044601
14180	0.044578
34	0.044532
3784	0.044498
1457	0.044490
7496	0.044473
1988	0.044468
2393	0.044355
13545	0.044283
5461	0.044275
3177	0.044223
2982	0.044195
8140	0.044190
1975	0.044125
11806	0.044101
406	0.044055
3667	0.044051
2892	0.044021
7223	0.043976
2006	0.043959
9058	0.043950
6701	0.043950
2962	0.043923
2773	0.043884
1694	0.043865
11681	0.043829
351	0.043801
3954	0.043764
13058	0.043759
7945	0.043759
2620	0.043741
