3225	0.269407
10220	0.269018
10326	0.268887
1510	0.255518
4132	0.249887
6105	0.248742
1088	0.243834
1497	0.242368
6082	0.241423
84	0.229651
1249	0.228177
1092	0.228174
1995	0.225697
2426	0.225024
1380	0.224160
342	0.223615
2022	0.223408
12133	0.222404
2758	0.222179
12540	0.222107
2374	0.221601
1379	0.220103
12014	0.219438
2757	0.217063
1143	0.216768
12288	0.216488
5838	0.216488
7617	0.216373
238	0.215225
12365	0.215174
3974	0.215014
5272	0.214538
3989	0.214269
3794	0.214185
4135	0.214137
943	0.213762
1374	0.213552
5300	0.213229
12702	0.212525
309	0.211799
4753	0.211305
1996	0.210687
88	0.209845
2073	0.209723
2007	0.209703
972	0.209269
1153	0.209167
12132	0.209088
3611	0.209082
209	0.208653
1372	0.208118
1087	0.207596
3613	0.207039
2219	0.207037
4128	0.206691
7480	0.206618
3710	0.206551
1960	0.205682
2783	0.204785
3892	0.204685
1288	0.204509
14406	0.203911
14405	0.203911
12353	0.203435
1755	0.202989
410	0.202827
5523	0.202508
9156	0.202304
944	0.202026
2865	0.201747
1760	0.201676
1444	0.201289
5790	0.201254
72	0.200139
5461	0.200054
3165	0.200038
12139	0.199774
540	0.199393
2356	0.198918
909	0.198798
9506	0.198645
1989	0.198189
11627	0.197938
5015	0.197877
106	0.197857
6094	0.197806
5236	0.197787
4526	0.197535
12257	0.197224
13021	0.197223
5405	0.197223
1457	0.196820
7351	0.196817
2754	0.196745
162	0.196666
3767	0.196592
11758	0.196564
14382	0.196275
5286	0.195933
2329	0.195840
1853	0.195828
9856	0.195029
9251	0.194800
4587	0.194785
9457	0.194330
4152	0.194330
1851	0.194221
10240	0.194211
11927	0.193923
2759	0.193923
11928	0.193893
8501	0.193893
2779	0.193893
2756	0.193893
13272	0.193892
2786	0.193892
2782	0.193892
1505	0.193892
13227	0.193744
6262	0.193534
6909	0.193374
5296	0.193116
1502	0.193032
5244	0.192806
4364	0.192471
2213	0.192436
3691	0.192369
1691	0.192357
1272	0.192057
12012	0.191530
7868	0.191477
13711	0.191210
5560	0.191210
4231	0.191169
1900	0.191161
102	0.191015
3979	0.190950
10592	0.190937
3925	0.190866
9077	0.190818
6295	0.190776
100	0.190665
233	0.190494
6213	0.190338
6873	0.190327
2768	0.190320
13917	0.190282
7190	0.190270
5305	0.190141
1093	0.189985
5404	0.189843
2717	0.189839
4255	0.189669
1479	0.189405
1786	0.189376
5342	0.189100
5306	0.189100
2420	0.189036
9252	0.188936
4127	0.188851
7052	0.188781
14415	0.188670
9277	0.188670
4142	0.188590
4511	0.188554
5814	0.188274
7933	0.188166
347	0.188166
4697	0.188129
1972	0.187866
2570	0.187768
6949	0.187644
6113	0.187570
12123	0.187544
3910	0.187476
2217	0.187301
7227	0.187194
1902	0.186782
8249	0.186575
9607	0.186381
5724	0.186288
4555	0.186250
2221	0.186094
13646	0.185943
2024	0.185938
8451	0.185936
6551	0.185861
982	0.185821
11705	0.185791
3328	0.185610
7915	0.185531
13276	0.185500
984	0.185083
12325	0.184953
8506	0.184599
14094	0.184583
422	0.184520
4488	0.184520
4928	0.184383
5754	0.184270
11425	0.184122
10379	0.184122
1672	0.184107
5242	0.183829
6003	0.183826
5782	0.183784
12034	0.183711
6441	0.183546
9463	0.183540
3430	0.183490
1992	0.183209
1478	0.182890
7323	0.182724
1370	0.182599
3244	0.182590
1165	0.182549
1974	0.182319
5636	0.182216
6193	0.182105
8026	0.182103
7980	0.182095
2905	0.182080
1978	0.182056
1199	0.181668
2887	0.181548
2748	0.181450
2212	0.181372
5759	0.181262
5981	0.181233
2020	0.181191
1771	0.180938
440	0.180717
3590	0.180711
3926	0.180404
1371	0.180394
8176	0.180387
4625	0.180387
5001	0.180381
1984	0.180308
9582	0.180237
3913	0.180152
11848	0.179976
12703	0.179506
7956	0.179258
4883	0.179187
565	0.179055
11261	0.178997
8199	0.178997
7869	0.178997
1395	0.178912
9970	0.178897
1879	0.178859
14380	0.178858
8075	0.178858
10493	0.178711
3116	0.178683
4407	0.178210
9548	0.178195
9431	0.177892
4234	0.177892
11603	0.177860
12035	0.177802
6872	0.177778
5070	0.177715
7360	0.177586
8804	0.177550
8767	0.177550
8766	0.177550
8764	0.177550
8743	0.177550
8742	0.177550
8741	0.177550
7685	0.177550
7476	0.177550
6637	0.177550
6606	0.177550
14416	0.177430
7679	0.177376
3619	0.177366
4417	0.177276
11850	0.177272
1200	0.177129
9706	0.177102
1749	0.177052
8805	0.177005
8765	0.177005
7705	0.176960
6897	0.176960
307	0.176918
4512	0.176745
2769	0.176708
4890	0.176622
3292	0.176421
2376	0.176243
726	0.176196
82	0.176117
5000	0.175819
11820	0.175662
3991	0.175558
9742	0.175532
1	0.175531
7830	0.175453
1997	0.175238
14234	0.175081
14395	0.175074
7891	0.175074
5535	0.174916
1682	0.174893
4131	0.174839
155	0.174761
11896	0.174508
4515	0.174095
9316	0.173957
14401	0.173942
14388	0.173942
14386	0.173942
8123	0.173942
14399	0.173877
6307	0.173638
5090	0.173586
4353	0.173530
1895	0.173496
1473	0.173346
989	0.173218
2702	0.173137
417	0.173094
10879	0.172939
8097	0.172931
2026	0.172923
1377	0.172904
9753	0.172841
192	0.172784
1375	0.172659
4759	0.172623
4571	0.172581
4996	0.172429
80	0.172405
4570	0.172332
11604	0.172272
6818	0.172177
1292	0.172054
1317	0.172046
3568	0.171954
3432	0.171889
1467	0.171830
4884	0.171785
4988	0.171762
5084	0.171727
14414	0.171652
14413	0.171652
14412	0.171652
14411	0.171652
9755	0.171652
9754	0.171652
9752	0.171652
9750	0.171652
8590	0.171652
8589	0.171652
8588	0.171652
8587	0.171652
8586	0.171652
8527	0.171652
8446	0.171652
8117	0.171652
7780	0.171652
5839	0.171652
9041	0.171648
9387	0.171568
5004	0.171557
4923	0.171280
8004	0.171214
3420	0.171183
12724	0.171172
3255	0.171153
5407	0.171102
1051	0.171045
12285	0.170651
730	0.170639
5204	0.170612
1864	0.170580
9073	0.170580
4926	0.170470
2467	0.170432
1176	0.170421
8966	0.170390
8944	0.170385
2814	0.170341
12113	0.170299
107	0.170185
3387	0.170103
10880	0.169987
9748	0.169975
112	0.169935
12252	0.169919
5463	0.169907
4414	0.169698
12685	0.169640
11827	0.169525
3159	0.169525
13370	0.169492
7532	0.169428
7358	0.169428
12226	0.169267
3969	0.169267
11740	0.169112
13510	0.169058
4985	0.169056
5091	0.169048
9379	0.169025
4991	0.169021
1026	0.168995
2755	0.168928
11704	0.168900
236	0.168893
6924	0.168824
865	0.168813
4412	0.168786
11905	0.168731
7888	0.168695
12876	0.168611
9757	0.168610
1320	0.168570
9432	0.168527
1281	0.168451
11103	0.168423
4140	0.168420
3530	0.168357
8032	0.168322
12845	0.168316
2974	0.168272
71	0.168224
10279	0.167928
5559	0.167847
807	0.167783
5359	0.167693
3195	0.167668
9428	0.167528
5781	0.167381
9257	0.167114
9751	0.167071
4990	0.167027
7266	0.167005
3592	0.166972
6149	0.166946
6292	0.166878
9134	0.166768
1346	0.166752
2568	0.166748
9334	0.166716
1846	0.166673
8014	0.166617
9325	0.166608
9144	0.166442
2392	0.166416
6424	0.166407
2030	0.166234
3535	0.166228
6602	0.166042
13476	0.165931
4901	0.165915
9427	0.165765
2720	0.165675
2218	0.165665
13353	0.165643
13829	0.165642
7067	0.165642
2215	0.165642
11420	0.165626
3164	0.165529
8499	0.165529
1865	0.165500
12867	0.165445
13937	0.165400
1490	0.165384
13455	0.165329
7640	0.165329
6650	0.165278
11948	0.165242
4995	0.165242
4207	0.165239
7740	0.165124
3330	0.164961
9397	0.164887
11951	0.164859
2211	0.164811
10159	0.164802
2621	0.164712
1635	0.164703
171	0.164665
4924	0.164663
3712	0.164587
9713	0.164552
5002	0.164549
11778	0.164429
10107	0.164410
4580	0.164276
9685	0.164268
12316	0.164241
7440	0.164217
9063	0.164120
2633	0.164091
11856	0.164087
2646	0.164074
13386	0.164034
4290	0.163990
3498	0.163981
2309	0.163904
14016	0.163862
11277	0.163830
3856	0.163825
5625	0.163780
9430	0.163728
8892	0.163695
13308	0.163682
11946	0.163678
9974	0.163616
4992	0.163576
5003	0.163543
5481	0.163533
6797	0.163520
13572	0.163452
12013	0.163432
1155	0.163430
10286	0.163187
13273	0.163172
13232	0.163172
11949	0.163172
9429	0.163172
4989	0.163172
3520	0.163171
495	0.163170
4930	0.163167
5988	0.163158
4931	0.163125
406	0.163010
6904	0.162968
5990	0.162868
4925	0.162735
11880	0.162666
1458	0.162584
471	0.162504
1385	0.162478
12586	0.162437
1356	0.162423
1676	0.162397
104	0.162347
1646	0.162310
13296	0.162305
13297	0.162149
146	0.162107
6359	0.162086
8712	0.162086
8303	0.162086
8302	0.162086
7362	0.162086
6202	0.162048
1979	0.161990
5886	0.161943
9635	0.161813
8335	0.161791
4733	0.161718
8710	0.161714
149	0.161699
11708	0.161684
8711	0.161614
10160	0.161607
9638	0.161606
8732	0.161568
11950	0.161467
14379	0.161444
2391	0.161394
5789	0.161338
6948	0.161320
4986	0.161256
1845	0.161076
6192	0.161053
11716	0.161036
651	0.160992
79	0.160968
3160	0.160894
13571	0.160886
8772	0.160878
13844	0.160698
9645	0.160676
9600	0.160566
3831	0.160440
1486	0.160411
145	0.160392
3022	0.160311
1293	0.160114
2019	0.160085
3455	0.160068
3647	0.160067
1987	0.159972
1029	0.159948
6081	0.159799
8166	0.159799
7365	0.159799
7186	0.159799
9333	0.159784
349	0.159411
12077	0.159362
6461	0.159362
3711	0.159362
2920	0.159342
9715	0.159259
13235	0.159245
11972	0.159228
2854	0.159228
2286	0.159218
827	0.159217
369	0.159201
128	0.159047
12097	0.159024
141	0.158945
4237	0.158898
1958	0.158848
7653	0.158766
532	0.158737
1966	0.158408
229	0.158400
8982	0.158269
9126	0.158223
10015	0.158203
2140	0.158157
2214	0.158051
9279	0.158039
13849	0.158034
4510	0.158034
4609	0.157748
8412	0.157696
2704	0.157691
182	0.157555
9106	0.157470
11608	0.157412
9244	0.157234
9419	0.157223
551	0.157204
10313	0.157147
1388	0.157070
10448	0.157062
9247	0.157047
3166	0.156963
10536	0.156907
2656	0.156872
1657	0.156730
10725	0.156400
1307	0.156292
1233	0.156269
9107	0.156258
4781	0.156227
8156	0.156161
6925	0.156161
767	0.156091
12172	0.155916
13310	0.155893
6573	0.155891
1488	0.155885
1324	0.155695
4574	0.155498
1321	0.155483
840	0.155390
5813	0.155308
10238	0.155285
1993	0.155285
3186	0.155219
1981	0.155162
5840	0.155123
10256	0.155114
11119	0.155112
3761	0.154802
7999	0.154771
2001	0.154770
4640	0.154739
3187	0.154669
7770	0.154635
6557	0.154613
1785	0.154525
3709	0.154505
2413	0.154483
6317	0.154472
1870	0.154469
12118	0.154424
2083	0.154424
2074	0.154424
1899	0.154424
1896	0.154424
2006	0.154411
3098	0.154335
502	0.154333
7263	0.154210
4987	0.154156
8438	0.154073
4136	0.153947
848	0.153856
9855	0.153848
8713	0.153848
4442	0.153836
8439	0.153782
7435	0.153782
7180	0.153782
6095	0.153720
1968	0.153543
9464	0.153455
8517	0.153455
8516	0.153455
4139	0.153455
4138	0.153455
758	0.153285
10724	0.153262
4868	0.153089
12234	0.152999
151	0.152976
8000	0.152834
1323	0.152805
10570	0.152805
6509	0.152638
7697	0.152485
7254	0.152485
12135	0.152296
5301	0.152292
9995	0.152268
4418	0.152265
13853	0.152238
3289	0.152182
816	0.152090
2520	0.152027
3000	0.152026
4665	0.152025
6705	0.152008
4124	0.151995
3500	0.151897
6175	0.151805
11979	0.151765
1795	0.151678
6299	0.151623
12140	0.151526
796	0.151465
3556	0.151449
1326	0.151407
13418	0.151364
13962	0.151216
1226	0.151174
1389	0.151159
13612	0.151054
6901	0.150929
6670	0.150904
5980	0.150796
13961	0.150744
1802	0.150661
5771	0.150638
14375	0.150577
4087	0.150527
1284	0.150466
1890	0.150424
1173	0.150371
867	0.150306
9562	0.150169
3100	0.150169
13970	0.149911
4391	0.149831
7917	0.149812
4323	0.149801
1223	0.149779
3741	0.149658
153	0.149649
2264	0.149635
7654	0.149574
12620	0.149513
9702	0.149480
8845	0.149473
1768	0.149444
1376	0.149384
6196	0.149295
4806	0.149292
1338	0.149287
5285	0.149283
1482	0.149200
6425	0.149182
13944	0.149144
5922	0.149050
12273	0.148984
836	0.148912
12190	0.148794
4845	0.148792
2078	0.148740
983	0.148666
1437	0.148652
9135	0.148399
3275	0.148288
13564	0.148154
6744	0.148143
12740	0.148081
1266	0.148056
11115	0.147907
158	0.147858
10635	0.147826
8709	0.147808
9149	0.147757
1247	0.147724
3924	0.147722
4666	0.147714
403	0.147704
976	0.147701
9860	0.147690
5798	0.147576
10918	0.147531
3138	0.147484
9957	0.147322
2587	0.147213
3461	0.147208
425	0.147174
14360	0.147145
3700	0.147140
6607	0.147140
14351	0.147134
9267	0.147049
4653	0.146984
1813	0.146975
6197	0.146946
147	0.146906
10562	0.146881
9388	0.146866
1866	0.146824
7655	0.146719
13367	0.146615
13366	0.146615
7918	0.146571
5102	0.146554
3679	0.146447
241	0.146409
843	0.146380
3450	0.146368
4177	0.146355
6073	0.146268
3770	0.146214
4397	0.146207
8946	0.146167
6862	0.146116
2402	0.146108
2422	0.146059
4021	0.146038
2778	0.146013
13145	0.145899
9382	0.145897
979	0.145886
5123	0.145858
1744	0.145835
974	0.145731
3271	0.145724
9629	0.145677
9540	0.145632
9009	0.145611
8260	0.145611
2590	0.145600
7491	0.145473
1451	0.145470
1977	0.145446
5462	0.145441
12439	0.145395
2226	0.145264
4395	0.145238
11867	0.145224
6571	0.145186
5456	0.145178
9672	0.145123
9670	0.145123
9669	0.145123
9668	0.145123
9667	0.145123
9666	0.145123
9665	0.145123
9663	0.145123
9660	0.145123
9659	0.145123
9658	0.145123
9657	0.145123
9656	0.145123
9655	0.145123
9285	0.145123
5476	0.145047
11235	0.144963
10565	0.144963
927	0.144703
3704	0.144669
12839	0.144547
12206	0.144536
6146	0.144536
10925	0.144520
1674	0.144504
11894	0.144502
2747	0.144502
13289	0.144451
13256	0.144451
13127	0.144451
1267	0.144386
2308	0.144384
8261	0.144255
7270	0.144250
4360	0.144183
4215	0.144166
12373	0.144163
14124	0.144065
11120	0.144030
5050	0.144023
5172	0.144002
2042	0.144002
8223	0.143911
10619	0.143814
2441	0.143735
9780	0.143661
5827	0.143627
11947	0.143501
11945	0.143501
9467	0.143475
1027	0.143261
6644	0.143253
4126	0.143191
9116	0.143098
2853	0.143046
6428	0.142960
6427	0.142960
4485	0.142899
9563	0.142827
12222	0.142747
14407	0.142728
5788	0.142713
3321	0.142699
224	0.142689
7752	0.142598
74	0.142562
2319	0.142498
937	0.142474
7767	0.142447
11975	0.142264
5287	0.142180
5304	0.142133
1973	0.142049
164	0.142009
10537	0.141621
2505	0.141620
847	0.141585
3435	0.141551
2564	0.141387
2562	0.141387
9973	0.141376
144	0.141245
6769	0.141244
701	0.141236
839	0.141194
8037	0.141179
709	0.141170
3707	0.141160
640	0.140994
2378	0.140989
2216	0.140974
3251	0.140967
2458	0.140905
1634	0.140870
13230	0.140813
13229	0.140813
3766	0.140813
3762	0.140813
3769	0.140813
12307	0.140778
3765	0.140742
7586	0.140742
3322	0.140740
12031	0.140729
9749	0.140692
7525	0.140653
10103	0.140652
14155	0.140584
2469	0.140568
9160	0.140523
2658	0.140498
12641	0.140486
2651	0.140444
942	0.140412
5063	0.140340
5979	0.140323
12966	0.140265
4577	0.140240
4575	0.140240
6466	0.140177
13888	0.140034
8104	0.139983
9326	0.139973
4997	0.139951
1312	0.139950
6227	0.139858
13835	0.139832
5082	0.139832
11636	0.139791
2745	0.139779
1501	0.139761
1331	0.139737
2285	0.139700
12725	0.139680
4694	0.139460
