9742	0.260171
10279	0.256559
3991	0.252882
1786	0.249201
2019	0.247644
3924	0.240851
3073	0.237480
10216	0.230400
3225	0.223749
10220	0.222954
10326	0.222724
943	0.221109
3994	0.218996
1479	0.217537
6521	0.215900
651	0.213192
8876	0.211316
10297	0.209340
2017	0.206483
4759	0.204500
10601	0.204469
10299	0.204469
10298	0.204469
5096	0.203577
6818	0.203560
12285	0.202403
13370	0.201351
7532	0.201220
7358	0.201220
13510	0.200913
10879	0.200148
6295	0.199898
5296	0.199651
3611	0.199417
10880	0.197342
1802	0.196936
307	0.196908
10115	0.196146
3186	0.195215
6522	0.194959
2748	0.193335
1092	0.192547
4132	0.192401
2758	0.191712
10240	0.191616
6149	0.190595
6105	0.190522
2223	0.190396
2621	0.190378
3992	0.189957
1497	0.189946
3989	0.189712
309	0.189693
14415	0.189197
9277	0.189197
2679	0.188209
12353	0.188019
1380	0.187359
11708	0.186178
3990	0.185268
9706	0.184677
4753	0.184160
406	0.183184
7263	0.183145
8732	0.182354
8711	0.182327
8710	0.182190
7351	0.181581
342	0.180971
6081	0.180838
8712	0.180668
8303	0.180668
8302	0.180668
7362	0.180668
6359	0.180668
6202	0.180610
1143	0.180172
9746	0.179932
8451	0.179407
6602	0.179277
1249	0.179100
7617	0.178287
1755	0.178039
758	0.177662
6082	0.177658
14416	0.177534
3741	0.177496
1960	0.177341
1958	0.176827
4231	0.176193
8845	0.175759
417	0.175582
1458	0.175489
1370	0.175088
2757	0.174966
10306	0.174745
12252	0.174183
8709	0.173800
11717	0.173732
440	0.172808
3613	0.172741
1989	0.172672
5272	0.172405
12365	0.172160
8892	0.172147
12586	0.172105
155	0.172004
14329	0.171973
9685	0.171484
5302	0.171243
4128	0.171234
1995	0.171081
4301	0.170817
12120	0.170676
3993	0.170676
238	0.170571
11608	0.170489
11726	0.170419
6900	0.170418
1379	0.170313
11348	0.169757
11347	0.169757
10942	0.169757
10196	0.169757
10799	0.169713
2374	0.169470
3974	0.169442
532	0.169075
106	0.168827
12702	0.168782
7522	0.168262
9135	0.168213
6094	0.168053
4511	0.167494
6108	0.167427
102	0.167117
6557	0.166975
209	0.166669
11836	0.166663
12014	0.166570
10669	0.166460
8026	0.166437
9702	0.166383
2219	0.165937
6175	0.165862
2022	0.165703
2007	0.165406
14407	0.165153
7752	0.165108
12133	0.165043
3165	0.164756
6899	0.164724
5754	0.164586
565	0.164043
4488	0.163734
5782	0.163190
2783	0.163033
2221	0.163009
8412	0.162821
2905	0.162778
1510	0.162736
1457	0.162685
5790	0.162606
4485	0.162564
1093	0.162464
9856	0.162223
6873	0.162211
1372	0.162176
5123	0.161921
1165	0.161899
8249	0.161841
104	0.161734
9713	0.161719
5300	0.161500
9244	0.161095
3710	0.161040
6671	0.160991
7596	0.160702
5523	0.160513
12031	0.160375
4581	0.160372
942	0.160283
11803	0.160214
8676	0.160162
2426	0.160107
4571	0.160070
5461	0.160025
5236	0.159996
1388	0.159671
162	0.159496
1377	0.159336
12288	0.159136
5838	0.159136
4131	0.159069
151	0.159047
12540	0.158915
1371	0.158638
5990	0.158516
6213	0.158359
3794	0.158355
12139	0.158140
1482	0.158112
2778	0.158094
2213	0.158029
1996	0.157747
10964	0.157438
7654	0.157221
2217	0.157099
2610	0.156868
7052	0.156553
888	0.156517
1488	0.156484
14406	0.156381
14405	0.156381
3292	0.156283
1087	0.156236
6872	0.156147
71	0.155926
128	0.155797
2768	0.155651
5886	0.155617
9635	0.155337
5781	0.155255
7980	0.155248
9788	0.155196
74	0.154877
9121	0.154727
9112	0.154727
12034	0.154633
6913	0.154611
5244	0.154243
7915	0.154240
1502	0.154074
7655	0.153938
2020	0.153929
1374	0.153924
10159	0.153814
7480	0.153391
9780	0.153390
1984	0.153169
9957	0.153149
5359	0.153114
2754	0.153040
1691	0.152911
5063	0.152888
12273	0.152697
7933	0.152562
347	0.152562
13533	0.152514
13532	0.152514
13531	0.152514
1972	0.152458
8166	0.152447
7365	0.152447
7186	0.152447
5814	0.152329
7653	0.152263
2755	0.152042
9419	0.151691
11420	0.151606
9506	0.151522
3195	0.151504
7868	0.151070
7767	0.150946
7227	0.150912
233	0.150812
13711	0.150802
5560	0.150802
13227	0.150689
11928	0.150684
8501	0.150684
2779	0.150684
2756	0.150684
11927	0.150652
2759	0.150652
13272	0.150641
2786	0.150641
2782	0.150641
1505	0.150641
9539	0.150599
6650	0.150584
12135	0.150314
13659	0.150162
13658	0.150162
6278	0.150144
12685	0.150095
10160	0.150087
12132	0.149956
4641	0.149895
6993	0.149829
13646	0.149796
1634	0.149722
4407	0.149689
2420	0.149670
5407	0.149509
6465	0.149374
9787	0.149280
9786	0.149280
9785	0.149280
9784	0.149280
9783	0.149280
9782	0.149280
9781	0.149280
9778	0.149280
9280	0.149280
8585	0.149280
8567	0.149280
8553	0.149280
10537	0.148836
5305	0.148774
5257	0.148664
1638	0.148496
72	0.148293
3387	0.148070
2214	0.147948
8335	0.147730
171	0.147535
11896	0.147377
11425	0.147036
10379	0.147036
1	0.147000
8772	0.146796
12725	0.146669
2499	0.146614
14266	0.146521
9582	0.146520
1486	0.146437
6705	0.146418
3892	0.146414
10313	0.146342
3000	0.146288
10592	0.146157
8971	0.146004
10286	0.145805
3588	0.145623
6994	0.145583
8180	0.145282
79	0.145270
141	0.144719
11681	0.144644
4697	0.144337
3420	0.144298
2286	0.144188
9673	0.143977
4391	0.143912
10713	0.143813
8625	0.143787
145	0.143768
9913	0.143709
7087	0.143604
11682	0.143601
5286	0.143538
9252	0.143279
4883	0.143275
1810	0.142910
1444	0.142696
2064	0.142519
6551	0.142459
13677	0.142435
7659	0.142344
5922	0.142294
1936	0.142258
9126	0.142173
2015	0.142137
1088	0.141953
2006	0.141927
11627	0.141827
1785	0.141714
1376	0.141669
2356	0.141606
9726	0.141596
2413	0.141493
4526	0.141386
6193	0.141381
6300	0.141346
14382	0.141231
6501	0.141146
4574	0.141133
9316	0.141071
3619	0.141062
12257	0.140927
1893	0.140899
13021	0.140874
5405	0.140874
2702	0.140852
2073	0.140544
410	0.140453
3187	0.140434
5955	0.140128
9102	0.140084
1937	0.139904
12845	0.139785
1491	0.139776
7954	0.139498
5404	0.139488
1905	0.139483
9711	0.139411
9708	0.139411
9707	0.139411
9705	0.139411
9703	0.139411
9699	0.139385
5342	0.139294
5306	0.139294
5979	0.139208
11132	0.139194
4720	0.139163
3712	0.139032
6573	0.138879
11979	0.138872
6307	0.138772
944	0.138671
1760	0.138623
4350	0.138583
1768	0.138560
8390	0.138551
1375	0.138349
14178	0.138325
7935	0.138325
11529	0.138250
107	0.138219
1992	0.138175
13917	0.138111
11048	0.138015
6704	0.137690
9480	0.137668
8533	0.137668
3590	0.137583
1272	0.137552
1635	0.137506
534	0.137497
12686	0.137422
3767	0.137394
2379	0.137381
13962	0.137251
4135	0.137233
9757	0.137011
6299	0.136965
989	0.136923
10493	0.136834
13961	0.136816
12113	0.136742
6346	0.136680
5015	0.136500
2040	0.136432
9709	0.136405
6571	0.136362
8604	0.136136
1639	0.136102
2042	0.135884
7830	0.135870
4417	0.135752
3430	0.135723
4415	0.135707
6089	0.135652
6091	0.135626
6090	0.135626
3328	0.135565
101	0.135283
1676	0.135278
4281	0.135242
1490	0.135091
5038	0.135080
9397	0.135031
6889	0.135004
4255	0.134995
5789	0.134986
2865	0.134687
2505	0.134685
4442	0.134683
1520	0.134632
3700	0.134555
12620	0.134515
1346	0.134432
10256	0.134371
11755	0.134242
5771	0.133929
11758	0.133882
9382	0.133789
8929	0.133769
9463	0.133629
12012	0.133618
3925	0.133607
7606	0.133528
9953	0.133515
3568	0.133234
2274	0.133172
8499	0.133082
3164	0.133082
1742	0.133039
13276	0.132950
8926	0.132831
6425	0.132637
12703	0.132634
4587	0.132604
1851	0.132584
2329	0.132510
12543	0.132496
730	0.132462
3116	0.132456
9156	0.132452
10078	0.132423
5456	0.132404
4395	0.132322
1979	0.132317
1434	0.132052
5442	0.131985
9457	0.131887
4152	0.131887
726	0.131860
1501	0.131808
12684	0.131744
1437	0.131643
11759	0.131617
5985	0.131452
982	0.131374
1870	0.131329
5636	0.131319
14016	0.131275
8032	0.131169
12210	0.131164
10192	0.131136
10184	0.131136
88	0.131068
1173	0.130980
14395	0.130916
7891	0.130916
84	0.130803
10467	0.130558
9097	0.130546
9096	0.130546
4142	0.130341
5813	0.130233
1307	0.130231
2785	0.130127
9710	0.130076
2445	0.130032
80	0.129898
6113	0.129843
169	0.129601
61	0.129507
4177	0.129454
5013	0.129433
8010	0.129431
224	0.129404
889	0.129307
4397	0.129298
962	0.129216
9607	0.129054
11850	0.128973
4140	0.128949
9855	0.128780
8713	0.128780
6441	0.128716
7233	0.128296
2011	0.128205
11756	0.128184
6888	0.128184
2376	0.128182
7888	0.128069
12325	0.127977
7323	0.127877
10288	0.127843
11019	0.127837
1682	0.127792
2018	0.127644
105	0.127632
540	0.127436
1900	0.127271
4237	0.127159
2212	0.127146
8176	0.127125
4625	0.127125
3910	0.127097
1331	0.126925
2380	0.126925
1637	0.126882
5667	0.126859
5759	0.126747
3610	0.126646
10084	0.126607
1481	0.126487
3979	0.126467
1176	0.126240
9974	0.126222
1853	0.126189
3432	0.126129
9077	0.126111
1266	0.126040
12627	0.125980
9041	0.125952
6806	0.125760
1879	0.125746
2458	0.125732
6428	0.125600
6427	0.125600
1080	0.125490
10572	0.125457
4549	0.125229
3459	0.125227
4364	0.125219
6670	0.125166
14380	0.125153
8075	0.125153
6016	0.125038
10466	0.124950
1078	0.124949
3926	0.124856
909	0.124828
9584	0.124756
1489	0.124755
12724	0.124754
1027	0.124730
5535	0.124711
6317	0.124672
1558	0.124497
10045	0.124431
9748	0.124398
5962	0.124361
9073	0.124188
1670	0.124127
8611	0.124049
125	0.124021
239	0.123986
11366	0.123959
4781	0.123843
1526	0.123689
6192	0.123679
9761	0.123637
2887	0.123581
1153	0.123522
1478	0.123409
9700	0.123314
3913	0.123311
11894	0.123288
2747	0.123288
9644	0.123170
5625	0.123108
6095	0.123055
1674	0.122982
9226	0.122947
9217	0.122947
8534	0.122947
1317	0.122940
7827	0.122935
3697	0.122911
1854	0.122911
9897	0.122903
1254	0.122690
14379	0.122677
1533	0.122657
1680	0.122603
9610	0.122485
2218	0.122475
13829	0.122358
7067	0.122358
2215	0.122358
2319	0.122357
7956	0.122340
9751	0.122287
4694	0.122251
1498	0.122186
1338	0.122177
3498	0.122095
796	0.122088
1163	0.122059
10748	0.122035
9834	0.122035
5287	0.121993
1902	0.121982
6424	0.121936
13937	0.121910
92	0.121899
12035	0.121880
9753	0.121853
5841	0.121831
2639	0.121765
5558	0.121759
1782	0.121704
4665	0.121682
1492	0.121626
10241	0.121541
3751	0.121531
3750	0.121531
7705	0.121530
6897	0.121530
11656	0.121489
1494	0.121461
701	0.121432
13050	0.121249
1389	0.121216
12304	0.121181
182	0.121130
166	0.121125
11806	0.121106
9167	0.121087
7266	0.120943
14399	0.120893
237	0.120876
9040	0.120863
12160	0.120616
1495	0.120616
10924	0.120563
5301	0.120528
5418	0.120527
1118	0.120506
11716	0.120462
10218	0.120335
2478	0.120329
12958	0.120329
12870	0.120329
12846	0.120329
12159	0.120329
12158	0.120329
1484	0.120329
12838	0.120323
1800	0.120263
100	0.120245
143	0.120203
3249	0.120200
6292	0.120188
112	0.120184
5439	0.120179
5275	0.120110
4926	0.120098
1801	0.120092
12911	0.120074
14414	0.120033
14413	0.120033
14412	0.120033
14411	0.120033
9755	0.120033
9754	0.120033
9752	0.120033
9750	0.120033
8590	0.120033
8589	0.120033
8588	0.120033
8587	0.120033
8586	0.120033
8527	0.120033
8446	0.120033
8117	0.120033
7780	0.120033
5839	0.120033
1467	0.120010
4758	0.119980
10562	0.119800
1385	0.119723
9379	0.119717
5604	0.119664
5234	0.119616
14401	0.119568
14388	0.119568
14386	0.119568
8123	0.119568
648	0.119500
1288	0.119431
8097	0.119430
1528	0.119426
12077	0.119388
6461	0.119388
3711	0.119388
7148	0.119328
5204	0.119309
13235	0.119308
7229	0.119297
978	0.119220
4416	0.119195
5158	0.119178
9729	0.119176
5090	0.119007
82	0.118867
149	0.118861
10278	0.118796
8004	0.118780
12146	0.118765
8582	0.118765
7599	0.118765
3695	0.118765
3694	0.118765
3616	0.118765
974	0.118760
1500	0.118713
1987	0.118704
8974	0.118677
11827	0.118577
3159	0.118577
5919	0.118550
2211	0.118538
1881	0.118441
6344	0.118386
12740	0.118331
2026	0.118323
4096	0.118267
11475	0.118208
11905	0.118166
1386	0.118166
972	0.118124
3705	0.118060
8438	0.117982
7360	0.117982
8804	0.117948
8767	0.117948
8766	0.117948
8764	0.117948
8743	0.117948
8742	0.117948
8741	0.117948
7685	0.117948
7476	0.117948
6637	0.117948
6606	0.117948
1978	0.117920
2974	0.117823
7679	0.117780
9714	0.117616
7999	0.117615
8805	0.117510
8765	0.117510
8439	0.117497
7435	0.117497
7180	0.117497
3592	0.117466
2745	0.117451
12316	0.117349
4202	0.117088
4136	0.117077
4666	0.117059
7917	0.117058
11441	0.117027
3520	0.117025
12123	0.116963
231	0.116957
2765	0.116944
9601	0.116895
11848	0.116894
5330	0.116798
3836	0.116790
11767	0.116678
9464	0.116539
8517	0.116539
8516	0.116539
4139	0.116539
4138	0.116539
1966	0.116485
1846	0.116403
1845	0.116386
2396	0.116335
839	0.116334
1395	0.116192
1997	0.116189
2454	0.116149
11465	0.116144
5724	0.116082
1852	0.116076
9251	0.116043
6904	0.115980
4901	0.115945
3500	0.115945
2024	0.115882
3556	0.115773
8000	0.115758
2302	0.115722
5001	0.115645
2814	0.115628
10571	0.115618
9074	0.115614
5107	0.115564
3754	0.115511
5304	0.115434
13945	0.115413
7131	0.115386
5242	0.115211
12131	0.115042
2641	0.115042
2640	0.115042
882	0.115013
571	0.114963
6020	0.114957
6197	0.114925
5091	0.114922
12500	0.114917
9627	0.114912
12172	0.114839
8223	0.114690
1791	0.114677
9995	0.114655
2469	0.114624
1752	0.114581
5619	0.114580
8982	0.114363
11820	0.114334
10405	0.114282
6856	0.114212
5289	0.114178
9704	0.114154
422	0.114090
11482	0.114077
2424	0.114074
986	0.113978
5243	0.113968
3244	0.113903
4127	0.113792
9973	0.113787
8506	0.113747
5177	0.113674
9740	0.113568
6554	0.113478
7560	0.113476
5081	0.113459
12803	0.113456
229	0.113427
596	0.113411
2001	0.113407
343	0.113404
2707	0.113346
11880	0.113343
4126	0.113317
14094	0.113305
7740	0.113202
4294	0.113138
5182	0.113134
3192	0.113117
1974	0.112932
12494	0.112901
6291	0.112893
425	0.112881
2422	0.112858
348	0.112855
10318	0.112818
5909	0.112774
2323	0.112763
1895	0.112732
1499	0.112615
1199	0.112589
8966	0.112566
837	0.112533
2501	0.112532
2590	0.112498
950	0.112491
6252	0.112490
10247	0.112470
1636	0.112455
4580	0.112436
1975	0.112364
3786	0.112336
241	0.112235
3255	0.112141
6866	0.112112
7100	0.112028
12530	0.112010
11740	0.112003
14375	0.111994
1672	0.111973
13476	0.111969
8014	0.111944
4170	0.111941
2466	0.111917
4160	0.111898
13970	0.111809
5697	0.111749
56	0.111741
9629	0.111720
1842	0.111716
10015	0.111682
2432	0.111681
12071	0.111652
175	0.111652
7567	0.111590
3277	0.111576
3160	0.111545
1890	0.111512
1233	0.111501
9152	0.111492
12659	0.111483
6326	0.111465
10570	0.111460
13353	0.111438
13455	0.111303
7640	0.111303
9145	0.111286
10717	0.111203
6742	0.111152
5788	0.111122
4809	0.111089
1668	0.111048
1754	0.111038
1396	0.111027
3884	0.110896
11944	0.110863
10725	0.110795
5849	0.110787
4251	0.110784
12269	0.110686
5230	0.110665
9970	0.110629
467	0.110572
5062	0.110551
3166	0.110524
