4956	0.258541
12629	0.144563
8542	0.125078
1507	0.124851
10455	0.118810
6837	0.118473
2778	0.117991
7105	0.116932
3580	0.113019
12803	0.112119
1218	0.112023
9417	0.111600
6536	0.111461
4267	0.111433
14172	0.111433
14171	0.111433
14170	0.111433
2680	0.110949
10859	0.110925
11315	0.110741
10351	0.109598
6577	0.108842
4980	0.108530
11474	0.108442
10682	0.108123
11571	0.107314
10046	0.107291
5502	0.107235
8144	0.106732
6660	0.106563
11419	0.106413
14173	0.106222
11572	0.106126
3845	0.105990
12534	0.105041
7661	0.104998
4957	0.104910
4221	0.104190
960	0.103783
12546	0.103779
12628	0.103519
12552	0.101967
11094	0.101672
1428	0.100937
10674	0.100789
3633	0.099666
10318	0.099463
12571	0.099413
12630	0.099263
11332	0.099203
10095	0.099009
4819	0.098965
12804	0.098461
3630	0.098440
6655	0.098174
11492	0.098113
11502	0.097856
12741	0.097799
1963	0.097362
11539	0.097105
12807	0.096661
7964	0.096409
11400	0.095708
6649	0.095612
6647	0.095612
6646	0.095612
5610	0.095612
12654	0.095565
12408	0.095442
4266	0.095399
5608	0.095370
8054	0.095193
6887	0.095178
13361	0.095024
11491	0.094969
7337	0.094604
5250	0.094568
11485	0.094513
14063	0.094095
12426	0.093598
12626	0.093470
12821	0.093392
11478	0.092975
12638	0.092959
4314	0.092628
9835	0.092033
12536	0.092026
8002	0.091978
10141	0.091872
10035	0.091872
10486	0.091483
137	0.091351
9857	0.091153
7279	0.091135
1061	0.090909
11486	0.090625
3519	0.090551
9008	0.090467
10613	0.090432
9389	0.090342
520	0.090331
12350	0.090291
12349	0.090253
10547	0.090040
9889	0.089681
7817	0.089305
10692	0.089095
3026	0.088816
10505	0.088772
9948	0.088696
10945	0.088644
11089	0.088610
10947	0.088559
10939	0.088423
5491	0.088376
11392	0.088243
12515	0.088161
13166	0.088050
10061	0.087963
7070	0.087706
11290	0.087607
12832	0.087561
10903	0.087527
8043	0.087500
11354	0.086888
10492	0.086704
13495	0.086448
8045	0.086266
8080	0.086182
10687	0.086118
11479	0.086102
10183	0.085984
6809	0.085980
10349	0.085749
1186	0.085595
10686	0.085498
12497	0.085479
12812	0.085261
12627	0.085002
10573	0.084956
7028	0.084907
10048	0.084867
12518	0.084839
12795	0.084742
10574	0.084678
10527	0.084662
12651	0.084598
12742	0.084570
12512	0.084463
11107	0.084444
11551	0.084352
11338	0.084303
3217	0.084231
2471	0.084073
12698	0.083996
6613	0.083955
7961	0.083944
567	0.083817
10722	0.083803
12435	0.083725
12647	0.083500
11394	0.083309
11569	0.083181
8496	0.082834
12660	0.082543
11527	0.082495
9992	0.082330
6877	0.082242
12784	0.082223
6290	0.082057
10832	0.081998
10871	0.081994
11151	0.081916
11082	0.081900
11554	0.081754
12762	0.081716
12785	0.081589
387	0.081383
12503	0.081343
12594	0.081327
11368	0.081316
9944	0.081254
9179	0.081246
11468	0.081145
7819	0.081101
7119	0.081008
5751	0.080959
8003	0.080916
10392	0.080822
10684	0.080809
11312	0.080792
10042	0.080711
11497	0.080703
12701	0.080619
11495	0.080505
10263	0.080440
2665	0.080078
12384	0.080075
12767	0.079945
11435	0.079886
12664	0.079858
4744	0.079797
7388	0.079752
12776	0.079713
565	0.079693
10647	0.079683
6808	0.079654
958	0.079629
8622	0.079524
3764	0.079324
9375	0.079243
5824	0.079193
388	0.079172
4295	0.079110
11473	0.079073
938	0.079044
11366	0.078936
11134	0.078893
10561	0.078799
2586	0.078760
10313	0.078696
4818	0.078687
3332	0.078657
12695	0.078644
11299	0.078517
14108	0.078488
4745	0.078488
11494	0.078405
11483	0.078277
10831	0.078192
8405	0.078174
5854	0.078152
959	0.078122
4568	0.078094
10526	0.078067
12542	0.078058
11408	0.078042
11573	0.078041
12653	0.078038
11516	0.077974
12621	0.077948
6497	0.077895
11223	0.077868
957	0.077798
954	0.077798
6334	0.077752
391	0.077699
12850	0.077532
2663	0.077520
774	0.077449
6289	0.077311
13493	0.077098
10691	0.077091
11574	0.077025
12499	0.076980
12754	0.076928
11351	0.076927
11475	0.076818
12659	0.076811
12854	0.076791
9922	0.076781
8794	0.076645
9614	0.076632
12874	0.076592
11047	0.076577
10212	0.076521
3726	0.076413
12538	0.076413
12539	0.076388
9837	0.076342
13324	0.076292
10163	0.076214
11544	0.076083
11668	0.076051
11496	0.075992
3763	0.075979
2293	0.075951
6471	0.075935
12401	0.075886
2251	0.075770
10852	0.075759
5691	0.075582
11600	0.075504
9437	0.075262
1783	0.075176
11499	0.075138
1435	0.075109
11529	0.075046
7528	0.074882
11719	0.074832
12519	0.074737
9946	0.074656
6283	0.074655
12411	0.074641
5259	0.074617
3242	0.074572
10149	0.074542
4591	0.074511
7030	0.074468
4339	0.074424
12500	0.074412
12200	0.074255
11548	0.074172
11575	0.074161
12597	0.074156
10609	0.074124
11457	0.074077
10353	0.074046
3266	0.073984
12107	0.073976
11173	0.073900
12624	0.073848
12657	0.073837
10040	0.073765
8571	0.073736
7120	0.073679
9790	0.073676
9847	0.073601
11466	0.073594
11559	0.073476
12293	0.073442
7181	0.073442
11504	0.073375
10926	0.073365
11117	0.073342
966	0.073278
10339	0.073115
5887	0.072937
13333	0.072823
1060	0.072813
9349	0.072786
1538	0.072757
11481	0.072754
14245	0.072733
12415	0.072659
5143	0.072655
2931	0.072644
10943	0.072642
12642	0.072554
1098	0.072538
2860	0.072443
8079	0.072434
8871	0.072302
10374	0.072270
12412	0.072249
12369	0.072224
12361	0.072224
10720	0.072186
1464	0.072183
5834	0.072168
12808	0.072083
1555	0.071976
9747	0.071937
1426	0.071852
2904	0.071747
2166	0.071747
7614	0.071741
7613	0.071741
13165	0.071706
10995	0.071638
5567	0.071629
11250	0.071604
11510	0.071552
4582	0.071523
9029	0.071484
12593	0.071479
10373	0.071444
11503	0.071439
11226	0.071366
11225	0.071358
10909	0.071358
7535	0.071316
6922	0.071262
12494	0.071246
10879	0.071205
10043	0.071147
13404	0.071118
3923	0.071080
10658	0.071079
11851	0.071033
6927	0.071033
10414	0.071012
3661	0.071006
10357	0.071001
11129	0.070960
11467	0.070850
13666	0.070848
13424	0.070848
10044	0.070838
12605	0.070755
12661	0.070749
4729	0.070746
11506	0.070745
7137	0.070737
10657	0.070663
11489	0.070652
8450	0.070630
5072	0.070602
1096	0.070524
5912	0.070517
784	0.070465
2932	0.070446
5638	0.070440
10880	0.070433
7289	0.070348
13619	0.070310
8397	0.070281
11577	0.070276
10572	0.070211
6628	0.070176
12726	0.070074
1007	0.070064
9904	0.070037
11227	0.070013
5670	0.069937
5089	0.069909
11139	0.069887
12606	0.069743
11484	0.069722
12749	0.069680
12748	0.069680
7234	0.069505
5254	0.069260
12631	0.069232
12793	0.069126
358	0.069108
6418	0.069052
5563	0.069049
10525	0.069048
8130	0.069029
10941	0.068903
7062	0.068854
616	0.068844
10485	0.068836
11533	0.068831
11523	0.068732
10139	0.068696
11508	0.068667
11303	0.068601
11500	0.068520
11901	0.068519
4712	0.068518
1584	0.068515
12780	0.068504
611	0.068478
3342	0.068477
11405	0.068424
11556	0.068406
4077	0.068376
11683	0.068366
9989	0.068349
5109	0.068334
10636	0.068245
10924	0.068210
7820	0.068203
2682	0.068105
11518	0.068007
13151	0.067987
6802	0.067926
12860	0.067870
12859	0.067859
10159	0.067779
12535	0.067735
7452	0.067722
8513	0.067689
10758	0.067656
8465	0.067638
5346	0.067604
5135	0.067597
12496	0.067566
12306	0.067551
6369	0.067551
6368	0.067551
12589	0.067499
6450	0.067487
6062	0.067462
10836	0.067441
10160	0.067412
5391	0.067377
11493	0.067096
7425	0.067078
12506	0.067071
11441	0.067049
6130	0.066924
717	0.066847
6614	0.066773
7493	0.066751
4052	0.066733
2743	0.066698
11398	0.066684
7818	0.066655
9884	0.066620
12833	0.066603
13088	0.066581
12790	0.066576
11019	0.066576
10476	0.066544
4451	0.066528
11549	0.066515
9550	0.066509
11252	0.066450
11444	0.066447
11417	0.066447
11540	0.066420
12792	0.066407
12607	0.066341
10508	0.066332
12765	0.066329
8141	0.066251
534	0.066230
11213	0.066180
12677	0.066146
6416	0.066101
1686	0.066090
12588	0.066069
12586	0.066050
6518	0.065985
12852	0.065983
13750	0.065954
6252	0.065939
9278	0.065905
564	0.065905
5486	0.065765
11431	0.065762
10464	0.065718
10484	0.065716
7673	0.065682
8065	0.065682
13639	0.065649
11463	0.065625
10612	0.065609
12791	0.065608
12788	0.065608
7520	0.065586
5427	0.065577
2329	0.065531
1286	0.065493
2777	0.065432
11161	0.065391
371	0.065263
9990	0.065149
1161	0.065118
5134	0.065051
12517	0.065034
10465	0.065025
12550	0.064944
4862	0.064942
12768	0.064919
11480	0.064888
4765	0.064837
10278	0.064830
2681	0.064790
3155	0.064789
5576	0.064770
13449	0.064734
3492	0.064694
11642	0.064679
575	0.064678
11464	0.064666
10495	0.064643
12391	0.064624
543	0.064607
8023	0.064588
971	0.064465
9395	0.064453
10352	0.064445
14347	0.064433
5208	0.064420
12598	0.064385
558	0.064352
10068	0.064314
1433	0.064275
8132	0.064270
5020	0.064167
6523	0.064121
12727	0.064088
1063	0.064077
12576	0.064057
2294	0.064029
5311	0.063968
6021	0.063932
10432	0.063926
12610	0.063821
9522	0.063807
13154	0.063757
11320	0.063748
3850	0.063530
11908	0.063526
5041	0.063510
12678	0.063492
6012	0.063447
13856	0.063420
10967	0.063420
10140	0.063419
10811	0.063401
12064	0.063298
12561	0.063271
12829	0.063255
7766	0.063251
530	0.063189
400	0.063189
13135	0.063109
1941	0.063081
6436	0.063000
12583	0.062919
5381	0.062884
11560	0.062869
7407	0.062858
3853	0.062858
7140	0.062758
569	0.062758
4719	0.062726
3689	0.062646
7596	0.062636
7975	0.062620
11970	0.062543
812	0.062538
2228	0.062519
9715	0.062463
11487	0.062442
14097	0.062421
12619	0.062388
10907	0.062356
10700	0.062307
138	0.062263
2705	0.062179
8321	0.062121
7114	0.062114
12743	0.062091
4822	0.062077
4629	0.062071
1391	0.062060
8918	0.062051
535	0.062045
8887	0.062028
4349	0.061966
1352	0.061963
3343	0.061951
5870	0.061942
6490	0.061879
10350	0.061805
9881	0.061804
10772	0.061804
12434	0.061795
12390	0.061795
14348	0.061790
11159	0.061768
11550	0.061760
8320	0.061728
9020	0.061707
3233	0.061700
2949	0.061686
9980	0.061649
3915	0.061648
6733	0.061617
1728	0.061546
2829	0.061520
8797	0.061464
11099	0.061462
6247	0.061375
8066	0.061307
12524	0.061305
413	0.061300
6266	0.061289
3933	0.061248
12708	0.061223
11308	0.061220
1363	0.061197
10482	0.061146
10964	0.061127
12927	0.061112
1264	0.061092
11911	0.061036
10475	0.061033
12375	0.061028
5221	0.060974
6622	0.060969
11132	0.060959
2714	0.060951
5639	0.060882
8017	0.060874
9344	0.060845
1370	0.060822
10435	0.060798
12492	0.060774
521	0.060747
4808	0.060745
2311	0.060690
1506	0.060670
12789	0.060657
9972	0.060628
10535	0.060578
4983	0.060570
3746	0.060566
2974	0.060551
11477	0.060484
12554	0.060481
7553	0.060401
5220	0.060397
5871	0.060390
11482	0.060376
11513	0.060373
11046	0.060367
6535	0.060366
12611	0.060286
11251	0.060259
3220	0.060225
11231	0.060111
11488	0.059970
2340	0.059931
12822	0.059928
5957	0.059928
11257	0.059919
10809	0.059918
7580	0.059918
13887	0.059874
964	0.059874
10816	0.059850
11232	0.059844
11230	0.059844
11229	0.059844
11228	0.059844
2338	0.059836
5455	0.059802
3378	0.059799
1483	0.059781
7581	0.059773
3341	0.059697
1800	0.059697
6811	0.059663
1880	0.059619
10362	0.059610
7662	0.059586
5042	0.059582
5542	0.059581
3597	0.059573
4405	0.059533
11522	0.059533
13826	0.059499
8730	0.059499
10234	0.059490
11301	0.059468
11343	0.059461
5287	0.059430
13249	0.059418
13248	0.059418
4403	0.059418
9769	0.059416
11834	0.059363
12406	0.059355
5459	0.059351
3323	0.059308
11025	0.059302
8230	0.059286
3104	0.059281
7146	0.059273
12930	0.059262
12928	0.059262
10335	0.059249
7951	0.059246
12745	0.059220
10810	0.059143
6425	0.059141
5021	0.059127
5019	0.059127
6992	0.059112
10614	0.059045
10802	0.059033
936	0.058995
12891	0.058988
5049	0.058943
7530	0.058923
3569	0.058907
399	0.058853
12836	0.058850
12824	0.058850
12130	0.058818
12929	0.058790
11547	0.058774
6026	0.058760
3495	0.058751
12609	0.058748
4327	0.058698
11511	0.058687
5061	0.058663
9967	0.058660
1901	0.058617
323	0.058614
2319	0.058610
3324	0.058564
228	0.058543
2417	0.058496
6360	0.058380
10502	0.058286
12413	0.058270
3540	0.058252
8103	0.058207
5985	0.058203
12495	0.058192
12800	0.058153
10946	0.058114
9028	0.058091
12145	0.058089
10515	0.058089
5956	0.058089
232	0.058054
12267	0.058043
5126	0.058043
4588	0.058028
10336	0.057996
2972	0.057975
7312	0.057946
10843	0.057893
13184	0.057860
5372	0.057844
4255	0.057838
4754	0.057836
12864	0.057831
6706	0.057794
5373	0.057784
13218	0.057769
1075	0.057769
1393	0.057763
9142	0.057731
7619	0.057722
4909	0.057699
13426	0.057687
12935	0.057638
13254	0.057638
12934	0.057638
12933	0.057638
12932	0.057638
12081	0.057638
8996	0.057638
8994	0.057638
8992	0.057638
2425	0.057618
10517	0.057601
10983	0.057599
7159	0.057563
12080	0.057557
3474	0.057536
6354	0.057522
10153	0.057521
933	0.057506
9343	0.057502
13061	0.057484
9923	0.057471
4786	0.057465
1037	0.057463
3825	0.057437
4664	0.057437
2594	0.057406
10219	0.057406
12683	0.057390
9081	0.057388
9078	0.057388
11563	0.057343
11160	0.057286
4397	0.057283
11537	0.057277
5023	0.057274
1251	0.057264
9268	0.057219
11578	0.057203
1442	0.057198
7396	0.057174
9988	0.057174
11469	0.057174
5326	0.057157
11436	0.057127
10711	0.057127
6428	0.057022
6427	0.057022
1387	0.057018
6874	0.056998
10712	0.056991
11010	0.056990
11007	0.056970
8954	0.056965
12640	0.056965
277	0.056944
10372	0.056925
11521	0.056912
11536	0.056885
2726	0.056860
3561	0.056834
7523	0.056791
13217	0.056757
12530	0.056738
12787	0.056713
7801	0.056658
12395	0.056604
7762	0.056595
10493	0.056562
542	0.056561
12910	0.056531
8181	0.056480
5323	0.056469
10531	0.056459
11545	0.056444
4261	0.056439
10049	0.056438
13965	0.056418
5865	0.056357
10992	0.056338
12581	0.056338
9961	0.056287
6499	0.056268
4455	0.056254
12031	0.056079
2830	0.056076
10441	0.056066
8207	0.056057
13060	0.056043
13055	0.056043
13048	0.056043
13014	0.056043
13009	0.056043
12892	0.056043
8379	0.056043
10247	0.056029
528	0.056021
2503	0.056015
10537	0.055959
12457	0.055958
12456	0.055958
12450	0.055958
12443	0.055958
9798	0.055958
3518	0.055948
11126	0.055881
11490	0.055874
5074	0.055873
10167	0.055797
3222	0.055794
13429	0.055765
9917	0.055755
1017	0.055750
2656	0.055745
13038	0.055736
13037	0.055736
6371	0.055725
869	0.055716
2816	0.055680
5897	0.055641
9978	0.055586
999	0.055560
10998	0.055555
10997	0.055555
12079	0.055549
2630	0.055530
4226	0.055524
3505	0.055521
2722	0.055513
6344	0.055389
968	0.055388
7061	0.055377
12717	0.055371
4478	0.055339
7687	0.055326
10790	0.055322
1362	0.055319
9396	0.055319
4481	0.055319
2292	0.055285
12715	0.055271
8476	0.055265
11561	0.055260
5654	0.055221
2800	0.055207
12658	0.055173
11116	0.055173
2795	0.055173
2794	0.055173
13097	0.055142
6703	0.055096
13110	0.055089
406	0.055080
7668	0.055045
10970	0.055030
12514	0.054995
10788	0.054965
10777	0.054965
10759	0.054965
10739	0.054965
9627	0.054957
13120	0.054957
6959	0.054942
6626	0.054913
3451	0.054908
412	0.054907
2889	0.054887
5894	0.054859
194	0.054854
12592	0.054735
12941	0.054719
12595	0.054695
9958	0.054691
9584	0.054686
