2107	0.148053
2105	0.145474
7774	0.145064
5641	0.145064
5642	0.145044
1030	0.144684
5347	0.144561
2097	0.143138
2600	0.142767
11989	0.141768
876	0.136012
13265	0.133959
2110	0.133837
11658	0.133339
498	0.130167
2708	0.128032
251	0.126636
578	0.124409
633	0.123387
2962	0.122258
2182	0.119897
1132	0.115634
2828	0.115179
250	0.114267
2119	0.113776
2267	0.110110
249	0.109978
874	0.109760
8864	0.108021
8863	0.108021
8583	0.108021
8124	0.108021
7904	0.108021
7903	0.108021
7902	0.108021
7901	0.108021
7900	0.108021
7899	0.108021
7897	0.108021
7896	0.108021
7895	0.108021
7526	0.107993
221	0.107221
6838	0.105386
1120	0.105225
1119	0.105157
2114	0.104425
13247	0.104246
1833	0.103247
10098	0.103041
2109	0.102726
2118	0.102681
2709	0.102581
5546	0.101839
2117	0.101382
9623	0.100790
3636	0.100778
254	0.099920
875	0.099482
5745	0.099447
10097	0.098532
716	0.096278
352	0.095236
2965	0.094378
13394	0.094084
487	0.094074
6395	0.093871
8773	0.093732
6621	0.093732
7468	0.093440
2967	0.093440
6618	0.093045
9462	0.092530
1109	0.092523
997	0.092346
253	0.091890
1111	0.091766
11858	0.091506
877	0.091471
9439	0.091345
2197	0.091281
7295	0.090630
11921	0.090578
2203	0.090575
11902	0.090339
1419	0.090082
2191	0.090027
12670	0.089599
2116	0.089488
7261	0.088268
2981	0.087934
5413	0.086746
2188	0.086547
1952	0.086531
13076	0.086501
4799	0.086433
1118	0.086250
1133	0.086131
1115	0.086101
11679	0.085987
5695	0.085975
589	0.085785
881	0.085351
6482	0.085331
2199	0.085098
823	0.084947
2195	0.084661
2280	0.084489
698	0.084046
5183	0.083913
4798	0.083732
5033	0.083455
2204	0.083454
2821	0.082998
6695	0.082910
4596	0.082817
12010	0.082799
13712	0.082756
12281	0.082503
6619	0.082503
11987	0.081807
11930	0.081691
2052	0.081676
2192	0.081672
2108	0.081590
1420	0.081554
9356	0.081451
13665	0.081219
2102	0.081149
351	0.080698
1835	0.080549
4111	0.080495
13448	0.080342
5034	0.080065
2111	0.079920
9105	0.079798
9104	0.079798
3544	0.079503
977	0.079169
2202	0.079126
11625	0.078984
8531	0.078898
1006	0.078634
2968	0.078594
2820	0.078203
1711	0.078156
11988	0.078048
3778	0.077790
777	0.077674
2958	0.077463
2952	0.076941
492	0.076694
6393	0.075557
1836	0.075449
51	0.075370
2522	0.075137
6732	0.074943
4865	0.074903
1673	0.074756
2128	0.074746
11733	0.074690
13026	0.074471
13706	0.074457
13738	0.074457
13731	0.074457
2588	0.074420
13707	0.074406
13374	0.073835
13373	0.073835
5746	0.073261
2113	0.073161
7050	0.073102
7049	0.073076
1121	0.073011
4977	0.072980
12372	0.072838
304	0.072595
4595	0.072498
10813	0.072349
3506	0.072109
11903	0.072099
6472	0.071927
9347	0.071528
609	0.071335
1837	0.071231
3438	0.071230
586	0.071189
2540	0.071169
9006	0.071133
9004	0.071133
9003	0.071133
9001	0.071133
9000	0.071133
8999	0.071133
8941	0.071133
1235	0.071129
582	0.071120
9436	0.070979
4538	0.070887
3389	0.070882
8938	0.070827
1040	0.070780
8980	0.070743
8978	0.070743
8977	0.070743
8976	0.070743
8940	0.070743
8998	0.070458
7676	0.070381
4112	0.070259
4660	0.070183
7453	0.070080
3254	0.070060
3934	0.070022
12414	0.069930
4976	0.069911
6117	0.069904
1743	0.069903
12041	0.069875
3545	0.069767
4113	0.069700
1039	0.069416
713	0.069319
1044	0.069108
13574	0.068709
2123	0.068667
7207	0.068597
6689	0.068359
6967	0.068359
11914	0.068250
2190	0.068124
2442	0.068071
1273	0.068053
1889	0.067981
339	0.067830
64	0.067755
9393	0.067668
14233	0.067546
1136	0.067546
8170	0.067328
3949	0.067261
4463	0.067016
9198	0.067002
3536	0.066947
2532	0.066771
683	0.066717
4106	0.066653
591	0.066398
7872	0.066348
4262	0.066345
8352	0.066342
8351	0.066342
2957	0.066342
2956	0.066342
5219	0.066256
9005	0.066255
11982	0.066230
5414	0.066230
5412	0.066230
12069	0.066114
13449	0.066048
5035	0.065836
6191	0.065588
6302	0.065491
6267	0.065491
10127	0.065476
4427	0.065427
9503	0.065404
781	0.065252
5433	0.065053
11737	0.064978
115	0.064959
2453	0.064935
1756	0.064368
4045	0.064352
4105	0.064324
4542	0.064273
4537	0.064196
9633	0.064109
9630	0.064109
9628	0.064109
9626	0.064109
9625	0.064109
9624	0.064109
9622	0.064109
9621	0.064109
9620	0.064109
9619	0.064109
9618	0.064109
9615	0.064109
9482	0.064109
12182	0.063952
4464	0.063952
6987	0.063940
10018	0.063880
3209	0.063653
7131	0.063499
6895	0.063231
991	0.063155
9870	0.062990
2104	0.062859
11147	0.062839
316	0.062836
6380	0.062418
35	0.062230
13054	0.062102
4416	0.061957
6430	0.061915
1123	0.061915
11298	0.061892
10994	0.061892
2124	0.061873
10232	0.061837
1131	0.061788
354	0.061770
9840	0.061731
3907	0.061702
2172	0.061691
11212	0.061590
7420	0.061554
4661	0.061551
12462	0.061546
10685	0.061546
3212	0.061502
9416	0.061488
14248	0.061426
8047	0.061426
13942	0.061245
8565	0.061228
6102	0.061149
2093	0.061145
10511	0.061128
5346	0.061038
2452	0.060986
8329	0.060850
9610	0.060635
7715	0.060584
9606	0.060532
7772	0.060406
13850	0.060393
7195	0.060304
7193	0.060304
12063	0.060272
2612	0.060241
12764	0.060231
645	0.059957
12043	0.059814
6971	0.059796
2831	0.059713
12756	0.059700
9613	0.059573
1117	0.059539
6077	0.059498
465	0.059431
2486	0.059307
1950	0.059305
2185	0.059299
6896	0.059101
9612	0.058952
4671	0.058867
4669	0.058867
2990	0.058834
5268	0.058728
14128	0.058664
2902	0.058502
2281	0.058341
13028	0.058285
4670	0.058273
8090	0.058229
2847	0.058229
2843	0.058229
2839	0.058229
7686	0.058035
11616	0.057982
4648	0.057982
4643	0.057982
2840	0.057948
2206	0.057732
12101	0.057700
3977	0.057636
4778	0.057533
10031	0.057491
11178	0.057452
2827	0.057422
4646	0.057413
2208	0.057383
1236	0.057383
10186	0.057345
14342	0.057263
2112	0.057143
1231	0.057138
10694	0.057015
4037	0.057012
9002	0.056949
8661	0.056925
6159	0.056881
6158	0.056881
699	0.056861
653	0.056827
7511	0.056795
1955	0.056790
3538	0.056780
6754	0.056719
3206	0.056685
6623	0.056645
11618	0.056632
6407	0.056595
4667	0.056464
9578	0.056324
7101	0.056297
10226	0.056288
3905	0.056200
5697	0.056198
6078	0.055837
4878	0.055817
2245	0.055422
9307	0.055344
2996	0.055189
2115	0.055162
114	0.054963
8910	0.054661
5477	0.054593
759	0.054491
3539	0.054477
8875	0.054432
2954	0.054427
10733	0.054417
10589	0.054402
12908	0.054400
9411	0.054400
9412	0.054399
6406	0.054346
3360	0.054320
5354	0.054187
2186	0.054124
12873	0.054111
4465	0.053804
7379	0.053769
10683	0.053759
9120	0.053542
2812	0.053541
4342	0.053519
8615	0.053332
10469	0.053297
7713	0.053213
10227	0.053053
7920	0.052938
9317	0.052876
11123	0.052799
4618	0.052787
2773	0.052763
6017	0.052673
353	0.052657
10321	0.052651
11739	0.052531
9218	0.052511
637	0.052508
8922	0.052402
5184	0.052327
9775	0.052303
2168	0.052266
3906	0.052157
11112	0.052128
9531	0.052048
2809	0.052032
9139	0.051985
7400	0.051932
1125	0.051777
12030	0.051765
121	0.051722
599	0.051721
2120	0.051692
1265	0.051625
9609	0.051515
9580	0.051515
4668	0.051468
10233	0.051277
6405	0.051210
11562	0.051182
2181	0.051069
4383	0.050980
268	0.050879
9957	0.050853
3841	0.050826
13036	0.050791
4533	0.050571
10839	0.050397
6868	0.050392
5815	0.050274
3549	0.050211
879	0.050180
4659	0.050069
7258	0.050029
2845	0.050018
5719	0.049987
8740	0.049986
13545	0.049978
2599	0.049915
2207	0.049812
6605	0.049675
9095	0.049647
333	0.049591
12915	0.049521
12914	0.049521
4231	0.049463
9861	0.049417
9819	0.049417
7306	0.049369
4175	0.049328
9849	0.049301
11012	0.049245
12442	0.049232
588	0.049049
295	0.049041
8092	0.048997
8468	0.048982
2978	0.048982
2977	0.048982
1232	0.048958
1229	0.048958
5885	0.048937
4121	0.048924
9674	0.048897
12310	0.048887
5500	0.048857
10553	0.048820
3973	0.048815
6938	0.048812
2521	0.048807
10838	0.048707
9168	0.048705
1838	0.048687
5186	0.048633
5024	0.048581
11852	0.048563
2817	0.048499
8258	0.048487
861	0.048476
5514	0.048435
469	0.048434
1135	0.048410
7955	0.048388
6882	0.048375
3247	0.048375
331	0.048266
12648	0.048258
3507	0.048171
1400	0.048153
7395	0.048138
1953	0.048133
1954	0.048133
7913	0.048126
5968	0.048126
470	0.048126
4800	0.048114
13144	0.048085
6303	0.047953
4216	0.047902
2129	0.047874
3448	0.047843
8635	0.047843
2955	0.047841
2953	0.047841
118	0.047788
5555	0.047771
488	0.047766
7576	0.047701
7020	0.047688
1097	0.047643
882	0.047633
2283	0.047630
7893	0.047525
6044	0.047476
8995	0.047420
3745	0.047395
12053	0.047362
9121	0.047358
9112	0.047358
9797	0.047297
686	0.047216
2979	0.047163
6217	0.047155
3837	0.047153
9357	0.047111
6836	0.047050
9231	0.047040
8634	0.047039
7977	0.046990
9942	0.046988
9931	0.046988
9930	0.046988
9921	0.046988
9901	0.046988
9899	0.046988
9895	0.046988
9866	0.046988
9836	0.046988
9832	0.046988
9810	0.046988
9698	0.046988
9636	0.046988
9570	0.046988
9299	0.046988
4176	0.046980
12276	0.046950
14263	0.046950
14002	0.046950
14001	0.046950
14000	0.046950
13998	0.046950
13996	0.046950
6666	0.046950
5064	0.046950
4854	0.046950
4852	0.046950
3739	0.046949
2813	0.046817
2170	0.046787
1237	0.046761
8959	0.046743
5348	0.046731
13948	0.046691
888	0.046676
4838	0.046627
12338	0.046534
10676	0.046492
1456	0.046489
6532	0.046446
11718	0.046438
6204	0.046338
9200	0.046337
9273	0.046332
10229	0.046282
2096	0.046240
7889	0.046239
1778	0.046239
14410	0.046179
14409	0.046179
14408	0.046179
7919	0.046179
3383	0.046141
14433	0.046073
12116	0.046048
12457	0.046024
12456	0.046024
12450	0.046024
12443	0.046024
9798	0.046024
9423	0.046019
190	0.045996
119	0.045943
9361	0.045938
6920	0.045874
7381	0.045874
5967	0.045823
122	0.045790
7202	0.045760
6319	0.045740
12954	0.045646
2085	0.045513
1951	0.045425
2	0.045414
628	0.045382
11289	0.045372
8874	0.045360
11818	0.045221
10677	0.045217
1421	0.045213
10701	0.045197
3952	0.045128
7414	0.045065
2461	0.044991
5918	0.044983
1726	0.044927
404	0.044908
1008	0.044900
11968	0.044878
949	0.044878
1402	0.044747
7962	0.044721
10800	0.044691
6997	0.044647
9201	0.044601
10110	0.044560
9611	0.044463
13015	0.044456
4090	0.044452
2174	0.044449
12036	0.044447
11918	0.044314
2227	0.044146
9489	0.044092
4071	0.044092
4070	0.044092
4069	0.044092
3428	0.044091
7981	0.044045
9226	0.043998
9217	0.043998
8534	0.043998
14303	0.043968
14302	0.043968
14301	0.043968
14300	0.043968
14299	0.043968
2980	0.043964
7827	0.043961
10611	0.043957
11904	0.043907
9338	0.043897
12333	0.043882
7167	0.043829
2579	0.043760
459	0.043759
6517	0.043755
2844	0.043735
457	0.043722
9177	0.043719
5013	0.043601
4855	0.043596
8813	0.043510
9237	0.043486
6992	0.043476
12070	0.043467
8779	0.043454
1114	0.043447
474	0.043438
9940	0.043431
9914	0.043431
7044	0.043431
6848	0.043431
10518	0.043370
11111	0.043348
10559	0.043341
2970	0.043292
5510	0.043257
1002	0.043241
1734	0.043207
2121	0.043178
5591	0.043156
9058	0.043115
6701	0.043115
4961	0.043055
4849	0.043028
8778	0.043004
9274	0.042995
12136	0.042990
11073	0.042984
10604	0.042975
235	0.042952
10051	0.042946
6771	0.042917
4169	0.042824
2248	0.042817
7422	0.042794
8671	0.042789
9235	0.042779
9230	0.042779
9228	0.042779
9225	0.042779
9224	0.042779
9221	0.042779
9219	0.042779
9214	0.042779
9213	0.042779
9211	0.042779
9209	0.042779
9208	0.042779
9206	0.042779
9193	0.042779
8807	0.042779
8679	0.042779
8677	0.042779
8675	0.042779
8674	0.042779
8673	0.042779
8670	0.042779
8637	0.042779
8633	0.042779
8631	0.042779
8610	0.042779
8591	0.042779
8539	0.042779
8538	0.042779
8537	0.042779
8536	0.042779
8529	0.042779
8526	0.042779
8525	0.042779
8632	0.042779
6443	0.042715
8110	0.042657
4116	0.042619
2810	0.042591
3638	0.042577
817	0.042553
12236	0.042552
3940	0.042542
8636	0.042454
9918	0.042440
1260	0.042434
9438	0.042404
4968	0.042358
12073	0.042340
4053	0.042318
370	0.042305
11800	0.042234
5248	0.042226
9210	0.042221
262	0.042181
5178	0.042154
2189	0.042078
9199	0.042062
1228	0.042047
1127	0.041982
3598	0.041981
2892	0.041965
4848	0.041957
6533	0.041953
456	0.041952
7404	0.041934
8572	0.041919
8569	0.041919
8568	0.041919
6305	0.041888
5197	0.041841
4707	0.041827
12357	0.041791
4118	0.041757
10230	0.041704
13030	0.041686
3375	0.041678
6185	0.041673
4850	0.041661
13997	0.041635
13621	0.041574
9770	0.041452
1925	0.041444
5059	0.041419
4935	0.041409
1740	0.041384
7457	0.041351
9204	0.041346
8592	0.041346
6781	0.041340
2247	0.041319
4304	0.041281
4302	0.041281
11999	0.041272
6179	0.041263
4836	0.041240
5541	0.041238
8960	0.041177
2246	0.041160
7089	0.041031
14269	0.040991
9424	0.040951
8997	0.040939
10723	0.040908
8207	0.040904
2451	0.040825
3870	0.040739
6470	0.040732
4051	0.040732
2523	0.040667
2881	0.040664
2976	0.040631
3227	0.040588
11977	0.040587
9311	0.040525
11712	0.040492
2183	0.040462
13497	0.040453
3785	0.040412
13498	0.040408
2103	0.040394
9253	0.040383
8903	0.040367
8902	0.040367
13946	0.040252
1592	0.040252
13955	0.040183
2198	0.040156
12219	0.040076
8312	0.040072
12721	0.040066
1817	0.040043
1591	0.040010
13199	0.040008
13198	0.040008
3921	0.040006
13716	0.039947
11677	0.039940
4494	0.039940
4493	0.039940
10697	0.039915
13673	0.039902
13672	0.039902
13671	0.039902
2351	0.039881
2350	0.039881
2348	0.039881
2346	0.039881
10696	0.039834
1556	0.039830
9839	0.039799
13396	0.039781
13338	0.039781
6006	0.039771
11300	0.039732
2823	0.039721
13535	0.039688
12348	0.039668
13634	0.039622
671	0.039613
6216	0.039607
12283	0.039577
9207	0.039563
9205	0.039563
8528	0.039563
8570	0.039525
4824	0.039499
792	0.039446
9215	0.039421
11638	0.039412
7767	0.039373
11145	0.039356
196	0.039268
9370	0.039223
1285	0.039199
10698	0.039186
38	0.039179
4204	0.039174
222	0.039156
9377	0.039143
5520	0.039120
6804	0.039105
1001	0.039065
1291	0.039040
11806	0.038943
4787	0.038928
6065	0.038802
1596	0.038795
4692	0.038756
5189	0.038742
1882	0.038706
5459	0.038692
10749	0.038625
7203	0.038603
13293	0.038569
1878	0.038490
4094	0.038488
6709	0.038475
13050	0.038428
3503	0.038345
14393	0.038292
14377	0.038292
9385	0.038266
11607	0.038247
13820	0.038241
12235	0.038230
11646	0.038176
13557	0.038131
13556	0.038131
11964	0.038117
13121	0.038060
4789	0.038060
4788	0.038060
8293	0.038054
12141	0.038040
7560	0.038031
11920	0.038030
3927	0.038030
3868	0.038030
1254	0.037977
12214	0.037933
12183	0.037912
10787	0.037861
14250	0.037853
10558	0.037853
10555	0.037853
6968	0.037853
4664	0.037846
8042	0.037812
13143	0.037798
13131	0.037698
9484	0.037674
9483	0.037674
3561	0.037628
14290	0.037581
8093	0.037531
7553	0.037508
12532	0.037493
8530	0.037469
10556	0.037454
319	0.037448
6449	0.037438
6064	0.037434
12687	0.037422
13095	0.037420
