43	0.138389
1829	0.126270
4832	0.125791
50	0.121519
699	0.121496
4401	0.119967
686	0.119774
11920	0.119251
3927	0.119251
3868	0.119251
6449	0.119170
5238	0.118991
2182	0.118903
5684	0.118156
820	0.118065
288	0.117471
286	0.116736
11919	0.116431
3146	0.116425
8886	0.116405
6239	0.116083
39	0.115641
12360	0.114996
7711	0.114996
5320	0.114919
114	0.114719
630	0.113610
274	0.113382
3062	0.113140
5905	0.111903
641	0.111837
6236	0.111584
6235	0.111584
6233	0.111584
1113	0.111283
13721	0.111283
13709	0.111283
7864	0.111175
3929	0.110933
3928	0.110933
10862	0.110896
9531	0.110849
10863	0.110595
6208	0.109300
3784	0.109275
3867	0.109145
6129	0.109082
3879	0.108729
5239	0.108715
1824	0.108647
714	0.108491
2548	0.107644
6117	0.107560
680	0.107443
12178	0.107443
206	0.107360
2547	0.107104
10018	0.107083
888	0.107078
5092	0.106899
9121	0.106638
9112	0.106638
6180	0.106486
9503	0.105779
2267	0.105454
2181	0.104976
11918	0.104473
6541	0.104070
2154	0.103995
7947	0.103929
3743	0.103916
882	0.103809
1030	0.103726
6240	0.103667
5318	0.103072
6237	0.102818
3752	0.102724
7912	0.102248
671	0.101768
3213	0.101591
4001	0.101432
665	0.101293
2575	0.100930
11256	0.100673
6232	0.100623
3841	0.099706
9623	0.099309
5844	0.098641
5240	0.098619
6697	0.098288
7807	0.098272
5237	0.098150
4764	0.097425
12073	0.097216
3828	0.096831
4453	0.096548
3805	0.096414
14233	0.096005
1136	0.096005
6241	0.095928
12314	0.094491
8749	0.094489
8748	0.094489
4031	0.094447
46	0.094400
2472	0.094259
115	0.093934
11701	0.093739
12359	0.093659
6468	0.093659
11906	0.093447
34	0.093404
113	0.092949
819	0.092920
12191	0.092849
606	0.092640
6971	0.092449
2097	0.092161
3649	0.091693
1260	0.091159
2577	0.090952
12862	0.090732
4639	0.090556
4635	0.090556
4634	0.090556
3082	0.090556
11830	0.090556
3078	0.090364
7420	0.090076
7433	0.089746
8661	0.089671
2827	0.089535
276	0.088770
12381	0.088567
3665	0.088560
9609	0.088275
9580	0.088275
1231	0.088262
4644	0.088237
11902	0.088235
858	0.088151
3053	0.087938
5347	0.087559
94	0.087234
5642	0.087221
7774	0.087212
5641	0.087212
8618	0.087171
11860	0.087131
280	0.087130
3643	0.087064
1892	0.087037
199	0.086986
4154	0.086919
2546	0.086779
2620	0.086684
9633	0.086432
9630	0.086432
9628	0.086432
9626	0.086432
9625	0.086432
9624	0.086432
9622	0.086432
9621	0.086432
9620	0.086432
9619	0.086432
9618	0.086432
9615	0.086432
9482	0.086432
7553	0.086221
294	0.085913
11293	0.085749
7397	0.085684
98	0.085480
9578	0.085419
269	0.085203
2549	0.085116
2600	0.085016
3549	0.084817
4144	0.084653
9436	0.084525
13994	0.084475
7931	0.084475
9613	0.084389
3504	0.084247
9612	0.084117
64	0.083925
117	0.083861
9616	0.083697
5059	0.083565
10097	0.083449
2580	0.083377
10474	0.082916
13314	0.082895
13580	0.082426
10830	0.082376
12002	0.082356
6623	0.081926
2105	0.081658
405	0.081611
14342	0.081561
205	0.081368
203	0.081368
1621	0.081203
2094	0.081029
10580	0.080828
5930	0.080828
11989	0.080759
8208	0.080634
8816	0.080559
8815	0.080559
8814	0.080559
8812	0.080559
8796	0.080559
8795	0.080559
8777	0.080559
7923	0.080559
5696	0.080485
13277	0.080452
9212	0.080241
6816	0.079883
1021	0.079669
31	0.079621
876	0.079269
14096	0.079259
2997	0.079252
2696	0.079214
7040	0.079163
1190	0.079159
2550	0.079151
8463	0.079100
3652	0.079089
5708	0.078931
9039	0.078787
41	0.078701
697	0.078660
4143	0.078405
9541	0.078380
1009	0.078143
2466	0.078131
10617	0.078124
116	0.077975
4797	0.077957
5916	0.077932
9725	0.077929
4910	0.077893
2962	0.077886
188	0.077822
7534	0.077806
3582	0.077806
121	0.077781
8383	0.077699
4213	0.077596
9338	0.077474
414	0.077449
1893	0.077166
1419	0.077013
2628	0.077011
2627	0.077011
10098	0.076792
5319	0.076596
6638	0.076530
2189	0.076184
9377	0.076074
14367	0.075903
633	0.075885
3203	0.075865
7560	0.075724
4795	0.075665
10403	0.075627
2709	0.075576
5688	0.075489
11702	0.075312
9610	0.075217
1121	0.075198
6479	0.075037
11779	0.074941
5536	0.074941
5186	0.074795
4800	0.074749
8963	0.074691
12243	0.074543
11432	0.074386
10616	0.074386
1556	0.074382
9606	0.074097
13827	0.074049
13108	0.074049
13107	0.074049
12882	0.074049
10121	0.074049
8458	0.074049
498	0.073974
3705	0.073926
9130	0.073775
9113	0.073775
1456	0.073670
3446	0.073653
11212	0.073492
30	0.073456
2446	0.073334
6882	0.073232
3247	0.073232
660	0.073179
2114	0.072976
2579	0.072811
10878	0.072730
11639	0.072491
7709	0.072457
8531	0.072087
8792	0.072042
11873	0.071930
3902	0.071779
194	0.071738
1551	0.071724
5546	0.071717
6376	0.071621
5709	0.071575
12910	0.071550
10740	0.071519
5407	0.071413
12229	0.071280
1447	0.071217
7213	0.071205
10675	0.071164
3708	0.071147
7453	0.071108
4950	0.071057
9416	0.071054
8324	0.070980
7676	0.070893
2116	0.070807
2727	0.070801
12313	0.070785
8167	0.070785
2052	0.070641
9820	0.070632
8735	0.070632
4537	0.070547
666	0.070521
221	0.070501
1817	0.070466
13025	0.070436
13024	0.070436
13022	0.070436
8486	0.070436
653	0.070426
2708	0.070280
9804	0.070249
661	0.070195
13567	0.070168
5731	0.070168
5730	0.070168
5726	0.070168
5723	0.070168
5722	0.070168
5721	0.070168
5681	0.070168
1014	0.070007
6618	0.070000
195	0.069943
2118	0.069834
3490	0.069737
9413	0.069696
12909	0.069629
289	0.069375
7003	0.069369
1414	0.069229
649	0.069206
2612	0.069150
1119	0.069123
8773	0.069111
6621	0.069111
628	0.069085
225	0.069050
1120	0.068970
637	0.068868
3168	0.068809
3608	0.068764
672	0.068737
1201	0.068703
7719	0.068666
5317	0.068653
6960	0.068648
674	0.068648
673	0.068648
664	0.068648
657	0.068648
652	0.068648
646	0.068648
189	0.068648
282	0.068605
12979	0.068590
5520	0.068488
6399	0.068449
10628	0.068394
5725	0.068370
9102	0.068340
1040	0.068337
11264	0.068277
1439	0.068242
21	0.068175
13247	0.068124
12036	0.068073
272	0.068037
644	0.068036
3059	0.067945
1852	0.067939
14370	0.067826
2186	0.067743
6430	0.067718
1123	0.067718
7692	0.067649
6435	0.067585
2122	0.067547
261	0.067491
6676	0.067328
461	0.067323
9145	0.067306
9053	0.067167
9052	0.067167
9051	0.067167
6316	0.067148
3161	0.067117
13363	0.067111
7782	0.067097
10110	0.067009
6742	0.066944
2614	0.066913
10800	0.066803
1950	0.066750
10795	0.066602
14357	0.066518
7787	0.066518
8193	0.066512
1067	0.066512
8453	0.066500
208	0.066490
1420	0.066384
4308	0.066309
4265	0.066183
6844	0.066179
8892	0.066109
6115	0.066040
5403	0.065874
13516	0.065857
2544	0.065797
11148	0.065733
2107	0.065667
9190	0.065639
3706	0.065611
785	0.065483
8864	0.065459
8863	0.065459
8583	0.065459
8124	0.065459
7904	0.065459
7903	0.065459
7902	0.065459
7901	0.065459
7900	0.065459
7899	0.065459
7897	0.065459
7896	0.065459
7895	0.065459
7526	0.065415
13086	0.065343
13085	0.065343
12242	0.065288
270	0.065282
1254	0.065215
5745	0.065091
629	0.064993
5324	0.064988
488	0.064908
5187	0.064734
1243	0.064663
33	0.064643
5296	0.064570
13050	0.064544
293	0.064538
292	0.064538
291	0.064538
290	0.064538
287	0.064538
6149	0.064456
6175	0.064386
6234	0.064367
4750	0.064356
6264	0.064312
1861	0.064297
5475	0.064269
9415	0.064122
8851	0.064122
8850	0.064122
65	0.064064
6600	0.064061
7240	0.064009
6804	0.064001
11985	0.063987
8147	0.063987
8100	0.063987
8086	0.063987
8085	0.063987
8084	0.063987
10864	0.063949
6699	0.063871
3735	0.063856
4533	0.063723
1988	0.063708
13075	0.063684
7654	0.063609
1108	0.063600
10023	0.063595
7655	0.063522
7295	0.063450
632	0.063430
9631	0.063308
6838	0.063209
4393	0.063201
13830	0.063194
9302	0.063180
122	0.063116
12428	0.062976
7828	0.062849
13948	0.062828
5261	0.062823
4922	0.062780
1640	0.062731
13282	0.062691
3517	0.062686
11679	0.062630
13281	0.062607
647	0.062603
873	0.062592
1064	0.062584
1332	0.062552
6702	0.062524
285	0.062502
658	0.062413
8924	0.062367
9611	0.062187
11988	0.062171
5433	0.062163
10965	0.062080
611	0.061985
8959	0.061934
1135	0.061904
13717	0.061855
3746	0.061674
13812	0.061667
8265	0.061667
663	0.061592
13326	0.061509
13494	0.061502
383	0.061501
2499	0.061466
2540	0.061377
118	0.061113
4538	0.061113
8960	0.061107
44	0.061098
655	0.061038
331	0.061029
8598	0.061005
8597	0.061005
6374	0.060964
4078	0.060869
3804	0.060782
12585	0.060701
14369	0.060696
7866	0.060691
1421	0.060689
8248	0.060649
14366	0.060632
14361	0.060632
14355	0.060632
8456	0.060632
13524	0.060622
1930	0.060557
1132	0.060544
5168	0.060501
3827	0.060442
3254	0.060425
2120	0.060411
5637	0.060365
4761	0.060352
11323	0.060349
190	0.060330
5197	0.060329
8707	0.060256
35	0.060197
7917	0.060108
1066	0.060043
12948	0.060001
196	0.059994
4346	0.059965
3943	0.059940
3456	0.059905
10902	0.059841
571	0.059812
8709	0.059758
2973	0.059737
9006	0.059694
9004	0.059694
9003	0.059694
9001	0.059694
9000	0.059694
8999	0.059694
8941	0.059694
5425	0.059688
7049	0.059621
12067	0.059611
2828	0.059587
10209	0.059555
5604	0.059537
4725	0.059510
10102	0.059502
2489	0.059471
11362	0.059464
609	0.059407
13502	0.059397
10668	0.059397
10494	0.059397
123	0.059358
1102	0.059344
2697	0.059327
621	0.059322
9508	0.059317
1114	0.059265
13170	0.059243
1973	0.059236
3485	0.059216
3486	0.059212
2845	0.059210
10837	0.059164
12041	0.059163
8998	0.058967
3899	0.058894
3741	0.058847
429	0.058815
6043	0.058750
3381	0.058692
3460	0.058629
3286	0.058572
1458	0.058546
12372	0.058489
2895	0.058433
141	0.058431
14368	0.058418
7889	0.058295
7050	0.058272
2123	0.058203
3751	0.058092
3750	0.058092
10813	0.058087
1970	0.058066
4262	0.058052
5497	0.058029
6162	0.058027
10473	0.057974
3598	0.057965
9678	0.057932
14433	0.057929
2891	0.057899
12333	0.057888
7109	0.057878
211	0.057868
14410	0.057802
14409	0.057802
14408	0.057802
7919	0.057802
2545	0.057798
2642	0.057783
11711	0.057742
4344	0.057692
2535	0.057676
6185	0.057670
6166	0.057640
5471	0.057640
10611	0.057571
220	0.057504
6482	0.057451
8885	0.057448
9358	0.057372
9274	0.057314
4541	0.057306
6519	0.057270
9005	0.057255
218	0.057240
9780	0.057173
9940	0.057074
9914	0.057074
7044	0.057074
6848	0.057074
758	0.057047
11617	0.057015
11824	0.056953
806	0.056927
9913	0.056891
277	0.056865
170	0.056863
13904	0.056845
237	0.056823
4347	0.056737
1743	0.056663
6465	0.056614
10458	0.056591
9787	0.056575
9786	0.056575
9785	0.056575
9784	0.056575
9783	0.056575
9782	0.056575
9781	0.056575
9778	0.056575
9280	0.056575
8585	0.056575
8567	0.056575
8553	0.056575
2531	0.056537
3837	0.056510
10459	0.056509
6426	0.056494
9119	0.056434
5533	0.056434
9572	0.056407
2886	0.056369
3252	0.056312
7288	0.056273
4097	0.056240
3186	0.056189
6926	0.056152
3052	0.056150
13026	0.056104
346	0.056089
3817	0.056076
11712	0.056025
492	0.056002
9788	0.055985
9024	0.055953
9023	0.055953
9022	0.055953
8949	0.055953
13482	0.055946
759	0.055930
2975	0.055927
3380	0.055848
7404	0.055807
6159	0.055784
6158	0.055784
4796	0.055775
2144	0.055749
14393	0.055746
14377	0.055746
10497	0.055608
5571	0.055595
319	0.055551
4233	0.055534
5123	0.055523
8923	0.055502
9480	0.055488
8533	0.055488
7276	0.055487
4025	0.055452
1423	0.055378
8087	0.055373
786	0.055369
6557	0.055330
760	0.055328
8264	0.055283
8845	0.054976
2110	0.054960
6517	0.054922
683	0.054906
2653	0.054900
7237	0.054893
1117	0.054848
9664	0.054783
9273	0.054736
11282	0.054699
5921	0.054695
4720	0.054684
11307	0.054666
791	0.054622
13059	0.054601
12334	0.054601
6549	0.054601
320	0.054599
1106	0.054557
13143	0.054549
14416	0.054502
322	0.054501
11812	0.054447
656	0.054429
3636	0.054421
11718	0.054415
14365	0.054388
13807	0.054326
307	0.054320
662	0.054318
1107	0.054312
14107	0.054286
363	0.054285
8544	0.054259
37	0.054220
13222	0.054217
2318	0.054167
7890	0.054126
3091	0.054108
3089	0.054108
3088	0.054108
14147	0.054098
3090	0.054098
3099	0.054098
4165	0.054090
10472	0.054084
9258	0.054076
14148	0.054072
5470	0.054056
7960	0.054023
9002	0.053981
14398	0.053939
14383	0.053939
8454	0.053939
7916	0.053939
7083	0.053939
586	0.053921
7211	0.053917
7784	0.053915
12541	0.053811
5208	0.053780
6370	0.053738
2440	0.053733
11737	0.053711
13851	0.053706
1747	0.053700
2755	0.053682
11658	0.053673
3644	0.053666
1194	0.053658
643	0.053654
8789	0.053631
8788	0.053631
8787	0.053631
8786	0.053631
8785	0.053631
8784	0.053631
8783	0.053631
8782	0.053631
8781	0.053631
8388	0.053631
3116	0.053594
66	0.053583
14151	0.053565
7223	0.053563
6856	0.053559
14146	0.053548
120	0.053540
5915	0.053502
4482	0.053497
8389	0.053461
2117	0.053409
6704	0.053406
1022	0.053387
12028	0.053366
1126	0.053365
13265	0.053364
10017	0.053340
12025	0.053324
2893	0.053324
6081	0.053314
297	0.053209
11847	0.053202
8451	0.053200
1751	0.053187
8180	0.053167
3171	0.053161
5234	0.053132
9673	0.053115
911	0.053105
9356	0.053104
11680	0.053067
8995	0.053055
4306	0.053020
8223	0.053006
6698	0.052996
11161	0.052963
4345	0.052916
14364	0.052897
14242	0.052736
13816	0.052736
2885	0.052736
9697	0.052713
4021	0.052688
7929	0.052674
2972	0.052653
4717	0.052599
3818	0.052560
8625	0.052498
12282	0.052441
14005	0.052436
2495	0.052436
6671	0.052399
8712	0.052385
8303	0.052385
8302	0.052385
7362	0.052385
6359	0.052385
10050	0.052385
6202	0.052351
10088	0.052314
8441	0.052312
8440	0.052312
7887	0.052302
5788	0.052294
4965	0.052267
10566	0.052251
12834	0.052234
12828	0.052234
2896	0.052223
4976	0.052199
12297	0.052156
8098	0.052156
3427	0.052105
1138	0.052067
5670	0.051994
382	0.051950
2602	0.051946
12747	0.051938
2171	0.051925
12794	0.051909
12880	0.051860
781	0.051859
6520	0.051854
5434	0.051823
11909	0.051785
4977	0.051704
668	0.051704
3732	0.051697
10834	0.051624
339	0.051608
1440	0.051608
13847	0.051580
14057	0.051559
5736	0.051549
9743	0.051540
13971	0.051509
7804	0.051509
2494	0.051509
10375	0.051423
5558	0.051397
12027	0.051305
4830	0.051298
4829	0.051298
1432	0.051292
9953	0.051233
716	0.051226
3292	0.051212
12757	0.051196
14351	0.051194
9244	0.051176
6417	0.051174
12655	0.051101
2649	0.051082
5977	0.051052
4384	0.051043
3809	0.050965
10156	0.050902
10632	0.050876
4542	0.050873
7229	0.050868
7162	0.050817
8604	0.050798
2188	0.050789
12245	0.050775
14375	0.050758
4932	0.050745
3645	0.050669
3253	0.050618
6278	0.050601
3484	0.050513
4191	0.050489
5606	0.050453
537	0.050426
1986	0.050416
13627	0.050405
9462	0.050383
3282	0.050369
12109	0.050315
5948	0.050315
10192	0.050280
10184	0.050280
12414	0.050271
3016	0.050217
13970	0.050206
1131	0.050206
13865	0.050196
1388	0.050194
12042	0.050121
