82	0.268046
2441	0.257128
10008	0.254179
10009	0.253115
6916	0.251791
11848	0.250055
468	0.245481
466	0.244770
10204	0.239704
1895	0.239628
2837	0.239622
11758	0.239130
1379	0.238169
93	0.237753
106	0.237294
12868	0.236747
9242	0.236747
9241	0.236747
9240	0.236747
6696	0.236747
10206	0.236579
1841	0.235337
2758	0.233549
5272	0.232472
410	0.231192
9251	0.230922
1380	0.230564
9710	0.230323
1760	0.229756
2865	0.229519
3225	0.228402
1385	0.228311
10220	0.227670
10326	0.227462
1691	0.225872
309	0.224166
238	0.223671
909	0.223122
1475	0.223060
7103	0.223057
1749	0.223009
13168	0.222870
2374	0.222024
10015	0.221492
7222	0.220852
6839	0.220672
9327	0.219743
155	0.219517
1249	0.217431
5840	0.217350
7486	0.216613
9706	0.216561
5286	0.216006
102	0.215903
2026	0.215728
144	0.214714
4460	0.214683
3820	0.214579
9328	0.214577
3691	0.214253
4174	0.214242
13845	0.214154
8371	0.214154
128	0.213899
4928	0.213170
12139	0.213148
1199	0.212636
6082	0.212440
12439	0.212148
9397	0.211832
7190	0.211807
5300	0.211473
1490	0.211417
3913	0.211390
11627	0.211172
1388	0.211075
1488	0.211059
5798	0.210622
6295	0.210583
12257	0.210441
13021	0.210430
5405	0.210430
12252	0.210393
2015	0.210266
10175	0.209963
3530	0.209764
12123	0.209633
3971	0.209602
8506	0.208908
3535	0.208332
5242	0.208233
3289	0.207145
7185	0.207035
3972	0.207035
1263	0.206555
14094	0.206529
2073	0.206414
13944	0.206250
13276	0.206206
3577	0.205641
1468	0.205592
236	0.205484
3101	0.205320
233	0.205269
162	0.204989
8925	0.204939
758	0.204220
1482	0.204156
1845	0.204128
11979	0.204042
4587	0.203900
1395	0.203600
1143	0.203570
7354	0.203461
4526	0.202939
2006	0.202749
5404	0.202746
3910	0.202712
11820	0.202481
5330	0.202448
9247	0.201721
2420	0.201685
7906	0.201675
1755	0.201178
2030	0.201168
9548	0.200903
1902	0.200192
5296	0.200063
2775	0.199962
3130	0.199620
9077	0.199518
72	0.199375
3568	0.199028
1960	0.198931
36	0.198855
11708	0.197563
3685	0.197333
5015	0.196999
7868	0.196695
13711	0.196510
5560	0.196510
4488	0.196496
422	0.196379
9249	0.196291
6873	0.196217
2221	0.196200
1481	0.195858
2768	0.195857
6094	0.195806
4132	0.195714
1879	0.195560
307	0.195530
2754	0.195374
6037	0.195069
9135	0.195041
9250	0.194835
12014	0.194825
104	0.194820
2078	0.194738
3394	0.194487
1148	0.194031
6105	0.194031
126	0.193995
9239	0.193705
9106	0.193257
79	0.193218
1870	0.193007
12845	0.192288
9107	0.192157
1374	0.192017
9713	0.191327
2007	0.191207
4417	0.191079
12113	0.190948
3532	0.190831
10925	0.190642
5316	0.190139
1502	0.189932
982	0.189775
3874	0.189765
4128	0.189703
4135	0.189644
3195	0.189589
2568	0.189537
7697	0.189298
7254	0.189298
3892	0.189269
1742	0.189241
4781	0.188483
11856	0.188393
12285	0.188252
3611	0.188192
9203	0.188135
2757	0.187898
1155	0.187645
5338	0.187579
943	0.187523
1087	0.187463
7617	0.187323
12876	0.187293
1088	0.187200
5481	0.187135
14103	0.187096
8495	0.187096
5781	0.187058
989	0.186948
12013	0.186936
1370	0.186828
2219	0.186733
4570	0.186732
11604	0.186664
2470	0.186627
9041	0.186269
5342	0.185875
5306	0.185875
11196	0.185803
6872	0.185783
1646	0.185689
2512	0.185481
4576	0.185311
9073	0.185283
1288	0.185232
74	0.185165
12365	0.185015
5988	0.184914
12118	0.184818
2083	0.184818
2074	0.184818
1899	0.184818
1896	0.184818
2426	0.184780
3098	0.184753
8600	0.184698
8944	0.184626
4231	0.184500
5102	0.184431
3063	0.184339
12140	0.184270
5759	0.184253
9149	0.184184
974	0.184174
4039	0.183917
1092	0.183914
3794	0.183898
3712	0.183872
2356	0.183209
14415	0.183128
9277	0.183128
4125	0.182985
9316	0.182870
2403	0.182702
1233	0.182668
11603	0.182625
2018	0.182469
11926	0.182288
1795	0.182267
9334	0.182012
1754	0.181991
12264	0.181867
11827	0.181737
3159	0.181737
8975	0.181686
5782	0.181573
2872	0.181537
153	0.181345
1922	0.181305
7770	0.181243
8957	0.181164
3300	0.181070
4253	0.180456
9562	0.180417
3100	0.180417
3179	0.180308
88	0.180017
2450	0.179922
1153	0.179817
6292	0.179506
1479	0.179456
8845	0.179187
1444	0.178959
1627	0.178799
7705	0.178683
6897	0.178683
5171	0.178642
5244	0.178560
12071	0.178550
175	0.178550
1281	0.178326
2750	0.178237
1996	0.178120
1093	0.178116
1881	0.177937
5619	0.177619
1978	0.177589
1903	0.177446
1200	0.177338
5341	0.177306
10256	0.177287
8299	0.177125
5305	0.176982
3891	0.176970
71	0.176699
7980	0.176693
10159	0.176646
3741	0.176574
9563	0.176516
1810	0.176489
3893	0.176456
9441	0.176396
8732	0.176316
8711	0.176291
5827	0.176282
11899	0.176266
5169	0.176266
8026	0.176197
8710	0.176141
1266	0.176059
2213	0.175844
3679	0.175694
1995	0.175611
6359	0.175596
8712	0.175596
8303	0.175596
8302	0.175596
7362	0.175596
6202	0.175579
349	0.175579
5501	0.175579
237	0.175483
5406	0.175453
9877	0.175438
2022	0.174912
10240	0.174908
3321	0.174853
9158	0.174547
171	0.174531
2388	0.174356
5236	0.174257
9390	0.174237
5504	0.174138
5506	0.174124
145	0.174076
6095	0.174072
12903	0.174067
10592	0.173705
3926	0.173628
2405	0.173624
1851	0.173557
10160	0.173516
6003	0.173351
3045	0.173255
3322	0.173252
84	0.173018
5503	0.172932
12316	0.172813
2389	0.172787
6081	0.172774
4356	0.172513
4555	0.172404
13020	0.172090
4640	0.171855
4485	0.171798
12740	0.171759
2001	0.171683
9435	0.171671
10286	0.171590
13966	0.171575
5618	0.171532
5617	0.171532
5981	0.171531
2265	0.171530
2570	0.171445
417	0.171380
13227	0.171369
182	0.171323
1386	0.171269
11928	0.171220
8501	0.171220
2779	0.171220
2756	0.171220
13272	0.171219
2786	0.171219
2782	0.171219
1505	0.171219
11927	0.171203
2759	0.171203
3244	0.171182
471	0.170938
394	0.170919
7351	0.170721
11184	0.170682
13735	0.170590
13728	0.170590
13726	0.170590
13937	0.170314
551	0.170096
495	0.170080
1267	0.169749
3292	0.169670
6299	0.169661
12097	0.169596
406	0.169462
1865	0.169397
2621	0.169388
11636	0.169298
2639	0.169275
2454	0.169270
1048	0.169247
3500	0.169136
1326	0.169049
6670	0.168919
11261	0.168916
8199	0.168916
7869	0.168916
4697	0.168815
1377	0.168725
1271	0.168641
5625	0.168616
2631	0.168604
9368	0.168590
9160	0.168563
141	0.168493
13230	0.168493
13229	0.168493
3766	0.168493
3762	0.168493
3769	0.168493
3765	0.168476
6639	0.168466
2378	0.168458
5301	0.168365
3160	0.168190
8709	0.167990
944	0.167987
142	0.167864
13905	0.167736
13903	0.167736
8088	0.167736
369	0.167598
11896	0.167384
3909	0.167363
6317	0.167237
9740	0.167125
6554	0.167090
9143	0.166824
6242	0.166824
2905	0.166814
9252	0.166642
2413	0.166523
5295	0.166409
3771	0.166405
9711	0.166384
9708	0.166384
9707	0.166384
9705	0.166384
9703	0.166384
4005	0.166383
9699	0.166344
6557	0.166260
2431	0.166106
7270	0.166075
2692	0.166050
2814	0.166039
110	0.165969
5090	0.165947
4035	0.165928
8037	0.165791
2459	0.165651
1966	0.165636
9702	0.165575
1176	0.165505
5417	0.165496
8412	0.165438
8438	0.165430
7665	0.165369
8439	0.165332
7435	0.165332
7180	0.165332
1320	0.164886
12273	0.164883
5980	0.164651
4181	0.164420
11181	0.164377
3939	0.164353
2020	0.164352
10178	0.164311
7752	0.164211
7072	0.164158
13964	0.164095
5302	0.163978
7219	0.163977
3330	0.163975
9063	0.163931
4251	0.163908
180	0.163771
5247	0.163724
9975	0.163653
9860	0.163592
1284	0.163488
6735	0.163261
721	0.163259
2329	0.163194
1984	0.163113
1026	0.163030
4487	0.163007
627	0.162951
7830	0.162671
10254	0.162490
2926	0.162392
726	0.162314
12133	0.162221
8249	0.162060
1323	0.161966
12337	0.161950
11727	0.161950
1907	0.161890
13278	0.161839
2275	0.161833
4334	0.161827
12128	0.161514
151	0.161397
5336	0.161397
13096	0.161382
5304	0.161148
10107	0.161076
3199	0.160971
5333	0.160829
13275	0.160808
6091	0.160794
6090	0.160794
6089	0.160788
2745	0.160758
10285	0.160572
6442	0.160540
14407	0.160484
9444	0.160411
744	0.160355
5332	0.160354
4825	0.160323
4858	0.160282
11844	0.160208
900	0.160205
8772	0.160204
9571	0.160186
10258	0.160109
3707	0.160072
4901	0.160064
1957	0.159969
8731	0.159920
3000	0.159601
5329	0.159555
12916	0.159552
11978	0.159552
9447	0.159552
8005	0.159552
5340	0.159552
5339	0.159552
5337	0.159552
5335	0.159552
5331	0.159542
7263	0.159526
8228	0.159504
7073	0.159488
5334	0.159403
1321	0.159366
12540	0.159287
2783	0.159258
9709	0.159222
10879	0.159188
13124	0.159156
10179	0.159156
10571	0.158994
1356	0.158954
11705	0.158925
5621	0.158836
9446	0.158836
8000	0.158817
11740	0.158694
467	0.158658
8156	0.158572
6925	0.158572
9582	0.158480
1029	0.158467
3842	0.158464
9695	0.158079
8540	0.158079
6752	0.158079
6751	0.158079
6750	0.158079
1974	0.158061
11965	0.158061
2769	0.158004
5070	0.157995
6149	0.157929
11980	0.157896
4916	0.157843
4694	0.157716
1324	0.157693
7882	0.157563
4715	0.157492
4759	0.157484
9325	0.157384
1753	0.157357
13488	0.157330
2415	0.157258
12034	0.157215
797	0.156994
6818	0.156956
1771	0.156702
3520	0.156653
5668	0.156586
10185	0.156579
2309	0.156497
13744	0.156451
8101	0.156443
8164	0.156390
7389	0.156390
6685	0.156390
6612	0.156390
6611	0.156390
131	0.156339
9445	0.156237
1497	0.156213
8165	0.156190
5363	0.156180
5559	0.156170
1958	0.155964
10880	0.155902
13844	0.155889
12781	0.155838
5001	0.155740
1672	0.155591
4127	0.155513
5724	0.155489
2658	0.155421
10112	0.155376
6221	0.155232
14081	0.155052
5140	0.155052
9281	0.154913
6514	0.154576
2012	0.154460
937	0.154442
12363	0.154052
13150	0.153886
6769	0.153871
2392	0.153767
14027	0.153711
12003	0.153695
4890	0.153682
1752	0.153679
978	0.153607
1317	0.153569
13370	0.153569
1312	0.153498
7532	0.153494
7358	0.153494
1376	0.153469
3076	0.153459
8981	0.153421
6213	0.153414
12172	0.153370
14205	0.153284
9246	0.153108
13510	0.153029
6198	0.152759
2735	0.152699
12132	0.152654
13148	0.152637
13147	0.152637
7892	0.152637
6298	0.152637
6297	0.152637
5534	0.152626
9999	0.152521
9607	0.152516
1652	0.152461
2024	0.152459
4512	0.152430
3709	0.152205
10509	0.152153
2021	0.152153
9431	0.152081
4234	0.152081
1078	0.151926
6397	0.151793
13880	0.151765
5463	0.151716
7052	0.151570
3836	0.151545
11893	0.151290
12652	0.151237
4753	0.151093
149	0.151060
10205	0.150935
4515	0.150890
209	0.150869
6356	0.150856
9726	0.150846
4229	0.150786
1877	0.150683
1875	0.150683
1979	0.150491
2630	0.150485
6869	0.150407
1866	0.150350
3618	0.150289
1869	0.150268
6509	0.150210
1310	0.149964
1997	0.149916
12901	0.149420
395	0.149420
11246	0.149258
1968	0.149182
7290	0.149128
2019	0.149100
4574	0.148998
11525	0.148830
1540	0.148810
1314	0.148725
4313	0.148700
11464	0.148676
1921	0.148672
807	0.148611
11641	0.148610
13400	0.148539
169	0.148507
2859	0.148457
1780	0.148430
4391	0.148336
4934	0.148328
12234	0.148189
9267	0.147993
12233	0.147902
3461	0.147896
7360	0.147568
6011	0.147558
4215	0.147539
5000	0.147512
1293	0.147474
8805	0.147429
8765	0.147429
8804	0.147411
8767	0.147411
8766	0.147411
8764	0.147411
8743	0.147411
8742	0.147411
8741	0.147411
7685	0.147411
7476	0.147411
6637	0.147411
6606	0.147411
4996	0.147377
1319	0.147358
7227	0.147353
361	0.147321
4637	0.147306
4571	0.147299
7679	0.147286
1371	0.147250
3387	0.147194
6135	0.147058
3329	0.147033
4926	0.147006
13260	0.146985
13259	0.146985
12167	0.146985
8573	0.146985
9868	0.146889
4316	0.146853
3670	0.146817
9244	0.146748
6610	0.146688
6608	0.146688
1942	0.146537
9700	0.146487
4985	0.146471
816	0.146414
1864	0.146374
9583	0.146231
1764	0.146225
7598	0.146070
10980	0.146000
3924	0.145985
3620	0.145975
2225	0.145923
5979	0.145868
9757	0.145814
8335	0.145667
3060	0.145548
6924	0.145296
5983	0.145222
6192	0.145214
11974	0.145127
9257	0.145110
4124	0.145044
532	0.145043
1287	0.144999
14234	0.144990
12646	0.144989
1762	0.144977
6398	0.144881
12417	0.144880
4034	0.144880
4580	0.144847
5448	0.144831
11771	0.144827
3049	0.144765
67	0.144733
9387	0.144709
867	0.144681
3317	0.144653
231	0.144651
2391	0.144491
2505	0.144455
9302	0.144427
11085	0.144353
3736	0.144289
1458	0.144242
5814	0.144241
4301	0.144233
7733	0.144092
13849	0.143999
4510	0.143999
1846	0.143998
12911	0.143967
12294	0.143933
6609	0.143908
192	0.143818
158	0.143816
5230	0.143812
11425	0.143775
10379	0.143775
4986	0.143738
3141	0.143736
2046	0.143729
11810	0.143715
9733	0.143694
342	0.143690
1510	0.143644
6984	0.143622
12722	0.143615
1	0.143557
2882	0.143525
9238	0.143273
12131	0.143269
2641	0.143269
2640	0.143269
4581	0.143197
3340	0.143103
9018	0.143050
6466	0.142899
1254	0.142720
5084	0.142668
2910	0.142611
5978	0.142610
1744	0.142581
9382	0.142488
1313	0.142446
1987	0.142393
12048	0.142323
1614	0.142249
9637	0.142239
4720	0.142210
4572	0.142051
12031	0.142019
6197	0.141987
502	0.141861
12937	0.141849
7398	0.141835
2029	0.141763
20	0.141693
9638	0.141692
3270	0.141629
571	0.141535
8946	0.141516
13050	0.141479
8451	0.141452
5050	0.141446
11894	0.141357
2747	0.141357
11115	0.141308
3619	0.141223
8966	0.141164
7436	0.141137
4353	0.141121
767	0.141061
1165	0.141055
11950	0.141031
12867	0.140991
12305	0.140945
1473	0.140866
2463	0.140854
4923	0.140837
9017	0.140817
12325	0.140780
4988	0.140753
5152	0.140723
6823	0.140658
12939	0.140616
12084	0.140616
4286	0.140616
4283	0.140616
4220	0.140616
4207	0.140577
4868	0.140509
13347	0.140481
1501	0.140405
13587	0.140401
13586	0.140401
13525	0.140401
4161	0.140401
3770	0.140363
1168	0.140288
2274	0.140217
4884	0.140217
9539	0.140192
10265	0.140179
5394	0.140136
2402	0.140135
9419	0.140019
2467	0.140018
3186	0.139984
12702	0.139898
11704	0.139873
9279	0.139816
9600	0.139810
4705	0.139808
9144	0.139791
9126	0.139744
9428	0.139723
11951	0.139722
11975	0.139673
13296	0.139481
5004	0.139297
2720	0.139232
3757	0.139188
3455	0.139107
9427	0.139056
1489	0.138906
9443	0.138847
10725	0.138844
2399	0.138822
4993	0.138704
4695	0.138643
9157	0.138471
13123	0.138412
10034	0.138412
6948	0.138393
4987	0.138390
10238	0.138348
1993	0.138348
9116	0.138344
2214	0.138339
5149	0.138296
1981	0.138239
13308	0.138155
6137	0.138141
5923	0.138120
13743	0.138112
14343	0.138074
14341	0.138074
14304	0.138074
14292	0.138074
14278	0.138074
14273	0.138074
14164	0.138074
7461	0.138074
2656	0.137954
3276	0.137899
9432	0.137813
9897	0.137798
1389	0.137791
1774	0.137366
12115	0.137363
4386	0.137346
4991	0.137288
11778	0.137273
11656	0.137218
6797	0.137168
100	0.137158
5841	0.137155
5177	0.137122
164	0.137091
1305	0.137016
3856	0.136827
13572	0.136803
12190	0.136768
3328	0.136747
11946	0.136709
1786	0.136678
1793	0.136628
4294	0.136612
1890	0.136563
4990	0.136535
1285	0.136515
2633	0.136492
14416	0.136491
