11742	0.233426
5226	0.233426
4529	0.190023
4618	0.162318
4947	0.159284
3428	0.152342
3823	0.146021
7224	0.138363
6574	0.138363
5527	0.138363
6259	0.135812
11091	0.134644
4235	0.133656
3742	0.131106
5225	0.130392
4951	0.129162
5366	0.129060
991	0.128876
9938	0.128547
7551	0.128547
7550	0.128547
7539	0.128547
7538	0.128547
6963	0.127378
3429	0.127063
3740	0.126398
13769	0.125879
4288	0.125879
5185	0.125114
677	0.124660
11073	0.123983
4842	0.123086
7036	0.122282
10089	0.119734
11202	0.119459
2871	0.119351
3441	0.118244
11178	0.118179
2486	0.117803
14128	0.116954
7373	0.115063
589	0.113411
10589	0.112792
4204	0.112105
4321	0.108707
9086	0.108115
9085	0.108029
6457	0.107858
11109	0.107632
11416	0.107298
10275	0.107160
7422	0.106508
2690	0.106488
10507	0.106324
10255	0.105535
10550	0.105358
3425	0.103974
3440	0.103209
12315	0.103001
4150	0.102211
5815	0.102022
3077	0.099236
3789	0.098720
12134	0.098180
5395	0.098180
5397	0.097536
5396	0.097536
10801	0.097455
1178	0.095715
474	0.095627
6935	0.095586
13805	0.095583
5132	0.095583
10245	0.095496
14317	0.095092
10274	0.093337
5205	0.092625
11752	0.091068
2381	0.091064
2823	0.090082
12527	0.089816
7359	0.089180
10638	0.088987
10273	0.088478
3986	0.088079
12367	0.087600
7626	0.086598
6938	0.085369
13630	0.084642
4319	0.084169
4895	0.083412
8623	0.082733
472	0.082423
247	0.082104
5248	0.081802
11587	0.081641
5441	0.081464
2176	0.081150
6415	0.080974
12101	0.080875
9123	0.079976
3715	0.079788
580	0.078223
2198	0.078009
3426	0.077546
2184	0.077365
13265	0.077059
1182	0.076436
11658	0.076215
13448	0.076082
1778	0.074396
475	0.074024
1602	0.073926
3135	0.072770
5292	0.072526
4325	0.071782
13054	0.071572
11177	0.071091
12091	0.070304
5048	0.070304
4037	0.070278
5154	0.070100
11112	0.069974
11940	0.069974
10249	0.069675
14227	0.069613
7511	0.069124
3538	0.068753
11677	0.068712
4494	0.068712
4493	0.068712
11618	0.068670
1424	0.068418
4287	0.068339
6407	0.067975
6987	0.067890
3905	0.067617
3212	0.067461
3755	0.067439
5007	0.067300
4463	0.067199
3209	0.066711
14224	0.066709
13391	0.066709
11110	0.066709
2828	0.066485
7713	0.066473
10984	0.066102
1132	0.066055
1534	0.065895
7207	0.065788
10308	0.065784
3907	0.065782
11402	0.065773
10307	0.065773
607	0.065456
6380	0.065383
2831	0.065027
6220	0.064644
10634	0.063910
13331	0.063893
5217	0.063675
4093	0.063502
1587	0.063446
6680	0.063445
7003	0.063250
13204	0.063220
6009	0.062858
4742	0.062858
11800	0.062324
12182	0.062084
4464	0.062084
5942	0.062048
7468	0.061671
2967	0.061671
5184	0.061440
5940	0.060918
4392	0.060685
12241	0.060683
12240	0.060683
8074	0.060683
7294	0.060683
6054	0.060683
4336	0.060683
5493	0.060584
6147	0.060464
3326	0.060296
12249	0.060269
5008	0.060269
487	0.060087
1185	0.060085
561	0.059840
4090	0.059790
10608	0.059738
13087	0.059603
2344	0.059509
4743	0.059134
2230	0.058947
14073	0.058646
6754	0.058564
6830	0.058143
716	0.057921
574	0.057910
6934	0.057886
2965	0.057709
5293	0.057591
10749	0.057450
5582	0.057337
8307	0.057307
5918	0.057236
3438	0.056267
10567	0.055746
14269	0.055685
13942	0.055522
8175	0.055509
14248	0.055472
8047	0.055472
11123	0.055288
3064	0.055182
257	0.055022
6829	0.054922
8855	0.054829
7932	0.054253
6053	0.054187
11887	0.054145
4692	0.053794
12286	0.053711
8907	0.053602
4000	0.053433
10427	0.053236
2269	0.053218
2203	0.053093
9198	0.053036
14334	0.053031
12070	0.052962
8832	0.052955
3804	0.052858
2075	0.052616
4662	0.052501
2180	0.052336
1938	0.052220
3473	0.052053
1359	0.052043
12772	0.051963
7908	0.051803
6892	0.051749
7205	0.051593
14	0.051259
4465	0.051135
4402	0.051038
2386	0.050878
2387	0.050878
11292	0.050865
11591	0.050834
10639	0.050644
5487	0.050602
8877	0.050557
14254	0.050447
10390	0.050440
12504	0.050287
12044	0.050082
9997	0.050078
5745	0.050066
14332	0.049917
14320	0.049917
14257	0.049917
14235	0.049917
14231	0.049917
14217	0.049917
14143	0.049917
6254	0.049798
598	0.049783
7459	0.049777
11808	0.049749
6386	0.049734
10910	0.049691
11592	0.049687
8276	0.049603
14339	0.049570
14338	0.049570
14312	0.049570
14272	0.049570
14259	0.049570
14160	0.049570
14159	0.049570
14158	0.049570
14156	0.049570
14144	0.049570
14133	0.049570
14123	0.049570
14110	0.049570
14102	0.049570
14053	0.049570
13501	0.049570
8311	0.049570
8309	0.049570
8308	0.049570
8306	0.049570
8288	0.049570
8286	0.049570
8285	0.049570
8283	0.049570
8282	0.049570
8280	0.049570
8278	0.049570
8277	0.049570
8046	0.049570
4603	0.049570
3066	0.049540
13542	0.049433
14006	0.049432
8310	0.049416
1050	0.049271
7457	0.049181
12732	0.048757
5383	0.048737
10962	0.048723
5615	0.048529
9919	0.048387
6709	0.048197
11675	0.047990
3030	0.047559
5883	0.047468
4462	0.047305
5672	0.047279
11904	0.047144
9317	0.047056
5934	0.047027
5933	0.047027
10767	0.047006
11349	0.046885
11258	0.046870
5046	0.046708
2532	0.046644
5880	0.046454
465	0.046411
12176	0.046330
6758	0.046262
7670	0.046252
3617	0.046200
8389	0.046039
5583	0.045968
6814	0.045932
5671	0.045888
2206	0.045750
10343	0.045528
6718	0.045528
2208	0.045409
1236	0.045409
4841	0.045401
14291	0.045394
4913	0.045369
3068	0.045261
12591	0.045239
1177	0.044951
10441	0.044936
1835	0.044702
8789	0.044658
8788	0.044658
8787	0.044658
8786	0.044658
8785	0.044658
8784	0.044658
8783	0.044658
8782	0.044658
8781	0.044658
8388	0.044658
6719	0.044651
6056	0.044574
3977	0.044495
2281	0.044479
7261	0.044432
12385	0.044093
1111	0.044040
6836	0.044033
850	0.043845
6946	0.043741
9256	0.043692
6324	0.043665
8314	0.043613
5375	0.043603
9120	0.043561
2207	0.043543
2191	0.043537
8289	0.043535
3550	0.043393
2833	0.043294
3576	0.043239
3024	0.043209
10454	0.043190
2197	0.043108
2832	0.043093
5207	0.043078
2981	0.043007
14034	0.042852
8305	0.042846
7857	0.042833
10301	0.042786
4437	0.042759
12665	0.042688
2600	0.042626
11754	0.042536
3353	0.042462
7943	0.042364
13821	0.042332
5009	0.042290
8489	0.042280
8238	0.042246
13180	0.042080
10347	0.042023
8217	0.041945
7578	0.041945
8255	0.041857
6506	0.041584
4856	0.041578
8922	0.041511
1603	0.041420
12311	0.041273
8432	0.041250
8431	0.041250
8471	0.041211
7118	0.041203
9433	0.041147
3194	0.041108
5379	0.041026
4114	0.040941
2517	0.040907
11728	0.040877
10214	0.040819
9025	0.040799
2175	0.040783
3210	0.040586
6456	0.040560
4389	0.040560
6454	0.040543
6010	0.040516
11711	0.040500
5946	0.040454
8113	0.040331
5270	0.040327
11240	0.040207
12691	0.040195
8570	0.040154
12188	0.040044
1109	0.039996
3074	0.039980
11903	0.039946
5327	0.039841
2753	0.039693
5177	0.039645
9694	0.039581
13136	0.039567
2097	0.039555
8259	0.039529
6761	0.039525
9139	0.039383
10151	0.039266
12955	0.039158
12274	0.039154
8236	0.039154
8235	0.039154
6980	0.039154
6953	0.039154
298	0.039154
590	0.039116
2183	0.039066
11729	0.038983
7478	0.038948
8461	0.038871
221	0.038855
1838	0.038772
2129	0.038703
1535	0.038686
10734	0.038670
5269	0.038595
8572	0.038574
8569	0.038574
8568	0.038574
12400	0.038523
11586	0.038523
2170	0.038522
11989	0.038518
875	0.038466
10498	0.038443
3668	0.038389
2110	0.038271
11852	0.038266
9026	0.038255
4497	0.038227
12247	0.038091
570	0.038081
1120	0.038075
13247	0.038051
10346	0.038045
5175	0.037941
11652	0.037881
3534	0.037758
1119	0.037724
3735	0.037698
8009	0.037677
11753	0.037647
11966	0.037603
592	0.037534
4873	0.037505
1758	0.037498
10038	0.037487
12283	0.037422
3375	0.037396
1952	0.037390
4756	0.037349
499	0.037268
9562	0.037241
3100	0.037241
6677	0.037199
5343	0.037188
4500	0.037183
10733	0.037109
2107	0.037011
11968	0.036913
949	0.036913
12017	0.036879
10118	0.036853
7439	0.036845
7121	0.036845
7465	0.036839
13104	0.036833
10013	0.036833
1366	0.036833
639	0.036807
1931	0.036662
11381	0.036617
6776	0.036494
7475	0.036482
1030	0.036401
12395	0.036393
9545	0.036372
12632	0.036344
8140	0.036278
5876	0.036268
2188	0.036164
7281	0.036114
3434	0.036100
12048	0.036031
12799	0.036004
10014	0.035907
12010	0.035857
1466	0.035791
1950	0.035788
10099	0.035614
10457	0.035593
6455	0.035585
11667	0.035468
2585	0.035417
10961	0.035365
10963	0.035361
10960	0.035361
10958	0.035361
12118	0.035308
2083	0.035308
2074	0.035308
1899	0.035308
1896	0.035308
10821	0.035273
3098	0.035249
7399	0.035180
1411	0.035112
3389	0.035070
12573	0.035051
6215	0.035047
5935	0.035035
4725	0.035033
1743	0.035021
11987	0.035017
3256	0.034859
1118	0.034472
12756	0.034420
876	0.034352
3992	0.034351
8257	0.034268
1405	0.034149
3949	0.034093
8544	0.034081
12528	0.034062
5584	0.034044
2841	0.033991
11428	0.033969
3176	0.033942
4134	0.033938
2171	0.033905
8317	0.033805
8316	0.033805
5679	0.033747
1091	0.033730
5585	0.033675
10729	0.033663
683	0.033654
12163	0.033570
4430	0.033570
4429	0.033570
4428	0.033570
6444	0.033566
10370	0.033559
14218	0.033527
11344	0.033526
11306	0.033526
10728	0.033526
7729	0.033498
8040	0.033488
9237	0.033469
12764	0.033458
10812	0.033455
10896	0.033406
5837	0.033375
13322	0.033303
9987	0.033281
10850	0.033275
8248	0.033247
10082	0.033245
10358	0.033220
4087	0.033218
12529	0.033210
8041	0.033159
14157	0.033107
5355	0.033091
1469	0.033060
969	0.033052
4693	0.033052
4376	0.032983
5167	0.032957
2674	0.032883
3795	0.032828
6187	0.032803
1172	0.032773
10371	0.032762
3797	0.032686
2174	0.032659
5424	0.032646
14126	0.032608
14125	0.032608
2105	0.032558
3315	0.032554
13854	0.032486
53	0.032418
4023	0.032362
5563	0.032340
13155	0.032326
3984	0.032326
8059	0.032285
2810	0.032267
13293	0.032258
13264	0.032203
8497	0.032178
13611	0.032149
578	0.032043
12670	0.031986
11430	0.031733
11304	0.031733
10763	0.031733
6216	0.031659
12357	0.031653
4469	0.031599
7541	0.031577
6657	0.031575
7527	0.031574
11934	0.031565
10491	0.031475
6279	0.031452
1085	0.031387
10282	0.031376
1295	0.031230
4656	0.031200
7977	0.031122
6480	0.031053
568	0.031050
8234	0.031040
3160	0.030970
14322	0.030920
14135	0.030920
10519	0.030903
6458	0.030902
2099	0.030901
2709	0.030885
9370	0.030851
164	0.030828
8636	0.030814
11827	0.030806
3159	0.030806
10712	0.030790
10208	0.030779
11074	0.030766
1869	0.030694
11357	0.030643
11409	0.030619
11599	0.030573
2169	0.030573
11436	0.030566
10711	0.030566
11279	0.030542
7297	0.030539
5218	0.030499
11356	0.030497
13598	0.030414
8170	0.030365
10643	0.030355
14207	0.030334
14206	0.030334
13824	0.030334
500	0.030296
10546	0.030289
11076	0.030233
120	0.030221
10452	0.030196
10037	0.030125
498	0.030076
1403	0.030049
3007	0.030041
11298	0.029966
10994	0.029966
13070	0.029961
11964	0.029937
13810	0.029929
11564	0.029928
6720	0.029883
11915	0.029855
2186	0.029853
8656	0.029748
13295	0.029703
1419	0.029624
3243	0.029604
7007	0.029574
13244	0.029550
5484	0.029465
11579	0.029422
10670	0.029351
8780	0.029324
5151	0.029295
11438	0.029273
8901	0.029267
1879	0.029262
577	0.029227
13369	0.029197
5846	0.029195
874	0.029108
8386	0.029099
5115	0.029093
4496	0.029036
5382	0.028958
12572	0.028922
8836	0.028915
10946	0.028896
13568	0.028891
5159	0.028868
11440	0.028815
11341	0.028815
1018	0.028802
10925	0.028776
10453	0.028769
13374	0.028761
13373	0.028761
1124	0.028737
12202	0.028737
3988	0.028737
392	0.028681
4792	0.028668
2267	0.028657
1420	0.028657
12692	0.028613
2111	0.028600
3544	0.028535
12507	0.028526
2227	0.028490
10056	0.028475
10415	0.028442
11812	0.028437
2698	0.028281
6589	0.028255
3001	0.028238
5351	0.028205
3370	0.028191
57	0.028158
7937	0.028105
10475	0.028061
7774	0.028016
5641	0.028016
11055	0.028005
13036	0.027994
5642	0.027976
3319	0.027925
2185	0.027919
13657	0.027911
1719	0.027911
1964	0.027896
11534	0.027893
10098	0.027812
5033	0.027674
7350	0.027639
9935	0.027619
4129	0.027619
10109	0.027617
10237	0.027573
13164	0.027568
2519	0.027563
6395	0.027552
5635	0.027512
8209	0.027499
13649	0.027492
2124	0.027470
11858	0.027421
9439	0.027409
6051	0.027400
11565	0.027350
14243	0.027345
2962	0.027324
7202	0.027318
11353	0.027294
10715	0.027294
2113	0.027264
5347	0.027250
11237	0.027236
11434	0.027229
3739	0.027213
5882	0.027197
9094	0.027164
9093	0.027164
9092	0.027164
9065	0.027164
12263	0.027095
4682	0.027095
14004	0.027053
4866	0.027053
10416	0.027028
6317	0.026999
2078	0.026945
13384	0.026934
10889	0.026917
13162	0.026914
10123	0.026914
5071	0.026767
10032	0.026755
7507	0.026682
3745	0.026593
12053	0.026585
13665	0.026570
5168	0.026560
2084	0.026527
3591	0.026376
11988	0.026321
2280	0.026223
2700	0.026177
3638	0.026145
3506	0.026130
116	0.026100
4135	0.026091
377	0.026068
12637	0.026060
1115	0.026038
12120	0.026034
3993	0.026034
4799	0.025975
13245	0.025925
11472	0.025914
4537	0.025852
333	0.025819
633	0.025751
10959	0.025711
5039	0.025705
14297	0.025682
5425	0.025676
9462	0.025645
1953	0.025645
1954	0.025645
12730	0.025551
4763	0.025543
254	0.025490
1951	0.025484
3871	0.025357
11733	0.025351
8595	0.025321
10751	0.025312
13105	0.025311
11689	0.025299
6992	0.025296
4169	0.025284
9235	0.025267
9230	0.025267
9228	0.025267
9225	0.025267
9224	0.025267
9221	0.025267
9219	0.025267
9214	0.025267
9213	0.025267
9211	0.025267
9209	0.025267
9208	0.025267
9206	0.025267
9193	0.025267
8807	0.025267
8679	0.025267
8677	0.025267
8675	0.025267
8674	0.025267
8673	0.025267
8670	0.025267
8637	0.025267
8633	0.025267
8631	0.025267
8610	0.025267
8591	0.025267
8539	0.025267
8538	0.025267
8537	0.025267
8536	0.025267
8529	0.025267
8526	0.025267
8525	0.025267
8632	0.025267
8671	0.025257
4514	0.025254
3963	0.025249
11638	0.025246
6443	0.025192
1894	0.025137
4660	0.025127
964	0.025122
9683	0.025115
3041	0.025113
3388	0.025106
5034	0.025097
5423	0.025094
2522	0.025046
3961	0.025001
1418	0.024965
10020	0.024948
10683	0.024895
3921	0.024873
3287	0.024850
8549	0.024810
7664	0.024772
7663	0.024772
14303	0.024756
14302	0.024756
14301	0.024756
14300	0.024756
14299	0.024756
10019	0.024731
4878	0.024655
13806	0.024647
2117	0.024637
6017	0.024630
6280	0.024627
7167	0.024594
4798	0.024546
6732	0.024498
7576	0.024454
6472	0.024442
3840	0.024437
1184	0.024435
676	0.024413
7893	0.024207
5829	0.024180
1133	0.024086
11853	0.024058
2096	0.024033
10129	0.024027
13360	0.024019
5712	0.024014
5711	0.024014
5710	0.024014
6601	0.023977
5830	0.023964
10632	0.023827
5843	0.023807
12687	0.023800
7328	0.023736
13875	0.023735
8808	0.023729
8635	0.023688
963	0.023627
6530	0.023612
1707	0.023606
777	0.023598
10186	0.023536
2952	0.023529
1512	0.023503
10701	0.023501
9087	0.023490
7201	0.023430
6101	0.023416
9356	0.023405
1340	0.023323
2889	0.023322
7920	0.023299
4095	0.023290
10511	0.023271
11108	0.023254
11616	0.023250
4648	0.023250
4643	0.023250
6695	0.023202
