4618	0.136636
9356	0.127796
3428	0.124637
474	0.124530
11091	0.118384
4947	0.118013
991	0.117635
7224	0.116056
6574	0.116056
5527	0.116056
3429	0.114542
13265	0.114295
11658	0.113976
4235	0.112595
11742	0.111500
5226	0.111500
11178	0.110306
677	0.109130
2486	0.107975
14128	0.107039
11073	0.106621
10507	0.106038
1124	0.103801
4204	0.103216
5185	0.101535
11202	0.101062
7036	0.101035
589	0.100653
2871	0.100476
479	0.100347
3441	0.100287
10275	0.099166
478	0.099135
6455	0.098838
13911	0.097443
10089	0.096510
11917	0.095989
255	0.095259
11940	0.094681
3425	0.094377
7422	0.094104
592	0.093998
12340	0.092932
263	0.092850
2600	0.091107
14334	0.090522
9086	0.089794
3789	0.089578
9085	0.089568
11416	0.089045
11109	0.088520
487	0.088465
2097	0.088321
3440	0.086663
2709	0.086477
6987	0.086464
10255	0.085956
10567	0.084997
257	0.084551
3118	0.083474
10589	0.083370
11887	0.082301
1724	0.082060
6259	0.081632
12315	0.081454
11989	0.081256
1111	0.081069
10151	0.080979
13136	0.080941
1040	0.080773
4437	0.080729
10274	0.080457
10550	0.080413
876	0.080325
2109	0.080287
2187	0.079871
1743	0.079760
9938	0.079120
7551	0.079120
7550	0.079120
7539	0.079120
7538	0.079120
5366	0.079069
3742	0.078578
4951	0.078435
10801	0.078356
712	0.078278
580	0.077889
3740	0.077799
3538	0.077794
7511	0.077757
11618	0.077672
11812	0.077335
5815	0.076994
10245	0.076774
4842	0.076682
6407	0.076656
4529	0.076639
13448	0.076235
3907	0.076082
2096	0.076046
3905	0.076026
4037	0.076003
10643	0.075727
5397	0.075653
5396	0.075653
6380	0.075506
11357	0.075326
11356	0.075308
1950	0.075245
11409	0.075191
1030	0.075019
2186	0.074932
7713	0.074886
5395	0.074817
12134	0.074813
6709	0.074777
5292	0.074582
10273	0.074084
4321	0.073996
574	0.073574
8877	0.072870
3636	0.072815
10347	0.072774
498	0.072740
12367	0.072489
919	0.072427
465	0.072037
13331	0.071876
4319	0.071864
11852	0.071641
2532	0.071453
5248	0.071288
1044	0.071265
3986	0.071206
1838	0.070964
5515	0.070930
5745	0.070788
7465	0.070666
2107	0.070318
11902	0.070268
3030	0.070190
5293	0.069920
9493	0.069899
2206	0.069748
11752	0.069727
620	0.069488
2208	0.069451
1236	0.069451
6457	0.069370
2207	0.069026
1132	0.068826
11677	0.068705
4494	0.068705
4493	0.068705
2828	0.068617
9433	0.068500
4601	0.068268
5184	0.067944
10346	0.067876
11817	0.067756
6990	0.067756
8257	0.067693
6415	0.067567
488	0.067476
2176	0.067428
7475	0.067368
1362	0.067162
9396	0.067162
4481	0.067162
4478	0.067143
12045	0.067124
5175	0.067045
11753	0.066967
8623	0.066877
7399	0.066777
2267	0.066627
10099	0.066573
6963	0.066393
10963	0.066232
10960	0.066232
10958	0.066232
10670	0.066217
13204	0.066107
8317	0.066044
8316	0.066044
3919	0.065912
472	0.065852
11428	0.065844
10812	0.065698
10370	0.065579
10896	0.065566
10729	0.065562
14218	0.065418
247	0.065386
10850	0.065266
10082	0.064875
10371	0.064837
11344	0.064703
11306	0.064703
10728	0.064703
5582	0.064552
3135	0.064538
11430	0.064495
11304	0.064495
10763	0.064495
2182	0.064292
10282	0.064195
6394	0.064137
11591	0.063929
11112	0.063772
12385	0.063748
13854	0.063579
3353	0.063466
3963	0.063421
1924	0.063393
1108	0.063170
1835	0.063168
716	0.063149
3961	0.063135
6591	0.063134
7908	0.062869
11592	0.062751
10249	0.062083
2153	0.062070
10821	0.062067
7468	0.062064
2967	0.062064
11904	0.061259
6480	0.061235
13630	0.061153
6719	0.061148
11754	0.061040
6147	0.061028
3823	0.060954
2132	0.060875
10343	0.060843
6718	0.060843
513	0.060841
2168	0.060835
13087	0.060825
1728	0.060809
9317	0.060749
3962	0.060667
2203	0.060613
256	0.060540
2084	0.060495
4895	0.060380
1363	0.060284
499	0.059909
3715	0.059829
2698	0.059756
2965	0.059727
1178	0.059658
4325	0.059629
11292	0.059581
2110	0.059581
2668	0.059366
1095	0.059360
10109	0.059336
5441	0.059246
221	0.058963
5168	0.058923
4376	0.058913
3207	0.058837
2674	0.058779
10390	0.058754
11055	0.058752
3735	0.058698
13180	0.058428
722	0.058422
14224	0.058303
13391	0.058303
11110	0.058303
9198	0.058072
120	0.058023
7774	0.057969
5641	0.057969
1778	0.057963
5642	0.057938
14126	0.057858
14125	0.057858
5225	0.057813
9094	0.057685
9093	0.057685
9092	0.057685
9065	0.057685
5188	0.057684
2129	0.057661
4644	0.057653
11599	0.057633
2169	0.057633
8780	0.057585
2099	0.057542
5347	0.057536
10959	0.057475
1120	0.057467
6393	0.057401
850	0.057304
1119	0.057080
13247	0.056970
12286	0.056962
10056	0.056838
3077	0.056819
3198	0.056741
561	0.056672
7261	0.056649
5343	0.056641
11587	0.056583
4392	0.056567
12241	0.056544
12240	0.056544
8074	0.056544
7294	0.056544
6054	0.056544
4336	0.056544
6878	0.056520
6938	0.056505
4865	0.056413
13810	0.056347
2171	0.056330
10519	0.056150
568	0.056067
2981	0.056022
3426	0.055979
999	0.055803
5493	0.055685
10962	0.055535
11459	0.055468
11340	0.055468
6329	0.055468
6481	0.055431
12591	0.055293
6216	0.055240
10734	0.055237
10002	0.055119
11903	0.055112
11349	0.054949
13384	0.054882
2949	0.054830
3593	0.054681
12527	0.054613
1234	0.054580
6315	0.054580
6056	0.054407
11789	0.054302
11915	0.054071
10806	0.054004
13054	0.053973
2105	0.053931
13394	0.053757
3204	0.053662
9026	0.053629
5205	0.053515
10280	0.053508
9395	0.053444
6680	0.053429
116	0.053359
5843	0.053297
8947	0.053290
2198	0.053202
11617	0.053072
8570	0.052917
2118	0.052868
6053	0.052794
3226	0.052775
10638	0.052767
997	0.052682
7459	0.052659
7507	0.052542
481	0.052292
1952	0.052283
9424	0.052245
3286	0.052053
3804	0.052051
587	0.051855
8572	0.051805
8569	0.051805
8568	0.051805
4090	0.051502
10427	0.051445
12283	0.051403
13769	0.051379
4288	0.051379
6550	0.051201
5154	0.051164
3375	0.051142
5846	0.051140
6009	0.051077
4742	0.051077
3778	0.051022
12101	0.050944
5183	0.050829
9436	0.050792
12670	0.050782
734	0.050778
9346	0.050752
2180	0.050739
9357	0.050732
11177	0.050689
14	0.050676
10984	0.050578
1109	0.050426
9425	0.050321
2585	0.050315
2521	0.050272
2342	0.050248
4828	0.050240
7207	0.050177
11240	0.050125
11878	0.050081
7134	0.050080
4725	0.050078
10098	0.050029
5583	0.049898
11402	0.049802
10307	0.049802
10308	0.049700
13947	0.049608
11987	0.049573
6758	0.049471
607	0.049355
10208	0.049347
2823	0.049254
10634	0.049141
2579	0.049058
4743	0.049056
9087	0.049036
2970	0.048980
6023	0.048978
8248	0.048853
6935	0.048818
13805	0.048812
5132	0.048812
3209	0.048736
13244	0.048730
2381	0.048634
9123	0.048507
5007	0.048500
4841	0.048486
10097	0.048442
7626	0.048441
504	0.048353
12692	0.048092
6952	0.048050
6868	0.048032
1106	0.047999
590	0.047954
1419	0.047834
14317	0.047809
10457	0.047682
1587	0.047652
11258	0.047614
5217	0.047595
11123	0.047582
10441	0.047400
6763	0.047356
12358	0.047194
475	0.047102
7921	0.047016
14118	0.047002
5233	0.046989
2191	0.046966
1359	0.046947
1442	0.046864
1923	0.046712
706	0.046697
6220	0.046680
13656	0.046648
13655	0.046648
13378	0.046648
9071	0.046648
333	0.046529
5940	0.046413
8907	0.046412
3908	0.046402
7670	0.046395
3066	0.046369
4728	0.046360
11298	0.046314
10994	0.046314
11321	0.046287
12687	0.046184
13245	0.046178
1052	0.046171
11988	0.046170
2962	0.046035
11675	0.046002
3212	0.045939
519	0.045892
5672	0.045864
10767	0.045864
1177	0.045863
12175	0.045780
874	0.045772
9298	0.045732
6946	0.045721
10961	0.045687
11800	0.045643
7894	0.045604
3326	0.045569
6854	0.045562
12249	0.045533
5008	0.045533
9434	0.045530
711	0.045530
710	0.045530
518	0.045530
10511	0.045327
11002	0.045323
2172	0.045319
4109	0.045174
9025	0.045173
5942	0.045130
13042	0.045116
5671	0.044919
8773	0.044824
6621	0.044824
10727	0.044776
12091	0.044687
5048	0.044687
7977	0.044607
500	0.044583
12287	0.044539
8515	0.044539
8339	0.044530
1411	0.044459
720	0.044423
753	0.044406
7205	0.044273
611	0.044251
10675	0.044216
5946	0.044181
6618	0.044171
10544	0.044153
6006	0.044121
3952	0.044074
7118	0.043933
2831	0.043918
4646	0.043880
10749	0.043775
3119	0.043769
11326	0.043681
5898	0.043658
1925	0.043643
9120	0.043572
1172	0.043560
5427	0.043538
964	0.043471
2117	0.043441
9089	0.043425
2942	0.043391
10743	0.043377
1007	0.043350
13357	0.043304
11906	0.043300
3668	0.043299
6386	0.043299
2098	0.043223
12301	0.043220
5425	0.043198
13322	0.043169
3541	0.043144
5270	0.043099
5269	0.043071
9632	0.042955
12427	0.042909
2344	0.042858
10454	0.042824
13608	0.042657
13409	0.042657
13408	0.042657
11472	0.042575
7359	0.042509
8922	0.042388
9139	0.042315
4664	0.042283
2572	0.042243
496	0.042237
4856	0.042194
2227	0.042171
7730	0.042089
7445	0.042089
7444	0.042089
7175	0.042089
7080	0.042089
6366	0.042036
7932	0.041993
2415	0.041989
4463	0.041975
12504	0.041882
1460	0.041792
881	0.041790
8461	0.041782
4537	0.041758
10258	0.041752
5768	0.041652
5177	0.041587
6250	0.041573
4000	0.041563
6010	0.041556
1424	0.041503
2111	0.041472
873	0.041435
11699	0.041430
7417	0.041430
5032	0.041391
5473	0.041292
2120	0.041292
11616	0.041225
4648	0.041225
4643	0.041225
7278	0.041190
7865	0.041172
11300	0.041049
2183	0.040964
4068	0.040928
559	0.040895
6754	0.040872
2395	0.040865
11028	0.040855
2113	0.040832
2116	0.040723
517	0.040628
3665	0.040612
7035	0.040574
5952	0.040561
11916	0.040523
11328	0.040502
2973	0.040501
7950	0.040492
10827	0.040444
8113	0.040423
5845	0.040338
14269	0.040329
2359	0.040208
11781	0.040173
2612	0.040169
11108	0.040145
12017	0.040000
473	0.039955
11378	0.039924
683	0.039848
3506	0.039764
13685	0.039704
13684	0.039704
13683	0.039704
13565	0.039704
4913	0.039629
11001	0.039623
1018	0.039616
10627	0.039615
5031	0.039612
13104	0.039582
10013	0.039582
1366	0.039582
4193	0.039567
6472	0.039557
6324	0.039553
1931	0.039539
7527	0.039532
7003	0.039502
4961	0.039488
6721	0.039455
3161	0.039449
8990	0.039402
8989	0.039402
8987	0.039402
8986	0.039402
8984	0.039402
5950	0.039384
12176	0.039370
4497	0.039360
5951	0.039340
10118	0.039323
2690	0.039312
2114	0.039286
3755	0.039245
3117	0.039202
2193	0.039195
10991	0.039171
579	0.039170
633	0.039117
4043	0.039105
7478	0.039096
8314	0.039059
4007	0.039055
2243	0.039020
904	0.038962
10739	0.038940
10788	0.038940
10777	0.038940
10759	0.038940
10014	0.038923
1938	0.038896
2184	0.038881
2397	0.038879
10055	0.038851
9581	0.038850
11808	0.038828
7053	0.038792
2124	0.038785
8497	0.038714
10506	0.038708
1045	0.038708
10693	0.038696
5418	0.038692
7004	0.038663
1759	0.038650
3623	0.038644
2913	0.038638
4692	0.038622
12182	0.038612
4464	0.038612
13430	0.038599
10699	0.038580
5030	0.038528
1857	0.038521
12403	0.038518
14327	0.038450
14325	0.038450
14324	0.038450
14323	0.038450
14314	0.038450
14305	0.038450
14293	0.038450
14286	0.038450
14261	0.038450
14244	0.038450
14208	0.038450
14136	0.038450
14104	0.038450
14092	0.038450
14086	0.038450
14082	0.038450
14079	0.038450
13968	0.038450
13857	0.038450
10726	0.038450
13337	0.038393
5507	0.038393
3315	0.038385
505	0.038361
5902	0.038313
5901	0.038313
5900	0.038313
5899	0.038313
3210	0.038245
8959	0.038209
2185	0.038193
875	0.038125
4785	0.038075
11237	0.038073
9692	0.038047
1185	0.038041
2115	0.038041
7541	0.038041
5511	0.037986
5383	0.037972
11415	0.037967
11373	0.037901
10202	0.037901
1192	0.037877
12010	0.037849
7192	0.037814
522	0.037806
10177	0.037738
6966	0.037703
2269	0.037679
13763	0.037660
484	0.037652
5893	0.037606
5892	0.037606
5891	0.037606
5890	0.037606
5889	0.037606
4720	0.037602
2740	0.037574
1420	0.037552
10229	0.037520
13360	0.037512
9919	0.037496
13969	0.037458
2442	0.037428
2188	0.037427
913	0.037373
8988	0.037328
3406	0.037294
7457	0.037240
3840	0.037107
4192	0.037079
7005	0.037037
1879	0.037027
13397	0.037007
9552	0.037002
10853	0.036991
12357	0.036952
1046	0.036948
2710	0.036941
13034	0.036934
7006	0.036934
8170	0.036926
108	0.036911
5190	0.036759
8571	0.036753
5009	0.036726
14227	0.036683
2210	0.036674
9562	0.036666
3100	0.036666
10383	0.036620
5634	0.036616
6776	0.036577
12395	0.036568
13609	0.036568
8636	0.036562
1059	0.036547
908	0.036537
9551	0.036517
4272	0.036486
13026	0.036477
1008	0.036460
8837	0.036441
5029	0.036414
5565	0.036411
2052	0.036349
2985	0.036334
5382	0.036329
2822	0.036329
2700	0.036195
6118	0.036163
10214	0.036156
5918	0.035948
5039	0.035940
6934	0.035908
13539	0.035833
9994	0.035833
4514	0.035798
13089	0.035722
10854	0.035715
803	0.035710
486	0.035674
3319	0.035647
14072	0.035641
12400	0.035634
11586	0.035634
6092	0.035586
2197	0.035545
10523	0.035499
2708	0.035475
2289	0.035427
4048	0.035415
4047	0.035415
4046	0.035415
4044	0.035415
3628	0.035415
3622	0.035415
5355	0.035411
5522	0.035408
11863	0.035407
2732	0.035407
12118	0.035400
2083	0.035400
2074	0.035400
1899	0.035400
1896	0.035400
11074	0.035391
3098	0.035353
3826	0.035305
3544	0.035286
1333	0.035237
14014	0.035224
1975	0.035200
11076	0.035175
4194	0.035133
4775	0.035080
11959	0.035002
6008	0.034970
8135	0.034949
2080	0.034918
6399	0.034914
6060	0.034895
8960	0.034884
10264	0.034866
13041	0.034828
6119	0.034828
619	0.034731
4776	0.034709
3543	0.034689
3287	0.034686
4777	0.034658
6983	0.034620
6982	0.034620
12254	0.034553
4814	0.034553
877	0.034503
5615	0.034496
3298	0.034485
12322	0.034482
13372	0.034480
1118	0.034427
7285	0.034397
1112	0.034385
11853	0.034379
5989	0.034348
5219	0.034344
617	0.034342
10038	0.034337
10277	0.034328
511	0.034294
6728	0.034284
6781	0.034270
11054	0.034191
12756	0.034169
5429	0.034165
6657	0.034159
1550	0.034137
713	0.034084
11035	0.034071
5207	0.034015
4349	0.033995
2230	0.033959
6632	0.033862
9986	0.033836
3027	0.033793
2119	0.033701
12764	0.033692
5521	0.033680
4097	0.033586
12270	0.033570
1050	0.033514
10925	0.033479
13393	0.033477
7091	0.033468
2020	0.033457
2310	0.033412
5024	0.033402
12102	0.033401
2314	0.033368
2312	0.033368
7558	0.033367
7557	0.033367
1739	0.033357
14248	0.033320
8047	0.033320
2313	0.033286
12345	0.033285
12344	0.033285
8095	0.033285
13942	0.033278
13522	0.033258
101	0.033205
2316	0.033155
7664	0.033123
7663	0.033123
11395	0.033091
11728	0.033088
388	0.032953
53	0.032952
4495	0.032943
6648	0.032934
12691	0.032861
2884	0.032817
1453	0.032772
3949	0.032769
783	0.032739
11004	0.032725
9403	0.032691
6724	0.032646
2181	0.032634
2575	0.032609
9534	0.032581
9533	0.032581
9529	0.032581
9509	0.032581
2577	0.032512
4087	0.032476
2078	0.032448
14073	0.032447
1876	0.032441
10498	0.032435
4299	0.032434
5218	0.032376
7373	0.032363
4469	0.032351
1812	0.032307
1811	0.032307
9237	0.032282
3844	0.032265
10080	0.032253
45	0.032252
10203	0.032250
9775	0.032228
13070	0.032200
12729	0.032192
8040	0.032167
7893	0.032160
6017	0.032087
11685	0.032069
11968	0.032024
