13265	0.155051
11658	0.154528
3209	0.153403
13054	0.144822
3212	0.135730
5347	0.132408
7774	0.132261
5641	0.132261
5642	0.132238
12252	0.131170
11073	0.130247
3428	0.126965
4947	0.124746
10245	0.124722
3837	0.123968
5272	0.123858
677	0.121948
4618	0.120267
9462	0.120128
4538	0.120030
7281	0.119748
8009	0.119108
9706	0.118961
3441	0.118728
11858	0.118572
9439	0.118306
3389	0.117619
5177	0.117469
4235	0.117428
3429	0.117254
7224	0.116998
6574	0.116998
5527	0.116998
11279	0.116931
3176	0.116604
991	0.114878
6317	0.112075
5918	0.111810
2105	0.111530
4128	0.111315
589	0.109850
1756	0.109789
1673	0.109719
5423	0.109205
268	0.108928
2280	0.108899
2958	0.108584
11091	0.108504
1785	0.108271
2820	0.107971
6938	0.107279
10255	0.105713
7036	0.105650
3952	0.105513
2274	0.105470
2486	0.105469
11109	0.105285
6295	0.105021
3789	0.104441
5033	0.103736
2831	0.103419
11416	0.103322
9086	0.102831
9085	0.102706
13665	0.102653
6695	0.102419
14128	0.102251
4135	0.102198
2073	0.102192
5185	0.102140
5034	0.102131
11202	0.101644
8615	0.101345
9135	0.101172
4305	0.100992
10589	0.100905
2871	0.100806
4319	0.100754
2114	0.100500
11178	0.100329
10249	0.100157
235	0.100110
9775	0.100069
4542	0.099828
10089	0.099594
51	0.099583
6292	0.099272
9957	0.099065
3438	0.098934
2281	0.098661
11739	0.098472
2020	0.098344
4304	0.098049
4302	0.098049
11999	0.098038
4204	0.097696
13448	0.097609
10274	0.096610
7757	0.096587
10277	0.096422
3225	0.096281
8171	0.096185
13076	0.096157
9218	0.095881
679	0.095474
10326	0.095249
10220	0.095216
11607	0.095192
2952	0.094938
5305	0.094930
12069	0.094885
2621	0.094783
11989	0.094772
2523	0.094478
1132	0.094410
79	0.094386
2828	0.093896
392	0.093704
2078	0.093692
5219	0.093664
2423	0.093559
12348	0.093450
12101	0.093293
5768	0.093024
1285	0.092932
12687	0.092888
10925	0.092849
474	0.092795
10273	0.092466
7207	0.092387
3440	0.091749
2052	0.091535
876	0.091054
3425	0.091033
9711	0.090712
9708	0.090712
9707	0.090712
9705	0.090712
9703	0.090712
1419	0.090698
9699	0.090631
5815	0.090614
7200	0.090574
4106	0.090429
7872	0.090161
8352	0.090160
8351	0.090160
2957	0.090160
2956	0.090160
3007	0.089872
10275	0.089864
4463	0.089820
6754	0.089714
5777	0.089553
4105	0.089423
11552	0.089259
2283	0.089208
5424	0.088830
12136	0.088824
2968	0.088761
12234	0.088757
7767	0.088734
4090	0.088719
6895	0.088668
8611	0.087948
11074	0.087788
1199	0.087385
11076	0.087253
4120	0.087036
13850	0.086978
2109	0.086699
3204	0.086516
13942	0.086401
14248	0.086323
8047	0.086323
9797	0.086288
7288	0.086244
6896	0.086148
891	0.085682
12310	0.085464
4465	0.085396
2097	0.085382
1420	0.085211
4306	0.085111
9152	0.085026
224	0.084869
11968	0.084794
949	0.084794
1758	0.084777
2902	0.084689
1	0.084559
9623	0.084487
352	0.084438
6198	0.084405
13148	0.084403
13147	0.084403
7892	0.084403
6298	0.084403
6297	0.084403
9999	0.084282
5035	0.084179
8892	0.084160
1118	0.084055
14415	0.084008
9277	0.084008
9177	0.083729
10507	0.083450
1232	0.083436
1229	0.083436
6889	0.083414
2276	0.083392
9226	0.083381
9217	0.083381
8534	0.083381
7827	0.083361
4121	0.083302
6532	0.083264
4231	0.083081
1879	0.083022
304	0.082860
7282	0.082848
9248	0.082714
12182	0.082485
4464	0.082485
11966	0.082431
12315	0.081841
3984	0.081678
12118	0.081505
2083	0.081505
2074	0.081505
1899	0.081505
1896	0.081505
3098	0.081444
7131	0.081377
4838	0.081341
4416	0.081315
10550	0.081086
14358	0.080907
9174	0.080904
7894	0.080771
8076	0.080652
12338	0.080646
4163	0.080484
716	0.080457
9562	0.080448
3100	0.080448
14418	0.080424
14417	0.080424
13284	0.080424
13152	0.080424
9795	0.080424
9793	0.080424
9792	0.080424
9791	0.080424
9789	0.080424
9745	0.080424
9163	0.080424
8614	0.080424
8613	0.080424
8177	0.080424
3383	0.080422
6920	0.080295
7381	0.080295
1869	0.080215
4958	0.080183
4294	0.080037
5348	0.079930
2277	0.079891
10661	0.079760
9710	0.079742
9215	0.079721
4824	0.079706
4168	0.079692
9702	0.079673
5790	0.079656
12954	0.079566
7414	0.079501
10256	0.079474
5745	0.079148
12030	0.079040
2658	0.078930
1958	0.078920
9713	0.078912
9201	0.078465
1528	0.078445
1291	0.078397
6987	0.078366
8471	0.078266
11803	0.078247
10258	0.078180
9704	0.078098
1816	0.078068
2107	0.077872
8676	0.077829
8584	0.077766
164	0.077612
8451	0.077598
9198	0.077525
5476	0.077468
9686	0.077378
221	0.077351
1458	0.077340
4240	0.077339
12273	0.077237
1905	0.077180
107	0.077127
2600	0.077093
13545	0.077080
7468	0.076966
2967	0.076966
241	0.076875
5413	0.076681
6051	0.076640
10801	0.076440
12034	0.076415
14407	0.076410
4559	0.076362
10231	0.076019
2110	0.075936
10749	0.075860
353	0.075714
1228	0.075709
9207	0.075663
9205	0.075663
8528	0.075663
6677	0.075546
14227	0.075524
6299	0.075495
4407	0.075396
6806	0.075304
1119	0.075118
1120	0.074986
5741	0.074732
13247	0.074522
9244	0.074474
9176	0.074396
8809	0.074396
14416	0.074337
10240	0.074206
7752	0.074180
7932	0.074158
9480	0.074053
8533	0.074053
3328	0.074046
2170	0.074018
12188	0.073954
73	0.073887
1133	0.073737
3507	0.073736
5743	0.073619
6255	0.073560
12955	0.073495
12274	0.073468
8236	0.073468
8235	0.073468
6980	0.073468
6953	0.073468
298	0.073468
12139	0.073458
12311	0.073444
9438	0.073296
6149	0.073282
11177	0.073240
2965	0.073211
9709	0.073140
6291	0.073047
1919	0.072792
404	0.072654
1111	0.072614
9935	0.072476
4129	0.072476
1280	0.072424
12692	0.072356
8625	0.072293
4241	0.072204
4665	0.072118
2128	0.072017
12138	0.072009
12137	0.072009
12068	0.072009
11864	0.072009
86	0.071939
2452	0.071801
6126	0.071760
6125	0.071760
9256	0.071742
1346	0.071680
1030	0.071547
6781	0.071526
1085	0.071342
11289	0.071251
4087	0.071210
4756	0.071184
10377	0.071184
9787	0.071172
9786	0.071172
9785	0.071172
9784	0.071172
9783	0.071172
9782	0.071172
9781	0.071172
9778	0.071172
9280	0.071172
8585	0.071172
8567	0.071172
8553	0.071172
4136	0.071157
10378	0.071149
2810	0.071112
3907	0.071111
6380	0.071105
6465	0.071038
1777	0.070921
9464	0.070820
8517	0.070820
8516	0.070820
4139	0.070820
4138	0.070820
4666	0.070754
9700	0.070675
4922	0.070632
6251	0.070582
6249	0.070582
11111	0.070570
5996	0.070499
5205	0.070341
6415	0.070335
4511	0.070328
1889	0.070327
9393	0.070319
13394	0.070278
9307	0.070148
2809	0.069888
1309	0.069878
11866	0.069860
4667	0.069810
12325	0.069808
6395	0.069806
9457	0.069755
4152	0.069755
6656	0.069739
487	0.069720
342	0.069665
9794	0.069636
3142	0.069618
823	0.069376
11849	0.069354
7526	0.069331
1375	0.069268
1297	0.069250
8864	0.069240
8863	0.069240
8583	0.069240
8124	0.069240
7904	0.069240
7903	0.069240
7902	0.069240
7901	0.069240
7900	0.069240
7899	0.069240
7897	0.069240
7896	0.069240
7895	0.069240
2660	0.069125
4248	0.069118
7883	0.069114
4249	0.069114
4247	0.069114
4246	0.069114
4242	0.069114
4244	0.069114
4245	0.069108
7261	0.069107
2981	0.068941
11976	0.068925
2748	0.068809
5182	0.068801
9361	0.068776
11800	0.068727
7090	0.068555
5296	0.068521
3739	0.068360
3741	0.068353
1997	0.068344
4537	0.068289
307	0.068207
4383	0.068187
830	0.068103
4160	0.067948
7955	0.067872
8234	0.067760
4671	0.067669
4669	0.067669
2990	0.067649
6838	0.067601
4205	0.067587
4849	0.067388
875	0.067281
10518	0.067271
814	0.067268
4670	0.067101
6102	0.067018
1992	0.066968
874	0.066940
1755	0.066874
13036	0.066866
8711	0.066863
1781	0.066854
82	0.066832
12048	0.066804
8732	0.066794
8710	0.066711
3745	0.066489
1252	0.066474
14404	0.066472
14400	0.066472
8143	0.066472
8096	0.066472
12053	0.066456
13264	0.066385
12909	0.066356
9413	0.066297
861	0.066147
469	0.066122
13293	0.066093
4251	0.066016
3892	0.065983
3747	0.065981
2422	0.065967
10286	0.065961
3443	0.065943
7913	0.065942
5968	0.065942
470	0.065942
2186	0.065921
8604	0.065833
4140	0.065800
5013	0.065765
1162	0.065707
1187	0.065665
10243	0.065646
6089	0.065634
9780	0.065564
11291	0.065535
6091	0.065521
6090	0.065521
7626	0.065415
9934	0.065355
9581	0.065350
12131	0.065298
2641	0.065298
2640	0.065298
3700	0.065289
231	0.065241
4037	0.065226
9840	0.065184
2171	0.065178
2659	0.065175
2458	0.065139
9870	0.065114
4612	0.065103
9247	0.065011
12462	0.064981
10685	0.064981
6347	0.064768
10748	0.064700
9834	0.064700
5967	0.064567
5038	0.064503
2453	0.064429
8712	0.064380
8303	0.064380
8302	0.064380
7362	0.064380
6359	0.064380
141	0.064335
6278	0.064310
6202	0.064309
6081	0.064245
9913	0.064222
3588	0.064145
12873	0.064099
3973	0.064091
12527	0.064024
8041	0.063991
5012	0.063863
80	0.063829
2064	0.063726
7511	0.063695
3905	0.063688
14266	0.063622
3986	0.063616
3538	0.063576
5433	0.063565
2821	0.063498
2815	0.063489
10467	0.063466
10301	0.063463
7659	0.063441
11618	0.063432
745	0.063360
10638	0.063349
169	0.063292
4312	0.063287
11840	0.063268
1656	0.063203
1898	0.062996
2517	0.062936
4396	0.062885
7686	0.062865
6407	0.062681
4301	0.062679
2823	0.062629
1895	0.062463
2783	0.062463
1146	0.062459
1304	0.062383
1109	0.062324
10592	0.062319
2996	0.062310
10466	0.062260
13698	0.062106
13544	0.062106
3194	0.062105
1791	0.062096
9237	0.062040
11411	0.061891
8180	0.061755
6017	0.061744
4281	0.061716
10076	0.061704
4216	0.061665
3592	0.061612
10077	0.061602
10582	0.061589
2426	0.061577
1115	0.061516
6725	0.061513
5555	0.061484
239	0.061472
4093	0.061399
4095	0.061263
7400	0.061218
4485	0.061218
7584	0.061116
2817	0.061059
7654	0.061056
1778	0.061037
7379	0.061014
6866	0.061005
12070	0.061003
7227	0.060958
6473	0.060942
4693	0.060938
351	0.060849
12077	0.060839
6461	0.060839
3711	0.060839
11072	0.060810
879	0.060766
7655	0.060689
3710	0.060658
13235	0.060588
3666	0.060584
6501	0.060491
2461	0.060434
3613	0.060401
2080	0.060379
6913	0.060370
7617	0.060362
2451	0.060348
9367	0.060319
13651	0.060297
825	0.060278
7713	0.060236
1173	0.060174
120	0.060157
11566	0.060114
10097	0.060112
3742	0.060060
11425	0.059946
10379	0.059946
730	0.059922
7295	0.059899
3068	0.059859
5123	0.059834
948	0.059787
5354	0.059754
10701	0.059749
2380	0.059692
2046	0.059686
3211	0.059682
11817	0.059661
6990	0.059661
13533	0.059644
13532	0.059644
13531	0.059644
2075	0.059586
5779	0.059562
5778	0.059427
633	0.059410
5546	0.059407
7556	0.059374
6434	0.059374
14406	0.059367
14405	0.059367
3751	0.059327
3750	0.059327
8335	0.059320
1900	0.059311
2532	0.059310
3740	0.059271
1968	0.059222
676	0.059187
10639	0.059177
11896	0.059131
4131	0.059093
8709	0.059046
2	0.058988
7920	0.058958
4068	0.058953
2954	0.058879
1701	0.058819
4692	0.058769
9143	0.058670
6242	0.058670
11784	0.058643
4239	0.058612
10693	0.058564
2450	0.058534
4834	0.058481
13430	0.058423
11733	0.058413
3921	0.058357
9779	0.058341
3398	0.058299
1380	0.058213
243	0.058191
797	0.058176
7606	0.058169
12275	0.058159
9741	0.058159
3310	0.058159
4624	0.058126
14269	0.058066
3974	0.058015
751	0.057958
5990	0.057953
9302	0.057904
9121	0.057885
9112	0.057885
7933	0.057824
347	0.057824
888	0.057822
2363	0.057812
9232	0.057793
12076	0.057776
1531	0.057776
1525	0.057776
1523	0.057776
1522	0.057771
1524	0.057753
1853	0.057745
12010	0.057696
12915	0.057676
12914	0.057676
9200	0.057656
2188	0.057596
9938	0.057558
7551	0.057558
7550	0.057558
7539	0.057558
7538	0.057558
7880	0.057555
3311	0.057544
12151	0.057539
6118	0.057534
370	0.057530
7830	0.057508
1402	0.057474
6393	0.057437
4399	0.057423
3840	0.057405
4865	0.057362
1703	0.057283
1705	0.057279
3473	0.057263
10006	0.057261
11596	0.057253
5184	0.057246
12152	0.057236
11673	0.057236
8479	0.057236
6773	0.057236
1805	0.057236
1804	0.057236
1799	0.057236
1706	0.057236
1704	0.057236
1702	0.057236
1698	0.057236
1699	0.057223
6279	0.057152
1760	0.057125
4541	0.057032
6557	0.057005
803	0.056982
4509	0.056897
2962	0.056882
2955	0.056868
2953	0.056868
2892	0.056731
1710	0.056713
4787	0.056675
10440	0.056646
3314	0.056588
9788	0.056526
343	0.056419
4243	0.056400
6587	0.056388
1694	0.056357
4668	0.056298
2522	0.056292
4883	0.056270
1536	0.056260
12226	0.056251
3969	0.056251
10223	0.056218
5487	0.056210
5780	0.056201
4758	0.056137
11937	0.056111
3914	0.056107
6851	0.056014
9735	0.055988
6641	0.055981
6668	0.055961
6642	0.055960
2992	0.055909
8845	0.055887
9231	0.055882
9942	0.055880
9931	0.055880
9930	0.055880
9921	0.055880
9901	0.055880
9899	0.055880
9895	0.055880
9866	0.055880
9836	0.055880
9832	0.055880
9810	0.055880
9698	0.055880
9636	0.055880
9570	0.055880
9299	0.055880
12849	0.055877
6774	0.055877
8634	0.055853
1743	0.055792
1709	0.055789
918	0.055776
11758	0.055752
12296	0.055749
6244	0.055749
11964	0.055745
13456	0.055739
13342	0.055739
3994	0.055733
524	0.055714
1308	0.055670
4400	0.055624
1112	0.055603
1527	0.055487
6640	0.055474
9673	0.055419
7245	0.055398
4412	0.055398
8792	0.055373
4529	0.055373
11753	0.055362
11940	0.055342
877	0.055335
3430	0.055259
4414	0.055213
5175	0.055190
1510	0.055184
930	0.055173
4587	0.055167
9124	0.055146
1097	0.055114
2745	0.055086
7351	0.055034
155	0.055026
252	0.055020
5366	0.055011
5268	0.054985
4142	0.054974
460	0.054968
4540	0.054960
1952	0.054927
2184	0.054887
5500	0.054872
4543	0.054817
2661	0.054763
8636	0.054653
7954	0.054583
10511	0.054527
4951	0.054475
4672	0.054462
2420	0.054414
3287	0.054400
10808	0.054399
2014	0.054391
7457	0.054338
10039	0.054333
1534	0.054321
3093	0.054321
5523	0.054293
498	0.054234
247	0.054229
13041	0.054198
6119	0.054198
13442	0.054116
7510	0.054087
1882	0.053960
10839	0.053929
5755	0.053867
5217	0.053859
2980	0.053827
1400	0.053823
9150	0.053821
1307	0.053775
1529	0.053754
540	0.053739
1792	0.053708
1293	0.053694
7048	0.053693
10838	0.053639
10098	0.053590
9484	0.053583
9483	0.053583
5461	0.053577
2941	0.053569
12365	0.053567
3636	0.053546
1797	0.053504
2964	0.053500
12357	0.053482
4111	0.053442
5477	0.053420
11987	0.053406
5914	0.053403
9062	0.053384
6127	0.053379
10664	0.053372
4392	0.053364
13940	0.053354
5146	0.053354
1265	0.053353
12241	0.053341
12240	0.053341
8074	0.053341
7294	0.053341
6054	0.053341
4336	0.053341
2119	0.053339
2757	0.053270
1457	0.053243
7263	0.053240
4855	0.053229
1078	0.053159
3992	0.053125
1689	0.053122
11531	0.053097
2773	0.053095
3336	0.053082
9433	0.053052
12295	0.053023
6243	0.053023
13603	0.053012
13238	0.053012
9553	0.053012
2959	0.053012
12103	0.053012
13244	0.052980
8531	0.052972
1039	0.052961
8464	0.052923
12303	0.052922
8032	0.052908
4842	0.052903
4175	0.052880
2278	0.052878
8223	0.052838
9192	0.052791
5145	0.052747
13541	0.052647
1300	0.052634
8965	0.052615
