11094	0.137031
13856	0.127886
4663	0.127281
10660	0.127238
9948	0.123820
13166	0.123126
13794	0.123052
6490	0.119915
1352	0.118820
10659	0.118530
7524	0.118038
958	0.117765
12095	0.117704
10770	0.116439
959	0.115945
4568	0.115912
6497	0.115656
7313	0.115499
11380	0.115491
11361	0.115356
12711	0.114942
14340	0.114819
10487	0.114678
2636	0.114512
12574	0.114505
5502	0.114483
6485	0.113702
6660	0.112376
388	0.111101
957	0.108459
954	0.108459
1507	0.107637
11533	0.107090
10995	0.107005
3630	0.106772
3332	0.106365
5854	0.106247
2635	0.105840
10503	0.105312
10852	0.105125
11185	0.104819
2665	0.104578
4221	0.104242
12555	0.104240
11198	0.104142
10367	0.104104
11319	0.104099
11318	0.104099
11317	0.104099
11316	0.104099
12779	0.103949
10682	0.103814
11045	0.103254
4885	0.102812
6471	0.102211
3262	0.102175
12408	0.101403
4786	0.100850
13151	0.100670
10521	0.100536
10434	0.099898
7819	0.099873
10820	0.099828
5764	0.099809
13361	0.099587
11572	0.099277
8369	0.099141
3861	0.098811
8513	0.098294
12792	0.098142
8476	0.097661
11510	0.097636
5041	0.097623
12791	0.097311
12788	0.097311
5608	0.097245
1963	0.097218
960	0.097174
8003	0.097087
10522	0.096829
13324	0.096804
12552	0.096555
9944	0.096419
3196	0.096376
6649	0.095576
6647	0.095576
6646	0.095576
5610	0.095576
5765	0.095462
10483	0.095196
14063	0.095162
1584	0.094970
7070	0.094718
11485	0.094598
13832	0.094203
10903	0.094162
567	0.094151
12503	0.093860
14252	0.093787
3718	0.093787
12551	0.093496
2643	0.093328
10706	0.093088
5766	0.092922
11195	0.092483
10941	0.092307
8622	0.092281
9992	0.092219
5733	0.092211
2877	0.091842
2586	0.090911
10046	0.090709
11354	0.090485
12787	0.089865
16	0.089639
12571	0.089628
10476	0.089519
8045	0.089387
8043	0.089259
10324	0.089203
11431	0.089195
12697	0.089161
10674	0.089108
11222	0.089020
13834	0.088976
10927	0.088932
12426	0.088648
12328	0.088573
11744	0.087914
4765	0.087908
13765	0.087831
13288	0.087675
8080	0.087556
9835	0.087553
11405	0.087459
11518	0.087449
13333	0.087423
12500	0.087381
11571	0.087333
9988	0.087266
12497	0.087252
12536	0.087173
12606	0.086998
10141	0.086833
10035	0.086833
8909	0.086676
520	0.086395
11574	0.086165
2471	0.086052
7673	0.085964
5144	0.085914
12495	0.085861
12745	0.085636
5250	0.085548
5095	0.085529
9555	0.085518
558	0.085441
54	0.085303
12629	0.085229
11565	0.085183
12215	0.085109
8730	0.085071
2880	0.084989
11419	0.084506
5887	0.084500
12628	0.084306
10485	0.084261
10911	0.083836
6290	0.083693
10037	0.083623
10687	0.083516
2642	0.083389
956	0.083367
7762	0.083362
11575	0.083225
10686	0.083224
11037	0.083215
3845	0.082474
11290	0.082421
2829	0.082407
11219	0.082268
1363	0.082265
6714	0.082235
10720	0.082150
971	0.081985
10484	0.081786
12695	0.081688
10464	0.081523
4819	0.081500
2663	0.081452
12661	0.081276
12821	0.081226
12733	0.081063
10325	0.081031
10465	0.081028
463	0.080977
11516	0.080906
11069	0.080855
1538	0.080847
2830	0.080662
1506	0.080565
12525	0.080557
11312	0.080526
4763	0.080304
10033	0.080173
12812	0.080130
10531	0.080115
8794	0.080115
12832	0.080113
11474	0.080101
12517	0.080098
12538	0.080041
7062	0.080004
12717	0.079990
5491	0.079800
12807	0.079714
12754	0.079633
10778	0.079610
12589	0.079583
10195	0.079520
14109	0.079130
10736	0.079130
7964	0.079018
9389	0.078914
10735	0.078839
7025	0.078798
10482	0.078773
464	0.078677
4279	0.078627
8054	0.078595
6887	0.078581
8522	0.078551
12621	0.078544
11496	0.078538
5314	0.078486
11088	0.078278
10741	0.078277
11453	0.078277
11452	0.078277
11451	0.078277
11449	0.078277
11445	0.078277
11427	0.078277
11391	0.078277
11388	0.078277
11331	0.078277
11327	0.078277
11268	0.078277
12672	0.078246
12535	0.078228
5912	0.078146
6334	0.078106
13155	0.078040
8477	0.078025
11495	0.077854
10816	0.077840
11556	0.077549
3859	0.077487
8297	0.077325
12573	0.077290
11497	0.077283
13566	0.077279
10358	0.077247
10492	0.077246
10162	0.076953
11494	0.076892
7898	0.076808
3065	0.076784
3265	0.076780
3163	0.076630
387	0.076452
7817	0.076441
11343	0.076432
8405	0.076406
10027	0.076319
1807	0.076237
4260	0.076222
7026	0.076144
10657	0.076000
7818	0.075995
2984	0.075936
11457	0.075919
1393	0.075899
12594	0.075857
12492	0.075848
12220	0.075814
10658	0.075715
10721	0.075645
2259	0.075616
391	0.075546
3266	0.075494
6802	0.075477
10636	0.075457
12546	0.075445
10486	0.075336
10069	0.075209
12822	0.075205
8359	0.075167
8358	0.075167
4492	0.075135
12701	0.074923
10985	0.074876
10305	0.074796
9756	0.074763
12336	0.074762
12799	0.074750
3217	0.074739
7989	0.074675
11500	0.074671
12789	0.074485
11175	0.074196
12768	0.074196
4354	0.074157
12630	0.074064
12654	0.073973
5061	0.073940
3075	0.073906
8935	0.073898
7602	0.073734
3323	0.073733
12833	0.073573
3495	0.073271
6289	0.073239
11007	0.072995
12401	0.072981
3597	0.072959
7061	0.072822
2983	0.072764
9417	0.072651
12560	0.072616
11315	0.072614
3324	0.072601
12627	0.072580
10961	0.072504
12595	0.072170
7159	0.072162
12515	0.072146
12597	0.072052
9857	0.071873
1218	0.071802
10882	0.071786
6655	0.071616
12795	0.071488
11173	0.071367
8422	0.071363
11320	0.071302
10313	0.071277
7674	0.070997
1428	0.070848
4744	0.070773
12704	0.070735
7975	0.070569
6012	0.070368
11535	0.070284
7826	0.070241
12579	0.070195
7183	0.070133
12605	0.070126
8887	0.070081
12644	0.070064
6613	0.070019
11434	0.069947
1422	0.069902
3746	0.069876
13839	0.069864
3189	0.069800
8397	0.069789
10526	0.069783
10979	0.069780
11353	0.069731
10715	0.069731
9847	0.069610
10692	0.069591
5870	0.069562
10032	0.069526
12148	0.069526
7411	0.069526
2995	0.069496
14108	0.069373
4745	0.069373
2878	0.069355
11351	0.069231
10889	0.069210
8141	0.069169
10647	0.069109
7022	0.068855
10758	0.068831
12542	0.068639
12836	0.068567
12824	0.068567
12580	0.068536
12633	0.068490
11554	0.068469
12727	0.068445
10926	0.068390
1778	0.068358
11139	0.068345
5567	0.068138
8329	0.068079
10574	0.068061
11463	0.067925
11629	0.067913
11332	0.067878
6809	0.067869
4645	0.067771
5871	0.067647
10510	0.067586
13162	0.067545
10123	0.067545
10339	0.067519
10573	0.067412
1712	0.067299
12659	0.067276
10836	0.067275
2777	0.067228
10714	0.067102
10875	0.067036
10441	0.066981
10020	0.066976
10904	0.066933
10412	0.066889
1161	0.066864
12660	0.066826
11218	0.066810
12063	0.066744
12187	0.066708
11486	0.066574
10153	0.066526
5514	0.066259
12559	0.066256
10530	0.066236
11107	0.066234
11540	0.066173
10612	0.066155
11142	0.066124
10019	0.066109
10832	0.065996
10188	0.065948
11539	0.065860
10970	0.065820
4589	0.065787
5143	0.065784
10349	0.065711
531	0.065674
12389	0.065641
14245	0.065573
8656	0.065467
12829	0.065373
5170	0.065303
12638	0.065282
2251	0.065200
3658	0.065144
11493	0.065054
11368	0.065047
3633	0.064939
9186	0.064921
2196	0.064838
7434	0.064623
11151	0.064562
3726	0.064527
9179	0.064421
8797	0.064374
3242	0.064311
7535	0.064272
12796	0.064178
12001	0.064165
5516	0.064165
10074	0.064139
11564	0.064115
6535	0.064094
8144	0.064076
10374	0.064066
9400	0.063990
13615	0.063930
13614	0.063930
938	0.063919
3451	0.063871
12537	0.063811
12804	0.063681
10600	0.063466
7279	0.063364
7396	0.063353
7105	0.063331
5512	0.063280
12611	0.063252
3368	0.063220
12424	0.062906
6622	0.062805
13719	0.062617
10588	0.062617
7547	0.062617
13154	0.062616
11217	0.062538
10048	0.062472
12375	0.062408
2778	0.062379
543	0.062326
13383	0.062315
10068	0.062294
12709	0.062293
10166	0.062269
9971	0.062264
12526	0.062193
12749	0.062111
12748	0.062111
10610	0.062076
11498	0.062038
10075	0.062015
11346	0.061945
10722	0.061914
11140	0.061884
10491	0.061840
3273	0.061716
5486	0.061707
1038	0.061462
13340	0.061433
11190	0.061424
7030	0.061353
12919	0.061310
1435	0.061267
533	0.061259
10149	0.061247
11508	0.061225
10982	0.061216
12624	0.061099
13838	0.061037
705	0.060985
11366	0.060981
6837	0.060969
10598	0.060941
13887	0.060857
8002	0.060805
7825	0.060773
6628	0.060760
2240	0.060716
8065	0.060696
10547	0.060669
12512	0.060631
2362	0.060575
3409	0.060540
10007	0.060403
12776	0.060382
5572	0.060327
12669	0.060195
7530	0.060168
12499	0.060141
3918	0.060130
1728	0.060115
12506	0.060084
11513	0.059783
10263	0.059651
10357	0.059598
2237	0.059549
11492	0.059485
10353	0.059456
9946	0.059400
2473	0.059344
10095	0.059248
11957	0.059131
3575	0.059131
9989	0.059101
1570	0.059054
592	0.059040
2368	0.058925
3748	0.058826
10599	0.058826
11668	0.058756
11657	0.058643
10851	0.058629
10772	0.058619
12496	0.058604
13484	0.058580
11475	0.058537
12655	0.058507
7982	0.058472
2417	0.058471
1362	0.058452
9396	0.058452
4481	0.058452
4478	0.058428
3621	0.058390
10843	0.058378
1555	0.058346
10859	0.058328
12607	0.058211
6877	0.058175
8066	0.058136
12664	0.058052
8091	0.058030
12637	0.058029
14196	0.058021
6614	0.057955
10691	0.057949
12514	0.057943
11521	0.057929
11522	0.057888
3863	0.057877
1924	0.057844
7024	0.057839
2582	0.057793
8079	0.057777
6808	0.057775
3824	0.057757
12826	0.057688
12827	0.057649
10946	0.057639
8947	0.057634
3413	0.057598
10609	0.057593
569	0.057589
11145	0.057516
12666	0.057486
7407	0.057476
3853	0.057476
10545	0.057417
8638	0.057402
11066	0.057349
379	0.057348
6577	0.057272
10455	0.057190
8017	0.057147
11436	0.057084
10711	0.057084
8930	0.057081
1464	0.057034
10712	0.057006
10921	0.056967
8919	0.056943
2581	0.056939
9982	0.056920
4734	0.056854
9983	0.056850
1935	0.056835
4907	0.056823
10561	0.056816
12169	0.056802
8917	0.056802
6283	0.056798
10219	0.056763
6062	0.056732
570	0.056729
12610	0.056727
12561	0.056714
7620	0.056680
11834	0.056678
12741	0.056588
8957	0.056538
12657	0.056516
3173	0.056443
969	0.056437
6561	0.056401
6733	0.056388
6266	0.056374
3304	0.056251
402	0.056237
4818	0.056199
12557	0.056188
7234	0.056104
3573	0.056016
5570	0.055965
5381	0.055954
10496	0.055879
7140	0.055877
3390	0.055870
11934	0.055863
11506	0.055840
12343	0.055831
7589	0.055831
10505	0.055783
12708	0.055769
6136	0.055751
8056	0.055679
11600	0.055638
4980	0.055589
3342	0.055483
12386	0.055466
6680	0.055433
13441	0.055331
7137	0.055302
9056	0.055248
11502	0.055159
12815	0.055149
963	0.055132
7139	0.055131
9967	0.055119
10988	0.055064
6467	0.055052
9972	0.055019
5957	0.055010
12145	0.055004
10515	0.055004
5956	0.055004
12388	0.054977
13547	0.054932
13546	0.054932
13368	0.054932
1017	0.054927
13182	0.054927
5717	0.054909
8133	0.054864
12688	0.054815
6355	0.054814
9949	0.054814
12329	0.054814
12698	0.054809
6371	0.054767
920	0.054746
11082	0.054731
4075	0.054627
9072	0.054596
11101	0.054575
12567	0.054551
12834	0.054453
12828	0.054453
2800	0.054428
12658	0.054409
11116	0.054409
2795	0.054409
2794	0.054409
6630	0.054318
5579	0.054269
5109	0.054268
2986	0.054257
10520	0.054215
11154	0.054159
232	0.054153
1387	0.054074
11490	0.054064
9114	0.054057
4339	0.053989
4586	0.053988
4588	0.053978
12200	0.053884
12153	0.053845
4702	0.053845
10036	0.053808
12553	0.053794
11189	0.053775
11188	0.053771
11187	0.053771
12369	0.053676
12361	0.053676
11012	0.053556
11225	0.053547
10909	0.053547
3626	0.053486
6849	0.053439
9094	0.053416
9093	0.053416
9092	0.053416
9065	0.053416
919	0.053372
12668	0.053330
10684	0.053285
12809	0.053256
3763	0.053254
5526	0.053105
11523	0.052875
2576	0.052694
8918	0.052674
3155	0.052672
5670	0.052660
4629	0.052648
10500	0.052578
12114	0.052538
2269	0.052521
11447	0.052482
14111	0.052482
14080	0.052482
7153	0.052477
10869	0.052446
5349	0.052445
11025	0.052436
12632	0.052381
5513	0.052310
14200	0.052298
13804	0.052298
13803	0.052298
13800	0.052298
13797	0.052298
13701	0.052298
9904	0.052281
6842	0.052190
10366	0.052118
12532	0.052116
11375	0.052049
4261	0.052031
3120	0.052030
4327	0.051975
9881	0.051946
1208	0.051911
12556	0.051888
4822	0.051810
3542	0.051739
12864	0.051661
7013	0.051657
12760	0.051630
4147	0.051565
11387	0.051507
10791	0.051507
2701	0.051452
12539	0.051441
12726	0.051408
12609	0.051391
1594	0.051331
3261	0.051291
3581	0.051289
7529	0.051274
9990	0.051270
9689	0.051231
11961	0.051215
6922	0.051188
10140	0.051163
946	0.051161
9950	0.051138
2496	0.051109
11400	0.051102
10974	0.051051
10495	0.051008
8462	0.050986
9324	0.050900
13619	0.050879
10792	0.050878
2594	0.050852
11960	0.050830
13799	0.050800
12665	0.050631
10589	0.050580
12866	0.050523
1015	0.050455
5616	0.050434
5135	0.050429
7779	0.050379
4451	0.050340
12494	0.050314
12744	0.050289
10475	0.050282
11309	0.050165
10990	0.050131
6569	0.050084
4933	0.050037
6087	0.049945
407	0.049922
12421	0.049915
10269	0.049915
10266	0.049915
10262	0.049915
10261	0.049915
10259	0.049906
4889	0.049885
10267	0.049874
10986	0.049818
5639	0.049772
10477	0.049770
10992	0.049764
952	0.049747
10987	0.049742
10989	0.049679
11691	0.049650
11626	0.049596
3372	0.049583
4206	0.049582
4908	0.049555
10365	0.049528
6864	0.049512
6863	0.049512
11197	0.049489
12608	0.049414
12649	0.049379
5562	0.049369
8900	0.049355
3497	0.049343
12929	0.049259
9646	0.049240
9401	0.049107
12531	0.049047
5134	0.049027
11019	0.048972
3540	0.048954
7114	0.048952
10938	0.048936
5650	0.048879
5969	0.048859
1407	0.048856
13254	0.048855
12934	0.048855
12933	0.048855
12932	0.048855
12081	0.048855
8996	0.048855
8994	0.048855
8992	0.048855
12769	0.048851
11053	0.048847
4956	0.048835
13086	0.048827
13085	0.048827
12705	0.048824
12935	0.048824
6354	0.048805
8142	0.048803
4964	0.048766
12803	0.048754
12381	0.048695
11213	0.048691
12626	0.048672
6703	0.048643
530	0.048580
400	0.048580
6560	0.048538
12562	0.048501
10613	0.048488
1732	0.048436
1746	0.048421
11263	0.048413
5970	0.048397
6871	0.048377
6710	0.048377
8496	0.048371
7403	0.048325
5113	0.048308
7687	0.048280
9762	0.048275
2680	0.048269
5127	0.048258
10268	0.048205
3848	0.048183
10872	0.048096
10983	0.048070
1431	0.048034
12384	0.048003
2987	0.047971
14045	0.047963
5475	0.047940
7094	0.047914
5581	0.047911
2228	0.047902
6626	0.047899
9522	0.047839
13117	0.047778
9265	0.047709
11163	0.047708
7619	0.047706
13955	0.047682
10508	0.047677
11143	0.047649
12639	0.047587
12183	0.047540
955	0.047530
13592	0.047501
12080	0.047499
12406	0.047448
12930	0.047382
12928	0.047382
7146	0.047379
11435	0.047370
3341	0.047365
1923	0.047363
11162	0.047277
10336	0.047254
12677	0.047235
10907	0.047209
10435	0.047194
9169	0.047174
5569	0.047146
10389	0.047145
323	0.047090
7766	0.047068
12413	0.047040
9915	0.047027
14238	0.047000
14175	0.047000
14044	0.047000
10978	0.046977
11851	0.046900
6927	0.046900
12742	0.046874
5522	0.046840
7994	0.046830
4455	0.046749
11011	0.046727
397	0.046701
11677	0.046673
4494	0.046673
4493	0.046673
8021	0.046649
10478	0.046643
11223	0.046620
8564	0.046619
477	0.046599
10428	0.046584
11060	0.046578
8094	0.046547
11448	0.046523
5313	0.046519
11555	0.046495
12290	0.046492
6331	0.046492
11651	0.046440
5575	0.046440
