3680	0.326891
5176	0.308671
1427	0.277488
4731	0.208879
4675	0.208879
2567	0.205294
4452	0.197670
2566	0.196412
10410	0.196345
10411	0.196137
11389	0.195477
3954	0.179234
3821	0.159947
8114	0.150601
7065	0.150432
3955	0.146350
7217	0.139058
6476	0.139058
4499	0.136750
4748	0.135129
923	0.134586
13421	0.132437
4836	0.131598
5941	0.131028
8377	0.130592
5153	0.130580
7078	0.130206
13460	0.126024
3414	0.124865
3178	0.123476
11419	0.123162
1847	0.122274
3678	0.120002
3673	0.120002
2173	0.118993
14179	0.117725
12628	0.116906
10607	0.115929
13807	0.115905
5344	0.114632
3363	0.113007
5734	0.112851
1507	0.112077
14107	0.111825
4293	0.111747
7223	0.111477
14146	0.110741
14148	0.110705
14147	0.110683
3090	0.110683
3088	0.110682
3091	0.110682
3089	0.110682
13538	0.109582
6745	0.109354
2500	0.109040
13550	0.108232
3669	0.107958
4330	0.107730
776	0.106966
1041	0.105938
13294	0.105823
13652	0.103179
12317	0.102933
12096	0.102763
3213	0.102030
5728	0.101719
12630	0.101554
11939	0.101493
4896	0.101044
8618	0.101025
7012	0.100441
9830	0.099392
1779	0.098866
11507	0.098858
13404	0.098604
12186	0.098462
7011	0.098105
11649	0.097608
3240	0.097418
11325	0.097028
1655	0.096815
10583	0.096094
10563	0.095737
6733	0.095660
12426	0.095494
9579	0.095046
12501	0.094715
8833	0.094452
5851	0.093078
6031	0.092970
6030	0.092970
5992	0.092970
2573	0.092686
12561	0.092547
7807	0.092347
3953	0.091751
7079	0.091653
13398	0.091292
5174	0.090757
3230	0.090454
210	0.090258
7500	0.089526
459	0.089459
4679	0.089419
457	0.089379
11648	0.089313
9295	0.089157
13405	0.089036
11490	0.089005
11511	0.088925
3834	0.088871
12544	0.088511
9222	0.088496
1963	0.088365
458	0.088270
12707	0.088262
12751	0.088166
1358	0.088079
9718	0.088015
13624	0.087754
13623	0.087754
12312	0.087655
699	0.087200
12382	0.087149
3469	0.086606
11299	0.086457
3229	0.086437
650	0.086252
7959	0.086090
3232	0.086065
4484	0.085855
12736	0.085293
13529	0.085211
7947	0.084969
4713	0.084841
2929	0.084825
6582	0.084530
10315	0.084413
3191	0.084402
10314	0.084316
8886	0.084303
8128	0.084297
13504	0.084172
10876	0.084142
6976	0.083751
11920	0.083747
3927	0.083747
3868	0.083747
9767	0.083719
11532	0.083674
5276	0.083649
11523	0.083640
2033	0.083627
10907	0.083607
7492	0.083398
6449	0.083355
10104	0.083198
7809	0.082934
12719	0.082738
5346	0.082615
2927	0.082575
9450	0.082547
9330	0.082250
6910	0.082249
7152	0.082245
6584	0.082242
6581	0.082242
10949	0.082139
11528	0.082128
11455	0.082047
11426	0.082047
9811	0.081978
9739	0.081950
3784	0.081797
7631	0.081759
10435	0.081457
1555	0.081425
6534	0.081321
11342	0.081304
10746	0.081304
13491	0.081287
3929	0.081134
3928	0.081134
11456	0.080870
13361	0.080847
9616	0.080668
10747	0.080487
11583	0.080422
3646	0.080369
9904	0.080364
8052	0.080328
5550	0.080281
3676	0.080256
10650	0.080236
2559	0.080205
12642	0.080200
2287	0.080194
11471	0.079821
7160	0.079722
11256	0.079638
12565	0.079592
9564	0.079580
3566	0.079580
5602	0.079521
9597	0.079497
9355	0.079497
6748	0.079497
3231	0.079261
11918	0.079246
12383	0.079232
13830	0.079204
6208	0.079169
14069	0.079168
5665	0.079162
3732	0.079077
7077	0.078881
5666	0.078862
7220	0.078629
245	0.078577
3675	0.078450
10119	0.078428
5905	0.078426
7864	0.078317
11919	0.078315
7433	0.078289
13325	0.078196
5858	0.078141
6728	0.078115
9835	0.078113
232	0.078097
3662	0.077934
13721	0.077901
13709	0.077901
11544	0.077661
2555	0.077623
5675	0.077442
11500	0.077305
10919	0.077300
13305	0.077299
2465	0.077256
2434	0.077200
11561	0.077087
6715	0.076949
686	0.076885
9187	0.076726
11132	0.076680
12662	0.076636
11021	0.076517
11386	0.076487
4678	0.076360
5603	0.076306
5155	0.076255
11508	0.076219
2558	0.076218
13146	0.076182
10672	0.076064
2551	0.076024
8835	0.075967
8051	0.075960
3630	0.075948
11216	0.075911
4024	0.075844
2076	0.075795
12545	0.075626
2586	0.075422
10597	0.075328
9500	0.075190
6452	0.075176
10023	0.075126
5249	0.075104
13449	0.075096
13685	0.075004
13684	0.075004
13683	0.075004
13565	0.075004
13092	0.074904
11014	0.074902
5682	0.074767
9501	0.074754
12658	0.074732
11116	0.074732
2795	0.074732
2794	0.074732
9169	0.074699
10863	0.074691
12402	0.074640
11413	0.074556
2800	0.074471
12801	0.074427
3796	0.074361
9721	0.074314
7948	0.074314
7778	0.074314
7618	0.074314
7113	0.074314
9487	0.074292
4832	0.074198
11193	0.074191
11192	0.074191
10862	0.074182
11221	0.074127
9915	0.074108
7331	0.074086
9898	0.074058
7332	0.074024
6365	0.074024
5490	0.074024
2552	0.073969
11553	0.073942
2560	0.073938
11265	0.073844
12117	0.073726
7345	0.073726
1399	0.073639
3976	0.073633
8763	0.073592
8761	0.073592
13708	0.073592
6222	0.073532
325	0.073467
9502	0.073400
1588	0.073331
10461	0.073291
6224	0.073281
3822	0.073268
4790	0.073212
13876	0.073191
8061	0.073191
5600	0.073182
5551	0.073179
9876	0.073134
7628	0.073134
7627	0.073134
13682	0.073116
13487	0.073116
13345	0.073116
3263	0.073092
2554	0.073055
2553	0.073043
7739	0.073010
12558	0.072997
3650	0.072992
5267	0.072915
9766	0.072913
9765	0.072913
9212	0.072910
5251	0.072896
4535	0.072882
11104	0.072863
5465	0.072850
12753	0.072785
10057	0.072766
2286	0.072745
12418	0.072692
4902	0.072691
12231	0.072619
4962	0.072603
12570	0.072524
7094	0.072464
1485	0.072462
3242	0.072383
12564	0.072269
12730	0.072230
10647	0.072108
6958	0.071997
5181	0.071972
6928	0.071968
3489	0.071922
13748	0.071873
14041	0.071613
2703	0.071552
419	0.071389
8543	0.071339
3965	0.071268
12657	0.071266
5695	0.071243
10603	0.071227
13938	0.071226
269	0.071104
614	0.071068
7553	0.071034
3208	0.071027
286	0.070971
2556	0.070962
13452	0.070952
10756	0.070945
9675	0.070874
11290	0.070800
1582	0.070729
770	0.070706
10359	0.070637
13653	0.070587
13555	0.070587
13316	0.070587
10602	0.070587
8617	0.070568
9182	0.070512
2701	0.070492
5906	0.070414
6671	0.070409
6085	0.070276
6223	0.070209
12536	0.070166
7485	0.070156
7484	0.070156
2377	0.070141
4295	0.070070
1462	0.070046
4698	0.069870
5601	0.069743
10835	0.069728
5260	0.069728
1337	0.069662
5605	0.069384
11534	0.069368
5888	0.069359
6266	0.069325
6268	0.069282
4224	0.069272
11011	0.069263
1878	0.069101
5129	0.069096
9181	0.069047
4116	0.068992
10234	0.068958
4793	0.068860
11542	0.068846
9039	0.068818
11529	0.068735
1190	0.068696
1193	0.068680
5326	0.068642
13716	0.068504
12547	0.068496
12597	0.068383
5398	0.068363
11218	0.068280
12535	0.068274
10450	0.068248
9598	0.068237
1621	0.068080
9229	0.067990
10528	0.067930
6001	0.067906
1822	0.067900
4425	0.067859
9652	0.067823
4735	0.067775
3555	0.067717
2724	0.067634
11476	0.067605
7709	0.067600
13808	0.067558
11315	0.067445
7095	0.067445
10318	0.067441
12782	0.067239
4393	0.067184
10844	0.067171
9820	0.067153
8735	0.067153
5308	0.066976
8141	0.066852
3182	0.066719
542	0.066697
12433	0.066651
3858	0.066528
2100	0.066462
13607	0.066445
9183	0.066321
3217	0.066246
12654	0.066184
1937	0.066166
7706	0.066083
703	0.065894
13083	0.065872
11208	0.065868
10840	0.065859
7329	0.065764
277	0.065763
13084	0.065735
9184	0.065735
9180	0.065735
7293	0.065735
7292	0.065735
7291	0.065735
5457	0.065643
11209	0.065631
6287	0.065611
9373	0.065562
6784	0.065547
1613	0.065519
1538	0.065513
34	0.065468
1936	0.065410
1336	0.065395
5112	0.065341
7926	0.065340
2475	0.065332
6121	0.065330
12538	0.065277
9587	0.065225
628	0.065102
3168	0.065084
6226	0.065023
10580	0.065008
5930	0.065008
11191	0.064986
6867	0.064763
7818	0.064748
8252	0.064622
8816	0.064532
8815	0.064532
8814	0.064532
8812	0.064532
8796	0.064532
8795	0.064532
8777	0.064532
7923	0.064532
3084	0.064453
4410	0.064388
13762	0.064331
9118	0.064310
2797	0.064267
3427	0.064264
11421	0.064228
11345	0.064228
11335	0.064228
10842	0.064228
8810	0.064225
3803	0.064200
2557	0.064171
6500	0.064139
8089	0.064064
10090	0.063996
11213	0.063961
7330	0.063917
11007	0.063915
3085	0.063900
2466	0.063896
8703	0.063889
2027	0.063809
11133	0.063784
12640	0.063688
1829	0.063685
10001	0.063658
11454	0.063559
11332	0.063523
10857	0.063515
11269	0.063289
6283	0.063273
13394	0.063082
9362	0.062694
9392	0.062670
1817	0.062657
2770	0.062648
5673	0.062591
10534	0.062587
13161	0.062555
10468	0.062534
199	0.062499
13160	0.062455
12410	0.062395
6326	0.062365
12529	0.062317
11226	0.062304
1892	0.062208
3888	0.062194
12109	0.062175
5948	0.062175
10604	0.062170
8557	0.062168
8555	0.062168
8547	0.062168
11539	0.062128
10733	0.062104
3867	0.062093
8700	0.061959
13609	0.061953
7289	0.061876
11982	0.061812
5414	0.061812
5412	0.061812
4292	0.061801
2869	0.061757
7726	0.061662
10416	0.061591
3156	0.061573
11470	0.061564
3801	0.061561
5674	0.061295
13588	0.061181
10042	0.061155
10499	0.061106
13423	0.061004
11255	0.060948
13302	0.060901
12508	0.060857
2561	0.060829
9329	0.060807
12542	0.060805
5707	0.060795
8390	0.060760
7676	0.060753
8593	0.060744
12548	0.060724
7453	0.060715
11323	0.060683
7662	0.060651
10941	0.060648
10843	0.060508
6861	0.060501
11530	0.060464
8336	0.060446
6382	0.060438
12516	0.060396
6422	0.060379
2817	0.060356
1286	0.060338
820	0.060301
8718	0.060259
7234	0.060173
4213	0.060159
2706	0.060115
11463	0.060067
11086	0.060036
12590	0.059981
3838	0.059903
9906	0.059886
4645	0.059865
10600	0.059844
11179	0.059780
4143	0.059701
14097	0.059696
11518	0.059653
4051	0.059633
5413	0.059613
11337	0.059585
8430	0.059548
6482	0.059373
1607	0.059371
10415	0.059310
9676	0.059281
2802	0.059089
12602	0.059010
205	0.058999
203	0.058999
2798	0.058956
8116	0.058905
14221	0.058878
5324	0.058827
6908	0.058819
10923	0.058768
1600	0.058686
1595	0.058686
1590	0.058686
9179	0.058672
10640	0.058647
4507	0.058638
7815	0.058585
7397	0.058498
3039	0.058450
13277	0.058397
4532	0.058359
6002	0.058279
11556	0.058278
3760	0.058265
5667	0.058257
6462	0.058244
7341	0.058105
5264	0.058086
5961	0.058061
8697	0.057932
9322	0.057928
1022	0.057927
8531	0.057904
695	0.057854
12262	0.057838
12424	0.057810
12698	0.057791
11124	0.057756
3664	0.057744
7534	0.057574
11576	0.057563
9961	0.057521
2546	0.057495
2479	0.057469
14061	0.057449
8314	0.057449
3716	0.057429
1680	0.057422
10497	0.057407
7165	0.057382
6162	0.057346
12720	0.057344
7666	0.057344
4763	0.057341
3277	0.057298
11301	0.057251
1593	0.057208
7819	0.057078
10543	0.057039
5213	0.056979
12335	0.056870
3656	0.056816
4332	0.056717
10541	0.056637
5991	0.056349
11186	0.056279
9944	0.056195
1647	0.056172
9857	0.055989
5532	0.055910
7555	0.055876
4078	0.055871
10463	0.055851
13606	0.055822
11520	0.055808
8762	0.055802
12400	0.055798
11586	0.055798
10649	0.055773
11169	0.055722
2101	0.055720
6758	0.055708
13686	0.055704
13670	0.055704
4049	0.055692
10048	0.055570
1463	0.055562
14315	0.055555
8328	0.055549
7093	0.055513
9082	0.055499
2998	0.055414
5670	0.055358
13620	0.055336
9442	0.055332
11034	0.055299
12708	0.055264
11574	0.055249
11429	0.055238
11324	0.055238
8217	0.055238
7578	0.055238
8441	0.055211
8440	0.055211
6816	0.055190
12515	0.055181
2094	0.055155
10143	0.055085
10609	0.055079
4329	0.054985
11681	0.054940
11166	0.054926
11199	0.054925
8239	0.054913
10492	0.054880
6698	0.054876
11543	0.054850
7530	0.054710
1612	0.054700
3743	0.054648
9485	0.054625
7482	0.054546
10618	0.054504
4439	0.054436
11584	0.054435
2474	0.054430
12725	0.054360
12694	0.054276
5496	0.054276
8284	0.054257
12578	0.054195
3312	0.054185
8238	0.054100
8080	0.054027
2544	0.054025
5749	0.054003
10166	0.053992
12812	0.053937
8253	0.053925
8017	0.053901
8373	0.053893
8240	0.053893
11501	0.053868
5658	0.053795
12557	0.053760
11053	0.053749
6320	0.053708
9264	0.053701
3059	0.053620
14349	0.053588
14344	0.053588
14316	0.053588
14309	0.053588
14306	0.053588
14260	0.053588
14240	0.053588
14216	0.053588
14168	0.053588
12380	0.053574
13798	0.053558
7306	0.053540
2790	0.053491
4879	0.053442
1201	0.053438
12716	0.053387
11755	0.053312
5227	0.053288
6655	0.053277
6946	0.053238
11759	0.053234
13122	0.053198
11491	0.053164
10554	0.053140
4894	0.053122
6334	0.053119
2472	0.053106
12626	0.053097
8696	0.053067
7337	0.053035
11830	0.052991
4639	0.052991
4635	0.052991
4634	0.052991
3082	0.052991
11176	0.052975
11465	0.052971
11922	0.052926
9170	0.052887
2008	0.052857
9266	0.052811
11536	0.052687
11477	0.052668
4744	0.052642
12389	0.052587
7814	0.052524
6558	0.052522
2417	0.052504
8362	0.052485
7610	0.052373
12567	0.052365
2899	0.052317
2406	0.052245
3341	0.052235
10441	0.052224
5495	0.052136
4945	0.052131
420	0.052130
5752	0.052112
10836	0.052109
5753	0.052076
4384	0.052068
4791	0.052007
9728	0.051894
3764	0.051887
10069	0.051867
5250	0.051816
10153	0.051780
9680	0.051748
7308	0.051748
7265	0.051748
5494	0.051748
1164	0.051711
3504	0.051676
1568	0.051668
5256	0.051632
7166	0.051579
8324	0.051550
12537	0.051547
882	0.051543
7716	0.051482
7229	0.051467
961	0.051453
10851	0.051418
3163	0.051398
13363	0.051372
5558	0.051372
13912	0.051371
1633	0.051370
1626	0.051358
7529	0.051340
10319	0.051326
7992	0.051321
2780	0.051289
11551	0.051259
4723	0.051232
10632	0.051222
12543	0.051221
6938	0.051192
13333	0.051187
9002	0.051167
10856	0.051160
3224	0.051160
12559	0.051159
606	0.051092
5613	0.051083
319	0.051074
14108	0.051036
4745	0.051036
1039	0.051034
4259	0.051007
11148	0.050990
9331	0.050952
3210	0.050941
10782	0.050897
5109	0.050882
13165	0.050867
7137	0.050847
13567	0.050822
5731	0.050822
5730	0.050822
5726	0.050822
5723	0.050822
5722	0.050822
5721	0.050822
5681	0.050822
3689	0.050806
1669	0.050805
7206	0.050730
4190	0.050714
1545	0.050696
9920	0.050658
11056	0.050646
1976	0.050641
6062	0.050598
10475	0.050590
4859	0.050520
9885	0.050507
9851	0.050507
8828	0.050507
8826	0.050507
8825	0.050507
8811	0.050507
7781	0.050507
3605	0.050473
4685	0.050471
5664	0.050431
2672	0.050421
8701	0.050408
8500	0.050405
6586	0.050402
4857	0.050379
8472	0.050376
7943	0.050376
6483	0.050358
10793	0.050319
8724	0.050298
8723	0.050298
8722	0.050298
8721	0.050298
8720	0.050298
8719	0.050298
8702	0.050298
8698	0.050298
8695	0.050298
8694	0.050298
8693	0.050298
8692	0.050298
8691	0.050298
8690	0.050298
8689	0.050298
8688	0.050298
8687	0.050298
8686	0.050298
8685	0.050298
8684	0.050298
8683	0.050298
8682	0.050298
8681	0.050298
8680	0.050298
8649	0.050298
8648	0.050298
8647	0.050298
8646	0.050298
8645	0.050298
8644	0.050298
8643	0.050298
8642	0.050298
8640	0.050298
8554	0.050298
7577	0.050298
11128	0.050285
7176	0.050265
10127	0.050253
4536	0.050215
3835	0.050185
6286	0.050153
10349	0.050153
4445	0.050146
5692	0.050100
383	0.050097
1886	0.050069
853	0.050058
8699	0.050048
3333	0.050038
8357	0.050029
7161	0.049990
