3680	0.181350
10410	0.169733
11389	0.168712
3669	0.168572
5176	0.168427
10411	0.168167
3646	0.163911
5728	0.163384
13550	0.163264
6582	0.163051
4330	0.162569
7492	0.162550
9330	0.162512
6584	0.162506
6581	0.162506
7631	0.162045
5550	0.161469
9295	0.161394
6534	0.160022
5602	0.159682
13652	0.159434
5682	0.159322
1358	0.159317
2033	0.159314
5666	0.159039
11413	0.158693
1427	0.158670
2555	0.158619
2551	0.158604
4024	0.158533
7220	0.158524
7332	0.158199
6365	0.158199
2559	0.158195
11221	0.158175
2552	0.158172
7331	0.158139
9487	0.158116
9898	0.158112
2560	0.158027
9500	0.158019
3976	0.157987
2558	0.157940
12544	0.157911
13708	0.157841
1588	0.157757
5600	0.157708
5551	0.157670
6222	0.157633
12736	0.157601
6224	0.157555
13876	0.157409
8061	0.157409
2554	0.157370
2929	0.157340
7959	0.157326
2567	0.157247
9502	0.157192
2553	0.157166
7077	0.157123
5267	0.157004
2927	0.156914
5251	0.156734
12231	0.156728
9501	0.156154
7809	0.156121
10057	0.156055
14041	0.155810
2703	0.155240
4902	0.154963
1582	0.154914
7739	0.154701
4731	0.154477
4675	0.154477
6085	0.154290
9182	0.154207
2556	0.153920
9187	0.153860
3965	0.153834
13452	0.153670
4698	0.153567
13653	0.153503
13555	0.153503
13316	0.153503
10602	0.153503
2076	0.153207
6268	0.153180
5155	0.153157
8763	0.152757
8761	0.152757
5858	0.152734
11265	0.152387
6223	0.152107
13938	0.152092
7329	0.152022
5605	0.152021
6226	0.151820
9830	0.151773
4793	0.151533
1779	0.151203
5603	0.150940
13092	0.150869
3230	0.150729
12433	0.150248
10603	0.150034
12117	0.149986
7345	0.149986
1485	0.149805
6958	0.149666
2100	0.149658
13305	0.149507
9373	0.149426
1822	0.149352
2557	0.149300
5174	0.149289
13405	0.149278
13624	0.149065
13623	0.149065
3232	0.149021
12312	0.148962
9675	0.148635
4410	0.148535
13808	0.148202
1399	0.148172
9718	0.147963
5906	0.147546
7485	0.147459
7484	0.147459
5308	0.147149
2434	0.147112
10461	0.147051
3229	0.147012
11648	0.146608
325	0.146590
9181	0.146356
13529	0.146270
5465	0.146072
6452	0.145699
7726	0.145671
4735	0.145666
3555	0.144664
4425	0.144314
10583	0.144245
9811	0.143697
9739	0.143612
12383	0.143528
13504	0.143492
4452	0.143478
13491	0.143477
10315	0.143234
10314	0.143128
5601	0.143004
4224	0.142993
7706	0.142492
9329	0.142000
2706	0.141366
2566	0.141107
11507	0.140568
6928	0.140035
4679	0.139602
9676	0.139395
6462	0.139188
1655	0.138707
12751	0.138232
3191	0.138228
3732	0.137244
6287	0.137131
9616	0.135937
12382	0.135802
5734	0.135490
7223	0.135290
14107	0.134631
14148	0.134495
3091	0.134484
3089	0.134484
3088	0.134484
14147	0.134476
3090	0.134476
14146	0.134013
5991	0.133634
2869	0.133545
3662	0.133319
6382	0.133224
10359	0.133106
9906	0.133073
9183	0.132552
13083	0.132299
3231	0.132256
13084	0.132092
9184	0.132092
9180	0.132092
7293	0.132092
7292	0.132092
7291	0.132092
10835	0.131916
5260	0.131916
13807	0.131912
12564	0.131858
1462	0.131833
3675	0.130758
6422	0.130443
1336	0.130116
4790	0.129845
9876	0.129808
7628	0.129808
7627	0.129808
5665	0.128920
4332	0.128701
11104	0.128446
4507	0.126910
3954	0.126438
9118	0.126234
11454	0.126024
5181	0.125553
11490	0.125419
11269	0.125114
13161	0.124861
13160	0.124825
4962	0.124726
10435	0.124516
14315	0.124311
12547	0.123966
14069	0.123184
1612	0.122787
2561	0.122765
10618	0.122758
5264	0.122720
10331	0.122667
8052	0.122583
3039	0.122395
9721	0.122252
7948	0.122252
7778	0.122252
7618	0.122252
7113	0.122252
3834	0.121890
5490	0.121819
13762	0.121673
13798	0.121120
13421	0.120969
6784	0.120660
11323	0.120343
4678	0.120317
10001	0.120009
12565	0.119527
5344	0.119446
13423	0.119163
3263	0.119131
8222	0.118555
4484	0.118429
8051	0.117604
10907	0.116865
2790	0.116606
458	0.116545
7217	0.116246
6476	0.116246
12719	0.115570
11935	0.115556
4499	0.115480
12753	0.115157
5266	0.115135
3156	0.114827
5941	0.114097
14083	0.113970
14070	0.113811
7330	0.113741
7716	0.113653
12380	0.113585
2008	0.113528
13912	0.113377
1647	0.112966
13748	0.112889
5276	0.112432
3469	0.112124
34	0.112015
3185	0.111929
459	0.111891
12763	0.111848
457	0.111803
3821	0.111301
11558	0.111045
7610	0.110995
5752	0.110852
5753	0.110831
2500	0.110787
7093	0.110342
5241	0.110195
4836	0.110092
12570	0.110037
14221	0.109341
4859	0.108916
10252	0.108686
10463	0.108532
11854	0.108345
420	0.107842
923	0.107387
11325	0.106951
3213	0.106596
5256	0.106195
9597	0.105682
9355	0.105682
6748	0.105682
8618	0.105405
13607	0.105363
4713	0.105074
699	0.104503
1847	0.104174
11166	0.103707
8390	0.103538
4329	0.103525
10597	0.103417
11216	0.103353
4320	0.103344
11386	0.103309
8377	0.103291
4919	0.103188
5716	0.103154
10672	0.103069
5324	0.102933
5249	0.102929
7078	0.102891
245	0.102822
3168	0.102819
8272	0.101808
1337	0.101666
3414	0.101564
4791	0.101152
13644	0.101107
7152	0.101047
6910	0.101027
11429	0.100652
11324	0.100652
11034	0.100631
9680	0.100601
7308	0.100601
7265	0.100601
5494	0.100601
1937	0.100138
5153	0.099764
7963	0.099586
3182	0.099516
11501	0.099436
6643	0.099205
1936	0.099033
4078	0.098870
2437	0.098815
7341	0.098716
8337	0.098588
11419	0.098184
3716	0.098038
3178	0.097948
9097	0.097712
9096	0.097712
2296	0.097636
11132	0.097319
13460	0.097254
4190	0.097183
8926	0.097060
1555	0.096924
1397	0.096905
10756	0.096894
6715	0.096820
8703	0.096683
5667	0.096270
6671	0.096210
3953	0.095987
8718	0.095628
12755	0.095245
11500	0.095172
7415	0.094968
6086	0.094573
12628	0.094129
11532	0.094058
10919	0.093988
11169	0.093795
6326	0.093665
13398	0.093327
12543	0.092868
8929	0.092536
9229	0.092345
4561	0.092184
13486	0.092177
13317	0.092094
1193	0.091248
13830	0.091061
11553	0.090657
12561	0.090641
2173	0.090459
269	0.090429
3678	0.090153
3673	0.090153
13538	0.089666
14178	0.089516
7935	0.089516
11681	0.089501
2466	0.089421
4350	0.089419
6745	0.089158
8114	0.088774
5213	0.088730
10017	0.088684
7065	0.088619
7807	0.088172
11528	0.088070
9233	0.087828
2724	0.087816
3858	0.087671
1507	0.087409
8886	0.086917
11920	0.086728
3927	0.086728
3868	0.086728
5554	0.086636
10497	0.086521
3955	0.086480
11759	0.086457
6449	0.086345
9766	0.086250
9765	0.086250
11755	0.086178
8700	0.085974
3784	0.085962
2749	0.085951
1696	0.085718
10876	0.085637
11011	0.085568
13588	0.085298
628	0.085145
6836	0.085098
199	0.085043
8617	0.085021
9579	0.085018
12720	0.085004
7666	0.085004
3650	0.084546
3277	0.084522
2707	0.084334
9767	0.084080
11939	0.084002
13294	0.083988
11529	0.083905
9587	0.083855
10023	0.083786
12507	0.083686
4896	0.083458
12730	0.083391
12630	0.083367
686	0.083261
13302	0.083259
6110	0.083129
4763	0.083090
1878	0.083038
3857	0.083003
9696	0.082903
10640	0.082481
3929	0.082187
3928	0.082187
7229	0.082145
3363	0.082077
2925	0.081976
5558	0.081949
2701	0.081894
776	0.081618
7397	0.081586
6728	0.081567
6733	0.081444
11919	0.081082
5675	0.081057
13404	0.080911
8105	0.080788
4748	0.080730
11218	0.080596
10733	0.080320
9331	0.080232
3208	0.080099
2546	0.080055
3637	0.079988
4832	0.079982
4016	0.079961
10235	0.079879
8348	0.079769
10119	0.079681
1680	0.079657
3240	0.079604
4051	0.079585
10468	0.079569
12707	0.079457
9904	0.079398
3248	0.079249
11255	0.079212
11086	0.079206
961	0.079197
11053	0.079184
4415	0.079022
11918	0.078910
6002	0.078822
8810	0.078774
573	0.078589
7010	0.078368
5483	0.078320
4411	0.078238
4393	0.078195
5905	0.078063
12410	0.077859
11530	0.077801
11213	0.077765
6283	0.077722
3599	0.077704
3801	0.077588
11520	0.077510
10318	0.077507
11148	0.077474
11179	0.077324
11299	0.077323
3242	0.077274
10541	0.077235
8300	0.077078
205	0.077069
203	0.077069
7864	0.077048
7012	0.076874
9609	0.076588
9580	0.076588
13721	0.076528
13709	0.076528
12590	0.076510
5353	0.076479
1963	0.076407
10607	0.076366
9485	0.076311
10844	0.076309
1817	0.076225
10563	0.076219
7947	0.076200
13246	0.076148
5165	0.076142
7543	0.076007
9362	0.075990
6031	0.075847
6030	0.075847
5992	0.075847
13277	0.075811
8835	0.075703
5167	0.075558
9835	0.075470
6208	0.075397
1891	0.075273
12501	0.075267
13361	0.075236
4293	0.075179
12535	0.075166
11982	0.075116
5414	0.075116
5412	0.075116
14093	0.075088
13153	0.075045
10171	0.075045
10170	0.075045
11542	0.074887
9377	0.074824
10626	0.074788
12806	0.074666
10862	0.074552
2966	0.074364
12186	0.074294
10863	0.074234
5413	0.073851
5129	0.073847
10142	0.073829
11256	0.073782
8833	0.073768
11193	0.073758
11192	0.073758
9005	0.073670
9002	0.073459
7818	0.073342
7234	0.073340
11511	0.073256
7011	0.073044
11014	0.073033
8346	0.072919
8345	0.072919
286	0.072819
11555	0.072772
4792	0.072542
5851	0.072538
14232	0.072504
4435	0.072504
10052	0.072417
975	0.072325
2475	0.072314
13363	0.072306
5148	0.072265
7056	0.072252
4217	0.072227
4752	0.071908
12536	0.071741
5346	0.071689
12096	0.071394
12317	0.071303
10127	0.071215
9179	0.071214
5718	0.071202
10632	0.070993
13146	0.070861
8141	0.070834
12538	0.070802
8128	0.070788
9878	0.070561
3234	0.070316
703	0.070284
10453	0.070271
5044	0.069896
12280	0.069886
1041	0.069824
10813	0.069811
4717	0.069786
11810	0.069590
8324	0.069582
2573	0.069555
11422	0.069552
4945	0.069430
7079	0.069271
13567	0.069141
5731	0.069141
5730	0.069141
5726	0.069141
5723	0.069141
5722	0.069141
5721	0.069141
5681	0.069141
6955	0.069088
10166	0.069073
10941	0.069058
10604	0.068923
3235	0.068875
13685	0.068861
13684	0.068861
13683	0.068861
13565	0.068861
11583	0.068748
210	0.068746
7074	0.068581
7050	0.068568
12372	0.068540
10452	0.068466
6956	0.068353
5398	0.068287
8697	0.068261
8889	0.068249
696	0.068091
4569	0.068065
5580	0.068055
7337	0.068046
6704	0.068011
4879	0.067891
7233	0.067841
6001	0.067837
3630	0.067795
1642	0.067722
6938	0.067597
9253	0.067540
10647	0.067387
10475	0.067371
12698	0.067345
819	0.067295
12558	0.067284
11471	0.067249
14061	0.067106
5227	0.067103
9006	0.067103
9004	0.067103
9003	0.067103
9001	0.067103
9000	0.067103
8999	0.067103
8941	0.067103
4840	0.066859
8441	0.066745
8440	0.066745
12642	0.066726
3341	0.066709
8116	0.066655
3409	0.066654
11649	0.066611
10416	0.066497
6698	0.066412
7049	0.066296
10537	0.066276
1613	0.066249
8593	0.066164
11667	0.066096
2540	0.066066
13449	0.066059
11236	0.066052
8998	0.066039
11290	0.065936
9564	0.065852
3566	0.065852
10415	0.065704
8284	0.065605
12516	0.065603
4761	0.065429
10325	0.065321
10580	0.065075
5930	0.065075
6624	0.064977
10205	0.064926
2101	0.064891
5888	0.064609
7950	0.064584
7553	0.064411
10554	0.064361
6996	0.064358
10842	0.064337
11421	0.064337
11345	0.064337
11335	0.064337
9370	0.064290
10090	0.064281
10650	0.064247
13498	0.064228
8089	0.064182
2094	0.064165
7453	0.064164
7676	0.064124
10782	0.064090
1332	0.064080
3489	0.064044
31	0.064041
5695	0.064012
5520	0.063908
13497	0.063852
11543	0.063813
8301	0.063756
3822	0.063729
2372	0.063668
8816	0.063609
8815	0.063609
8814	0.063609
8812	0.063609
8796	0.063609
8795	0.063609
8777	0.063609
7923	0.063609
1538	0.063479
8959	0.063433
1829	0.063416
3220	0.063269
7482	0.063194
1039	0.063110
6334	0.063092
6923	0.062992
4721	0.062975
3867	0.062934
2817	0.062842
8960	0.062720
13606	0.062684
9222	0.062670
4116	0.062512
8217	0.062495
7578	0.062495
13399	0.062473
5860	0.062471
8827	0.062446
5630	0.062370
8696	0.062294
13325	0.062190
3835	0.062143
3676	0.062118
3632	0.062112
11460	0.062051
11288	0.062051
10450	0.061992
6861	0.061974
6121	0.061945
9920	0.061876
11508	0.061839
3085	0.061779
9885	0.061775
9851	0.061775
8828	0.061775
8826	0.061775
8825	0.061775
8811	0.061775
7781	0.061775
1882	0.061753
10431	0.061750
2286	0.061722
6586	0.061659
820	0.061371
8238	0.061370
2479	0.061358
220	0.061346
8087	0.061188
8362	0.061165
7814	0.061143
8314	0.061102
8472	0.061093
656	0.061093
8476	0.061052
7160	0.061035
8080	0.060981
2499	0.060802
8373	0.060787
8240	0.060787
702	0.060778
8336	0.060716
8489	0.060638
6995	0.060620
4685	0.060597
8500	0.060581
4038	0.060557
8701	0.060523
5214	0.060499
6483	0.060473
698	0.060459
13904	0.060432
8724	0.060427
8723	0.060427
8722	0.060427
8721	0.060427
8720	0.060427
8719	0.060427
8702	0.060427
8698	0.060427
8695	0.060427
8694	0.060427
8693	0.060427
8692	0.060427
8691	0.060427
8690	0.060427
8689	0.060427
8688	0.060427
8687	0.060427
8686	0.060427
8685	0.060427
8684	0.060427
8683	0.060427
8682	0.060427
8681	0.060427
8680	0.060427
8649	0.060427
8648	0.060427
8647	0.060427
8646	0.060427
8645	0.060427
8644	0.060427
8643	0.060427
8642	0.060427
8640	0.060427
8554	0.060427
7577	0.060427
12559	0.060421
10368	0.060287
3224	0.060279
12812	0.060275
7206	0.060238
7709	0.060174
12247	0.060173
4114	0.060168
40	0.060117
12039	0.060107
4259	0.060042
6572	0.060037
249	0.060033
2519	0.060026
5532	0.059958
4445	0.059889
11634	0.059737
7095	0.059736
9392	0.059716
8699	0.059634
1886	0.059601
8385	0.059441
9820	0.059357
8735	0.059357
2672	0.059340
8192	0.059228
1880	0.059155
9601	0.059074
12829	0.059039
4439	0.058993
770	0.058964
9823	0.058936
10492	0.058754
8612	0.058714
11534	0.058708
985	0.058656
315	0.058626
4708	0.058596
3773	0.058594
760	0.058575
3254	0.058571
1188	0.058570
2474	0.058557
2889	0.058264
6328	0.058208
8252	0.058203
5131	0.058179
9694	0.058172
7530	0.058130
1022	0.058096
1581	0.058027
9498	0.057889
10153	0.057880
11922	0.057880
8239	0.057798
6816	0.057651
14097	0.057612
1593	0.057487
8557	0.057474
8555	0.057474
8547	0.057474
17	0.057385
1203	0.057382
3211	0.057368
8747	0.057345
8725	0.057345
5489	0.057278
4500	0.057258
3465	0.057125
5025	0.057095
2406	0.057074
3061	0.057057
4292	0.057053
5736	0.057027
6162	0.056977
5604	0.056883
1892	0.056877
11081	0.056837
6737	0.056820
8259	0.056814
9806	0.056791
9805	0.056791
9802	0.056791
9801	0.056791
6320	0.056768
10096	0.056706
7515	0.056706
11552	0.056680
7172	0.056680
8430	0.056669
1568	0.056668
11337	0.056635
7317	0.056567
7316	0.056567
7174	0.056567
6338	0.056567
12537	0.056558
13598	0.056530
4049	0.056504
5240	0.056382
8304	0.056375
5844	0.056324
6556	0.056238
6555	0.056238
4769	0.056233
3549	0.056141
12262	0.056089
5887	0.056076
11839	0.056073
9652	0.056062
6482	0.056018
5377	0.056010
7979	0.056004
419	0.055937
206	0.055910
3987	0.055903
2586	0.055886
3879	0.055862
5749	0.055854
6945	0.055848
13753	0.055776
9722	0.055769
6976	0.055731
5237	0.055684
246	0.055643
10649	0.055631
250	0.055628
5192	0.055609
1604	0.055574
13326	0.055511
7364	0.055427
1190	0.055413
9039	0.055407
10042	0.055341
7509	0.055333
7304	0.055333
9169	0.055257
12548	0.055199
4898	0.055172
5186	0.055135
12797	0.055128
277	0.055115
7305	0.054913
7303	0.054913
14151	0.054909
12279	0.054891
11825	0.054891
