6047	0.252562
6046	0.149884
6323	0.120702
78	0.120583
7014	0.120465
8250	0.120429
6325	0.115774
13225	0.114374
4324	0.109943
3009	0.109868
3010	0.109274
6453	0.108916
3012	0.108689
805	0.107346
3014	0.104565
9839	0.095038
11634	0.093674
1885	0.093406
1884	0.093406
1883	0.093406
2737	0.092094
1882	0.092062
4457	0.091398
5322	0.090304
11923	0.089844
12493	0.089734
6271	0.089371
6291	0.089262
4721	0.088769
948	0.088604
12374	0.088398
5869	0.088352
13497	0.088262
13498	0.088007
11804	0.087339
4068	0.087227
1141	0.086765
5413	0.086668
2371	0.086041
2914	0.085927
854	0.085356
803	0.083179
5262	0.082997
5868	0.082969
5321	0.082517
11019	0.081634
11635	0.081481
12707	0.081378
2320	0.081370
7166	0.081314
13716	0.081308
10658	0.081199
3237	0.080129
10657	0.079552
9135	0.078957
8067	0.078315
5352	0.078053
11007	0.077286
10186	0.077151
10130	0.076341
11982	0.076314
5414	0.076314
5412	0.076314
6118	0.075762
8010	0.075566
9711	0.075165
9708	0.075165
9707	0.075165
9705	0.075165
9703	0.075165
9699	0.075060
4722	0.074884
4833	0.074797
10441	0.074553
11178	0.074499
11556	0.073563
3313	0.073394
13041	0.073255
6119	0.073255
9710	0.072894
7650	0.072766
7096	0.072766
1369	0.072007
9237	0.071953
808	0.071919
11091	0.071674
9840	0.070917
2445	0.070898
8460	0.070676
12462	0.070556
10685	0.070556
10542	0.070339
3539	0.070325
9870	0.070191
2817	0.070003
1039	0.069731
7072	0.069659
4633	0.069461
1906	0.069456
7073	0.069069
1507	0.068795
11463	0.068753
6366	0.068556
11964	0.068534
10432	0.068331
11725	0.068279
9462	0.068222
2594	0.067435
7207	0.067289
13622	0.067260
2947	0.067225
3303	0.067202
2315	0.067181
9689	0.066960
10885	0.066934
12098	0.066637
3958	0.066637
5719	0.066560
11419	0.066545
2529	0.066507
3959	0.066415
11858	0.066334
9439	0.066269
10884	0.066239
7101	0.066199
3163	0.066166
9706	0.066137
11534	0.066068
8622	0.066066
2411	0.065981
5350	0.065881
9704	0.065857
10048	0.065817
13838	0.065793
11637	0.065630
4935	0.065627
6730	0.065397
8609	0.065306
12637	0.065052
1572	0.064966
12621	0.064948
6415	0.064797
12496	0.064527
9713	0.064199
9438	0.064108
3441	0.064071
2639	0.064019
5514	0.063942
3142	0.063897
11539	0.063741
743	0.063599
12734	0.063507
3764	0.063418
12252	0.063370
2809	0.063337
13694	0.063327
570	0.063119
5649	0.063092
3404	0.062939
11626	0.062864
1608	0.062803
2513	0.062782
63	0.062769
10389	0.062615
14238	0.062487
14175	0.062487
14044	0.062487
1209	0.062482
14045	0.062337
13500	0.061972
12063	0.061958
12636	0.061750
677	0.061728
3678	0.061725
3673	0.061725
6326	0.061633
2770	0.061586
2950	0.061581
2447	0.061571
10005	0.061522
12807	0.061514
9136	0.061508
514	0.061471
3699	0.061446
5913	0.061413
11643	0.061404
12525	0.061392
5116	0.061078
2542	0.061035
3023	0.060975
2515	0.060972
14407	0.060949
2773	0.060819
10642	0.060802
9831	0.060762
3451	0.060758
3205	0.060616
2240	0.060616
9702	0.060594
13688	0.060584
3557	0.060520
13087	0.060511
4305	0.060509
4947	0.060420
11510	0.060349
7094	0.060313
3057	0.060269
6155	0.060256
10927	0.060249
12400	0.060225
11586	0.060225
1816	0.060150
4188	0.059864
12574	0.059803
3037	0.059799
7714	0.059790
10556	0.059715
1842	0.059584
3429	0.059577
13626	0.059546
13425	0.059546
12747	0.059535
12794	0.059518
12757	0.059426
3011	0.059408
3861	0.059317
3672	0.059306
9218	0.059292
2380	0.059119
5697	0.059096
398	0.059060
10069	0.058988
13820	0.058975
13609	0.058954
10609	0.058954
2526	0.058927
2511	0.058893
10483	0.058874
5512	0.058866
7202	0.058784
9700	0.058779
10834	0.058748
6234	0.058745
10256	0.058618
2013	0.058568
4530	0.058542
5764	0.058541
6737	0.058400
12880	0.058222
3260	0.058212
11334	0.058193
3363	0.058132
10376	0.058067
10852	0.058055
12792	0.058018
8336	0.058007
10511	0.057997
7757	0.057994
11145	0.057964
7686	0.057792
12148	0.057763
7411	0.057763
1828	0.057760
5937	0.057729
7752	0.057682
5623	0.057677
5188	0.057668
11477	0.057642
10554	0.057600
14111	0.057539
14080	0.057539
9958	0.057516
14128	0.057512
2486	0.057507
2772	0.057487
2595	0.057239
1506	0.057175
3631	0.057077
5650	0.057067
14250	0.057017
10558	0.057017
10555	0.057017
6968	0.057017
8042	0.056987
9779	0.056934
4787	0.056905
6663	0.056895
4354	0.056872
13600	0.056815
12315	0.056801
12175	0.056713
11798	0.056693
12791	0.056690
12788	0.056690
10648	0.056672
10538	0.056606
2625	0.056579
4109	0.056513
604	0.056496
2114	0.056495
12787	0.056476
8359	0.056397
8358	0.056397
12613	0.056387
11132	0.056331
14249	0.056240
5040	0.056143
13396	0.056031
13338	0.056031
7240	0.056001
10801	0.055956
5608	0.055945
10921	0.055864
6723	0.055848
6722	0.055848
1656	0.055835
855	0.055741
2283	0.055729
14415	0.055605
9277	0.055605
3604	0.055489
5418	0.055424
5765	0.055332
13795	0.055316
10713	0.055311
7342	0.055225
7203	0.055208
6866	0.055125
5039	0.055119
3787	0.055081
227	0.055079
4786	0.055022
11568	0.055015
2521	0.055001
7584	0.054994
7239	0.054971
4581	0.054937
5651	0.054916
12799	0.054914
2985	0.054861
4235	0.054837
418	0.054822
6138	0.054786
12628	0.054722
5957	0.054708
5743	0.054647
12795	0.054594
7306	0.054535
3918	0.054380
1089	0.054354
5420	0.054350
11237	0.054349
4349	0.054185
7343	0.054176
6426	0.054171
3837	0.054129
13462	0.054119
5513	0.054020
5766	0.054012
6252	0.053998
3741	0.053984
5733	0.053983
3654	0.053875
1859	0.053821
12145	0.053776
10515	0.053776
5956	0.053776
494	0.053719
7224	0.053714
6574	0.053714
5527	0.053714
11211	0.053708
12666	0.053706
991	0.053679
7926	0.053609
13095	0.053512
6969	0.053512
12431	0.053443
9520	0.053252
6700	0.053242
11576	0.053233
12262	0.053215
10033	0.053211
11161	0.053130
4476	0.053129
5208	0.053089
3552	0.053032
10841	0.052919
1889	0.052820
3908	0.052747
12595	0.052688
10836	0.052647
4304	0.052646
4302	0.052646
11999	0.052642
10926	0.052615
11564	0.052611
11447	0.052585
2159	0.052571
12923	0.052568
9491	0.052568
2325	0.052568
2324	0.052568
6527	0.052562
6614	0.052542
490	0.052511
12704	0.052470
11691	0.052469
10264	0.052462
11350	0.052438
10031	0.052429
12348	0.052401
151	0.052373
12549	0.052368
13519	0.052328
2602	0.052297
10198	0.052292
3342	0.052186
2453	0.052182
13608	0.052175
13409	0.052175
13408	0.052175
11607	0.052173
1140	0.052122
4522	0.052110
12500	0.052106
9682	0.052101
6564	0.052079
11515	0.052074
10557	0.052072
4842	0.052068
6482	0.052038
12426	0.052036
4531	0.052027
10383	0.051989
5446	0.051964
12626	0.051960
4659	0.051939
3152	0.051912
1897	0.051912
2621	0.051883
1673	0.051836
3748	0.051831
5447	0.051776
4296	0.051657
247	0.051647
6871	0.051637
6710	0.051637
705	0.051631
11218	0.051575
11202	0.051568
12055	0.051543
10979	0.051530
9466	0.051500
11675	0.051328
6124	0.051324
2964	0.051320
2642	0.051273
12624	0.051209
4549	0.051207
10920	0.051202
13560	0.051197
74	0.051192
10833	0.051190
4461	0.051120
3851	0.051113
12509	0.051088
6824	0.051072
12896	0.051035
4513	0.051035
12530	0.051025
12566	0.051014
2871	0.050974
11322	0.050937
4348	0.050930
10523	0.050882
2634	0.050838
5579	0.050836
6294	0.050818
5289	0.050755
11795	0.050677
9094	0.050558
9093	0.050558
9092	0.050558
9065	0.050558
11173	0.050531
13121	0.050515
4789	0.050515
4788	0.050515
11507	0.050491
11415	0.050407
13685	0.050400
13684	0.050400
13683	0.050400
13565	0.050400
852	0.050395
6649	0.050367
6647	0.050367
6646	0.050367
5610	0.050367
6485	0.050358
2514	0.050310
7267	0.050249
12701	0.050237
2020	0.050192
8947	0.050177
1093	0.050122
14091	0.050094
4660	0.050074
6300	0.050059
105	0.050054
11226	0.050034
10049	0.050010
5419	0.049991
12731	0.049943
9994	0.049937
3151	0.049922
4964	0.049911
2461	0.049866
7137	0.049825
7260	0.049774
9589	0.049740
155	0.049702
4948	0.049674
9960	0.049591
3418	0.049574
8001	0.049567
364	0.049545
9961	0.049526
319	0.049496
2452	0.049479
13765	0.049446
2234	0.049445
4032	0.049440
13111	0.049423
13109	0.049423
9959	0.049423
6538	0.049415
7530	0.049410
8656	0.049405
12367	0.049397
11565	0.049381
6114	0.049365
3957	0.049359
11073	0.049352
12633	0.049313
11766	0.049228
12715	0.049221
10125	0.049209
10637	0.049207
5421	0.049133
9539	0.049121
12571	0.049111
12811	0.049046
12810	0.049044
9909	0.048996
7942	0.048975
1741	0.048968
12131	0.048929
2641	0.048929
2640	0.048929
3630	0.048872
5177	0.048854
11811	0.048842
323	0.048831
3170	0.048806
231	0.048768
5648	0.048745
2958	0.048728
12710	0.048707
4295	0.048705
4655	0.048669
13522	0.048654
12573	0.048629
10113	0.048618
11077	0.048611
10514	0.048588
12712	0.048584
9709	0.048578
10105	0.048578
12551	0.048541
9398	0.048463
1418	0.048441
3789	0.048441
10949	0.048428
9399	0.048410
8353	0.048410
6728	0.048400
11509	0.048381
5041	0.048345
5770	0.048341
7659	0.048336
11455	0.048280
11426	0.048280
3428	0.048267
4875	0.048256
13627	0.048246
9936	0.048187
10531	0.048165
9937	0.048156
12378	0.048138
3633	0.048112
10350	0.048096
10430	0.048088
8901	0.048030
11175	0.047999
8930	0.047995
4536	0.047994
8297	0.047983
13146	0.047968
12136	0.047962
2820	0.047919
4460	0.047918
10288	0.047903
9950	0.047896
7165	0.047884
12612	0.047841
3086	0.047808
10391	0.047721
3173	0.047700
10475	0.047665
3189	0.047632
13483	0.047614
10037	0.047601
3207	0.047599
8387	0.047597
13839	0.047561
853	0.047521
1789	0.047498
12689	0.047462
3440	0.047448
12533	0.047426
12773	0.047375
13537	0.047374
10499	0.047369
13372	0.047356
2884	0.047295
10217	0.047273
10180	0.047273
10161	0.047273
2802	0.047257
14117	0.047253
4863	0.047250
10559	0.047250
12690	0.047240
5379	0.047214
10158	0.047208
5707	0.047178
1854	0.047165
10168	0.047163
10022	0.047163
8036	0.047163
3859	0.047149
5914	0.047138
12320	0.047099
7097	0.047099
12577	0.047073
12602	0.047015
10197	0.047004
13401	0.046929
10739	0.046912
10788	0.046912
10777	0.046912
10759	0.046912
5488	0.046837
12594	0.046837
8884	0.046815
5995	0.046802
9074	0.046782
10213	0.046752
9948	0.046691
5491	0.046679
6572	0.046665
9170	0.046652
75	0.046650
2783	0.046646
3984	0.046644
9989	0.046578
92	0.046530
2889	0.046518
3279	0.046453
271	0.046450
4613	0.046445
10127	0.046443
7356	0.046414
8444	0.046403
4131	0.046398
10226	0.046392
12944	0.046386
13594	0.046384
7506	0.046350
1898	0.046291
12686	0.046272
10131	0.046236
2052	0.046215
11739	0.046184
5596	0.046176
13675	0.046152
12442	0.046125
13099	0.046098
2363	0.046077
2237	0.046059
12437	0.046045
2522	0.045993
5422	0.045949
13103	0.045936
13102	0.045936
13101	0.045936
13100	0.045936
12321	0.045921
7098	0.045921
6098	0.045906
7258	0.045896
7759	0.045889
7357	0.045889
7355	0.045889
14214	0.045889
8043	0.045878
8045	0.045877
7082	0.045854
10449	0.045841
7036	0.045756
2894	0.045713
2260	0.045701
11542	0.045696
10646	0.045637
6184	0.045637
967	0.045621
12414	0.045621
11733	0.045608
13939	0.045568
3982	0.045553
12627	0.045501
11403	0.045500
6148	0.045500
10818	0.045497
10199	0.045484
6163	0.045478
13552	0.045443
13511	0.045443
13507	0.045443
5483	0.045407
4045	0.045393
6145	0.045369
12739	0.045360
12738	0.045360
12735	0.045360
5075	0.045360
2464	0.045351
10426	0.045319
10073	0.045311
3906	0.045302
10358	0.045295
13323	0.045250
6804	0.045246
3341	0.045244
3815	0.045231
8655	0.045172
12618	0.045153
13166	0.045143
6592	0.045142
723	0.045069
5907	0.045061
5761	0.045055
9938	0.045053
7551	0.045053
7550	0.045053
7539	0.045053
7538	0.045053
4238	0.045045
567	0.045043
248	0.045040
9944	0.045032
13718	0.045025
12745	0.045002
4834	0.044968
3786	0.044963
10530	0.044932
9484	0.044925
9483	0.044925
10552	0.044896
10452	0.044891
5671	0.044887
10665	0.044879
10011	0.044840
7700	0.044819
10211	0.044791
6278	0.044773
8959	0.044736
11122	0.044731
8173	0.044698
10428	0.044652
12832	0.044585
2593	0.044559
8329	0.044545
7762	0.044527
13558	0.044456
3625	0.044450
11802	0.044421
268	0.044400
10694	0.044393
10059	0.044379
5672	0.044374
5037	0.044373
7699	0.044360
4488	0.044347
11729	0.044337
2477	0.044309
11561	0.044304
7638	0.044296
2812	0.044290
11728	0.044280
2952	0.044279
13551	0.044268
2666	0.044266
4831	0.044253
3426	0.044251
548	0.044251
11149	0.044242
235	0.044242
8024	0.044203
8621	0.044201
7108	0.044192
14266	0.044190
10674	0.044182
13098	0.044173
10970	0.044167
4709	0.044162
10937	0.044153
5750	0.044119
11961	0.044119
6692	0.044100
2438	0.044052
9419	0.044005
2900	0.044001
7977	0.043993
11522	0.043974
4951	0.043882
232	0.043839
13155	0.043832
12607	0.043813
12597	0.043807
1653	0.043801
2351	0.043761
2350	0.043761
2348	0.043761
2346	0.043761
10714	0.043758
8430	0.043752
5928	0.043748
690	0.043748
4279	0.043740
10613	0.043719
3496	0.043690
3960	0.043689
3956	0.043689
10537	0.043672
2996	0.043666
11960	0.043665
1848	0.043635
12698	0.043626
7088	0.043619
10042	0.043603
7981	0.043601
6535	0.043580
13916	0.043579
2483	0.043579
8596	0.043561
13832	0.043560
8960	0.043545
13679	0.043530
11519	0.043529
2322	0.043453
2968	0.043452
477	0.043451
6732	0.043429
882	0.043407
13265	0.043403
10534	0.043392
9865	0.043326
6317	0.043309
8890	0.043309
2766	0.043304
8405	0.043301
12147	0.043264
5366	0.043240
2227	0.043227
10273	0.043180
1419	0.043176
6140	0.043166
6139	0.043166
6758	0.043128
10940	0.043121
4718	0.043119
11033	0.043117
1689	0.043111
3425	0.043049
10024	0.043031
11926	0.043031
2279	0.043023
5674	0.043021
4835	0.043005
4458	0.042981
7535	0.042969
12521	0.042965
10175	0.042962
6123	0.042899
12560	0.042895
5346	0.042871
10136	0.042864
13374	0.042861
13373	0.042861
4193	0.042848
626	0.042840
9826	0.042816
3742	0.042758
3740	0.042757
12750	0.042757
10907	0.042756
12161	0.042723
11870	0.042723
11794	0.042723
11204	0.042723
11203	0.042723
6144	0.042723
6143	0.042723
6142	0.042723
6141	0.042723
11731	0.042721
234	0.042717
14101	0.042679
8365	0.042679
2877	0.042660
2801	0.042659
6220	0.042631
11475	0.042622
3591	0.042618
6660	0.042600
5026	0.042599
5027	0.042599
5580	0.042568
11658	0.042534
14291	0.042534
12898	0.042517
14277	0.042506
8128	0.042504
3094	0.042447
6045	0.042442
12436	0.042435
3095	0.042429
5849	0.042415
11381	0.042388
13110	0.042377
14043	0.042333
7346	0.042328
11996	0.042278
11437	0.042277
12170	0.042274
2379	0.042270
12630	0.042269
9825	0.042258
10780	0.042250
5673	0.042247
3774	0.042240
11703	0.042231
1826	0.042218
2863	0.042180
2775	0.042137
7263	0.042118
11540	0.042103
1640	0.042103
4670	0.042080
1643	0.042068
8887	0.042068
3666	0.042057
3323	0.042047
4420	0.042023
11518	0.042016
243	0.042015
6881	0.042004
12149	0.041989
2087	0.041983
1862	0.041980
4624	0.041979
9194	0.041975
9741	0.041959
3310	0.041959
299	0.041956
1420	0.041950
4434	0.041946
4532	0.041940
5870	0.041937
10650	0.041934
4723	0.041912
12275	0.041895
11528	0.041887
5349	0.041879
6048	0.041874
2386	0.041863
2387	0.041863
