3678	0.149141
3673	0.149141
6556	0.147046
6555	0.147046
6500	0.145403
12529	0.144264
11440	0.143035
11341	0.143035
5115	0.142288
3797	0.142071
13070	0.140121
12578	0.139747
5218	0.138192
11462	0.137417
4898	0.136991
8128	0.135832
11532	0.129846
1355	0.129333
3363	0.129248
5937	0.129236
5707	0.128746
8209	0.127517
1418	0.127285
5674	0.127212
5673	0.127174
2406	0.125482
7439	0.124816
7121	0.124816
770	0.124405
3656	0.123174
10498	0.121721
3315	0.119943
10840	0.119307
13146	0.118820
8835	0.117850
1053	0.117680
11542	0.117196
12730	0.116360
5858	0.115950
12096	0.115750
1041	0.115746
12317	0.115154
703	0.114917
4085	0.112211
7166	0.111069
4957	0.110823
5154	0.110763
4841	0.110730
3838	0.109605
6001	0.109430
5129	0.109421
1347	0.109079
1669	0.108729
3316	0.108556
8593	0.108351
13530	0.108300
9216	0.108255
8808	0.107272
9830	0.106963
217	0.106808
8543	0.106633
1779	0.106226
1547	0.106013
9485	0.104931
14165	0.104281
14321	0.104262
14311	0.104262
14307	0.104262
14114	0.104262
10393	0.104262
8406	0.104262
8368	0.104262
3158	0.104262
5856	0.104223
2998	0.104069
12409	0.103967
10640	0.103487
12710	0.103254
12773	0.103235
8430	0.101889
11649	0.101851
11021	0.101207
1350	0.100982
2519	0.100165
1618	0.099936
9229	0.099933
6002	0.099871
1512	0.098966
5398	0.098892
12707	0.098801
1406	0.098621
3796	0.098491
10858	0.097661
11404	0.097550
10922	0.097550
6121	0.097351
9084	0.097264
12545	0.096971
723	0.096876
3489	0.096478
8523	0.096431
9227	0.096379
7576	0.096268
10042	0.095773
11455	0.095578
11426	0.095578
10949	0.095304
2383	0.095177
4064	0.095078
4063	0.095078
4061	0.095078
4058	0.095078
4057	0.095078
2644	0.095078
10654	0.095011
3715	0.094898
10394	0.094456
8284	0.094048
10655	0.093757
3135	0.093757
3182	0.093654
1188	0.093536
13682	0.093500
13487	0.093500
13345	0.093500
10090	0.093482
11421	0.093158
11345	0.093158
11335	0.093158
10842	0.093158
1183	0.092734
4059	0.092720
13716	0.092676
8089	0.092630
13165	0.092592
11958	0.092575
373	0.092176
12516	0.092017
3103	0.091805
11262	0.091732
8239	0.091688
3428	0.091640
6451	0.091406
4083	0.091369
8747	0.091268
8725	0.091268
8472	0.091209
6938	0.090762
8696	0.090747
11790	0.090680
2475	0.090222
12426	0.090141
10143	0.089923
724	0.089828
5845	0.089735
4217	0.089533
3319	0.089496
8362	0.089485
7814	0.089470
7095	0.089398
10212	0.089352
12187	0.089235
8699	0.089093
8703	0.089019
10052	0.088786
8762	0.088240
4857	0.088183
3224	0.088008
8500	0.087923
6657	0.087923
4685	0.087911
6483	0.087876
8701	0.087874
8724	0.087852
8723	0.087852
8722	0.087852
8721	0.087852
8720	0.087852
8719	0.087852
8702	0.087852
8698	0.087852
8695	0.087852
8694	0.087852
8693	0.087852
8692	0.087852
8691	0.087852
8690	0.087852
8689	0.087852
8688	0.087852
8687	0.087852
8686	0.087852
8685	0.087852
8684	0.087852
8683	0.087852
8682	0.087852
8681	0.087852
8680	0.087852
8649	0.087852
8648	0.087852
8647	0.087852
8646	0.087852
8645	0.087852
8644	0.087852
8643	0.087852
8642	0.087852
8640	0.087852
8554	0.087852
7577	0.087852
1886	0.087740
5214	0.087660
2672	0.087626
6810	0.087566
13087	0.087524
7482	0.087524
3163	0.087336
5805	0.087311
8192	0.087309
1337	0.087263
13577	0.087107
7507	0.087024
13359	0.086894
4259	0.086610
14277	0.086585
9694	0.086491
8801	0.086465
8385	0.086416
7943	0.086377
8736	0.086341
12148	0.086245
7411	0.086245
11543	0.086243
9392	0.086239
14043	0.085793
8557	0.085644
8555	0.085644
8547	0.085644
1086	0.085620
8697	0.085420
4445	0.085314
17	0.085101
4098	0.085012
8718	0.084959
6014	0.084913
9915	0.084867
10104	0.084834
4820	0.084756
6325	0.084702
11091	0.084682
9169	0.084527
8252	0.084483
7499	0.084456
12658	0.084353
11116	0.084353
2795	0.084353
2794	0.084353
5489	0.084312
7509	0.084211
7304	0.084211
2800	0.084145
11178	0.084129
11194	0.084060
3872	0.084049
7094	0.083862
1619	0.083801
11561	0.083597
2474	0.083408
6114	0.083385
12315	0.082919
4913	0.082901
7305	0.082821
7303	0.082821
2781	0.082746
11780	0.082417
9026	0.082364
9987	0.082346
6558	0.082310
6209	0.082293
6934	0.082232
7039	0.082034
7274	0.082025
8821	0.081666
12597	0.081624
5929	0.081614
11337	0.081515
384	0.081482
10119	0.081435
2344	0.081212
10801	0.081114
11556	0.080971
12548	0.080882
12602	0.080759
4189	0.080758
8217	0.080751
7578	0.080751
11395	0.080710
5806	0.080665
11287	0.080605
11285	0.080605
11284	0.080605
11528	0.080416
232	0.080378
3465	0.080291
8238	0.080248
4947	0.080134
10933	0.080047
5491	0.079975
11933	0.079909
8055	0.079828
11568	0.079799
12087	0.079764
5810	0.079764
5807	0.079764
5804	0.079764
5255	0.079764
3668	0.079709
4893	0.079657
12088	0.079652
5384	0.079652
11172	0.079593
5692	0.079574
5176	0.079399
12261	0.079331
5690	0.079313
10318	0.079295
323	0.079224
7111	0.079131
8612	0.079091
10543	0.078893
4060	0.078817
12832	0.078591
13283	0.078412
854	0.078288
6669	0.078282
10534	0.078260
11932	0.078247
5738	0.078244
14203	0.078196
13907	0.078196
13906	0.078196
13407	0.078196
11171	0.078196
8372	0.078196
7978	0.078196
3942	0.078196
12145	0.078175
10515	0.078175
5956	0.078175
10793	0.078143
5808	0.078006
9998	0.077915
9222	0.077847
1715	0.077797
5344	0.077732
5957	0.077684
8250	0.077645
7014	0.077521
11419	0.077294
12109	0.077179
5948	0.077179
12567	0.077165
13431	0.077159
3764	0.077129
5615	0.077037
8623	0.076926
8031	0.076918
5809	0.076649
6323	0.076580
277	0.076538
3230	0.076379
9351	0.076320
9350	0.076320
7401	0.076320
7084	0.076249
1858	0.076195
11109	0.076182
10897	0.076055
13185	0.075932
5532	0.075904
7224	0.075678
6574	0.075678
5527	0.075678
9966	0.075610
3232	0.075587
12335	0.075526
482	0.075466
5297	0.075432
5298	0.075425
10452	0.075366
4500	0.075306
13793	0.075293
8136	0.075293
3669	0.075255
2780	0.075108
4804	0.075098
7732	0.075007
13686	0.074983
13670	0.074983
10295	0.074891
2914	0.074864
7160	0.074763
13620	0.074749
1555	0.074723
1585	0.074722
11260	0.074398
10157	0.074398
10860	0.074306
13654	0.074304
3676	0.074302
11259	0.074214
1278	0.074196
6760	0.074179
4027	0.074179
10593	0.074132
2605	0.074016
1761	0.073914
2809	0.073854
10069	0.073786
5658	0.073646
9170	0.073607
614	0.073504
4062	0.073444
3680	0.073425
1054	0.073404
7297	0.073271
1466	0.073202
4026	0.073196
8700	0.072927
13405	0.072911
8794	0.072870
6766	0.072788
2871	0.072761
13138	0.072557
11982	0.072331
5414	0.072331
5412	0.072331
9718	0.072157
12590	0.072078
5556	0.072053
6861	0.071939
1885	0.071919
1884	0.071919
1883	0.071919
7341	0.071915
3440	0.071659
5695	0.071627
13358	0.071559
11093	0.071492
2802	0.071317
12049	0.071269
4616	0.071267
13958	0.071220
8548	0.071125
9728	0.071120
4235	0.071077
6596	0.070812
11544	0.070722
11202	0.070669
7737	0.070545
2301	0.070532
6147	0.070515
13186	0.070501
7165	0.070441
13529	0.070337
5185	0.070329
4484	0.070263
2486	0.070162
10453	0.070151
4618	0.070148
5109	0.070076
8237	0.069963
9085	0.069882
11416	0.069874
13624	0.069849
13623	0.069849
5802	0.069841
12312	0.069754
688	0.069707
13622	0.069659
4807	0.069592
12628	0.069585
9094	0.069529
9093	0.069529
9092	0.069529
9065	0.069529
6058	0.069437
12601	0.069432
2798	0.069373
3318	0.069130
3641	0.069091
10301	0.069036
12086	0.069007
249	0.068970
991	0.068825
3429	0.068794
10626	0.068704
14128	0.068658
4805	0.068652
7555	0.068649
10843	0.068581
78	0.068567
702	0.068478
3313	0.068408
9086	0.068349
12806	0.068279
654	0.068270
11132	0.068259
7930	0.068252
3057	0.068198
10418	0.068129
4856	0.068125
1359	0.067969
3982	0.067900
2176	0.067815
4258	0.067795
409	0.067778
8373	0.067772
8240	0.067772
5209	0.067533
11349	0.067526
4084	0.067481
1279	0.067279
8432	0.067262
8431	0.067262
3229	0.067229
3085	0.067160
14098	0.067115
542	0.067100
8272	0.067098
4089	0.067069
12065	0.067014
3237	0.067011
11130	0.067008
10819	0.066951
2848	0.066940
1141	0.066905
3822	0.066880
11480	0.066803
7601	0.066789
12202	0.066706
3988	0.066706
6254	0.066689
1882	0.066687
5680	0.066650
8947	0.066620
13332	0.066609
444	0.066574
13354	0.066567
7302	0.066521
10500	0.066467
11772	0.066260
8256	0.066173
12638	0.066150
12557	0.066119
11	0.066094
10541	0.066063
9964	0.066034
5675	0.065955
2081	0.065925
11551	0.065762
11698	0.065717
8498	0.065662
6736	0.065532
6308	0.065487
6031	0.065481
6030	0.065481
5992	0.065481
7318	0.065458
3675	0.065378
10342	0.065309
12341	0.065205
9596	0.065134
3987	0.065094
11007	0.065075
6565	0.065072
10749	0.065071
5007	0.064993
9691	0.064791
1773	0.064772
572	0.064729
10314	0.064637
11118	0.064632
10441	0.064514
7932	0.064498
10315	0.064396
3648	0.064286
8617	0.064241
10563	0.064218
11351	0.064209
12630	0.064175
1963	0.064159
13504	0.064089
11154	0.064022
10859	0.064013
9835	0.063985
11342	0.063982
10746	0.063982
10606	0.063949
12835	0.063735
12662	0.063630
2497	0.063527
12600	0.063349
11302	0.063294
5181	0.063286
8067	0.063275
3425	0.063155
2106	0.063123
10305	0.063123
8140	0.062954
10048	0.062912
1507	0.062782
3217	0.062715
10647	0.062573
4324	0.062546
2899	0.062487
8461	0.062473
5376	0.062462
235	0.062450
2537	0.062425
6311	0.062371
6310	0.062371
4843	0.062371
10089	0.062365
4168	0.062252
10475	0.062183
7229	0.062177
11539	0.062139
5580	0.062121
4879	0.062089
4169	0.061994
5728	0.061938
10656	0.061917
10690	0.061914
2770	0.061872
12725	0.061866
2861	0.061854
11059	0.061808
6258	0.061804
9235	0.061725
9230	0.061725
9228	0.061725
9225	0.061725
9224	0.061725
9221	0.061725
9219	0.061725
9214	0.061725
9213	0.061725
9211	0.061725
9209	0.061725
9208	0.061725
9206	0.061725
9193	0.061725
8807	0.061725
8679	0.061725
8677	0.061725
8675	0.061725
8674	0.061725
8673	0.061725
8670	0.061725
8637	0.061725
8633	0.061725
8631	0.061725
8610	0.061725
8591	0.061725
8539	0.061725
8538	0.061725
8537	0.061725
8536	0.061725
8529	0.061725
8526	0.061725
8525	0.061725
8632	0.061725
8671	0.061718
254	0.061715
6443	0.061705
2283	0.061697
4474	0.061650
10080	0.061617
5558	0.061612
10181	0.061589
4076	0.061573
1593	0.061472
12507	0.061448
8802	0.061390
3342	0.061237
3341	0.061147
7543	0.061131
11058	0.061076
8470	0.061074
11839	0.060976
12357	0.060951
4912	0.060906
11131	0.060854
5080	0.060780
4049	0.060767
7337	0.060748
3442	0.060713
2698	0.060672
3422	0.060558
7202	0.060523
10747	0.060507
3451	0.060478
2281	0.060451
10716	0.060388
11634	0.060357
12239	0.060332
6312	0.060267
10166	0.060216
8040	0.060141
6566	0.060133
2258	0.060129
11534	0.060125
11218	0.060076
8810	0.060060
4498	0.060052
13106	0.060015
3106	0.059954
5961	0.059954
7289	0.059933
9362	0.059915
7875	0.059901
11456	0.059897
3231	0.059837
6830	0.059772
8636	0.059765
4227	0.059757
10901	0.059749
14037	0.059723
10699	0.059701
7815	0.059677
3441	0.059664
13361	0.059641
2817	0.059639
4558	0.059612
10689	0.059581
10688	0.059581
4721	0.059543
8635	0.059538
6758	0.059498
11313	0.059495
11014	0.059335
8069	0.059306
4392	0.059238
12241	0.059231
12240	0.059231
8074	0.059231
7294	0.059231
6054	0.059231
4336	0.059231
1039	0.059230
3312	0.059178
1821	0.059154
5137	0.059133
11474	0.059073
2043	0.059053
421	0.059049
5413	0.059002
4840	0.058990
2401	0.058989
1923	0.058916
5307	0.058896
11359	0.058892
10457	0.058871
12558	0.058815
9016	0.058754
11487	0.058739
11800	0.058690
11073	0.058674
11193	0.058662
11192	0.058662
9450	0.058633
13579	0.058568
11039	0.058568
11373	0.058540
10202	0.058540
345	0.058516
10600	0.058467
2262	0.058388
8833	0.058327
10609	0.058299
9961	0.058266
14	0.058188
11501	0.057988
1770	0.057958
6326	0.057938
212	0.057931
250	0.057931
8622	0.057908
11189	0.057891
10273	0.057857
13575	0.057809
2588	0.057792
11188	0.057769
11187	0.057769
3940	0.057768
6946	0.057689
4504	0.057661
12153	0.057635
4702	0.057635
4687	0.057604
9839	0.057550
11529	0.057436
3738	0.057377
6829	0.057331
2801	0.057313
2465	0.057146
11290	0.057136
13498	0.057123
13122	0.057055
7926	0.057038
3728	0.057033
9194	0.057028
9564	0.057020
3566	0.057020
10597	0.056989
5345	0.056974
6512	0.056946
12508	0.056897
3188	0.056858
12199	0.056838
2016	0.056829
8855	0.056810
5851	0.056791
9565	0.056778
5401	0.056705
6966	0.056671
3210	0.056669
568	0.056631
9617	0.056627
4295	0.056611
8641	0.056600
3681	0.056568
3789	0.056344
9929	0.056332
13497	0.056264
7007	0.056176
11517	0.056167
3690	0.056166
5249	0.056117
13681	0.056117
11510	0.056013
10499	0.055999
4369	0.055996
12262	0.055980
9117	0.055978
11177	0.055867
1203	0.055852
7584	0.055843
14426	0.055811
14425	0.055811
14424	0.055811
14423	0.055811
14422	0.055811
14419	0.055811
2889	0.055804
11757	0.055792
11728	0.055790
5679	0.055763
7036	0.055740
1887	0.055713
10165	0.055696
7155	0.055670
9747	0.055644
1607	0.055631
2930	0.055510
11476	0.055432
4819	0.055429
1394	0.055400
11141	0.055398
4456	0.055359
7183	0.055296
7502	0.055282
11477	0.055269
7203	0.055209
6098	0.055199
11010	0.055193
3168	0.055168
7642	0.055161
6866	0.055160
11570	0.055118
13430	0.055113
12698	0.055093
9790	0.055090
10693	0.055069
3999	0.055017
12716	0.054987
11729	0.054976
9220	0.054925
8336	0.054911
13598	0.054900
210	0.054821
3760	0.054766
10583	0.054737
970	0.054675
11283	0.054593
1191	0.054584
11522	0.054521
8314	0.054519
677	0.054320
12621	0.054275
6919	0.054261
11274	0.054188
11273	0.054188
11272	0.054188
11271	0.054188
6231	0.054185
5512	0.054164
5670	0.054162
13685	0.054099
13684	0.054099
13683	0.054099
13565	0.054099
1925	0.054097
10839	0.054080
3650	0.054079
12536	0.053916
10275	0.053892
4340	0.053888
10531	0.053838
11472	0.053835
10838	0.053834
1613	0.053816
12636	0.053687
8827	0.053683
1949	0.053654
4090	0.053564
11507	0.053556
11675	0.053469
9579	0.053435
6457	0.053346
3320	0.053327
1604	0.053302
10036	0.053272
10816	0.053224
10907	0.053210
667	0.053208
5265	0.053189
4289	0.053125
4204	0.053118
1543	0.053097
3434	0.053094
9200	0.053066
2473	0.053023
7010	0.052981
14290	0.052929
12502	0.052923
11186	0.052919
5457	0.052885
10497	0.052847
2304	0.052762
12692	0.052749
2305	0.052744
5514	0.052695
9989	0.052689
10435	0.052622
6499	0.052555
10782	0.052486
7494	0.052428
5174	0.052404
13606	0.052401
4338	0.052366
7523	0.052342
12401	0.052328
8836	0.052322
6266	0.052297
3405	0.052257
5542	0.052247
7320	0.052245
6836	0.052153
9264	0.052153
5377	0.052138
9266	0.052111
6876	0.052039
6728	0.052027
6053	0.052022
13491	0.052019
8530	0.051991
10235	0.051969
7764	0.051924
650	0.051919
10604	0.051840
506	0.051790
12200	0.051761
13246	0.051713
6010	0.051704
4945	0.051696
5227	0.051689
2	0.051648
11053	0.051641
13607	0.051624
8958	0.051597
1532	0.051580
10011	0.051539
12877	0.051446
4337	0.051433
2508	0.051422
10507	0.051329
9840	0.051306
12528	0.051277
5513	0.051252
7363	0.051248
