8835	0.250773
6002	0.250518
6001	0.242480
8747	0.229795
8725	0.229795
7499	0.223446
13577	0.220091
4820	0.218845
4258	0.214471
8128	0.206835
3678	0.201239
3673	0.201239
6556	0.196032
6555	0.196032
2406	0.194562
3363	0.192282
8593	0.188478
4898	0.182830
9229	0.181922
8217	0.181218
7578	0.181218
3182	0.180504
8238	0.180087
4500	0.178014
373	0.177906
5858	0.177202
8703	0.174200
8284	0.173557
1337	0.172754
11780	0.172279
8696	0.169887
8362	0.168860
7814	0.168815
8239	0.168474
3224	0.167986
1350	0.167597
10090	0.167308
11421	0.167221
11345	0.167221
11335	0.167221
10842	0.167221
8089	0.166859
8718	0.166771
4259	0.166651
2383	0.166287
8472	0.166054
1858	0.165582
1585	0.165360
3465	0.165019
7482	0.164630
8557	0.164517
8555	0.164517
8547	0.164517
8500	0.164373
4685	0.164369
8701	0.164329
6483	0.164321
8724	0.164290
8723	0.164290
8722	0.164290
8721	0.164290
8720	0.164290
8719	0.164290
8702	0.164290
8698	0.164290
8695	0.164290
8694	0.164290
8693	0.164290
8692	0.164290
8691	0.164290
8690	0.164290
8689	0.164290
8688	0.164290
8687	0.164290
8686	0.164290
8685	0.164290
8684	0.164290
8683	0.164290
8682	0.164290
8681	0.164290
8680	0.164290
8649	0.164290
8648	0.164290
8647	0.164290
8646	0.164290
8645	0.164290
8644	0.164290
8643	0.164290
8642	0.164290
8640	0.164290
8554	0.164290
7577	0.164290
17	0.164111
8252	0.163922
5214	0.163862
8192	0.163669
1886	0.163566
8699	0.163472
8385	0.163223
2672	0.162650
9392	0.162420
8697	0.162216
4445	0.161096
6014	0.160929
13793	0.160287
8136	0.160287
421	0.160283
6760	0.159803
4027	0.159803
7274	0.159447
4026	0.159411
13686	0.159248
13670	0.159248
13620	0.158798
5489	0.158552
5937	0.157789
13138	0.157558
11194	0.156077
8612	0.156013
3232	0.155959
7305	0.155901
7303	0.155901
444	0.155683
7509	0.155592
7304	0.155592
2780	0.155514
7039	0.155227
1279	0.154377
5209	0.154231
572	0.153525
4098	0.153150
5298	0.152053
5297	0.152050
3230	0.151432
11337	0.151294
6596	0.151182
7737	0.150539
8031	0.150508
6031	0.149668
6030	0.149668
5992	0.149668
2802	0.149329
9084	0.148930
7341	0.148013
210	0.147316
4805	0.147050
2016	0.146903
4804	0.146840
9830	0.146792
4807	0.146778
1779	0.146449
4498	0.145731
6121	0.145597
7302	0.145391
6934	0.145317
3085	0.143325
5154	0.143252
13405	0.143128
4049	0.143099
1773	0.142337
11698	0.141254
1418	0.140730
5658	0.140542
482	0.140301
13529	0.140182
13624	0.139636
13623	0.139636
12312	0.139564
7943	0.139510
9718	0.139167
3229	0.138631
13354	0.138266
11772	0.138187
5398	0.138146
8700	0.137993
2043	0.137903
13359	0.137539
7601	0.137528
4912	0.137233
1543	0.136351
3106	0.136121
9564	0.136077
3566	0.136077
12335	0.136016
6736	0.135693
7494	0.135321
212	0.135159
9728	0.134998
10315	0.134791
10102	0.134700
10209	0.134678
10314	0.134629
13502	0.134614
10668	0.134614
10494	0.134614
13504	0.134524
13170	0.134461
770	0.134363
7166	0.134078
7155	0.134072
10119	0.133956
2519	0.133756
1394	0.133686
3316	0.133167
13494	0.132155
13530	0.132084
10181	0.131383
1669	0.130960
2262	0.130718
1949	0.130705
5080	0.130588
4841	0.130578
5856	0.130359
3999	0.130057
6308	0.129876
4084	0.129499
419	0.128925
3188	0.128701
6311	0.128592
6310	0.128592
4843	0.128592
3231	0.128534
6565	0.128274
5692	0.128217
2537	0.128058
5690	0.128040
10342	0.127988
5673	0.127129
6861	0.126940
345	0.126783
5674	0.125794
9617	0.125283
8641	0.125245
13146	0.124702
5707	0.124640
5728	0.124356
1053	0.124137
5307	0.123918
13106	0.123459
4083	0.123378
1355	0.123316
3669	0.122767
6312	0.122647
3456	0.122413
688	0.122357
723	0.122290
10840	0.122184
3675	0.121913
4553	0.121866
11542	0.121708
702	0.121697
4338	0.121516
384	0.121422
9448	0.121321
1086	0.121240
8430	0.121174
10858	0.120998
3237	0.120913
11404	0.120864
10922	0.120864
4474	0.120849
703	0.120809
3676	0.120180
828	0.120151
4085	0.120064
5532	0.119843
13716	0.119707
11674	0.119338
4857	0.119278
12730	0.119078
1613	0.119003
1593	0.118783
7160	0.118682
11532	0.118580
6500	0.118502
12707	0.118211
4369	0.117806
2401	0.117429
11757	0.117108
5181	0.116613
6459	0.116334
12409	0.116272
11462	0.116017
7040	0.115834
7543	0.115197
5344	0.114657
11287	0.114628
11285	0.114628
11284	0.114628
1041	0.114349
10640	0.114324
6254	0.113900
13087	0.113749
4064	0.113560
4063	0.113560
4061	0.113560
4058	0.113560
4057	0.113560
2644	0.113560
4227	0.113441
12516	0.112980
11963	0.112886
3315	0.112843
5129	0.112644
724	0.112224
1406	0.112221
6451	0.111839
4059	0.111655
11790	0.110824
12317	0.110806
4859	0.110766
14165	0.110711
14321	0.110701
14311	0.110701
14307	0.110701
14114	0.110701
10393	0.110701
8406	0.110701
8368	0.110701
3158	0.110701
7318	0.110628
10949	0.110600
12096	0.110596
7813	0.110538
7805	0.110538
8067	0.110405
416	0.110344
7812	0.110326
11455	0.110288
11426	0.110288
234	0.110161
5805	0.110031
7806	0.110005
506	0.109888
12261	0.109837
11507	0.109792
7111	0.109765
1140	0.109722
8578	0.109663
6669	0.109474
5374	0.109405
9694	0.109225
6566	0.109062
4484	0.109056
1887	0.109047
6679	0.108943
6258	0.108879
11528	0.108847
11440	0.108455
11341	0.108455
10897	0.108289
9811	0.108254
13283	0.108229
9739	0.108214
5806	0.108200
3108	0.108061
1545	0.108023
1566	0.108000
5115	0.107638
8055	0.107512
13958	0.106790
1278	0.106289
6810	0.106245
12087	0.106012
5810	0.106012
5807	0.106012
5804	0.106012
5255	0.106012
8328	0.105995
4893	0.105948
12088	0.105920
5384	0.105920
5808	0.105682
490	0.105679
707	0.105455
5738	0.105413
4752	0.105410
12578	0.105165
10597	0.105024
1600	0.105018
1595	0.105018
1590	0.105018
2438	0.104952
7015	0.104884
10394	0.104733
5249	0.104731
3656	0.104563
2781	0.104493
1555	0.104437
13070	0.104377
6657	0.103707
5809	0.103634
8373	0.103608
8240	0.103608
2258	0.103450
3489	0.103393
2848	0.103265
9227	0.103029
8821	0.102945
7352	0.102908
1568	0.102832
3797	0.102443
12529	0.102414
12710	0.102389
217	0.102220
3760	0.102083
12426	0.102079
2801	0.101991
5653	0.101820
8548	0.101674
13681	0.101549
4224	0.101427
10655	0.101401
6114	0.101375
11419	0.101241
5802	0.101208
7093	0.101204
12773	0.101063
10654	0.100999
4060	0.100815
3715	0.100724
13491	0.100573
10036	0.100541
8209	0.100472
10042	0.100467
13762	0.100438
7799	0.100366
4330	0.100233
48	0.100038
13550	0.099981
1770	0.099960
5556	0.099712
14021	0.099151
6058	0.099117
445	0.099053
11649	0.099046
12548	0.099018
4861	0.098996
1821	0.098940
8618	0.098879
3680	0.098766
455	0.098630
449	0.098630
13604	0.098591
11262	0.098586
9351	0.098546
9350	0.098546
7401	0.098546
13605	0.098545
14024	0.098315
14022	0.098315
14019	0.098315
14018	0.098315
8384	0.098315
7446	0.098315
3959	0.098205
12602	0.098172
5218	0.098153
3103	0.098088
4062	0.097999
5176	0.097945
8270	0.097932
2344	0.097805
8774	0.097629
436	0.097600
5675	0.097522
7289	0.097389
1671	0.097280
6588	0.097232
3236	0.097085
10318	0.097085
12049	0.097058
4616	0.097058
3796	0.097017
7809	0.096895
1683	0.096768
4711	0.096406
13461	0.096335
5558	0.096327
2929	0.096314
1462	0.096292
7229	0.096179
1680	0.096140
13305	0.096111
10835	0.096034
5260	0.096034
13973	0.095984
6943	0.095963
12628	0.095847
1347	0.095726
10165	0.095681
1604	0.095633
5155	0.095460
13654	0.095460
10583	0.095422
2027	0.095365
12098	0.095294
3958	0.095294
11700	0.095283
11132	0.095215
277	0.095153
420	0.095014
2082	0.094929
13165	0.094926
2943	0.094906
11325	0.094866
4443	0.094812
2914	0.094808
5693	0.094649
5401	0.094562
9485	0.094551
8256	0.094346
9865	0.094099
2998	0.094074
8338	0.094050
10048	0.093981
10543	0.093897
4282	0.093894
6994	0.093878
12734	0.093704
6993	0.093660
4425	0.093571
11014	0.093518
4178	0.093478
4723	0.093470
5596	0.093438
4329	0.093285
10603	0.093270
1990	0.093251
13392	0.093182
9601	0.093103
11	0.093086
13616	0.092959
3163	0.092920
14043	0.092909
8274	0.092898
8271	0.092898
5694	0.092898
12877	0.092890
7320	0.092817
7094	0.092798
4816	0.092758
7248	0.092745
7058	0.092686
7059	0.092678
9026	0.092623
7364	0.092620
9507	0.092566
4263	0.092561
13521	0.092490
4340	0.092442
5167	0.092412
14277	0.092376
5543	0.092364
12262	0.092310
12109	0.092291
5948	0.092291
11193	0.092192
11192	0.092192
10212	0.092059
11060	0.092048
12794	0.092028
9216	0.091966
7815	0.091952
8852	0.091937
10069	0.091889
2948	0.091834
2946	0.091834
6229	0.091810
12597	0.091794
12757	0.091787
1618	0.091721
12747	0.091717
7641	0.091711
6341	0.091711
8829	0.091706
6947	0.091436
10834	0.091434
6671	0.091386
374	0.091159
5490	0.091102
2076	0.091083
9721	0.091048
7948	0.091048
7778	0.091048
7618	0.091048
7113	0.091048
443	0.090999
393	0.090967
3764	0.090835
5961	0.090805
3228	0.090735
10796	0.090724
11539	0.090722
8470	0.090699
11543	0.090685
8336	0.090437
7985	0.090410
5241	0.090334
8736	0.090275
3732	0.090274
8808	0.090267
8579	0.090234
11695	0.090221
3668	0.090089
13598	0.090076
4504	0.089998
3057	0.089995
4962	0.089973
1507	0.089953
11130	0.089866
4952	0.089837
8622	0.089647
10541	0.089592
1167	0.089583
11056	0.089482
10609	0.089451
5982	0.089443
12086	0.089438
2341	0.089398
8801	0.089315
854	0.089312
12181	0.089298
3872	0.089284
1775	0.089260
13185	0.089239
12382	0.089161
1772	0.089020
2283	0.088981
3405	0.088953
2427	0.088853
1012	0.088840
4133	0.088676
12751	0.088645
7926	0.088635
10907	0.088491
13622	0.088463
431	0.088395
7337	0.088384
2930	0.088240
6635	0.088209
7220	0.088043
6147	0.088028
2927	0.087959
13972	0.087929
547	0.087722
13682	0.087627
13487	0.087627
13345	0.087627
11615	0.087597
4552	0.087597
10441	0.087521
7472	0.087509
5137	0.087481
8577	0.087460
8576	0.087460
8574	0.087460
8556	0.087460
8947	0.087452
13652	0.087448
2474	0.087405
5174	0.087309
1963	0.087235
9691	0.087194
12736	0.087163
10235	0.087155
7438	0.087139
7123	0.087139
970	0.087112
1633	0.087110
10860	0.087107
9544	0.087100
12148	0.087042
7411	0.087042
8763	0.086914
8761	0.086914
1815	0.086871
9867	0.086778
2861	0.086742
12630	0.086721
2081	0.086703
5580	0.086609
2260	0.086563
6534	0.086528
10435	0.086476
1607	0.086345
4678	0.086263
357	0.086261
184	0.086257
6326	0.086209
4507	0.086205
4975	0.086196
2367	0.086067
9835	0.085999
11490	0.085985
9839	0.085981
8051	0.085909
453	0.085906
9094	0.085809
9093	0.085809
9092	0.085809
9065	0.085809
13186	0.085780
1230	0.085732
4679	0.085644
11534	0.085638
6958	0.085623
6363	0.085596
12590	0.085581
3605	0.085536
4771	0.085437
3674	0.085434
8024	0.085337
11007	0.085285
12203	0.085142
8580	0.085142
8575	0.085142
8546	0.085142
7122	0.085142
6775	0.085100
5449	0.085007
12302	0.084976
4773	0.084976
4772	0.084976
7095	0.084877
4708	0.084838
7259	0.084837
4439	0.084824
13188	0.084808
801	0.084763
2224	0.084555
6807	0.084511
12567	0.084487
6314	0.084466
921	0.084451
11501	0.084450
10717	0.084433
4971	0.084384
3319	0.084321
4089	0.084316
12565	0.084307
12547	0.084265
9295	0.084236
3723	0.084213
10626	0.084062
4190	0.084049
4803	0.083861
2817	0.083799
434	0.083786
4658	0.083786
9264	0.083646
9677	0.083529
12544	0.083483
3318	0.083436
7437	0.083434
14073	0.083407
5966	0.083375
3890	0.083358
8493	0.083299
9266	0.083295
3251	0.083242
2809	0.083202
1885	0.083131
1884	0.083131
1883	0.083131
12806	0.083115
10418	0.083032
9827	0.083025
3217	0.083003
4812	0.082993
10833	0.082959
14069	0.082930
7645	0.082889
2437	0.082872
8401	0.082844
14098	0.082809
7963	0.082779
6038	0.082736
12507	0.082510
3953	0.082347
11218	0.082290
4217	0.082147
4703	0.082044
14076	0.082021
10146	0.081960
10145	0.081960
600	0.081726
6042	0.081597
6041	0.081597
6040	0.081597
6039	0.081597
1141	0.081566
5256	0.081522
9222	0.081496
7439	0.081462
7121	0.081462
2561	0.081402
418	0.081383
5052	0.081358
4503	0.081260
6086	0.081251
4505	0.081241
4501	0.081241
1503	0.081241
4295	0.081234
13644	0.081192
11529	0.081175
10052	0.081115
6452	0.081073
3341	0.081044
985	0.080984
5109	0.080806
10252	0.080731
6624	0.080676
11021	0.080651
2475	0.080623
12719	0.080569
8762	0.080540
8739	0.080516
1580	0.080497
10475	0.080463
1692	0.080307
12698	0.080159
11172	0.080147
2605	0.080117
3451	0.080108
5701	0.080075
3599	0.080059
7959	0.080036
6343	0.079845
1504	0.079845
9187	0.079785
11958	0.079591
10604	0.079514
10933	0.079498
508	0.079488
12202	0.079439
3988	0.079439
8498	0.079396
11556	0.079376
3987	0.079325
9270	0.079206
12255	0.079169
9828	0.079136
6558	0.079092
7584	0.079046
11191	0.079000
14291	0.078989
8105	0.078934
3469	0.078885
2400	0.078842
6866	0.078836
1054	0.078726
6325	0.078558
10143	0.078405
13692	0.078301
5079	0.078204
11118	0.078075
9595	0.078073
11104	0.078007
13674	0.077839
13411	0.077839
11551	0.077760
1485	0.077749
11582	0.077694
7010	0.077691
10913	0.077679
12545	0.077661
12341	0.077632
78	0.077587
13361	0.077525
10011	0.077423
13191	0.077399
1139	0.077286
441	0.077281
11982	0.077279
5414	0.077279
5412	0.077279
4456	0.077251
4189	0.077249
6643	0.077244
11131	0.077085
1191	0.077006
13560	0.076918
12636	0.076853
8237	0.076716
5446	0.076713
6527	0.076578
6062	0.076538
12570	0.076507
4647	0.076445
3168	0.076445
12577	0.076417
8460	0.076370
8052	0.076360
13540	0.076253
9949	0.076227
11472	0.076220
8255	0.076177
3792	0.076156
11561	0.076117
6098	0.076108
10166	0.076032
4735	0.075978
2799	0.075911
10497	0.075858
11795	0.075836
12753	0.075809
2770	0.075724
5957	0.075713
11956	0.075711
11241	0.075673
11302	0.075589
13830	0.075563
232	0.075533
12566	0.075447
1642	0.075436
2889	0.075429
323	0.075379
6323	0.075351
6309	0.075346
6104	0.075297
6103	0.075297
7165	0.075263
2551	0.075242
11713	0.075221
6740	0.075221
9961	0.075204
1427	0.075123
2559	0.075114
12145	0.075106
10515	0.075106
5956	0.075106
11608	0.075102
8307	0.075018
432	0.075009
10656	0.074946
12601	0.074940
3219	0.074920
7014	0.074881
4856	0.074874
1626	0.074824
8250	0.074815
2408	0.074812
12716	0.074711
9169	0.074629
10859	0.074541
538	0.074527
3596	0.074469
10647	0.074467
9981	0.074438
11544	0.074384
4581	0.074369
9501	0.074361
10498	0.074324
696	0.074321
9987	0.074256
1610	0.074226
9915	0.074219
4328	0.074219
5131	0.074137
437	0.074130
430	0.074113
10534	0.074079
12564	0.074072
11059	0.074051
10690	0.074040
269	0.074031
1547	0.073977
11323	0.073917
7905	0.073875
4007	0.073873
1188	0.073846
13318	0.073846
8300	0.073783
2434	0.073739
12400	0.073729
11586	0.073729
325	0.073693
7555	0.073672
7077	0.073664
8543	0.073649
3982	0.073589
1822	0.073579
429	0.073531
12558	0.073483
12658	0.073421
11116	0.073421
2795	0.073421
2794	0.073421
3312	0.073372
3888	0.073341
6614	0.073325
5691	0.073323
9966	0.073306
12117	0.073292
7345	0.073292
4337	0.073289
2800	0.073287
5550	0.073284
