2105	0.206312
5347	0.205913
7774	0.205835
5641	0.205835
5642	0.205829
9462	0.180248
11858	0.179662
9439	0.179198
1756	0.175785
13265	0.174959
11658	0.174587
4538	0.173104
4542	0.172587
2277	0.172394
2109	0.168701
877	0.167154
6838	0.166414
2820	0.165636
2958	0.165398
1673	0.165233
2128	0.162862
3437	0.161725
2110	0.159187
9775	0.158367
13394	0.157489
2111	0.157406
4466	0.156879
5268	0.156388
1836	0.155344
7526	0.154700
8864	0.154537
8863	0.154537
8583	0.154537
8124	0.154537
7904	0.154537
7903	0.154537
7902	0.154537
7901	0.154537
7900	0.154537
7899	0.154537
7897	0.154537
7896	0.154537
7895	0.154537
1109	0.154189
9623	0.153936
2968	0.153538
876	0.152659
2523	0.152502
221	0.151801
11989	0.151493
9218	0.151396
1119	0.150605
304	0.150270
1120	0.149904
13247	0.149367
2113	0.149093
295	0.147329
5546	0.147312
2952	0.147138
9177	0.146548
3837	0.144910
2107	0.144384
13076	0.144052
51	0.143015
9869	0.141861
3438	0.140606
713	0.139577
2097	0.139302
1118	0.139123
9152	0.138378
8676	0.136299
3389	0.135768
12909	0.135716
9413	0.135704
4106	0.135096
8352	0.135030
8351	0.135030
2957	0.135030
2956	0.135030
7872	0.135028
8604	0.135016
5219	0.134721
3778	0.133136
4105	0.133092
12873	0.132867
4865	0.132813
1419	0.132690
6393	0.132508
6895	0.132336
7295	0.132328
2600	0.131854
2052	0.131775
4667	0.131286
8625	0.131254
2102	0.131138
11914	0.130964
6102	0.130958
8615	0.130834
7288	0.130705
11739	0.130256
352	0.129505
2902	0.129220
13621	0.128970
8634	0.128681
9231	0.128678
12721	0.128426
3741	0.128000
13850	0.127822
2124	0.127570
3002	0.127210
6896	0.126890
12030	0.126853
1232	0.126378
1229	0.126378
353	0.126212
404	0.125713
9226	0.125668
9217	0.125668
8534	0.125668
7827	0.125632
6472	0.125097
1952	0.124782
9135	0.124681
4671	0.124515
4669	0.124515
2990	0.124488
2104	0.123802
4670	0.123687
4383	0.122488
498	0.122387
1228	0.122245
1919	0.122242
316	0.121945
3507	0.121151
3636	0.121095
11987	0.120959
861	0.120921
469	0.120917
7913	0.120882
5968	0.120882
470	0.120882
1420	0.120671
5967	0.120556
2112	0.120470
7767	0.120229
2108	0.120070
6482	0.119852
6501	0.119772
6695	0.119533
6255	0.119489
2280	0.119365
9711	0.118910
9708	0.118910
9707	0.118910
9705	0.118910
9703	0.118910
9699	0.118873
6806	0.118819
7131	0.118792
6532	0.118736
4416	0.118684
2996	0.118637
13707	0.118592
13706	0.118583
13738	0.118576
13731	0.118576
6295	0.118481
268	0.117780
13448	0.117741
874	0.117508
12252	0.117413
11715	0.117366
235	0.117279
2103	0.117218
2954	0.117169
9385	0.117030
683	0.116863
13557	0.116734
13556	0.116734
6149	0.116680
8531	0.116604
9201	0.116140
8584	0.116130
8892	0.116019
6378	0.115930
8792	0.115683
4668	0.115588
9207	0.115307
9205	0.115307
8528	0.115307
11607	0.114879
12069	0.114613
11999	0.114417
4304	0.114417
4302	0.114417
879	0.114310
3973	0.113670
9438	0.113455
1400	0.113272
2064	0.113199
1001	0.112810
7955	0.112478
5433	0.112232
6557	0.112229
5033	0.112060
4935	0.111913
1097	0.111898
370	0.111787
307	0.111746
12915	0.111592
12914	0.111592
14407	0.111445
11678	0.111276
5354	0.111256
2283	0.111005
7752	0.110979
2955	0.110887
2953	0.110887
13665	0.110762
5034	0.110635
1111	0.110592
8712	0.110259
8303	0.110259
8302	0.110259
7362	0.110259
6359	0.110259
6202	0.110202
9702	0.110135
12348	0.110119
9347	0.110032
7659	0.109777
4485	0.109756
4305	0.109399
8845	0.109161
38	0.108879
8711	0.108795
8732	0.108722
8710	0.108584
823	0.108373
6081	0.108229
6913	0.108023
13533	0.107694
13532	0.107694
13531	0.107694
9415	0.107606
8851	0.107606
8850	0.107606
6889	0.107360
311	0.107179
6841	0.107162
6741	0.107102
8312	0.107095
6835	0.106976
225	0.106858
5746	0.106835
14162	0.106805
331	0.106658
6473	0.105974
13285	0.105972
6587	0.105836
9794	0.105780
2979	0.105778
2274	0.105672
2	0.105640
8709	0.105543
2845	0.105441
6747	0.105304
11646	0.105301
303	0.105267
7757	0.105103
13456	0.104959
13342	0.104959
312	0.104827
7453	0.104577
5296	0.104576
14415	0.104543
9277	0.104543
7676	0.104320
4537	0.104262
12296	0.104198
6244	0.104198
1904	0.104057
4974	0.103671
2275	0.103662
8910	0.103611
9710	0.103579
310	0.103374
7379	0.103126
86	0.102828
4595	0.102721
9709	0.102508
332	0.102463
35	0.102298
335	0.101960
334	0.101960
327	0.101960
305	0.101960
302	0.101960
9024	0.101473
9023	0.101473
9022	0.101473
8949	0.101473
1816	0.101388
524	0.101357
2708	0.101187
14248	0.101128
8047	0.101128
9704	0.101115
4465	0.101028
4468	0.100836
1235	0.100829
7400	0.100814
13942	0.100742
4849	0.099975
4053	0.099970
8635	0.099879
7880	0.099443
8090	0.099415
2847	0.099415
2843	0.099415
2839	0.099415
11988	0.099410
1833	0.099396
2185	0.099345
4169	0.099296
8671	0.099259
9235	0.099251
9230	0.099251
9228	0.099251
9225	0.099251
9224	0.099251
9221	0.099251
9219	0.099251
9214	0.099251
9213	0.099251
9211	0.099251
9209	0.099251
9208	0.099251
9206	0.099251
9193	0.099251
8807	0.099251
8679	0.099251
8677	0.099251
8675	0.099251
8674	0.099251
8673	0.099251
8670	0.099251
8637	0.099251
8633	0.099251
8631	0.099251
8610	0.099251
8591	0.099251
8539	0.099251
8538	0.099251
8537	0.099251
8536	0.099251
8529	0.099251
8526	0.099251
8525	0.099251
8632	0.099251
6443	0.099245
2840	0.099219
13036	0.099166
6278	0.098996
4778	0.098830
14266	0.098428
4596	0.098312
2092	0.098225
330	0.098163
14342	0.098158
329	0.098132
3739	0.098127
6623	0.098116
591	0.098053
12074	0.098036
5747	0.097983
4672	0.097930
1121	0.097922
13545	0.097913
3745	0.097573
12053	0.097521
5302	0.097432
9121	0.097391
9112	0.097391
888	0.097330
4294	0.097267
9361	0.097218
2114	0.097217
9145	0.096873
354	0.096664
2892	0.096627
4977	0.096579
9307	0.096509
220	0.096493
6742	0.096382
321	0.096335
4231	0.096283
1402	0.096277
9942	0.096240
9931	0.096240
9930	0.096240
9921	0.096240
9901	0.096240
9899	0.096240
9895	0.096240
9866	0.096240
9836	0.096240
9832	0.096240
9810	0.096240
9698	0.096240
9636	0.096240
9570	0.096240
9299	0.096240
3940	0.096141
9199	0.096112
8530	0.095979
1285	0.095973
2046	0.095826
8468	0.095782
2978	0.095782
2977	0.095782
9120	0.095777
4111	0.095750
426	0.095607
1265	0.095592
9174	0.095584
1237	0.095544
2423	0.095530
6078	0.095509
9706	0.095467
14290	0.095405
2458	0.095227
224	0.095215
786	0.095210
12043	0.095117
3934	0.095054
10748	0.094975
9834	0.094975
2980	0.094851
9176	0.094808
8809	0.094808
8922	0.094784
9200	0.094773
3654	0.094675
11781	0.094670
4175	0.094615
1837	0.094608
1955	0.094603
3209	0.094516
4168	0.094512
314	0.094463
8636	0.094155
13449	0.094133
4976	0.094053
2821	0.094002
9220	0.093821
2276	0.093780
5500	0.093540
2278	0.093442
7642	0.093435
12357	0.093119
8503	0.093011
5035	0.092948
4450	0.092912
11998	0.092866
4377	0.092845
2621	0.092807
11806	0.092671
4176	0.092640
1458	0.092592
3539	0.092527
6217	0.092479
14263	0.092405
14002	0.092405
14001	0.092405
14000	0.092405
13998	0.092405
13996	0.092405
6666	0.092405
5064	0.092405
4854	0.092405
4852	0.092405
12276	0.092405
129	0.092396
6618	0.092281
1711	0.092252
5413	0.092205
8773	0.092044
6621	0.092044
9150	0.091956
11147	0.091831
4873	0.091825
9210	0.091784
1133	0.091753
155	0.091637
10232	0.091498
4922	0.091359
13698	0.091305
13544	0.091305
340	0.091304
6689	0.091284
6967	0.091284
1300	0.091248
13997	0.091209
2542	0.090975
5588	0.090916
10582	0.090855
308	0.090789
8171	0.090762
9480	0.090698
8533	0.090698
2658	0.090684
4306	0.090662
5348	0.090660
9713	0.090622
306	0.090577
13156	0.090503
10176	0.090503
10087	0.090503
10086	0.090503
1115	0.090229
9248	0.090172
4094	0.089948
1689	0.089848
1030	0.089781
14358	0.089658
9269	0.089651
4121	0.089639
10085	0.089630
10191	0.089594
2522	0.089578
13442	0.089381
14418	0.089287
14417	0.089287
13284	0.089287
13152	0.089287
9795	0.089287
9793	0.089287
9792	0.089287
9791	0.089287
9789	0.089287
9745	0.089287
9163	0.089287
8614	0.089287
8613	0.089287
8177	0.089287
4163	0.089265
6191	0.089194
8076	0.089188
8464	0.089140
9787	0.089051
9786	0.089051
9785	0.089051
9784	0.089051
9783	0.089051
9782	0.089051
9781	0.089051
9778	0.089051
9280	0.089051
8585	0.089051
8567	0.089051
8553	0.089051
10661	0.089044
6127	0.089011
6302	0.088956
6267	0.088956
6465	0.088944
11733	0.088824
351	0.088761
9913	0.088723
13325	0.088677
5245	0.088648
3093	0.088587
1656	0.088491
9215	0.088389
4824	0.088319
8204	0.088207
5123	0.088162
13603	0.088040
13238	0.088040
9553	0.088040
2959	0.088040
12103	0.088040
13541	0.087971
5862	0.087960
685	0.087942
12201	0.087746
10664	0.087611
124	0.087605
11737	0.087472
14416	0.087465
13360	0.087459
4836	0.087318
6697	0.087245
7263	0.087144
2106	0.087073
9686	0.086986
8207	0.086967
4850	0.086836
9232	0.086829
8383	0.086823
6598	0.086542
2170	0.086486
1044	0.086409
7089	0.086366
3921	0.086281
6725	0.086265
6305	0.086166
13030	0.086093
2960	0.085966
4848	0.085848
10800	0.085828
10110	0.085814
1731	0.085808
3283	0.085796
4088	0.085590
2881	0.085529
1951	0.085458
817	0.085452
5510	0.085435
2605	0.085398
6430	0.085354
1123	0.085354
9780	0.085248
12141	0.085184
9202	0.085181
414	0.085176
2660	0.085074
8451	0.085060
4758	0.085033
4120	0.085001
758	0.084980
13334	0.084980
781	0.084882
3588	0.084858
9192	0.084849
2190	0.084823
4262	0.084600
10227	0.084591
6576	0.084472
1238	0.084450
10231	0.084448
1953	0.084400
1954	0.084400
2286	0.084221
12219	0.084212
7606	0.084025
3448	0.083852
2119	0.083760
700	0.083532
8928	0.083461
10553	0.083427
3906	0.083411
5745	0.083408
13054	0.083312
11930	0.083219
633	0.083216
2192	0.083211
6317	0.083057
4118	0.083044
11638	0.083004
3638	0.082989
1346	0.082971
328	0.082921
13517	0.082890
6044	0.082883
981	0.082848
29	0.082761
5423	0.082615
8714	0.082353
9484	0.082311
9483	0.082311
3977	0.082309
4692	0.082274
8740	0.082186
3427	0.082179
4693	0.082178
6605	0.082164
5346	0.082135
1	0.082066
11771	0.082001
8412	0.081999
11298	0.081910
10994	0.081910
9861	0.081846
9819	0.081846
7258	0.081794
14269	0.081747
2521	0.081646
6616	0.081618
3383	0.081535
11212	0.081470
1734	0.081452
4281	0.081438
2659	0.081350
4838	0.081347
1291	0.081201
9414	0.081188
12338	0.081182
9606	0.081143
1078	0.081050
9393	0.081042
3144	0.081035
8813	0.081003
11770	0.080917
2282	0.080910
6767	0.080858
6765	0.080858
6764	0.080858
6920	0.080828
7381	0.080828
2964	0.080713
8180	0.080621
7414	0.080591
9143	0.080478
6242	0.080478
9928	0.080303
13926	0.080173
12954	0.080152
6051	0.079879
341	0.079707
2510	0.079605
6151	0.079549
14303	0.079506
14302	0.079506
14301	0.079506
14300	0.079506
14299	0.079506
13687	0.079454
7167	0.079436
5790	0.079410
9222	0.079410
4165	0.079371
2509	0.079359
10233	0.079335
3320	0.079288
4361	0.079041
599	0.078967
215	0.078922
2450	0.078691
4042	0.078587
3212	0.078585
12143	0.078521
1280	0.078331
12325	0.078129
9237	0.078056
2666	0.078044
7874	0.077995
13928	0.077878
8026	0.077723
6303	0.077683
699	0.077621
13467	0.077573
1304	0.077525
318	0.077454
2062	0.077369
6157	0.077225
251	0.077028
1132	0.077006
1269	0.076924
13320	0.076859
8611	0.076830
9062	0.076650
5299	0.076637
9633	0.076592
9630	0.076592
9628	0.076592
9626	0.076592
9625	0.076592
9624	0.076592
9622	0.076592
9621	0.076592
9620	0.076592
9619	0.076592
9618	0.076592
9615	0.076592
9482	0.076592
6101	0.076556
489	0.076502
12295	0.076216
6243	0.076216
5829	0.076183
997	0.076069
4463	0.076067
5118	0.076022
2828	0.075982
5461	0.075918
85	0.075504
14085	0.075308
4427	0.075302
9700	0.075247
10549	0.075163
11624	0.075128
9244	0.075039
12050	0.075037
5830	0.075020
782	0.075006
696	0.074959
4853	0.074904
3604	0.074851
4240	0.074780
13889	0.074775
6530	0.074752
5305	0.074728
7510	0.074712
333	0.074560
4142	0.074529
532	0.074438
2981	0.074424
1231	0.074423
3974	0.074409
571	0.074384
326	0.074277
6528	0.074134
4855	0.074104
9673	0.074058
2831	0.073992
9460	0.073826
1956	0.073785
7261	0.073766
9578	0.073525
9610	0.073451
5918	0.073438
13999	0.073114
5005	0.073114
13767	0.073113
9195	0.072934
3613	0.072870
141	0.072850
882	0.072679
5197	0.072637
1173	0.072609
7915	0.072600
6064	0.072382
6065	0.072337
830	0.072131
13321	0.072032
12138	0.072020
12137	0.072020
12068	0.072020
11864	0.072020
12116	0.072002
7654	0.071789
3681	0.071702
14233	0.071668
1136	0.071668
9196	0.071661
7655	0.071652
12333	0.071637
6380	0.071564
1457	0.071553
115	0.071514
2281	0.071493
12036	0.071403
613	0.071369
7999	0.071264
11976	0.071248
2188	0.071210
13651	0.071180
6036	0.071144
12182	0.070997
4464	0.070997
4559	0.070866
814	0.070850
4148	0.070823
3907	0.070763
1254	0.070754
11840	0.070745
13050	0.070710
7420	0.070657
5777	0.070612
679	0.070585
1309	0.070499
6007	0.070380
9788	0.070370
4241	0.070355
2773	0.070348
2049	0.070198
5324	0.070181
11680	0.070086
9253	0.070035
9957	0.070017
2844	0.069992
2962	0.069977
1297	0.069662
14004	0.069555
4866	0.069555
14406	0.069278
14405	0.069278
13384	0.069231
2182	0.069175
7883	0.069129
4249	0.069129
4247	0.069129
4246	0.069129
4242	0.069129
4248	0.069127
4244	0.069126
4245	0.069123
4467	0.069114
3443	0.069090
9197	0.069048
12010	0.068943
4301	0.068942
586	0.068931
6307	0.068923
168	0.068921
14186	0.068904
3729	0.068795
324	0.068778
7954	0.068606
6754	0.068565
5183	0.068558
338	0.068535
13659	0.068474
13658	0.068474
3398	0.068313
9204	0.068204
8592	0.068204
10173	0.068191
2172	0.068178
385	0.068056
9455	0.067942
4659	0.067932
881	0.067918
11767	0.067714
10030	0.067709
4958	0.067702
6844	0.067641
11849	0.067518
5063	0.067444
13355	0.067414
10628	0.067367
1117	0.067363
392	0.067335
930	0.067330
4312	0.067200
1640	0.067129
9613	0.067101
13535	0.066879
13634	0.066853
9612	0.066662
1598	0.066590
687	0.066572
12900	0.066529
10698	0.066515
5523	0.066487
238	0.066422
10230	0.066344
3747	0.066284
10330	0.066270
7686	0.066197
2748	0.066152
4037	0.066083
4810	0.066056
63	0.066005
3007	0.065991
3751	0.065959
3750	0.065959
8329	0.065959
2822	0.065953
2599	0.065901
5541	0.065865
1114	0.065845
6179	0.065819
7958	0.065811
5272	0.065806
2950	0.065756
13673	0.065748
13672	0.065748
13671	0.065748
7182	0.065735
10696	0.065700
4334	0.065652
315	0.065637
2661	0.065601
5424	0.065594
10697	0.065580
3870	0.065405
10229	0.065347
2014	0.065264
11679	0.065244
8293	0.065210
12192	0.065181
11226	0.065138
6908	0.065125
3142	0.065082
2186	0.064989
2846	0.064890
1905	0.064847
1777	0.064790
4520	0.064767
13417	0.064763
5996	0.064716
716	0.064637
4857	0.064541
5452	0.064417
1800	0.064371
9436	0.064328
2442	0.064196
