4618	0.240775
3428	0.220372
7224	0.202533
6574	0.202533
5527	0.202533
4235	0.197938
11073	0.196879
11091	0.193374
1030	0.190235
5185	0.190198
4947	0.189837
3429	0.189121
991	0.188783
677	0.184704
10089	0.183580
2871	0.183219
7036	0.181498
11202	0.181409
3441	0.178878
11178	0.177841
2486	0.172899
14128	0.170782
11109	0.168842
9085	0.167733
9086	0.167588
11416	0.167245
10098	0.165981
10550	0.163563
10255	0.162836
3440	0.161030
10275	0.161013
874	0.160928
3425	0.158013
10507	0.157558
2962	0.154602
10274	0.154595
10097	0.154223
12315	0.153531
4204	0.153070
3789	0.151575
10801	0.147459
2708	0.145983
10273	0.145108
4319	0.143120
10245	0.143098
2267	0.138003
5815	0.136227
7422	0.134933
2182	0.133601
6938	0.132602
3715	0.130056
2180	0.126483
3426	0.124592
3986	0.124232
11742	0.117914
5226	0.117914
10249	0.116982
6457	0.116341
2176	0.113085
12367	0.112662
589	0.112070
13054	0.111732
4325	0.111304
5154	0.111113
10589	0.109704
3212	0.109529
3742	0.109221
2709	0.107616
3209	0.107288
1952	0.106538
6415	0.106192
247	0.105742
12414	0.104824
8623	0.104417
4392	0.104214
12241	0.104213
12240	0.104213
8074	0.104213
7294	0.104213
6054	0.104213
4336	0.104213
13265	0.103943
11987	0.103569
10018	0.103397
11658	0.103180
11177	0.102131
7207	0.102116
9938	0.102075
7551	0.102075
7550	0.102075
7539	0.102075
7538	0.102075
4951	0.101825
5366	0.101579
3740	0.099444
3077	0.097823
4842	0.096897
1953	0.096570
1954	0.096570
7205	0.094893
1951	0.094572
1950	0.094459
14	0.094397
6053	0.094120
11989	0.093257
6386	0.093117
9632	0.093008
6830	0.091812
1778	0.091738
2344	0.091023
1734	0.090962
11675	0.090861
6829	0.089996
8855	0.089860
1237	0.089549
876	0.089446
3135	0.087993
2600	0.087958
2097	0.086928
11624	0.086852
474	0.086099
1956	0.085949
3064	0.085730
5672	0.085708
11677	0.085322
4494	0.085322
4493	0.085322
4463	0.084612
5671	0.084237
5582	0.083999
3638	0.083469
5217	0.083466
6259	0.083192
8832	0.083139
5007	0.082951
11638	0.082482
5918	0.082203
4529	0.081956
6056	0.081914
568	0.081653
11112	0.081363
5829	0.081125
6101	0.080433
2831	0.079939
7457	0.079438
5830	0.078955
6530	0.078512
2129	0.077936
6157	0.077928
6528	0.077779
6758	0.077451
3210	0.077389
13204	0.077260
6680	0.077214
6946	0.077208
6963	0.077065
8570	0.076665
6147	0.076512
2297	0.076372
12286	0.076202
3326	0.076197
5942	0.076190
12249	0.076123
5008	0.076123
4321	0.076080
11728	0.075832
8572	0.075819
8569	0.075819
8568	0.075819
12182	0.075800
4464	0.075800
9919	0.075648
7281	0.075318
9562	0.075043
3100	0.075043
492	0.075026
5292	0.074984
3375	0.074584
12283	0.074056
5940	0.074020
5493	0.073950
11729	0.073739
4090	0.073735
12118	0.073449
2083	0.073449
2074	0.073449
1899	0.073449
1896	0.073449
3098	0.073415
6814	0.073208
2753	0.073104
8314	0.072608
5883	0.072576
1085	0.072210
5248	0.071984
5934	0.071854
5933	0.071854
6987	0.071746
14224	0.071708
13391	0.071708
11110	0.071708
5880	0.071262
1178	0.071092
10925	0.070821
3438	0.070223
5177	0.070131
11752	0.069876
8980	0.069755
8978	0.069755
8977	0.069755
8976	0.069755
8940	0.069755
3176	0.069751
11800	0.069724
5583	0.069482
4895	0.069381
12527	0.069212
10638	0.069117
2078	0.069058
6754	0.068717
12048	0.068624
8938	0.068408
10984	0.067990
11402	0.067795
10307	0.067795
1731	0.067691
10308	0.067631
8009	0.067530
10634	0.067168
1359	0.066991
2191	0.066951
3066	0.066882
570	0.066351
11279	0.066343
11940	0.066097
13568	0.065935
2184	0.065931
6216	0.065870
11123	0.065583
3068	0.065470
3823	0.065109
9120	0.065071
354	0.064807
5293	0.064666
10749	0.064562
4000	0.064542
5205	0.064381
5071	0.063815
8922	0.063780
5441	0.063650
11074	0.063527
11076	0.063181
14248	0.063017
8047	0.063017
13942	0.062888
14334	0.062646
12091	0.062628
5048	0.062628
11292	0.062434
14227	0.062341
4792	0.062329
1238	0.062132
10567	0.062115
7511	0.062065
1869	0.062058
10390	0.062039
3538	0.061983
7932	0.061977
11618	0.061854
850	0.061804
4037	0.061743
6480	0.061370
6407	0.061019
3907	0.060894
10427	0.060857
3905	0.060825
8432	0.060802
8431	0.060802
333	0.060772
1199	0.060768
2075	0.060702
7459	0.060562
639	0.060510
6380	0.060377
475	0.060337
7626	0.060201
8877	0.060151
4465	0.059908
487	0.059880
2203	0.059793
7908	0.059779
472	0.059709
7713	0.059551
4135	0.059536
1879	0.059445
2828	0.059298
1132	0.058914
2289	0.058811
9139	0.058738
5876	0.058501
2110	0.058205
10258	0.058010
5009	0.057598
6009	0.057416
4742	0.057416
11904	0.057259
13448	0.057125
9317	0.057046
12101	0.056880
4856	0.056876
10498	0.056863
1177	0.056858
11591	0.056761
7468	0.056622
2967	0.056622
3473	0.056605
6709	0.056404
12591	0.056266
11587	0.056071
8140	0.056053
2298	0.055863
3030	0.055843
7359	0.055706
13331	0.055667
7670	0.055590
3434	0.055507
5225	0.055410
11592	0.055360
10767	0.055354
5343	0.055205
2281	0.055205
3797	0.055172
10277	0.055136
5679	0.055115
4743	0.054933
5946	0.054515
6455	0.054502
1833	0.054359
12044	0.054303
12385	0.054274
5424	0.054220
12573	0.054217
9198	0.054059
12799	0.054024
2249	0.053990
5184	0.053674
591	0.053659
4437	0.053636
5846	0.053595
1535	0.053496
7541	0.053443
716	0.053389
5218	0.053115
2965	0.053069
2230	0.053016
574	0.052987
11015	0.052910
607	0.052585
4497	0.052510
7475	0.052488
10301	0.052444
11988	0.052434
11165	0.052400
10343	0.052278
6718	0.052278
5024	0.052046
10358	0.051966
2107	0.051897
11754	0.051856
1111	0.051846
10454	0.051835
6719	0.051729
12504	0.051632
2185	0.051621
8566	0.051399
3007	0.051376
10734	0.051337
7399	0.051305
1587	0.051289
392	0.051255
2381	0.051145
556	0.051087
13155	0.051009
2197	0.050984
7202	0.050798
2020	0.050661
11753	0.050616
1109	0.050538
5175	0.050486
6010	0.050307
12637	0.050158
6134	0.050128
10334	0.050101
6324	0.050072
7282	0.049960
2170	0.049958
10962	0.049914
9694	0.049859
11599	0.049841
2169	0.049841
10733	0.049820
13070	0.049743
2109	0.049714
11108	0.049678
4596	0.049671
14126	0.049628
14125	0.049628
1808	0.049547
254	0.049352
8471	0.049348
8907	0.049304
12311	0.049265
2823	0.049022
6677	0.048840
12010	0.048773
11966	0.048711
5115	0.048629
4469	0.048570
8113	0.048546
11440	0.048495
11341	0.048495
10920	0.048483
5423	0.048444
7201	0.048379
257	0.048373
5395	0.048323
12134	0.048321
10037	0.048319
7245	0.048312
2181	0.048221
10347	0.048199
5397	0.048194
5396	0.048194
12358	0.048173
2188	0.048152
12400	0.048005
11586	0.048005
2105	0.047950
12188	0.047812
11887	0.047776
4841	0.047695
3389	0.047599
4595	0.047564
14269	0.047410
6935	0.047312
13805	0.047307
5132	0.047307
9493	0.047197
12202	0.047142
3988	0.047142
7478	0.047112
7261	0.047111
592	0.047053
1235	0.047000
13810	0.046984
2698	0.046983
12277	0.046790
8073	0.046790
6150	0.046790
5944	0.046790
5943	0.046790
3977	0.046752
1938	0.046741
9026	0.046631
11565	0.046552
8234	0.046521
6084	0.046495
1743	0.046445
13164	0.046274
14317	0.046229
12017	0.046217
11852	0.046212
1838	0.046103
5882	0.045937
12955	0.045916
620	0.045909
12274	0.045876
8236	0.045876
8235	0.045876
6980	0.045876
6953	0.045876
298	0.045876
1835	0.045781
2981	0.045769
2532	0.045622
2124	0.045571
4692	0.045456
12395	0.045370
5843	0.045351
5383	0.045190
1091	0.045012
4756	0.044993
10214	0.044984
12691	0.044973
683	0.044874
2299	0.044864
875	0.044746
5650	0.044523
4462	0.044484
9433	0.044474
10961	0.044423
6776	0.044284
2803	0.044274
10670	0.044235
323	0.044145
498	0.044118
3987	0.044009
13769	0.044003
4288	0.044003
12145	0.043980
10515	0.043980
5956	0.043980
1758	0.043956
11564	0.043922
5584	0.043906
5585	0.043666
2111	0.043451
11239	0.043414
11238	0.043414
10346	0.043351
6023	0.043345
7970	0.042943
3593	0.042888
5935	0.042779
1120	0.042736
1172	0.042707
7774	0.042693
5641	0.042693
3353	0.042661
5642	0.042659
221	0.042634
2952	0.042550
8901	0.042545
12043	0.042505
10038	0.042504
13247	0.042500
12670	0.042483
1119	0.042398
2177	0.042308
5957	0.042227
7007	0.042224
10639	0.042107
5347	0.041988
11275	0.041950
10099	0.041926
3388	0.041830
969	0.041783
2113	0.041749
11381	0.041680
10963	0.041620
10960	0.041620
10958	0.041620
9545	0.041565
8656	0.041505
10756	0.041443
10812	0.041431
2517	0.041238
11903	0.041169
9123	0.040967
3949	0.040952
8257	0.040949
13374	0.040935
13373	0.040935
11428	0.040934
8317	0.040840
8316	0.040840
3226	0.040835
6220	0.040788
10729	0.040729
4087	0.040688
11349	0.040661
10186	0.040606
10370	0.040587
11344	0.040578
11306	0.040578
10728	0.040578
14218	0.040578
11240	0.040550
10608	0.040472
10896	0.040425
4617	0.040387
10441	0.040384
11934	0.040312
14073	0.040285
10850	0.040214
12732	0.040200
10082	0.040153
5695	0.040140
7977	0.040092
6832	0.040043
9025	0.040011
13264	0.040003
1955	0.039980
5270	0.039979
11968	0.039978
949	0.039978
5745	0.039976
4693	0.039936
2700	0.039872
700	0.039849
11534	0.039828
12764	0.039692
10511	0.039689
6394	0.039611
4376	0.039610
5207	0.039582
9256	0.039565
12756	0.039559
10371	0.039539
7465	0.039468
13087	0.039467
3174	0.039462
8800	0.039461
13854	0.039421
11430	0.039351
11304	0.039351
10763	0.039351
2833	0.039341
5712	0.039291
5711	0.039291
5710	0.039291
55	0.039212
11733	0.039164
2674	0.039112
2522	0.039068
1183	0.039044
10546	0.039039
12636	0.038951
9917	0.038800
5355	0.038714
12502	0.038695
4913	0.038650
2832	0.038545
7506	0.038525
3984	0.038524
8780	0.038523
12066	0.038454
465	0.038438
6732	0.038391
6836	0.038305
6366	0.038304
2175	0.038097
10282	0.038077
5269	0.037990
2186	0.037990
13394	0.037955
2206	0.037949
10491	0.037864
7285	0.037862
10519	0.037715
2227	0.037677
2174	0.037666
3668	0.037558
13105	0.037544
499	0.037500
8040	0.037483
9370	0.037452
2208	0.037440
1236	0.037440
13360	0.037183
11438	0.037149
580	0.037033
9935	0.037024
4129	0.037024
6741	0.037018
8175	0.036985
11011	0.036821
7118	0.036810
10475	0.036722
3998	0.036532
3194	0.036522
3908	0.036473
11409	0.036267
13285	0.036266
5484	0.036248
11357	0.036197
90	0.036196
3133	0.036169
6841	0.036124
11356	0.036116
6835	0.035991
10129	0.035952
4828	0.035951
164	0.035927
5159	0.035923
2585	0.035811
12528	0.035803
2207	0.035774
9094	0.035753
9093	0.035753
9092	0.035753
9065	0.035753
3287	0.035693
13180	0.035631
2183	0.035612
53	0.035600
10389	0.035572
11459	0.035543
11340	0.035543
6329	0.035543
713	0.035542
12836	0.035535
12824	0.035535
8041	0.035489
6138	0.035474
11781	0.035470
10237	0.035436
10076	0.035404
13136	0.035362
10002	0.035323
10077	0.035256
4873	0.035188
10643	0.035180
10151	0.035146
10841	0.034983
12772	0.034973
5272	0.034972
10683	0.034959
316	0.034932
11812	0.034905
8565	0.034868
8461	0.034779
13322	0.034740
9462	0.034732
2118	0.034603
10452	0.034507
11068	0.034404
7544	0.034394
633	0.034296
10109	0.034291
10693	0.034267
2701	0.034265
2171	0.034250
10056	0.034215
13430	0.034208
11072	0.034137
12384	0.034132
11065	0.034129
1185	0.034052
4974	0.034002
877	0.033985
5649	0.033933
11652	0.033918
9066	0.033905
11237	0.033864
5375	0.033802
217	0.033797
4402	0.033732
13244	0.033677
6279	0.033668
10415	0.033668
1347	0.033500
10921	0.033459
11353	0.033459
10715	0.033459
10889	0.033457
3778	0.033359
9346	0.033351
6393	0.033345
11472	0.033335
5382	0.033328
10852	0.033289
11434	0.033282
8307	0.033250
11447	0.033208
3534	0.033171
6761	0.033170
10127	0.033129
4495	0.033129
4660	0.033020
1419	0.033010
13295	0.032963
8209	0.032904
14052	0.032894
10065	0.032894
11298	0.032889
10994	0.032889
12692	0.032818
6472	0.032749
9439	0.032701
11808	0.032688
10331	0.032676
6051	0.032647
10821	0.032641
11552	0.032611
11858	0.032608
3041	0.032572
13384	0.032459
1759	0.032448
8256	0.032440
8660	0.032426
8659	0.032426
8658	0.032426
10032	0.032382
13162	0.032349
10123	0.032349
10440	0.032332
12730	0.032231
5150	0.032129
4134	0.032068
10416	0.032024
4093	0.032009
1420	0.031962
12461	0.031905
13611	0.031898
10556	0.031894
3544	0.031888
9170	0.031852
12237	0.031787
8319	0.031773
4865	0.031699
964	0.031693
13293	0.031684
6934	0.031652
10020	0.031641
2117	0.031603
3341	0.031587
5033	0.031558
6695	0.031558
4799	0.031520
14250	0.031508
10558	0.031508
10555	0.031508
6968	0.031508
11415	0.031507
2280	0.031500
8042	0.031498
2001	0.031425
6319	0.031310
2269	0.031298
2595	0.031213
679	0.031175
2198	0.031153
6317	0.031092
10701	0.031053
10305	0.031037
2810	0.031022
11258	0.030964
8171	0.030952
3636	0.030933
8969	0.030837
10019	0.030785
2889	0.030689
12438	0.030685
1876	0.030659
10376	0.030616
13095	0.030606
6969	0.030606
10959	0.030571
961	0.030561
11211	0.030535
8947	0.030530
12779	0.030491
12431	0.030425
303	0.030423
10256	0.030421
10523	0.030319
676	0.030275
1115	0.030202
3315	0.030184
13665	0.030144
561	0.030073
3963	0.030064
10739	0.030020
10788	0.030019
10777	0.030019
10759	0.030019
11579	0.029978
6625	0.029931
12744	0.029908
12529	0.029899
3961	0.029896
7203	0.029867
2594	0.029866
11055	0.029838
7576	0.029806
12572	0.029764
2453	0.029730
4798	0.029698
11002	0.029677
10751	0.029671
7343	0.029638
590	0.029634
9683	0.029630
500	0.029583
12070	0.029507
4117	0.029489
1567	0.029484
13121	0.029378
4789	0.029378
4788	0.029378
2128	0.029314
10844	0.029313
4878	0.029271
6481	0.029233
14291	0.029161
13675	0.029120
6017	0.029112
9926	0.029094
9925	0.029094
9924	0.029094
9852	0.029094
7773	0.029094
7447	0.029094
5046	0.029069
6280	0.029058
11033	0.029010
678	0.029004
5039	0.028987
963	0.028959
4537	0.028952
3319	0.028936
997	0.028931
120	0.028901
10557	0.028895
12818	0.028889
6727	0.028884
11626	0.028871
12665	0.028858
8497	0.028848
5034	0.028840
13076	0.028795
12357	0.028757
1124	0.028717
3623	0.028717
11575	0.028678
341	0.028672
1964	0.028663
10457	0.028636
3001	0.028569
6954	0.028528
4045	0.028520
5837	0.028486
10280	0.028463
3962	0.028365
9958	0.028364
11350	0.028333
8135	0.028311
1118	0.028305
6892	0.028290
2077	0.028272
12175	0.028252
14249	0.028183
5586	0.028143
11075	0.028046
8636	0.028037
4068	0.028025
12525	0.028018
10548	0.028002
5845	0.027991
7328	0.027948
11902	0.027943
881	0.027857
13569	0.027846
6657	0.027753
11818	0.027749
4109	0.027745
10212	0.027695
14045	0.027670
10432	0.027639
10321	0.027601
8059	0.027595
3418	0.027541
13245	0.027509
10453	0.027430
586	0.027260
5487	0.027258
10208	0.027256
7920	0.027247
5167	0.027217
9997	0.027175
335	0.027172
334	0.027172
327	0.027172
305	0.027172
302	0.027172
8170	0.027153
3175	0.027148
10482	0.027130
2096	0.027126
311	0.027111
7542	0.027062
6688	0.027062
9262	0.027060
1182	0.027049
12521	0.026945
249	0.026933
9870	0.026904
10793	0.026885
10910	0.026877
10808	0.026819
10972	0.026803
11291	0.026772
12238	0.026734
11930	0.026726
2192	0.026705
12553	0.026685
4349	0.026679
3840	0.026636
314	0.026590
