121	0.229659
114	0.228034
1117	0.215496
9258	0.213397
1135	0.209366
14374	0.202894
14363	0.202894
7783	0.202241
3431	0.201774
7020	0.200015
14368	0.199246
14365	0.195409
14364	0.195211
14376	0.191441
14359	0.191441
7998	0.191441
8221	0.190690
14370	0.185099
12229	0.184976
10795	0.184661
14357	0.184595
7787	0.184595
8453	0.184567
14367	0.184435
5403	0.184196
10329	0.183953
12979	0.183727
10403	0.183234
12243	0.183033
1121	0.182455
12218	0.181934
2058	0.181934
1565	0.180351
14373	0.180323
14372	0.180323
14371	0.180323
14362	0.180323
14352	0.180323
14350	0.180323
8455	0.180323
7997	0.180323
7823	0.180323
11355	0.179813
7002	0.178023
7782	0.176298
6430	0.175996
1123	0.175996
115	0.174418
14233	0.174364
1136	0.174364
1122	0.172524
7692	0.170177
1930	0.170051
12242	0.168644
1116	0.168474
14369	0.167927
14366	0.167867
14361	0.167867
14355	0.167867
8456	0.167867
3706	0.167117
7866	0.166037
221	0.162296
1114	0.162019
2827	0.160510
7917	0.160469
12036	0.157943
1119	0.157651
1120	0.157197
13247	0.156803
1113	0.155520
13970	0.154763
4021	0.154481
14375	0.154416
7918	0.154374
14351	0.154294
8891	0.153124
7479	0.152968
13739	0.151082
7999	0.150637
8895	0.147152
11611	0.146825
8894	0.146825
8893	0.146825
6339	0.146825
3439	0.146825
6447	0.146238
14360	0.145925
14219	0.145654
1133	0.144150
1115	0.143512
8392	0.143502
5855	0.142476
3415	0.142367
3837	0.141140
3389	0.140522
3116	0.140482
8447	0.139277
10236	0.138580
6376	0.138447
7495	0.137527
11850	0.137354
9248	0.135441
113	0.135195
187	0.135129
3914	0.133372
11937	0.133367
1694	0.132537
9176	0.131998
8809	0.131998
2105	0.131866
5696	0.131029
9174	0.130441
7228	0.128877
1118	0.128650
3423	0.127424
11607	0.126921
11999	0.126858
4304	0.126847
4302	0.126847
73	0.125334
7288	0.124446
1419	0.124231
12348	0.123833
2764	0.122296
5347	0.121527
2060	0.121366
5642	0.121068
7774	0.121056
5641	0.121056
3166	0.120811
4868	0.119531
4559	0.119196
14418	0.119012
14417	0.119012
13284	0.119012
13152	0.119012
9795	0.119012
9793	0.119012
9792	0.119012
9791	0.119012
9789	0.119012
9745	0.119012
9163	0.119012
8614	0.119012
8613	0.119012
8177	0.119012
4163	0.119004
9794	0.118631
8076	0.118622
4200	0.118521
224	0.116808
10661	0.116471
13508	0.116241
13418	0.115762
5756	0.115289
222	0.114070
8792	0.113721
1420	0.112444
10540	0.111425
3619	0.110953
2052	0.109086
14358	0.108821
9480	0.108432
8533	0.108432
7758	0.108245
5309	0.107986
5433	0.107659
9177	0.107415
9462	0.107115
9439	0.106988
11858	0.106951
1839	0.106567
4111	0.106315
13509	0.105975
1840	0.105964
10050	0.105936
10045	0.105046
3948	0.104676
9201	0.104186
2128	0.101848
8604	0.101712
225	0.101481
34	0.101016
6806	0.100813
1711	0.100625
8611	0.100595
1836	0.100039
5684	0.099419
4294	0.099368
7872	0.099176
8352	0.099174
8351	0.099174
2957	0.099174
2956	0.099174
10156	0.098910
6228	0.098751
4106	0.098711
235	0.098611
879	0.098344
2955	0.098167
2953	0.098167
10088	0.098079
2820	0.097681
4105	0.097408
8615	0.097399
9623	0.097181
6895	0.096825
13850	0.096806
6896	0.096654
2958	0.096134
9415	0.096072
8851	0.096072
8850	0.096072
1673	0.095709
4537	0.095701
9413	0.095446
12909	0.095370
123	0.095281
2954	0.095181
11914	0.095178
4112	0.095072
10286	0.094658
10404	0.094546
2902	0.094153
10410	0.094131
2064	0.093860
4113	0.093840
2108	0.093791
4281	0.093291
578	0.093029
11389	0.092948
11224	0.092929
10914	0.092851
6465	0.092671
9787	0.092633
9786	0.092633
9785	0.092633
9784	0.092633
9783	0.092633
9782	0.092633
9781	0.092633
9778	0.092633
9280	0.092633
8585	0.092633
8567	0.092633
8553	0.092633
10411	0.092305
6151	0.091881
9780	0.091560
11566	0.091256
8180	0.091018
5476	0.090384
9226	0.090184
9217	0.090184
8534	0.090184
7827	0.090149
8882	0.090121
4201	0.090121
4231	0.089927
9207	0.089788
9205	0.089788
8528	0.089788
4078	0.089342
9913	0.089222
5796	0.089093
8892	0.088904
4305	0.088871
6197	0.088790
9199	0.088290
3333	0.088166
1458	0.088065
2123	0.088016
9729	0.087955
3416	0.087953
3590	0.087714
8451	0.087612
5033	0.087507
2102	0.087501
7757	0.087346
9145	0.087322
2280	0.087088
6742	0.087056
8487	0.087039
2952	0.086498
118	0.086431
7659	0.086375
4168	0.086180
8625	0.086159
2104	0.086007
3421	0.085983
13665	0.085924
9178	0.085754
823	0.085634
6532	0.085346
14395	0.085272
7891	0.085272
5034	0.085092
122	0.084780
2121	0.084686
14416	0.084552
6501	0.084540
3588	0.084394
9244	0.083552
11243	0.083327
11930	0.083040
2192	0.083028
7888	0.082128
14404	0.082090
14400	0.082090
8143	0.082090
8096	0.082090
5791	0.081931
7767	0.081740
2014	0.081710
9709	0.081622
9702	0.081096
6077	0.080810
2103	0.080609
7622	0.080132
2199	0.079671
3680	0.079571
1833	0.079561
2190	0.079498
2204	0.079493
4538	0.079441
2114	0.079340
8628	0.079136
7752	0.079025
7954	0.078854
1260	0.078810
2708	0.078790
7510	0.078686
3667	0.078477
10497	0.078441
9673	0.078395
11625	0.078295
14407	0.078273
13738	0.078224
13731	0.078224
13706	0.078224
2195	0.078096
11407	0.077968
1006	0.077920
13707	0.077816
7606	0.077721
1517	0.077638
14415	0.077549
9277	0.077549
11429	0.077373
11324	0.077373
11034	0.077127
2831	0.077089
5555	0.076965
1109	0.076962
4542	0.076899
9152	0.076708
6149	0.076627
14266	0.076227
1132	0.076132
14379	0.075978
2522	0.075965
7889	0.075904
6278	0.075577
8531	0.075576
9168	0.075499
1837	0.075465
2828	0.075271
6351	0.074919
304	0.074826
9796	0.074776
8008	0.074750
6473	0.074731
9818	0.074670
9693	0.074670
12918	0.074642
6557	0.074564
6102	0.074497
14433	0.074461
14410	0.074367
14409	0.074367
14408	0.074367
7919	0.074367
7887	0.074259
9477	0.074179
9481	0.074132
9479	0.074132
9478	0.074132
9476	0.074132
9475	0.074132
9473	0.074132
9472	0.074132
9471	0.074132
9470	0.074132
9468	0.074132
9345	0.074132
8667	0.074132
8665	0.074132
8664	0.074132
8663	0.074132
8662	0.074132
8630	0.074132
8629	0.074132
8627	0.074132
8626	0.074132
7276	0.074026
5296	0.073932
4485	0.073871
5035	0.073866
6017	0.073847
119	0.073818
4795	0.073814
8535	0.073766
6904	0.073654
7920	0.073387
11307	0.073334
5176	0.073240
7655	0.073188
699	0.072625
7654	0.072554
10538	0.072536
14393	0.072441
14377	0.072441
877	0.072409
2202	0.072175
3741	0.072061
6519	0.072043
1025	0.071855
5164	0.071821
5163	0.071821
6395	0.071767
7960	0.071745
14398	0.071663
14383	0.071663
8454	0.071663
7916	0.071663
7083	0.071663
7784	0.071655
7211	0.071611
7890	0.071506
13075	0.071388
8634	0.071210
9231	0.071170
8584	0.070986
9788	0.070920
6889	0.070757
4216	0.070637
13394	0.070615
11079	0.070540
11078	0.070540
10999	0.070540
8650	0.070540
39	0.070539
2110	0.070339
12511	0.070297
2567	0.070198
4836	0.070092
9218	0.069773
5187	0.069734
6695	0.069638
2286	0.069615
11425	0.069276
10379	0.069276
7227	0.069216
11733	0.069100
10953	0.069059
11401	0.068730
11399	0.068730
2197	0.068651
582	0.068610
6754	0.068557
5452	0.068556
686	0.068543
1427	0.068397
6566	0.068237
4533	0.068076
414	0.067582
1024	0.067385
10566	0.067369
5442	0.066961
4427	0.066531
6013	0.066430
777	0.066062
9135	0.065989
3504	0.065833
6169	0.065785
1656	0.065712
9711	0.065707
9708	0.065707
9707	0.065707
9705	0.065707
9703	0.065707
9699	0.065645
1030	0.064993
5604	0.064921
4520	0.064834
11681	0.064617
2510	0.064580
9175	0.064560
9173	0.064560
8831	0.064560
8830	0.064560
7688	0.064560
10965	0.064511
2509	0.064510
10667	0.064424
7915	0.064422
12820	0.064302
5862	0.064252
2106	0.064096
2107	0.064093
9150	0.063797
1853	0.063714
4306	0.063497
4595	0.063363
4412	0.063300
6449	0.063226
11920	0.063217
3927	0.063217
3868	0.063217
4414	0.063157
3213	0.063115
13748	0.063034
4596	0.063016
12226	0.063016
3969	0.063016
2174	0.063011
9912	0.062920
9911	0.062920
5905	0.062665
13704	0.062571
13702	0.062571
6707	0.062489
4731	0.062489
4675	0.062489
13721	0.062469
13709	0.062469
4839	0.062343
10760	0.062236
3681	0.062216
2182	0.062202
6208	0.062040
3430	0.062025
9806	0.061942
9805	0.061942
9802	0.061942
9801	0.061942
8709	0.061917
7258	0.061909
8886	0.061901
7317	0.061789
7316	0.061789
7174	0.061789
6338	0.061789
3598	0.061787
5413	0.061718
9474	0.061713
6961	0.061713
7864	0.061685
3536	0.061674
8845	0.061556
11919	0.061526
9153	0.061465
7172	0.061454
4154	0.061384
3539	0.061204
7115	0.061053
11362	0.061000
1235	0.060937
3778	0.060811
11968	0.060717
949	0.060717
2111	0.060666
10902	0.060631
13265	0.060590
8676	0.060578
6036	0.060546
10030	0.060495
3817	0.060422
11658	0.060378
3751	0.060267
3750	0.060267
2173	0.060101
6747	0.060084
713	0.059840
4650	0.059749
2170	0.059738
792	0.059618
2246	0.059425
8903	0.059415
8902	0.059415
9710	0.059361
117	0.059262
10862	0.059166
13076	0.059141
3867	0.059139
3091	0.059095
3089	0.059095
3088	0.059095
14147	0.059083
3090	0.059083
14148	0.059002
13421	0.058952
9993	0.058893
3427	0.058884
764	0.058810
6704	0.058775
7223	0.058758
698	0.058730
1265	0.058712
10863	0.058675
1019	0.058564
5123	0.058544
7502	0.058541
7947	0.058535
7400	0.058532
14146	0.058412
7676	0.058363
5461	0.058338
13634	0.058310
13535	0.058298
14107	0.058173
5177	0.058140
4452	0.058084
4511	0.058038
3739	0.058030
1457	0.057969
3549	0.057941
9064	0.057876
11712	0.057865
13485	0.057816
13468	0.057816
10698	0.057722
1586	0.057662
13673	0.057553
13672	0.057553
13671	0.057553
3784	0.057500
10696	0.057475
10697	0.057434
9253	0.057375
6018	0.057313
7453	0.057235
2188	0.057230
13036	0.057165
882	0.057080
3745	0.057078
12053	0.057032
10839	0.057030
43	0.056994
3934	0.056896
2566	0.056756
141	0.056753
14342	0.056730
1346	0.056543
8304	0.056455
6623	0.056424
9302	0.056424
10838	0.056341
2113	0.056302
8000	0.056162
9761	0.055885
1125	0.055820
7569	0.055812
8772	0.055805
5571	0.055703
1817	0.055610
3906	0.055533
793	0.055481
1128	0.055426
3929	0.055096
3928	0.055096
2962	0.055072
2372	0.055010
4832	0.054984
2479	0.054914
14093	0.054876
5186	0.054568
8618	0.054451
9861	0.054275
9819	0.054275
14061	0.054192
3700	0.054169
11256	0.054041
9311	0.053979
12626	0.053950
7966	0.053886
4142	0.053855
492	0.053794
14406	0.053655
14405	0.053655
11922	0.053570
2949	0.053550
758	0.053520
8468	0.053492
2978	0.053492
2977	0.053492
8346	0.053228
8345	0.053228
2821	0.053199
8714	0.053082
9237	0.052988
104	0.052829
7323	0.052742
8740	0.052718
820	0.052708
2659	0.052646
12010	0.052503
6429	0.052468
10594	0.052337
14382	0.052255
2191	0.052242
10097	0.052120
8565	0.052115
874	0.052101
2968	0.052059
1039	0.052047
6127	0.052007
2097	0.051991
679	0.051975
2446	0.051905
9121	0.051900
9112	0.051900
3716	0.051787
2203	0.051723
8726	0.051708
888	0.051702
7029	0.051688
9748	0.051684
1022	0.051643
9489	0.051612
4071	0.051612
4070	0.051612
4069	0.051612
9633	0.051604
9630	0.051604
9628	0.051604
9626	0.051604
9625	0.051604
9624	0.051604
9622	0.051604
9621	0.051604
9620	0.051604
9619	0.051604
9618	0.051604
9615	0.051604
9482	0.051604
9192	0.051562
7480	0.051371
5790	0.051328
2109	0.051283
7065	0.051275
6725	0.051143
13293	0.051116
11682	0.051096
8114	0.051074
13807	0.050971
8712	0.050968
8303	0.050968
8302	0.050968
7362	0.050968
6359	0.050968
3388	0.050961
2281	0.050927
6202	0.050920
8710	0.050852
8711	0.050793
6307	0.050759
11918	0.050717
8732	0.050716
10757	0.050665
64	0.050543
4799	0.050449
11806	0.050430
11982	0.050337
5414	0.050337
5412	0.050337
5330	0.050233
13712	0.050211
2	0.050114
7178	0.050069
2248	0.050043
7880	0.050041
14380	0.049963
8075	0.049963
2844	0.049956
6168	0.049941
7015	0.049775
6081	0.049698
1097	0.049689
6117	0.049571
12182	0.049558
4464	0.049558
2979	0.049554
9609	0.049505
9580	0.049505
2660	0.049424
4798	0.049390
307	0.049377
4922	0.049339
11166	0.049276
3974	0.049261
9331	0.049240
12915	0.049143
12914	0.049143
4848	0.049124
295	0.049118
8176	0.049065
4625	0.049065
1245	0.049063
3879	0.049058
129	0.048905
9980	0.048846
2825	0.048741
13050	0.048723
12212	0.048700
5496	0.048694
4463	0.048557
3955	0.048528
1254	0.048491
2824	0.048491
9200	0.048424
9195	0.048402
1327	0.048392
2247	0.048324
10642	0.048278
12030	0.048237
10098	0.048215
573	0.048159
1755	0.048096
12041	0.048074
9204	0.048003
8592	0.048003
286	0.047993
9831	0.047992
12252	0.047938
9610	0.047874
489	0.047869
13222	0.047816
5712	0.047791
5711	0.047791
5710	0.047791
3498	0.047776
609	0.047774
1829	0.047768
4857	0.047747
5745	0.047698
13444	0.047381
8874	0.047259
268	0.047183
13325	0.047139
2621	0.047044
4763	0.047041
13938	0.047039
9855	0.047024
8713	0.047024
1231	0.047016
2124	0.046953
404	0.046933
9118	0.046887
5240	0.046795
5844	0.046782
3548	0.046757
8793	0.046636
8771	0.046636
8770	0.046636
8769	0.046636
8746	0.046636
8745	0.046636
8396	0.046636
2941	0.046635
1285	0.046612
6352	0.046565
8087	0.046560
3306	0.046559
7614	0.046552
7613	0.046552
3921	0.046550
2658	0.046500
7176	0.046428
3592	0.046273
5734	0.046259
9713	0.046170
3613	0.046135
8004	0.046087
7830	0.046050
13224	0.045973
11964	0.045956
2092	0.045835
6156	0.045785
12201	0.045627
1011	0.045570
4811	0.045565
8377	0.045528
2600	0.045461
9347	0.045421
7078	0.045385
9453	0.045356
3185	0.045352
5636	0.045343
10337	0.045316
5277	0.045309
14011	0.045296
14010	0.045296
1476	0.045296
1474	0.045296
3420	0.045284
13904	0.045252
8258	0.045246
1111	0.045209
5523	0.045194
5746	0.045156
6834	0.045153
1847	0.045107
5258	0.045084
13521	0.045081
7420	0.044930
31	0.044891
9062	0.044782
4486	0.044743
13460	0.044725
13442	0.044671
1189	0.044572
2122	0.044549
13603	0.044315
13238	0.044315
9553	0.044315
2959	0.044315
12103	0.044315
3676	0.044310
13423	0.044286
997	0.044220
9616	0.044180
4143	0.044163
13541	0.044160
9578	0.044119
3979	0.044108
9210	0.044003
9506	0.043978
3446	0.043939
10664	0.043912
11646	0.043893
4453	0.043836
320	0.043833
2960	0.043479
6240	0.043417
2172	0.043414
9612	0.043403
7160	0.043337
9613	0.043300
12012	0.043296
6113	0.043284
7554	0.043249
2835	0.043226
3954	0.043215
6638	0.043203
3476	0.043195
6443	0.043166
7807	0.043155
2981	0.043142
11056	0.043124
4958	0.043117
8464	0.043084
1979	0.043056
8671	0.042989
9235	0.042987
9230	0.042987
9228	0.042987
9225	0.042987
9224	0.042987
9221	0.042987
9219	0.042987
9214	0.042987
9213	0.042987
9211	0.042987
9209	0.042987
9208	0.042987
9206	0.042987
9193	0.042987
8807	0.042987
8679	0.042987
8677	0.042987
8675	0.042987
8674	0.042987
8673	0.042987
8670	0.042987
8637	0.042987
8633	0.042987
8631	0.042987
8610	0.042987
8591	0.042987
8539	0.042987
8538	0.042987
8537	0.042987
8536	0.042987
8529	0.042987
8526	0.042987
8525	0.042987
8632	0.042987
4169	0.042982
