7828	0.449839
1861	0.414584
3902	0.399324
5915	0.359653
5916	0.323867
5788	0.254392
6225	0.242402
5925	0.238246
5924	0.238204
5920	0.238204
76	0.224528
3478	0.223478
9053	0.210922
9052	0.210922
9051	0.210922
461	0.208758
1918	0.199365
11661	0.192428
5425	0.184226
3435	0.177549
5917	0.171453
4950	0.165160
7719	0.164877
5320	0.153296
11639	0.141396
641	0.139493
6697	0.137977
2182	0.134667
9054	0.133283
1455	0.130385
13732	0.129936
2548	0.128392
2628	0.127615
2627	0.127615
2547	0.126518
8383	0.125911
10628	0.124733
6126	0.124449
6125	0.124449
6844	0.123105
2267	0.123093
9119	0.121697
5533	0.121697
5497	0.121439
1030	0.121312
4764	0.121039
4832	0.120950
4025	0.119836
680	0.119390
3899	0.118871
10837	0.117417
1781	0.115652
3078	0.114802
1414	0.114539
50	0.114356
891	0.112378
4001	0.110913
1629	0.110398
4398	0.109652
4934	0.109269
4308	0.108048
2708	0.107866
12058	0.107480
13252	0.107207
13251	0.107207
5923	0.107095
5239	0.106679
3809	0.105662
2962	0.105409
8248	0.105004
4725	0.104717
1417	0.103208
3735	0.103166
13515	0.103046
2544	0.102554
12299	0.102084
12298	0.102084
3583	0.102084
1472	0.101772
10675	0.101690
4652	0.100941
2614	0.100638
9367	0.100495
1415	0.100313
12191	0.099915
4031	0.099391
12314	0.099129
8749	0.099129
8748	0.099129
8792	0.098500
12178	0.096710
10098	0.096519
10097	0.096512
8452	0.094725
8449	0.094725
13025	0.094722
13024	0.094722
13022	0.094722
8486	0.094722
11701	0.094652
4394	0.094238
4404	0.094141
4406	0.093959
5946	0.093608
1471	0.093239
2181	0.092787
9072	0.092213
10018	0.091687
4399	0.091470
13812	0.091428
8265	0.091428
13270	0.091339
9124	0.090779
4944	0.090766
4943	0.090766
4882	0.090704
5918	0.090697
11835	0.090353
4409	0.090353
4396	0.090336
13881	0.090242
8964	0.090242
8063	0.090242
8109	0.090151
1634	0.089768
1789	0.089513
8264	0.089460
8965	0.088661
14096	0.087587
2620	0.087578
8463	0.087521
5217	0.087034
1867	0.086677
2997	0.086426
1766	0.086243
2351	0.085646
2350	0.085646
2348	0.085646
2346	0.085646
9358	0.085292
4400	0.085279
3652	0.084745
294	0.084531
3279	0.083823
10878	0.083638
4835	0.083407
3099	0.082987
13059	0.082805
12334	0.082805
6549	0.082805
6550	0.082608
5922	0.082037
2179	0.081984
11365	0.080856
11270	0.080856
10957	0.080856
7144	0.080856
8847	0.080851
11164	0.080368
11297	0.080325
9873	0.079335
9541	0.078510
10916	0.078291
2613	0.078251
9891	0.078095
241	0.078013
2642	0.077645
1854	0.077337
274	0.077217
9804	0.077207
2178	0.077046
2696	0.077046
1368	0.077005
1243	0.076872
9175	0.076749
9173	0.076749
8831	0.076749
8830	0.076749
7688	0.076749
206	0.076545
14230	0.076032
14229	0.076032
13886	0.076032
8714	0.075876
6702	0.075861
5238	0.075255
1344	0.075029
5237	0.074880
6117	0.074784
12669	0.074137
5919	0.073787
1112	0.073705
2347	0.073703
9725	0.073538
1009	0.073535
9415	0.073521
8851	0.073521
8850	0.073521
806	0.073091
9366	0.072954
9365	0.072954
9364	0.072954
9363	0.072954
9359	0.072954
8869	0.072954
8849	0.072954
8848	0.072954
8846	0.072954
3952	0.072951
12687	0.072900
10110	0.072580
930	0.072536
5768	0.072492
4838	0.072471
10800	0.072405
10458	0.072054
14078	0.072019
9145	0.071987
9297	0.071806
6742	0.071784
12338	0.071604
4651	0.071592
7370	0.071494
4847	0.071494
2615	0.071455
6188	0.071337
225	0.071217
4755	0.071190
6920	0.071186
7381	0.071186
7414	0.071180
8319	0.071088
4306	0.071068
1520	0.071063
882	0.070910
4240	0.070821
10459	0.070788
12954	0.070607
4540	0.070589
3383	0.070571
1659	0.070504
4543	0.070471
14052	0.070364
10065	0.070364
12844	0.069895
12843	0.069895
12841	0.069895
12840	0.069895
4650	0.069657
6253	0.069603
751	0.069385
3161	0.069350
847	0.069344
665	0.069231
12360	0.069039
7711	0.069039
14303	0.068881
14302	0.068881
14301	0.068881
14300	0.068881
14299	0.068881
7167	0.068839
12414	0.068649
261	0.068605
800	0.068448
10615	0.068358
1270	0.068295
3209	0.068292
227	0.068177
5107	0.068092
2991	0.068012
3582	0.067880
6250	0.067852
1447	0.067795
1456	0.067693
2838	0.067603
1248	0.067594
11667	0.067574
1862	0.067263
3350	0.066919
13054	0.066917
3579	0.066865
6295	0.066830
10106	0.066636
6891	0.066563
4241	0.066551
1863	0.066515
8068	0.066476
788	0.066243
2879	0.066134
6506	0.066099
12209	0.066096
5875	0.066096
188	0.066088
9503	0.066000
166	0.065912
7114	0.065899
11849	0.065621
12403	0.065540
57	0.065536
7288	0.065277
1529	0.065274
2177	0.065234
3074	0.065233
438	0.065195
6454	0.065119
4389	0.065100
6456	0.065084
12138	0.064994
12137	0.064994
12068	0.064994
11864	0.064994
5460	0.064824
4965	0.064733
874	0.064443
7162	0.064274
5709	0.064048
2444	0.063974
6882	0.063963
3247	0.063963
5708	0.063873
6458	0.063231
9204	0.063222
8592	0.063222
9360	0.063215
1768	0.063209
2518	0.063181
4155	0.063133
3747	0.063095
3212	0.063068
2435	0.063028
5555	0.062651
127	0.062619
8800	0.062504
239	0.062468
120	0.062466
12277	0.062218
8073	0.062218
6150	0.062218
5944	0.062218
5943	0.062218
11976	0.062035
7154	0.061874
638	0.061829
7883	0.061742
4249	0.061742
4247	0.061742
4246	0.061742
4242	0.061742
4248	0.061742
4244	0.061737
4245	0.061722
10894	0.061718
1661	0.061698
6017	0.061660
9943	0.061632
3135	0.061573
4312	0.061529
1291	0.061479
1345	0.061425
10740	0.061407
3741	0.061383
3204	0.061346
2575	0.061197
7920	0.061139
4523	0.061100
11653	0.060978
8661	0.060916
11628	0.060885
6907	0.060885
6822	0.060828
876	0.060778
11968	0.060689
949	0.060689
2579	0.060611
2171	0.060595
10294	0.060105
4216	0.060078
4114	0.060065
3443	0.060010
11989	0.059895
8489	0.059882
1640	0.059774
6167	0.059618
671	0.059392
55	0.059162
9302	0.059160
12381	0.059133
10617	0.059123
2414	0.059074
1297	0.059064
10632	0.058992
1917	0.058984
3879	0.058923
4407	0.058899
11711	0.058862
686	0.058825
8923	0.058783
13355	0.058690
14186	0.058658
7420	0.058625
3996	0.058526
9992	0.058411
1653	0.058229
1280	0.058215
4797	0.058197
5296	0.058147
9215	0.058002
4824	0.057996
1644	0.057958
2372	0.057903
5844	0.057890
1905	0.057829
12862	0.057808
5240	0.057756
10378	0.057734
10377	0.057731
2535	0.057669
1309	0.057659
1579	0.057465
3203	0.057419
13314	0.057400
2047	0.057388
6213	0.057365
13580	0.057260
7052	0.057199
6251	0.057165
6249	0.057165
1929	0.057120
51	0.057118
745	0.057055
11812	0.056965
11084	0.056878
11083	0.056878
9380	0.056878
9378	0.056878
9376	0.056878
9374	0.056878
7339	0.056878
7338	0.056878
7335	0.056878
7334	0.056878
7336	0.056869
7347	0.056786
6440	0.056753
13638	0.056733
141	0.056635
12072	0.056593
8203	0.056593
932	0.056593
931	0.056593
1526	0.056427
11784	0.056381
231	0.056377
12131	0.056302
2641	0.056302
2640	0.056302
1416	0.056208
7333	0.056154
424	0.056053
697	0.056003
1231	0.055964
4144	0.055889
814	0.055828
10105	0.055696
2621	0.055641
46	0.055603
2517	0.055523
8972	0.055523
9633	0.055517
9630	0.055517
9628	0.055517
9626	0.055517
9625	0.055517
9624	0.055517
9622	0.055517
9621	0.055517
9620	0.055517
9619	0.055517
9618	0.055517
9615	0.055517
9482	0.055517
13994	0.055505
7931	0.055505
6729	0.055435
830	0.055434
14241	0.055306
2186	0.055292
14118	0.055284
12359	0.055283
6468	0.055283
11829	0.055247
4525	0.055247
4239	0.055229
9860	0.055193
6908	0.055165
3867	0.055133
4252	0.055117
1984	0.055093
1359	0.054984
9942	0.054974
9931	0.054974
9930	0.054974
9921	0.054974
9901	0.054974
9899	0.054974
9895	0.054974
9866	0.054974
9836	0.054974
9832	0.054974
9810	0.054974
9698	0.054974
9636	0.054974
9570	0.054974
9299	0.054974
6952	0.054948
4378	0.054932
4644	0.054897
4574	0.054823
4453	0.054794
307	0.054737
3929	0.054620
3928	0.054620
11906	0.054599
13552	0.054576
13511	0.054576
13507	0.054576
5068	0.054539
6944	0.054529
5069	0.054459
13222	0.054452
1695	0.054239
11920	0.054225
3927	0.054225
3868	0.054225
8889	0.054107
6956	0.054100
6955	0.054029
5219	0.054008
4301	0.053994
12249	0.053979
5008	0.053979
8963	0.053978
3326	0.053941
6449	0.053885
6814	0.053864
4243	0.053817
2765	0.053795
7825	0.053746
1913	0.053728
7239	0.053691
7458	0.053613
3314	0.053541
6264	0.053510
3784	0.053314
6294	0.053310
4391	0.053246
8938	0.053128
8604	0.053121
5758	0.053012
7921	0.053008
629	0.052905
3774	0.052890
1519	0.052809
2618	0.052805
12066	0.052802
7826	0.052725
6127	0.052597
4121	0.052591
13500	0.052524
13763	0.052471
1777	0.052460
1187	0.052456
11148	0.052420
6149	0.052290
6781	0.052289
9098	0.052283
5354	0.052266
8886	0.052144
5045	0.052124
195	0.052085
7933	0.052009
347	0.052009
5942	0.051998
9572	0.051940
10010	0.051863
7942	0.051858
2999	0.051853
1798	0.051836
8980	0.051824
8978	0.051824
8977	0.051824
8976	0.051824
8940	0.051824
11919	0.051799
3841	0.051746
9269	0.051660
2580	0.051655
11432	0.051652
10616	0.051652
5940	0.051534
9307	0.051508
5479	0.051440
7894	0.051393
12541	0.051387
2875	0.051340
11077	0.051307
1341	0.051245
1656	0.051175
8712	0.051167
8303	0.051167
8302	0.051167
7362	0.051167
6359	0.051167
9623	0.051145
6202	0.051117
10136	0.051099
1439	0.051060
9130	0.050850
9113	0.050850
5318	0.050821
11739	0.050802
6370	0.050705
11234	0.050673
6049	0.050663
9508	0.050593
858	0.050512
1767	0.050509
3386	0.050484
8711	0.050439
6435	0.050435
8732	0.050427
2908	0.050400
6971	0.050288
8710	0.050276
1892	0.050241
10474	0.050187
1850	0.050175
9606	0.050166
5921	0.050131
3600	0.050089
6600	0.050060
3746	0.050036
12247	0.050026
11817	0.050025
6990	0.050025
11985	0.049935
8147	0.049935
8100	0.049935
8086	0.049935
8085	0.049935
8084	0.049935
11212	0.049925
1950	0.049924
4660	0.049897
2709	0.049806
11860	0.049701
3643	0.049697
3068	0.049592
8707	0.049574
3743	0.049420
3644	0.049399
79	0.049382
1308	0.049379
7553	0.049365
639	0.049341
98	0.049322
10198	0.049309
4661	0.049235
12585	0.049106
6732	0.049012
2600	0.048990
9025	0.048914
6802	0.048849
13131	0.048744
3840	0.048732
4856	0.048604
72	0.048532
286	0.048314
888	0.048114
3751	0.048104
3750	0.048104
8845	0.048084
8208	0.048078
7182	0.047960
299	0.047918
10031	0.047894
10456	0.047802
10723	0.047582
9121	0.047484
9112	0.047484
10084	0.047377
276	0.047366
2080	0.047312
3665	0.047298
4045	0.047282
5748	0.047201
41	0.047168
5252	0.047040
5443	0.047034
9457	0.046875
4152	0.046875
1856	0.046847
4408	0.046802
6926	0.046742
820	0.046694
88	0.046657
7473	0.046633
6081	0.046540
9613	0.046490
1303	0.046472
8502	0.046472
2274	0.046472
3828	0.046469
4191	0.046423
11233	0.046412
9381	0.046412
3064	0.046386
2845	0.046386
8855	0.046325
6829	0.046295
8832	0.046278
7003	0.046165
3632	0.046082
6676	0.046065
7536	0.046056
10830	0.046054
1660	0.046020
11910	0.045992
9538	0.045964
7178	0.045907
11971	0.045830
1683	0.045828
2097	0.045827
1743	0.045811
3708	0.045776
4767	0.045675
3562	0.045631
6557	0.045516
4000	0.045471
11896	0.045350
13523	0.045299
1639	0.045291
3995	0.045288
4839	0.045252
8974	0.045082
9919	0.045077
12116	0.045008
1082	0.044987
9928	0.044968
12909	0.044935
390	0.044919
9413	0.044918
3649	0.044895
9612	0.044878
5009	0.044839
1986	0.044767
3827	0.044701
7864	0.044676
3083	0.044665
12125	0.044638
3053	0.044568
8950	0.044560
116	0.044550
13721	0.044485
13709	0.044485
8676	0.044446
11121	0.044443
901	0.044403
507	0.044389
6605	0.044370
2045	0.044250
7714	0.044244
2549	0.044237
699	0.044236
1842	0.044231
2144	0.044175
11988	0.044132
6830	0.044126
10950	0.044115
5905	0.044089
3170	0.044051
520	0.043996
2472	0.043921
4766	0.043853
1692	0.043813
5007	0.043778
7024	0.043754
4921	0.043743
11702	0.043699
11873	0.043657
1304	0.043650
6708	0.043555
1848	0.043501
4709	0.043455
3062	0.043422
5348	0.043398
8829	0.043389
8619	0.043364
7371	0.043336
11977	0.043313
5883	0.043292
5735	0.043230
1207	0.043216
8391	0.043197
3087	0.043197
5880	0.043056
10506	0.042990
1045	0.042990
4401	0.042958
7053	0.042943
3773	0.042940
4659	0.042936
484	0.042933
11918	0.042923
11902	0.042888
5934	0.042855
5933	0.042855
3805	0.042849
9192	0.042754
4180	0.042753
6501	0.042734
6623	0.042716
1651	0.042713
9090	0.042686
6208	0.042607
8531	0.042581
14342	0.042534
513	0.042529
1829	0.042421
6077	0.042314
11065	0.042310
7240	0.042291
4724	0.042253
5505	0.042183
10642	0.042182
3804	0.042174
2658	0.042171
10640	0.042154
9091	0.042143
10776	0.042109
2944	0.042047
3753	0.042043
2584	0.041923
2673	0.041923
10451	0.041916
13693	0.041908
12250	0.041816
1893	0.041801
9831	0.041801
890	0.041770
6834	0.041762
14119	0.041757
7022	0.041728
6078	0.041726
3604	0.041711
9581	0.041707
9436	0.041704
2440	0.041679
797	0.041661
14427	0.041620
13148	0.041557
13147	0.041557
7892	0.041557
6298	0.041557
6297	0.041557
5142	0.041525
8932	0.041507
9999	0.041490
6198	0.041471
10862	0.041457
5572	0.041412
3960	0.041353
3956	0.041353
3837	0.041338
6709	0.041302
1421	0.041245
12120	0.041131
3993	0.041131
5197	0.041120
4538	0.041090
11813	0.041068
10863	0.041066
6636	0.040960
11660	0.040843
1678	0.040835
2343	0.040699
12073	0.040606
9033	0.040596
9075	0.040540
13626	0.040535
13425	0.040535
9034	0.040535
7194	0.040492
9953	0.040435
6656	0.040369
13484	0.040192
8615	0.040162
11158	0.040135
8892	0.040117
1633	0.040116
3998	0.040030
10192	0.040009
10184	0.040009
6334	0.040006
5310	0.039929
10356	0.039887
6055	0.039866
1747	0.039857
12856	0.039845
2538	0.039843
1375	0.039822
767	0.039803
9611	0.039800
5061	0.039661
606	0.039658
12692	0.039658
4363	0.039471
3964	0.039391
758	0.039373
1228	0.039369
4497	0.039349
2422	0.039341
6960	0.039317
674	0.039317
673	0.039317
664	0.039317
657	0.039317
652	0.039317
646	0.039317
189	0.039317
649	0.039278
5684	0.039231
1232	0.039187
1229	0.039187
3140	0.039159
3636	0.039126
4160	0.039097
4734	0.039063
5291	0.039054
8709	0.039047
3729	0.039034
9338	0.039004
9231	0.039002
8634	0.038994
12300	0.038990
11680	0.038979
92	0.038939
73	0.038851
7824	0.038823
1252	0.038808
644	0.038745
12961	0.038652
4554	0.038652
3213	0.038615
2730	0.038587
1190	0.038556
1852	0.038543
161	0.038523
6818	0.038366
2968	0.038357
9039	0.038328
1792	0.038323
7532	0.038320
7358	0.038320
660	0.038313
13510	0.038305
4881	0.038294
4639	0.038277
4635	0.038277
4634	0.038277
3082	0.038277
11830	0.038277
13370	0.038265
219	0.038244
1479	0.038238
12834	0.038230
12828	0.038230
13811	0.038134
11633	0.038134
11632	0.038134
5189	0.038133
342	0.038093
2170	0.038064
5781	0.038037
4233	0.038009
5117	0.037962
4759	0.037960
1521	0.037930
1797	0.037924
12655	0.037911
13018	0.037852
11631	0.037852
4796	0.037831
1338	0.037800
953	0.037799
3709	0.037784
8389	0.037735
10757	0.037726
9610	0.037679
