6992	0.261527
3561	0.251639
6360	0.141361
1075	0.138603
1510	0.134796
6076	0.120798
7745	0.109362
3257	0.108654
2097	0.107517
221	0.106935
1120	0.105436
1119	0.105292
1132	0.105124
3357	0.105027
13247	0.104860
6025	0.104659
2828	0.104609
3356	0.104561
12907	0.104267
9410	0.104267
9409	0.104267
9408	0.104267
9407	0.104267
9406	0.104267
3364	0.104190
2107	0.104088
13226	0.103877
6798	0.103778
3355	0.103318
6794	0.103194
6131	0.102485
11989	0.101650
876	0.100071
13058	0.098541
7945	0.098541
5049	0.098509
4983	0.097647
183	0.097504
2600	0.095645
115	0.095296
880	0.094984
1118	0.094943
9561	0.094210
3564	0.093404
8661	0.092852
14233	0.091983
1136	0.091983
2109	0.091522
2709	0.091236
5745	0.091042
1426	0.090030
2110	0.089841
5183	0.089093
9436	0.088898
1121	0.088435
5347	0.088381
222	0.087949
5642	0.087687
7774	0.087678
5641	0.087678
6763	0.087445
114	0.087269
3562	0.086916
3841	0.086869
997	0.086600
2311	0.086496
2118	0.086194
2210	0.086125
2116	0.086080
11658	0.085456
2105	0.085434
13265	0.085295
498	0.085115
716	0.084278
7156	0.084274
12922	0.084009
12913	0.083950
3259	0.083901
3515	0.083653
2965	0.082437
6648	0.082415
2174	0.082260
9611	0.082150
9623	0.081956
2313	0.081905
12345	0.081904
12344	0.081904
8095	0.081904
2310	0.081803
12102	0.081786
2314	0.081708
2312	0.081708
7558	0.081706
7557	0.081706
2316	0.081631
6117	0.081476
578	0.081401
7468	0.081348
2967	0.081348
579	0.081099
8207	0.081055
1030	0.081026
9886	0.080839
1231	0.080746
3343	0.080600
6971	0.080528
1251	0.080517
7420	0.080512
11679	0.080177
1133	0.079729
2532	0.079678
1115	0.079647
9633	0.079556
9630	0.079556
9628	0.079556
9626	0.079556
9625	0.079556
9624	0.079556
9622	0.079556
9621	0.079556
9620	0.079556
9619	0.079556
9618	0.079556
9615	0.079556
9482	0.079556
3636	0.079510
9610	0.079425
633	0.079046
2172	0.079023
9578	0.078579
2117	0.078275
6430	0.078269
1123	0.078269
7692	0.078197
12893	0.078108
7261	0.078093
2981	0.077990
13394	0.077509
611	0.077460
11902	0.077237
6303	0.076914
9503	0.076723
130	0.076296
8928	0.075944
2182	0.075749
1800	0.075192
9613	0.075077
6618	0.074922
6623	0.074737
8773	0.074653
6621	0.074653
1044	0.074514
12852	0.074514
12229	0.074483
14342	0.074466
13449	0.074423
11818	0.074331
9646	0.074015
9627	0.073909
1930	0.073781
2122	0.073622
2040	0.073576
9497	0.073503
5769	0.073331
11226	0.073219
121	0.073172
7553	0.073043
9400	0.073025
9437	0.072988
9612	0.072593
5571	0.072517
12089	0.072405
10511	0.072381
14370	0.072364
2145	0.072340
5191	0.072232
4865	0.072192
10045	0.071942
6393	0.071720
977	0.071701
12670	0.071519
5403	0.071481
8453	0.071281
2114	0.071264
14357	0.071261
7787	0.071261
2191	0.071242
10795	0.071197
2576	0.071189
139	0.071128
2267	0.070969
9606	0.070942
2904	0.070806
10050	0.070773
10186	0.070732
1040	0.070730
11212	0.070693
7388	0.070510
14367	0.070331
10497	0.070177
960	0.070142
1419	0.069948
7782	0.069815
10403	0.069568
10226	0.069557
2181	0.069240
7372	0.069095
12949	0.069041
12947	0.069041
12946	0.069041
12945	0.069041
12943	0.069041
12942	0.069041
5123	0.069026
6361	0.068813
9609	0.068763
9580	0.068763
9338	0.068649
12243	0.068559
565	0.068506
5072	0.068463
1117	0.068405
5059	0.068181
9552	0.068150
1726	0.067777
3553	0.067759
534	0.067698
14366	0.067662
14361	0.067662
14355	0.067662
8456	0.067662
12041	0.067624
14369	0.067599
4255	0.067486
10694	0.067416
2060	0.067272
11600	0.067238
784	0.067193
8611	0.067112
3863	0.067094
4144	0.067092
9969	0.067080
7089	0.066951
12979	0.066931
2120	0.066927
13994	0.066868
7931	0.066868
8615	0.066767
609	0.066462
9198	0.066460
2263	0.066427
3706	0.066403
1835	0.066376
7560	0.066040
3877	0.065955
3593	0.065846
1113	0.065771
3623	0.065633
2827	0.065437
9844	0.065123
2821	0.065112
9614	0.065046
5697	0.064968
2175	0.064952
4366	0.064878
10060	0.064790
4365	0.064790
8954	0.064433
12850	0.064371
881	0.064358
465	0.064349
13645	0.064284
5517	0.064209
118	0.064189
10838	0.064093
10751	0.064073
875	0.064059
7866	0.064053
5346	0.064017
12854	0.063980
2949	0.063944
12107	0.063845
3596	0.063814
1116	0.063802
9348	0.063689
1838	0.063650
10802	0.063615
1101	0.063592
1100	0.063592
6703	0.063500
8531	0.063450
2203	0.063444
1952	0.063350
2207	0.063313
7385	0.063229
12636	0.063228
11852	0.063195
713	0.063126
9534	0.063104
9533	0.063104
9529	0.063104
9509	0.063104
13158	0.063079
2972	0.062992
10187	0.062950
10823	0.062938
2115	0.062865
2973	0.062849
781	0.062736
6252	0.062691
5947	0.062668
122	0.062619
2185	0.062574
10156	0.062529
14354	0.062376
10839	0.062257
14393	0.062221
14377	0.062221
2206	0.062173
2052	0.062056
10088	0.061982
117	0.061976
2680	0.061974
2208	0.061955
1236	0.061955
7101	0.061907
13075	0.061894
12242	0.061811
2129	0.061798
488	0.061608
11252	0.061603
793	0.061597
2119	0.061563
6519	0.061458
3565	0.061387
2446	0.061321
3934	0.061167
487	0.061167
1111	0.061162
12874	0.061019
11019	0.061008
11987	0.060924
9258	0.060783
13634	0.060753
13535	0.060740
2293	0.060738
7784	0.060726
874	0.060720
351	0.060678
13673	0.060600
13672	0.060600
13671	0.060600
10697	0.060568
10696	0.060564
14398	0.060547
14383	0.060547
8454	0.060547
7916	0.060547
7083	0.060547
7960	0.060532
7889	0.060531
2124	0.060527
7211	0.060513
13396	0.060511
13338	0.060511
14410	0.060492
14409	0.060492
14408	0.060492
7919	0.060492
1135	0.060479
10698	0.060478
4921	0.060429
5863	0.060416
2108	0.060407
14433	0.060400
3505	0.060354
9128	0.060272
2789	0.060253
12036	0.060135
352	0.060114
1442	0.059990
13181	0.059944
6216	0.059888
9726	0.059863
6472	0.059785
2102	0.059694
137	0.059679
12785	0.059645
10163	0.059641
1114	0.059634
10236	0.059628
7295	0.059536
4226	0.059527
10758	0.059470
2096	0.059444
2531	0.059304
10682	0.059297
12063	0.059289
1126	0.059242
2064	0.059227
6767	0.059214
6765	0.059214
6764	0.059214
12457	0.059206
12456	0.059206
12450	0.059206
12443	0.059206
9798	0.059206
11415	0.058996
2150	0.058992
3778	0.058973
9909	0.058898
6036	0.058898
10227	0.058876
6577	0.058809
12905	0.058750
10097	0.058704
8229	0.058693
414	0.058640
3047	0.058634
13448	0.058618
3431	0.058606
12906	0.058539
4469	0.058442
3292	0.058416
12784	0.058395
13633	0.058388
8038	0.058351
9531	0.058338
11988	0.058318
823	0.058302
5177	0.058299
13490	0.058281
13632	0.058281
13631	0.058281
9168	0.058264
7207	0.058198
787	0.058137
9489	0.058071
4071	0.058071
4070	0.058071
4069	0.058071
10523	0.058012
2245	0.057981
5712	0.057968
5711	0.057968
5710	0.057968
5418	0.057894
1420	0.057795
7622	0.057665
11047	0.057643
7758	0.057580
6868	0.057569
7659	0.057564
51	0.057544
2594	0.057514
9375	0.057498
869	0.057496
9687	0.057484
2197	0.057372
12435	0.057369
10584	0.057334
11407	0.057289
2168	0.057286
10546	0.057278
320	0.057214
5073	0.057124
10757	0.056985
7020	0.056984
8497	0.056906
138	0.056846
7526	0.056780
8864	0.056771
8863	0.056771
8583	0.056771
8124	0.056771
7904	0.056771
7903	0.056771
7902	0.056771
7901	0.056771
7900	0.056771
7899	0.056771
7897	0.056771
7896	0.056771
7895	0.056771
10098	0.056705
14239	0.056693
3258	0.056673
3519	0.056626
5912	0.056611
9008	0.056524
6838	0.056520
1131	0.056518
5570	0.056485
5038	0.056442
11502	0.056416
1074	0.056339
5427	0.056320
3410	0.056288
2136	0.056275
6448	0.056244
14374	0.056234
14363	0.056234
11737	0.056232
11368	0.056183
333	0.056134
12350	0.056111
10475	0.056109
6649	0.056054
6647	0.056054
6646	0.056054
5610	0.056054
12349	0.056039
6281	0.056030
119	0.055907
11914	0.055881
2453	0.055869
10127	0.055837
4787	0.055823
168	0.055822
3359	0.055820
10695	0.055772
11609	0.055700
2266	0.055661
3640	0.055639
8419	0.055608
9034	0.055597
10634	0.055596
6304	0.055556
406	0.055525
4297	0.055493
11151	0.055442
2128	0.055423
2127	0.055417
7409	0.055372
1464	0.055366
3612	0.055332
6906	0.055331
5779	0.055247
6378	0.055198
5089	0.055079
5778	0.055066
9870	0.054993
13082	0.054975
9133	0.054975
9129	0.054975
12926	0.054925
10902	0.054910
7981	0.054904
7917	0.054855
4349	0.054813
113	0.054810
3730	0.054808
7783	0.054755
3817	0.054685
2962	0.054681
2167	0.054605
12237	0.054576
9341	0.054567
11362	0.054536
9356	0.054451
6482	0.054432
14404	0.054414
14400	0.054414
8143	0.054414
8096	0.054414
187	0.054378
13852	0.054362
10859	0.054330
9519	0.054320
3633	0.054305
9030	0.054294
2889	0.054275
9522	0.054225
12530	0.054202
9840	0.054163
14375	0.054156
4021	0.054138
11402	0.054124
10307	0.054124
1265	0.054022
12223	0.053984
12462	0.053957
10685	0.053957
10739	0.053940
10788	0.053940
10777	0.053940
10759	0.053940
13374	0.053919
13373	0.053919
2125	0.053828
14368	0.053806
5608	0.053801
10943	0.053782
14351	0.053777
13970	0.053737
10308	0.053730
3923	0.053700
12182	0.053685
4464	0.053685
6447	0.053644
3351	0.053565
1007	0.053554
861	0.053526
469	0.053518
2315	0.053479
12079	0.053476
7913	0.053459
5968	0.053459
470	0.053459
12238	0.053437
10984	0.053425
2104	0.053420
5459	0.053415
616	0.053378
1094	0.053366
13174	0.053359
888	0.053346
3389	0.053299
10557	0.053286
11723	0.053271
6372	0.053205
11129	0.053200
13281	0.053187
13282	0.053180
1099	0.053155
9631	0.053125
6374	0.053109
1370	0.053091
9121	0.053080
9112	0.053080
3203	0.053067
2317	0.053036
12391	0.053022
5967	0.052990
6191	0.052964
6689	0.052930
6967	0.052930
1941	0.052892
6302	0.052863
6267	0.052863
1459	0.052848
4463	0.052803
1658	0.052774
9682	0.052704
2188	0.052690
3375	0.052613
354	0.052599
7918	0.052561
4537	0.052554
12002	0.052513
7013	0.052507
2318	0.052493
3705	0.052440
12873	0.052427
5434	0.052421
14365	0.052375
3341	0.052349
6991	0.052313
2665	0.052307
3540	0.052279
12434	0.052246
12390	0.052246
1122	0.052226
10693	0.052216
5086	0.052149
13430	0.052100
8918	0.052090
13135	0.052065
8221	0.052045
12406	0.052019
11625	0.052011
7146	0.052007
12930	0.051998
12928	0.051998
11682	0.051956
3380	0.051939
10666	0.051939
5229	0.051896
5546	0.051792
10092	0.051780
2132	0.051777
3381	0.051770
6881	0.051703
2860	0.051688
10376	0.051687
7929	0.051679
3332	0.051578
10454	0.051550
7306	0.051547
1102	0.051495
4262	0.051413
9512	0.051395
224	0.051376
2891	0.051341
10767	0.051282
14358	0.051274
1006	0.051274
9678	0.051269
10329	0.051264
3506	0.051253
2195	0.051238
7109	0.051232
3819	0.051199
10040	0.051184
13639	0.051179
4077	0.051173
3004	0.051155
8885	0.051130
14364	0.051033
3434	0.051032
7284	0.051027
11838	0.050994
7283	0.050994
3973	0.050900
5954	0.050898
1740	0.050888
316	0.050885
10232	0.050871
6166	0.050855
5471	0.050855
10657	0.050840
2199	0.050813
1889	0.050805
10200	0.050667
4086	0.050654
5650	0.050652
11566	0.050622
568	0.050602
3388	0.050581
11126	0.050514
6437	0.050494
10049	0.050450
2112	0.050404
12925	0.050399
1073	0.050394
4178	0.050393
777	0.050353
9849	0.050328
9504	0.050273
1837	0.050272
2452	0.050268
8572	0.050256
8569	0.050256
8568	0.050256
5854	0.050203
2812	0.050195
11909	0.050191
7276	0.050128
8570	0.050112
5639	0.050097
1823	0.050085
5953	0.050020
10658	0.049979
14373	0.049945
14372	0.049945
14371	0.049945
14362	0.049945
14352	0.049945
14350	0.049945
8455	0.049945
7997	0.049945
7823	0.049945
10284	0.049937
1746	0.049905
11475	0.049883
2204	0.049865
6803	0.049863
3900	0.049859
9520	0.049853
957	0.049832
954	0.049832
10330	0.049804
12944	0.049787
1565	0.049786
8076	0.049764
7395	0.049740
8432	0.049738
8431	0.049738
4822	0.049729
2541	0.049684
8956	0.049676
8955	0.049676
5885	0.049672
9123	0.049672
12283	0.049643
9608	0.049618
2612	0.049616
12010	0.049562
6072	0.049546
2521	0.049528
10556	0.049524
5111	0.049494
10939	0.049476
5178	0.049469
8778	0.049458
10264	0.049439
4163	0.049404
4594	0.049390
14418	0.049373
14417	0.049373
13284	0.049373
13152	0.049373
9795	0.049373
9793	0.049373
9792	0.049373
9791	0.049373
9789	0.049373
9745	0.049373
9163	0.049373
8614	0.049373
8613	0.049373
8177	0.049373
9958	0.049347
4612	0.049290
11147	0.049238
9393	0.049211
12929	0.049187
11712	0.049186
911	0.049180
5287	0.049163
13675	0.049151
158	0.049143
9764	0.049072
12851	0.049042
6100	0.049027
240	0.049024
683	0.048995
6497	0.048977
3446	0.048976
959	0.048973
11178	0.048973
3598	0.048971
4568	0.048971
958	0.048891
7890	0.048883
4810	0.048869
14219	0.048863
2246	0.048828
4121	0.048818
837	0.048791
12864	0.048776
4118	0.048731
8779	0.048707
1535	0.048690
5486	0.048650
4196	0.048648
1077	0.048646
8140	0.048632
9763	0.048627
9759	0.048627
9758	0.048627
8717	0.048627
8716	0.048627
8715	0.048627
9532	0.048627
12025	0.048623
2893	0.048623
12511	0.048615
9916	0.048607
9880	0.048607
9842	0.048607
9838	0.048607
9822	0.048607
9372	0.048607
8791	0.048607
8790	0.048607
8768	0.048607
11903	0.048604
12028	0.048596
9535	0.048575
9530	0.048575
9527	0.048575
9526	0.048575
9525	0.048575
9524	0.048575
9523	0.048575
9521	0.048575
9517	0.048575
9516	0.048575
9515	0.048575
9513	0.048575
9511	0.048575
9510	0.048575
9243	0.048575
9161	0.048575
6099	0.048575
1254	0.048553
9080	0.048536
11901	0.048532
11322	0.048518
7368	0.048492
4495	0.048455
12793	0.048446
4231	0.048418
6354	0.048375
13254	0.048374
12934	0.048374
12933	0.048374
12932	0.048374
12081	0.048374
8996	0.048374
8994	0.048374
8992	0.048374
586	0.048364
7676	0.048360
12935	0.048343
1833	0.048340
13050	0.048339
4261	0.048309
3175	0.048294
14250	0.048289
10558	0.048289
10555	0.048289
6968	0.048289
6102	0.048268
8042	0.048250
4256	0.048243
10542	0.048214
10566	0.048198
1824	0.048198
13026	0.048188
5780	0.048181
14224	0.048174
13391	0.048174
11110	0.048174
2595	0.048146
3661	0.048134
5855	0.048130
1403	0.048125
2257	0.048123
13739	0.048084
7007	0.048078
140	0.048043
12027	0.048042
13121	0.048034
4789	0.048034
4788	0.048034
11670	0.048018
10761	0.048005
6674	0.048004
11678	0.047995
7479	0.047986
12858	0.047968
5062	0.047961
10661	0.047939
6415	0.047933
7453	0.047881
11593	0.047872
4977	0.047838
5514	0.047837
6023	0.047790
5268	0.047759
4976	0.047754
2461	0.047752
8931	0.047743
254	0.047685
10351	0.047685
10212	0.047665
5493	0.047650
9423	0.047640
3536	0.047619
10427	0.047617
13324	0.047561
10762	0.047551
1836	0.047543
6470	0.047491
2111	0.047466
11850	0.047463
2896	0.047435
8933	0.047431
12931	0.047426
7962	0.047390
4018	0.047368
9994	0.047362
7961	0.047359
12411	0.047340
9021	0.047296
903	0.047254
12218	0.047250
2058	0.047250
7028	0.047229
5006	0.047101
6278	0.047099
5542	0.047042
525	0.047024
4455	0.047010
9050	0.046993
2038	0.046987
14376	0.046929
14359	0.046929
7998	0.046929
14071	0.046891
12860	0.046876
12859	0.046868
7669	0.046863
2173	0.046849
7988	0.046838
5470	0.046830
3484	0.046828
