1427	0.141904
3680	0.126102
245	0.118675
3954	0.111895
5153	0.109651
11553	0.108643
5176	0.107321
12674	0.106470
12675	0.104300
12676	0.103918
11255	0.103736
13091	0.103348
10705	0.102270
10848	0.102269
10704	0.102269
4731	0.101866
4675	0.101866
5413	0.101761
8617	0.100784
10481	0.100655
7300	0.100655
2567	0.100179
11982	0.099294
5414	0.099294
5412	0.099294
1335	0.098173
10768	0.097553
11352	0.096859
11785	0.096295
10650	0.096003
11983	0.095246
4452	0.094526
1039	0.094364
12700	0.094281
2566	0.094140
10410	0.093972
1928	0.093048
1655	0.092291
3191	0.092169
11389	0.091698
10411	0.091250
1882	0.090648
13498	0.090211
4721	0.090184
4116	0.090013
854	0.089884
11634	0.089675
1885	0.089559
1884	0.089559
1883	0.089559
9036	0.089482
13497	0.089293
4879	0.087963
5675	0.087727
2114	0.087660
2105	0.086958
11561	0.086524
10607	0.086340
12823	0.086217
7774	0.085974
5641	0.085974
11635	0.085970
5642	0.085967
5347	0.085479
5734	0.085411
9850	0.085234
12558	0.084640
9462	0.084410
1141	0.084298
9439	0.084042
11858	0.084016
3681	0.083891
4836	0.083661
10242	0.083657
7223	0.083613
3669	0.083383
882	0.083289
3091	0.082396
3089	0.082396
3088	0.082396
14147	0.082387
3090	0.082387
14148	0.082329
11218	0.082151
14107	0.082113
5346	0.081908
14146	0.081887
7275	0.081832
2320	0.081695
10649	0.081099
11585	0.081001
6728	0.080456
9623	0.080314
699	0.080190
7676	0.080027
5276	0.079874
10453	0.079851
1673	0.079682
7453	0.079674
5888	0.079661
2371	0.079556
13394	0.079368
9983	0.079119
9982	0.078997
11236	0.078799
2820	0.078717
9839	0.078548
9222	0.078249
13807	0.078142
5728	0.077921
2958	0.077491
13421	0.077368
10085	0.077124
10541	0.076944
6996	0.076844
11528	0.076602
2952	0.075854
10271	0.075850
5630	0.075794
13609	0.075290
4293	0.075183
13685	0.075133
13684	0.075133
13683	0.075133
13565	0.075133
2106	0.074909
5344	0.074762
12542	0.074759
8929	0.073888
13265	0.073529
6995	0.073452
13156	0.073390
10176	0.073390
10087	0.073390
10086	0.073390
1847	0.073268
235	0.073221
11226	0.073208
3390	0.072843
2817	0.072742
10023	0.072587
11658	0.072573
1626	0.072556
10452	0.072472
2107	0.072464
11511	0.072428
10191	0.072324
7553	0.071756
2914	0.071730
9579	0.071728
6838	0.071674
723	0.071496
2521	0.071412
12770	0.071304
6482	0.070890
8531	0.070882
2052	0.070702
8618	0.070499
12383	0.070479
5433	0.070232
4168	0.070220
8864	0.070179
8863	0.070179
8583	0.070179
8124	0.070179
7904	0.070179
7903	0.070179
7902	0.070179
7901	0.070179
7900	0.070179
7899	0.070179
7897	0.070179
7896	0.070179
7895	0.070179
7526	0.070170
2280	0.069947
9718	0.069687
8813	0.069421
2093	0.069366
8833	0.069351
9675	0.069307
11556	0.069278
8377	0.069095
3784	0.069087
9616	0.069013
12694	0.069002
7662	0.068978
13460	0.068896
1656	0.068881
3227	0.068835
13449	0.068814
7078	0.068712
1419	0.068387
7715	0.068254
3427	0.068187
7195	0.068173
7193	0.068173
5851	0.068166
13716	0.068095
13955	0.068042
7772	0.068023
12183	0.068019
14221	0.067957
2286	0.067924
4713	0.067863
3678	0.067740
3673	0.067740
12751	0.067681
776	0.067663
9453	0.067601
221	0.067539
10433	0.067520
2283	0.067444
13224	0.067416
1120	0.067386
1119	0.067331
4143	0.067312
5546	0.067039
13247	0.066861
9237	0.066832
11463	0.066770
12561	0.066669
11507	0.066657
3156	0.066556
6128	0.066535
3333	0.066152
5665	0.066063
10580	0.066044
5930	0.066044
9181	0.066043
13398	0.066037
5033	0.066030
4744	0.065977
4535	0.065877
6395	0.065874
9121	0.065770
9112	0.065770
8816	0.065748
8815	0.065748
8814	0.065748
8812	0.065748
8796	0.065748
8795	0.065748
8777	0.065748
7923	0.065748
3422	0.065734
13830	0.065715
11419	0.065600
6910	0.065593
5928	0.065589
7152	0.065568
888	0.065529
12628	0.065430
2110	0.065389
12063	0.065263
14108	0.065255
4745	0.065255
11988	0.065151
13146	0.065117
9357	0.065027
2103	0.065014
10450	0.064964
2322	0.064867
4646	0.064747
6102	0.064636
13665	0.064577
13504	0.064401
2770	0.064360
13538	0.064298
4769	0.064229
3363	0.064222
6597	0.064217
8543	0.064161
686	0.064090
10031	0.063955
3952	0.063948
5034	0.063698
6745	0.063693
3855	0.063686
3929	0.063649
3928	0.063649
8810	0.063625
3213	0.063586
13550	0.063556
13294	0.063534
9587	0.063500
3169	0.063470
7807	0.063454
10838	0.063373
3232	0.063352
3662	0.063314
9218	0.063312
12564	0.063277
11439	0.063218
5227	0.063215
12382	0.063195
11104	0.063123
4330	0.063062
3229	0.062983
1817	0.062969
8116	0.062930
12501	0.062880
1779	0.062835
9546	0.062825
9830	0.062789
9362	0.062766
2442	0.062753
2108	0.062686
4213	0.062662
10904	0.062598
13325	0.062521
10885	0.062469
1507	0.062466
11920	0.062465
3927	0.062465
3868	0.062465
2434	0.062428
8886	0.062383
10839	0.062383
13652	0.062326
7530	0.062291
9840	0.062230
11209	0.062198
10875	0.062184
10782	0.062130
11208	0.062102
6449	0.062072
244	0.062049
11914	0.062047
9593	0.061904
1628	0.061849
7507	0.061788
12556	0.061741
12462	0.061695
10685	0.061695
13624	0.061683
13623	0.061683
852	0.061597
12312	0.061587
13405	0.061584
11681	0.061573
9594	0.061572
9592	0.061572
9591	0.061572
9335	0.061572
7299	0.061572
7298	0.061572
7220	0.061570
9920	0.061510
9438	0.061471
2659	0.061468
6534	0.061375
4722	0.061335
6586	0.061185
5514	0.061181
11939	0.061164
2119	0.061160
3240	0.061155
2660	0.061128
9904	0.061067
8179	0.061062
2500	0.061059
4106	0.061031
13092	0.061021
1041	0.060901
1880	0.060879
9944	0.060868
9885	0.060862
9851	0.060862
8828	0.060862
8826	0.060862
8825	0.060862
8811	0.060862
7781	0.060862
7872	0.060851
8352	0.060842
8351	0.060842
2957	0.060842
2956	0.060842
10884	0.060836
11166	0.060779
9295	0.060769
4105	0.060747
3821	0.060478
2899	0.060408
13414	0.060381
2929	0.060342
13333	0.060322
7576	0.060307
10234	0.060289
12510	0.060239
7176	0.060225
11523	0.060159
7947	0.060128
13415	0.060049
11069	0.060039
14179	0.060035
1420	0.060026
12597	0.059988
4896	0.059974
7095	0.059941
3178	0.059871
8128	0.059868
6895	0.059859
12565	0.059835
3837	0.059812
10789	0.059773
855	0.059720
9870	0.059712
5571	0.059655
5650	0.059619
8052	0.059422
11964	0.059417
12559	0.059391
498	0.059363
2764	0.059186
5174	0.059179
11179	0.059147
10553	0.059137
11491	0.059120
2612	0.058957
5155	0.058884
6320	0.058882
11053	0.058852
5465	0.058848
11086	0.058804
2121	0.058785
1647	0.058774
13326	0.058658
12544	0.058640
2809	0.058627
2515	0.058620
10836	0.058568
3079	0.058545
3650	0.058482
11530	0.058289
6928	0.058286
6896	0.058286
13850	0.058265
12265	0.058144
1937	0.058144
1816	0.058117
4337	0.058004
10292	0.057860
9989	0.057856
5749	0.057765
63	0.057759
3168	0.057674
1936	0.057637
6208	0.057605
11919	0.057572
12707	0.057520
3675	0.057499
5649	0.057454
10568	0.057391
5035	0.057348
3506	0.057325
9825	0.057321
5768	0.057269
6326	0.057267
10416	0.057206
10069	0.057190
4340	0.057155
12687	0.057131
6671	0.057086
12117	0.057057
7345	0.057057
12923	0.057044
9491	0.057044
2325	0.057044
2324	0.057044
9826	0.056898
14349	0.056850
14344	0.056850
14316	0.056850
14309	0.056850
14306	0.056850
14260	0.056850
14240	0.056850
14216	0.056850
14168	0.056850
11132	0.056828
12410	0.056801
10808	0.056771
331	0.056756
10640	0.056726
325	0.056719
8253	0.056705
10119	0.056508
7534	0.056489
2276	0.056439
13529	0.056428
7959	0.056421
2159	0.056401
5707	0.056374
12525	0.056363
459	0.056321
12096	0.056321
6572	0.056294
457	0.056288
3230	0.056269
3838	0.056248
11626	0.056245
11145	0.056202
7955	0.056111
10468	0.055897
10389	0.055688
6804	0.055653
633	0.055477
10315	0.055472
10920	0.055318
10844	0.055303
5181	0.055280
5905	0.055206
10314	0.055097
12109	0.055048
5948	0.055048
7864	0.055038
13721	0.055023
13709	0.055023
10415	0.055019
4569	0.054974
6638	0.054882
8067	0.054853
11739	0.054791
8373	0.054761
8240	0.054761
1133	0.054760
1836	0.054650
10499	0.054589
2594	0.054581
5670	0.054551
12426	0.054538
12736	0.054435
11325	0.054400
2902	0.054337
12570	0.054321
3630	0.054273
2927	0.054194
10790	0.054179
9498	0.054160
8051	0.054139
5666	0.053953
14342	0.053938
13748	0.053911
4748	0.053785
3237	0.053749
6733	0.053749
12317	0.053700
2033	0.053670
5213	0.053605
11989	0.053575
10497	0.053546
10049	0.053532
7217	0.053511
6476	0.053511
5622	0.053500
6479	0.053439
6623	0.053438
4832	0.053431
12719	0.053365
4538	0.053346
11520	0.053328
3732	0.053322
5664	0.053294
1115	0.053260
11616	0.053170
4648	0.053170
4643	0.053170
12279	0.053169
11825	0.053169
6270	0.053169
6269	0.053169
7012	0.053115
700	0.053068
5496	0.053043
6815	0.053011
13305	0.052922
5193	0.052899
269	0.052896
11237	0.052863
1399	0.052823
10863	0.052801
5601	0.052716
7011	0.052694
2452	0.052681
7706	0.052666
13087	0.052658
1506	0.052590
10760	0.052572
11033	0.052487
6098	0.052403
770	0.052344
330	0.052304
329	0.052283
11649	0.052222
10862	0.052220
5131	0.052113
11544	0.052102
2104	0.052098
1756	0.052014
3957	0.052007
4304	0.051993
4302	0.051993
11999	0.051978
4292	0.051946
6806	0.051946
4051	0.051938
12161	0.051930
11870	0.051930
11794	0.051930
11204	0.051930
11203	0.051930
6144	0.051930
6143	0.051930
6142	0.051930
6141	0.051930
10921	0.051889
12186	0.051861
14017	0.051854
7914	0.051854
277	0.051821
10512	0.051787
9196	0.051763
4536	0.051756
13491	0.051721
246	0.051654
3231	0.051625
10937	0.051535
13820	0.051497
8272	0.051475
13863	0.051473
2888	0.051473
12626	0.051427
8259	0.051421
6287	0.051402
10949	0.051396
9226	0.051388
9217	0.051388
8534	0.051388
1653	0.051372
7827	0.051354
11314	0.051314
7295	0.051310
5456	0.051309
4305	0.051290
11455	0.051272
11426	0.051272
7101	0.051263
2962	0.051191
6117	0.051157
271	0.051147
3646	0.051094
9948	0.051081
7757	0.051078
4972	0.051073
1118	0.050985
11054	0.050929
12801	0.050917
5513	0.050912
8024	0.050900
9212	0.050900
2260	0.050863
11007	0.050850
6758	0.050842
10583	0.050795
877	0.050783
5512	0.050774
5490	0.050742
13166	0.050694
9609	0.050667
9580	0.050667
9721	0.050655
7948	0.050655
7778	0.050655
7618	0.050655
7113	0.050655
11056	0.050628
7529	0.050585
7094	0.050538
10435	0.050530
3867	0.050449
7654	0.050415
3370	0.050398
4531	0.050379
5720	0.050332
5186	0.050316
628	0.050293
5941	0.050276
889	0.050270
5673	0.050269
8207	0.050242
323	0.050240
1121	0.050235
11529	0.050076
12348	0.050029
514	0.049989
13621	0.049965
5287	0.049935
6908	0.049901
7655	0.049896
3676	0.049887
12055	0.049859
4307	0.049852
11102	0.049843
5674	0.049839
876	0.049821
10682	0.049729
4936	0.049722
10330	0.049680
1889	0.049644
4425	0.049626
8329	0.049614
2281	0.049586
2278	0.049517
11501	0.049510
9416	0.049501
2101	0.049460
3822	0.049453
5158	0.049449
3486	0.049437
9168	0.049370
10852	0.049369
2102	0.049281
7160	0.049271
3207	0.049265
1243	0.049262
10538	0.049246
9039	0.049199
5550	0.049177
5602	0.049149
8246	0.049148
11607	0.049113
9207	0.049086
9205	0.049086
8528	0.049086
2954	0.049063
12531	0.049053
12557	0.049048
4499	0.049010
2605	0.049010
1609	0.048979
13607	0.048973
5651	0.048946
6861	0.048883
11477	0.048880
3485	0.048855
10426	0.048846
13363	0.048825
1190	0.048814
12352	0.048808
69	0.048794
1406	0.048777
6582	0.048764
12547	0.048748
9502	0.048735
4416	0.048674
3489	0.048653
5695	0.048651
12721	0.048641
268	0.048640
9796	0.048590
5188	0.048582
7131	0.048579
11256	0.048547
2599	0.048515
6643	0.048511
9200	0.048490
2097	0.048486
7420	0.048469
4945	0.048463
9319	0.048455
8324	0.048435
2522	0.048424
4532	0.048394
3960	0.048390
3956	0.048390
1022	0.048381
4763	0.048362
11447	0.048341
5570	0.048274
6473	0.048240
923	0.048213
1109	0.048210
9201	0.048173
10554	0.048160
1057	0.048156
12147	0.048138
3591	0.048076
2869	0.048050
9307	0.048034
13384	0.048021
11918	0.047988
2816	0.047975
4762	0.047965
5491	0.047961
1963	0.047956
7206	0.047909
13567	0.047906
5731	0.047906
5730	0.047906
5726	0.047906
5723	0.047906
5722	0.047906
5721	0.047906
5681	0.047906
6138	0.047860
12500	0.047854
8609	0.047840
119	0.047827
9229	0.047811
7809	0.047808
2472	0.047806
8209	0.047804
13258	0.047770
11689	0.047714
6934	0.047666
9082	0.047658
220	0.047577
6140	0.047570
6139	0.047570
3163	0.047554
9500	0.047547
6945	0.047508
3371	0.047497
11403	0.047405
6148	0.047405
5995	0.047397
6532	0.047395
2966	0.047393
8133	0.047253
2558	0.047236
2821	0.047218
593	0.047116
10840	0.047112
13588	0.047075
7739	0.047073
7492	0.047045
3389	0.047030
4169	0.047024
5264	0.047014
11490	0.047010
7166	0.046991
9436	0.046989
11012	0.046969
9790	0.046954
11413	0.046948
1555	0.046935
13606	0.046910
8671	0.046908
9235	0.046887
9230	0.046887
9228	0.046887
9225	0.046887
9224	0.046887
9221	0.046887
9219	0.046887
9214	0.046887
9213	0.046887
9211	0.046887
9209	0.046887
9208	0.046887
9206	0.046887
9193	0.046887
8807	0.046887
8679	0.046887
8677	0.046887
8675	0.046887
8674	0.046887
8673	0.046887
8670	0.046887
8637	0.046887
8633	0.046887
8631	0.046887
8610	0.046887
8591	0.046887
8539	0.046887
8538	0.046887
8537	0.046887
8536	0.046887
8529	0.046887
8526	0.046887
8525	0.046887
8632	0.046887
14254	0.046850
6443	0.046849
5321	0.046838
12436	0.046810
5558	0.046808
7229	0.046806
14013	0.046806
2253	0.046806
9177	0.046798
1164	0.046792
6810	0.046767
13598	0.046762
286	0.046755
477	0.046753
2555	0.046685
11532	0.046675
9487	0.046653
12493	0.046649
879	0.046642
5322	0.046632
2661	0.046627
4024	0.046610
9170	0.046518
8390	0.046434
9501	0.046400
250	0.046367
9187	0.046333
11212	0.046330
11011	0.046279
1582	0.046275
9169	0.046236
12698	0.046199
6784	0.046148
2560	0.046103
3206	0.046099
5324	0.046090
13485	0.046081
13468	0.046081
9674	0.046073
7584	0.046015
7767	0.045982
5682	0.045980
11815	0.045939
6866	0.045930
4530	0.045923
9606	0.045922
4393	0.045882
2551	0.045857
11733	0.045782
6222	0.045774
2111	0.045759
11221	0.045747
10604	0.045738
6737	0.045733
7331	0.045706
12832	0.045705
10618	0.045647
2600	0.045641
14100	0.045638
13427	0.045621
7332	0.045612
6365	0.045612
4709	0.045612
3341	0.045610
10632	0.045602
1588	0.045598
3414	0.045596
2092	0.045580
1104	0.045565
924	0.045558
9898	0.045547
8635	0.045533
249	0.045525
14165	0.045449
14321	0.045448
14311	0.045448
14307	0.045448
14114	0.045448
10393	0.045448
8406	0.045448
8368	0.045448
3158	0.045448
2319	0.045427
12374	0.045419
10475	0.045371
2170	0.045371
7400	0.045361
2473	0.045359
6727	0.045353
3976	0.045353
14093	0.045348
9264	0.045322
614	0.045304
8890	0.045299
2552	0.045288
311	0.045272
13876	0.045235
8061	0.045235
2701	0.045217
13708	0.045210
11816	0.045209
5112	0.045202
11055	0.045199
9915	0.045188
9633	0.045174
9630	0.045174
9628	0.045174
9626	0.045174
9625	0.045174
9624	0.045174
9622	0.045174
9621	0.045174
9620	0.045174
9619	0.045174
9618	0.045174
9615	0.045174
