9258	0.221635
114	0.220592
14374	0.213228
14363	0.213228
7783	0.213098
3431	0.210614
8221	0.210103
14368	0.206922
14364	0.204593
14365	0.204258
14376	0.201003
14359	0.201003
7998	0.201003
12218	0.197488
2058	0.197488
10329	0.195937
7002	0.194473
121	0.193940
1565	0.192937
14373	0.192847
14372	0.192847
14371	0.192847
14362	0.192847
14352	0.192847
14350	0.192847
8455	0.192847
7997	0.192847
7823	0.192847
11355	0.191693
12979	0.180071
14370	0.179733
10795	0.179729
12229	0.179684
14357	0.179601
7787	0.179601
8453	0.179572
5403	0.178863
1117	0.177172
14367	0.177115
12243	0.176784
10403	0.176611
1135	0.173276
7782	0.170571
1930	0.170086
3706	0.167307
1116	0.166818
7020	0.166557
7692	0.164318
14369	0.164053
14366	0.163947
14361	0.163947
14355	0.163947
8456	0.163947
12242	0.162775
7866	0.160597
2827	0.153747
187	0.152881
7479	0.152254
7917	0.151270
7999	0.151120
13970	0.151093
13739	0.150904
14375	0.150048
8392	0.150011
14360	0.149930
7918	0.149651
14351	0.148574
4021	0.148366
10236	0.147462
8447	0.146008
11339	0.145825
7495	0.145662
1694	0.145615
14219	0.145035
3837	0.144958
6447	0.144473
1122	0.143577
10413	0.143395
3914	0.143276
10564	0.142836
11937	0.142562
11850	0.141488
10971	0.141248
3116	0.139822
10354	0.139706
4382	0.138685
73	0.138096
5855	0.137933
1114	0.137833
6376	0.136672
11999	0.136549
4304	0.136538
4302	0.136538
11607	0.136019
115	0.134603
14233	0.134330
1136	0.134330
12348	0.134118
4868	0.134041
9248	0.133320
3166	0.132274
10355	0.131758
1121	0.131132
3389	0.130928
6430	0.130357
1123	0.130357
10341	0.127372
10251	0.125553
5756	0.125227
7228	0.124738
4200	0.124142
2764	0.123481
4559	0.123246
10540	0.122456
5696	0.122130
13508	0.121091
9174	0.120831
9176	0.120151
8809	0.120151
7288	0.120144
9794	0.120120
113	0.120077
5544	0.116068
12036	0.116027
1113	0.115633
13418	0.114354
221	0.113653
5545	0.113292
2060	0.113145
235	0.110516
1119	0.110497
1120	0.110052
13509	0.110020
13247	0.109983
5309	0.109789
224	0.109370
9177	0.109256
2629	0.109080
1839	0.108578
4163	0.108332
14418	0.108326
14417	0.108326
13284	0.108326
13152	0.108326
9795	0.108326
9793	0.108326
9792	0.108326
9791	0.108326
9789	0.108326
9745	0.108326
9163	0.108326
8614	0.108326
8613	0.108326
8177	0.108326
8076	0.108213
8891	0.106633
3619	0.106201
2617	0.105836
12663	0.105830
1840	0.105273
9480	0.104576
8533	0.104576
9178	0.104161
9201	0.104080
11224	0.103608
10661	0.103151
14358	0.102704
11193	0.101674
11192	0.101674
4168	0.101528
7758	0.101381
4305	0.101192
11014	0.101076
5791	0.100510
10914	0.100276
8895	0.100177
11611	0.099799
8894	0.099799
8893	0.099799
6339	0.099799
3439	0.099799
10805	0.099682
7757	0.098962
11407	0.098648
222	0.098535
8792	0.097751
6228	0.097306
10045	0.097178
4294	0.096959
8882	0.096355
4201	0.096355
3415	0.096254
10286	0.096223
7622	0.095273
2014	0.094877
2064	0.094784
6806	0.094731
1656	0.094142
1419	0.094031
10050	0.093931
10404	0.093834
2619	0.093709
4093	0.092948
3423	0.092749
5452	0.092188
6896	0.091925
14404	0.091885
14400	0.091885
8143	0.091885
8096	0.091885
8008	0.091817
2170	0.091603
13850	0.091450
2052	0.091412
1133	0.091211
9710	0.091179
8352	0.091063
8351	0.091063
2957	0.091063
2956	0.091063
7872	0.091062
123	0.090947
4106	0.090797
8628	0.090681
6351	0.090401
7606	0.090176
8611	0.089922
4105	0.089783
9477	0.089696
9481	0.089649
9479	0.089649
9478	0.089649
9476	0.089649
9475	0.089649
9473	0.089649
9472	0.089649
9471	0.089649
9470	0.089649
9468	0.089649
9345	0.089649
8667	0.089649
8665	0.089649
8664	0.089649
8663	0.089649
8662	0.089649
8630	0.089649
8629	0.089649
8627	0.089649
8626	0.089649
11219	0.089511
3948	0.089495
6895	0.089400
5796	0.088962
10895	0.088468
10497	0.088438
1118	0.088422
5476	0.088278
10210	0.088018
2902	0.087739
9135	0.087665
879	0.087276
11079	0.087200
11078	0.087200
10999	0.087200
8650	0.087200
10287	0.087111
9462	0.087089
8615	0.087060
10156	0.086998
10348	0.086767
1458	0.086717
9199	0.086659
10088	0.086578
8604	0.086483
11858	0.086456
9439	0.086452
1420	0.086350
6197	0.086119
2105	0.086110
9152	0.086017
8180	0.086003
104	0.085981
9413	0.085630
1673	0.085603
12909	0.085561
12511	0.085523
12252	0.085480
1853	0.085396
10410	0.085347
2121	0.085206
10411	0.085158
11389	0.085112
1115	0.085089
4281	0.084698
2955	0.084474
2953	0.084474
8487	0.084441
9207	0.084041
9205	0.084041
8528	0.084041
9780	0.083816
4795	0.083698
1780	0.083518
4205	0.083475
8726	0.083463
5433	0.083296
9709	0.083171
225	0.083055
7954	0.082928
9711	0.082871
9708	0.082871
9707	0.082871
9705	0.082871
9703	0.082871
9699	0.082815
8892	0.082807
11566	0.082770
11243	0.082548
6695	0.082506
6465	0.082394
4538	0.082272
9787	0.082270
9786	0.082270
9785	0.082270
9784	0.082270
9783	0.082270
9782	0.082270
9781	0.082270
9778	0.082270
9280	0.082270
8585	0.082270
8567	0.082270
8553	0.082270
2958	0.082225
2820	0.082209
2954	0.081558
6532	0.081538
10663	0.080919
9244	0.080563
2510	0.080371
2509	0.080318
9818	0.080293
9693	0.080293
5347	0.080289
9145	0.080246
6742	0.080226
4231	0.080139
3667	0.080072
9673	0.079959
6395	0.079685
1285	0.079597
11307	0.079420
9913	0.079280
5642	0.079278
7774	0.079265
5641	0.079265
9226	0.079165
9217	0.079165
8534	0.079165
7827	0.079149
4412	0.079069
12226	0.078969
3969	0.078969
4414	0.078907
7502	0.078841
4111	0.078041
9415	0.078038
8851	0.078038
8850	0.078038
10030	0.078032
8451	0.077784
304	0.077705
2941	0.077635
7659	0.077613
2128	0.077472
8535	0.077431
9218	0.077330
2567	0.077171
4537	0.076709
7752	0.076496
10501	0.076484
9702	0.076241
6747	0.076220
3588	0.075962
10538	0.075731
6501	0.075552
12204	0.075533
3590	0.075501
10965	0.075429
2108	0.075308
7654	0.075272
1019	0.075223
6566	0.075161
4958	0.075139
6151	0.075070
9796	0.075061
7655	0.074876
13325	0.074672
2248	0.074666
8871	0.074514
6278	0.074501
3714	0.074297
14266	0.074243
11034	0.074159
14416	0.074020
823	0.074017
82	0.074008
12764	0.074000
11429	0.073891
11324	0.073891
4542	0.073831
5413	0.073662
3739	0.073519
7510	0.073517
10641	0.073286
2247	0.073222
14395	0.073162
7891	0.073162
7569	0.073122
1346	0.073074
7966	0.072956
13076	0.072945
10337	0.072929
2246	0.072805
2114	0.072687
3934	0.072684
1011	0.072679
14407	0.072665
14415	0.072614
9277	0.072614
13666	0.072534
13424	0.072534
4836	0.072529
2952	0.072332
4306	0.072308
3745	0.072197
12053	0.072157
12756	0.071951
9623	0.071246
8625	0.071199
7227	0.070823
10549	0.070432
11425	0.070412
10379	0.070412
2372	0.070082
5164	0.070067
5163	0.070067
7767	0.070056
11146	0.069900
3220	0.069673
3736	0.069646
14335	0.069370
9883	0.069370
10594	0.069181
13293	0.069138
1665	0.068980
4112	0.068963
5453	0.068933
7888	0.068921
11681	0.068906
6473	0.068857
13938	0.068837
9370	0.068820
10953	0.068648
6889	0.068593
4650	0.068557
882	0.068518
141	0.068503
118	0.068443
3185	0.068395
9204	0.068240
8592	0.068240
13036	0.068070
764	0.067927
4113	0.067921
800	0.067644
11401	0.067599
11399	0.067599
9028	0.067570
3933	0.067529
7887	0.067344
9081	0.067335
9078	0.067335
8000	0.067284
3476	0.067033
4731	0.066887
4675	0.066887
10683	0.066768
12212	0.066681
2660	0.066652
13460	0.066632
6587	0.066352
122	0.066210
9175	0.066197
9173	0.066197
8831	0.066197
8830	0.066197
7688	0.066197
1025	0.066182
7029	0.066172
6904	0.065992
1836	0.065917
9168	0.065876
13456	0.065808
13342	0.065808
1340	0.065785
9302	0.065702
9713	0.065608
2618	0.065333
6731	0.065276
5604	0.065223
3751	0.065169
3750	0.065169
119	0.065094
9474	0.065045
6961	0.065045
5330	0.065015
9729	0.064996
1690	0.064953
8584	0.064882
14379	0.064873
9706	0.064846
7852	0.064838
3741	0.064771
5338	0.064646
4452	0.064381
7115	0.064307
6704	0.064169
14052	0.064113
10065	0.064113
12030	0.063920
2566	0.063892
6429	0.063865
8319	0.063676
13704	0.063604
13702	0.063604
10888	0.063459
9806	0.063416
9805	0.063416
9802	0.063416
9801	0.063416
404	0.063404
12868	0.063374
9242	0.063374
9241	0.063374
9240	0.063374
6696	0.063374
2286	0.063318
7317	0.063293
7316	0.063293
7174	0.063293
6338	0.063293
2179	0.063253
13652	0.063168
10570	0.063157
11147	0.063150
6167	0.063083
8928	0.062946
3388	0.062871
7172	0.062845
1024	0.062797
10887	0.062731
5177	0.062730
10232	0.062729
9153	0.062726
7078	0.062608
8377	0.062513
7400	0.062489
8068	0.062476
174	0.062395
6156	0.062381
1863	0.062373
6013	0.062289
9788	0.062267
14011	0.062196
14010	0.062196
1476	0.062196
1474	0.062196
2968	0.062075
1110	0.061981
1660	0.061856
5555	0.061825
3416	0.061811
13574	0.061803
6169	0.061748
8634	0.061721
9231	0.061687
12209	0.061635
5875	0.061635
6571	0.061633
9064	0.061554
468	0.061514
1647	0.061447
4485	0.061447
6557	0.061325
11063	0.061073
9712	0.060964
5378	0.060873
5155	0.060839
2280	0.060817
1856	0.060762
3306	0.060747
1010	0.060627
7015	0.060609
8041	0.060587
12346	0.060471
145	0.060465
1755	0.060448
4154	0.060388
6725	0.060240
698	0.060187
129	0.060145
3921	0.060046
9980	0.060038
9761	0.059958
11991	0.059842
7890	0.059832
12837	0.059726
3680	0.059622
2831	0.059557
7880	0.059483
1339	0.059451
679	0.059355
5012	0.059355
6102	0.059352
3376	0.059326
3913	0.059304
7915	0.059289
1486	0.059214
117	0.059115
9704	0.059115
11129	0.059060
7798	0.058725
10943	0.058682
5734	0.058536
1368	0.058455
6799	0.058389
1	0.058383
71	0.058337
2661	0.058229
3421	0.058218
8523	0.058204
11806	0.058139
10227	0.058073
6707	0.058042
6716	0.057969
9912	0.057940
9911	0.057940
10902	0.057772
3684	0.057747
10328	0.057698
2479	0.057650
8334	0.057562
13661	0.057412
8304	0.057236
5510	0.057221
11362	0.057190
13075	0.057146
10839	0.057120
10838	0.057040
5296	0.057034
6017	0.056965
10667	0.056921
2123	0.056852
13995	0.056776
12820	0.056772
11646	0.056683
1517	0.056640
13578	0.056615
13576	0.056615
13390	0.056615
14089	0.056590
14084	0.056590
11922	0.056588
7830	0.056580
4766	0.056517
5033	0.056412
4511	0.056303
14393	0.056287
14377	0.056287
12201	0.056210
6077	0.056176
7960	0.056138
3430	0.056127
14398	0.056034
14383	0.056034
8454	0.056034
7916	0.056034
7083	0.056034
9222	0.056030
7784	0.056006
8473	0.056000
8226	0.056000
8224	0.056000
6071	0.056000
2960	0.055994
7211	0.055992
4418	0.055891
4799	0.055850
1477	0.055800
7449	0.055779
7276	0.055766
10664	0.055746
13442	0.055721
7920	0.055670
2102	0.055660
1847	0.055618
13603	0.055562
13238	0.055562
9553	0.055562
2959	0.055562
12103	0.055562
3178	0.055540
5176	0.055535
13423	0.055533
1837	0.055466
13665	0.055326
239	0.055316
6098	0.055300
13541	0.055234
9749	0.055216
6149	0.055173
7889	0.055162
7561	0.055097
3662	0.055082
535	0.055081
1427	0.055081
1651	0.055068
5788	0.054990
5442	0.054906
5123	0.054904
2658	0.054883
8464	0.054797
3093	0.054784
9331	0.054749
4672	0.054616
8874	0.054570
4798	0.054567
4581	0.054510
6519	0.054503
4520	0.054378
10319	0.054342
2604	0.054335
9675	0.054251
4216	0.054183
5377	0.054168
5790	0.054146
7480	0.054022
1535	0.054009
11982	0.053980
5414	0.053980
5412	0.053980
8348	0.053906
2131	0.053904
5034	0.053843
13712	0.053836
573	0.053792
1586	0.053773
9181	0.053752
6754	0.053688
6257	0.053661
1039	0.053560
9062	0.053560
6938	0.053511
14433	0.053489
1661	0.053420
9150	0.053408
8531	0.053405
9200	0.053401
14410	0.053348
14409	0.053348
14408	0.053348
7919	0.053348
11968	0.053307
949	0.053307
1979	0.053250
1798	0.053190
12918	0.053174
1380	0.053164
6352	0.053144
12648	0.053099
12182	0.052999
4464	0.052999
13498	0.052940
13497	0.052928
6671	0.052926
7676	0.052886
9891	0.052880
4463	0.052711
9311	0.052662
6252	0.052634
6866	0.052496
12065	0.052449
2177	0.052406
7584	0.052288
11810	0.052266
13334	0.052229
1653	0.052205
13545	0.052161
989	0.052095
3911	0.052060
7453	0.051963
4671	0.051904
4669	0.051904
2990	0.051868
8772	0.051847
3735	0.051826
9239	0.051816
975	0.051815
8468	0.051787
2978	0.051787
2977	0.051787
12626	0.051773
14382	0.051760
14380	0.051742
8075	0.051742
4725	0.051717
4670	0.051699
981	0.051671
6188	0.051661
12915	0.051640
12914	0.051640
3012	0.051603
14232	0.051602
4435	0.051602
414	0.051598
4561	0.051539
1293	0.051392
2929	0.051387
9839	0.051378
14406	0.051376
14405	0.051376
4767	0.051341
10566	0.051339
11592	0.051335
5376	0.051324
4668	0.051304
4721	0.051238
6453	0.051230
4722	0.051152
2370	0.051136
6110	0.051029
2949	0.051002
2659	0.051001
599	0.050981
3677	0.050980
1400	0.050957
4922	0.050957
1680	0.050918
4839	0.050904
1189	0.050863
11591	0.050805
10000	0.050695
10174	0.050684
4692	0.050637
9303	0.050571
13491	0.050569
3333	0.050544
3010	0.050532
5909	0.050448
9748	0.050245
74	0.050240
231	0.050225
12629	0.050206
3537	0.050204
8140	0.050190
7105	0.050153
4416	0.050103
9573	0.050096
10547	0.050069
1097	0.050064
1636	0.050053
5116	0.050048
14280	0.050040
1696	0.050012
9993	0.049955
5495	0.049947
5461	0.049935
7330	0.049901
7554	0.049831
5712	0.049818
5711	0.049818
5710	0.049818
4969	0.049803
1882	0.049766
12332	0.049746
9233	0.049745
14269	0.049651
8248	0.049601
3427	0.049595
1457	0.049576
12131	0.049571
2641	0.049571
2640	0.049571
6820	0.049501
5561	0.049501
7131	0.049410
4095	0.049401
13050	0.049383
4667	0.049365
1850	0.049347
7178	0.049322
9024	0.049242
9023	0.049242
9022	0.049242
8949	0.049242
1254	0.049218
7323	0.049117
14282	0.049056
14281	0.049056
8432	0.049027
8431	0.049027
837	0.049023
10856	0.049011
3979	0.048960
532	0.048956
2450	0.048896
3974	0.048843
1358	0.048802
8064	0.048779
3124	0.048779
5554	0.048751
5107	0.048751
6295	0.048705
4811	0.048669
3738	0.048651
6784	0.048647
13129	0.048643
6061	0.048643
5235	0.048630
3613	0.048581
10233	0.048533
3548	0.048489
3009	0.048475
5172	0.048470
5613	0.048469
2185	0.048461
13706	0.048438
13738	0.048428
13731	0.048428
2806	0.048398
9453	0.048262
1695	0.048250
6113	0.048212
10001	0.048149
2091	0.048116
1388	0.048006
13092	0.047992
4533	0.047952
4446	0.047858
4848	0.047843
5035	0.047838
13707	0.047816
1754	0.047759
1467	0.047737
7879	0.047729
2434	0.047722
3817	0.047691
8845	0.047648
2173	0.047558
5680	0.047493
5601	0.047442
14107	0.047436
3091	0.047373
3089	0.047373
3088	0.047373
4679	0.047372
14147	0.047368
3090	0.047368
11635	0.047348
8004	0.047339
3255	0.047323
14148	0.047313
8676	0.047275
13224	0.047222
3283	0.047212
5636	0.047182
4857	0.047142
13234	0.047083
14146	0.047076
4142	0.047046
10148	0.047043
13711	0.046897
5560	0.046897
7007	0.046856
7868	0.046848
8176	0.046844
4625	0.046844
792	0.046781
14399	0.046778
7223	0.046762
13807	0.046761
13439	0.046674
1635	0.046639
5044	0.046621
299	0.046611
2526	0.046610
2	0.046609
2790	0.046597
12288	0.046582
