2452	0.241832
2812	0.214842
1997	0.209794
10518	0.193557
1889	0.189621
12136	0.179359
2783	0.176021
10511	0.175176
5456	0.171501
1897	0.168611
11531	0.167002
2816	0.164986
11111	0.161858
9957	0.159245
2451	0.159243
10559	0.153565
11289	0.153505
6592	0.145623
2453	0.145311
12792	0.138775
12791	0.138470
12788	0.138470
2815	0.136328
5287	0.135862
2817	0.133200
633	0.132083
2814	0.129835
2810	0.128563
2105	0.127300
4116	0.126571
5488	0.126523
10790	0.126055
11132	0.125264
5347	0.124269
5642	0.123944
7774	0.123934
5641	0.123934
2119	0.123446
2107	0.122992
1936	0.122243
1937	0.121550
2809	0.121274
107	0.120152
9840	0.119413
12462	0.118819
10685	0.118819
3169	0.118759
10433	0.118688
4128	0.117577
6347	0.116950
351	0.116003
9870	0.115987
9935	0.115672
4129	0.115672
13265	0.115184
11658	0.115074
12530	0.114801
10789	0.114576
5459	0.113608
3390	0.113583
11989	0.113348
352	0.113166
2461	0.113079
13716	0.112979
2117	0.112811
2097	0.112781
5622	0.112364
2118	0.112300
9934	0.112058
4787	0.111511
11291	0.111279
2116	0.110659
7101	0.110244
10537	0.110051
876	0.109981
726	0.109842
10852	0.109687
986	0.109077
7100	0.108644
1078	0.107796
1985	0.107785
12525	0.107472
11016	0.107399
1987	0.106577
2110	0.106461
1375	0.106319
12034	0.106202
2749	0.106191
11379	0.105844
4136	0.105723
9464	0.105565
8517	0.105565
8516	0.105565
4139	0.105565
4138	0.105565
10318	0.105525
4665	0.105356
11115	0.104363
8929	0.104330
8938	0.104325
4657	0.104291
1981	0.104131
10238	0.103911
1993	0.103911
10101	0.103828
9623	0.103791
11679	0.103664
977	0.103612
10725	0.103479
498	0.103449
12497	0.103291
4666	0.103048
9982	0.103003
9983	0.102983
9393	0.102915
10724	0.102448
2600	0.102395
1687	0.102210
1893	0.102019
8980	0.101754
8978	0.101754
8977	0.101754
8976	0.101754
8940	0.101754
5276	0.101675
4140	0.101673
3669	0.101549
487	0.101462
9674	0.101360
13121	0.101346
4789	0.101346
4788	0.101346
1966	0.100967
716	0.100966
11019	0.100878
6618	0.100564
10240	0.100500
2460	0.100496
1890	0.100309
2093	0.100290
2813	0.099974
5514	0.099949
5720	0.099849
342	0.099683
8773	0.099477
6621	0.099477
11816	0.099271
9797	0.099071
2754	0.099052
4541	0.098975
10142	0.098944
5090	0.098811
4922	0.098632
12310	0.098576
7233	0.098547
11815	0.098506
11507	0.098386
12581	0.098152
11935	0.098148
77	0.097875
9958	0.097762
13153	0.097299
10171	0.097299
10170	0.097299
7586	0.097156
9462	0.097110
7207	0.096984
174	0.096924
5745	0.096713
1132	0.096615
6326	0.096537
6784	0.096395
4131	0.096338
7009	0.096323
7715	0.096281
12670	0.096245
7195	0.096241
7193	0.096241
8051	0.096240
7434	0.096024
488	0.096004
888	0.095888
875	0.095874
2828	0.095754
7772	0.095651
12694	0.095592
5221	0.095559
2422	0.095391
11556	0.095243
9121	0.095052
9112	0.095052
5546	0.094850
2952	0.094725
7468	0.094542
2967	0.094542
11491	0.094503
8052	0.094443
10809	0.094216
7580	0.094216
406	0.094101
7581	0.094031
5512	0.093939
494	0.093882
7526	0.093809
8864	0.093787
8863	0.093787
8583	0.093787
8124	0.093787
7904	0.093787
7903	0.093787
7902	0.093787
7901	0.093787
7900	0.093787
7899	0.093787
7897	0.093787
7896	0.093787
7895	0.093787
9179	0.093772
9319	0.093586
13110	0.093446
4786	0.093421
13606	0.093354
5736	0.092950
10677	0.092926
8979	0.092907
8622	0.092880
5734	0.092856
1977	0.092774
11858	0.092735
3120	0.092664
5264	0.092659
12063	0.092657
9439	0.092562
9682	0.092476
4656	0.092435
10594	0.092239
10499	0.092159
12515	0.091967
9827	0.091898
12352	0.091690
2778	0.091431
1979	0.091375
5665	0.091320
325	0.091162
13223	0.090989
2965	0.090831
1980	0.090776
12564	0.090743
8549	0.090575
2966	0.090480
12041	0.090447
12420	0.090443
5650	0.090392
1978	0.090316
9304	0.090246
609	0.090042
2594	0.090013
2251	0.089914
10859	0.089880
7933	0.089858
347	0.089858
1673	0.089825
1377	0.089683
2820	0.089587
1871	0.089504
11145	0.089412
578	0.089175
1131	0.089030
6156	0.088969
1332	0.088887
14011	0.088855
14010	0.088855
1476	0.088855
1474	0.088855
12543	0.088839
13159	0.088820
6737	0.088791
881	0.088784
2260	0.088709
5465	0.088693
12719	0.088622
7295	0.088599
11100	0.088597
9706	0.088553
10701	0.088542
343	0.088446
10921	0.088304
2958	0.088236
11104	0.088196
12382	0.088170
11902	0.088167
2707	0.088118
4231	0.088061
8972	0.087900
4137	0.087848
2114	0.087813
5213	0.087804
7706	0.087797
6838	0.087783
2962	0.087554
2647	0.087470
5743	0.087383
12754	0.087309
5649	0.087243
12117	0.087150
7345	0.087150
3892	0.087135
5990	0.086819
6287	0.086795
2532	0.086724
10435	0.086459
9616	0.086386
10676	0.086293
176	0.086289
10554	0.086274
8024	0.086231
5174	0.086200
5013	0.086108
2426	0.086002
12383	0.085907
3227	0.085861
3662	0.085815
1370	0.085655
1040	0.085625
1872	0.085405
229	0.085226
1700	0.085100
9826	0.084933
2420	0.084844
6928	0.084758
11809	0.084738
9465	0.084644
1972	0.084632
4238	0.084570
4130	0.084498
8609	0.084486
6671	0.084471
12898	0.084430
11474	0.084377
2709	0.084242
12803	0.084196
6291	0.084112
9143	0.084069
6242	0.084069
5268	0.084065
705	0.083941
11196	0.083890
5513	0.083871
13646	0.083811
8249	0.083750
5272	0.083637
889	0.083629
13719	0.083490
10588	0.083490
7547	0.083490
10592	0.083307
4337	0.083291
8092	0.083249
758	0.083113
1174	0.083093
10907	0.083036
11447	0.082937
2971	0.082932
3520	0.082852
10389	0.082818
9825	0.082769
4126	0.082717
1378	0.082630
3277	0.082555
11510	0.082554
4121	0.082530
5234	0.082458
6149	0.082434
5182	0.082316
5266	0.082278
12183	0.082241
4292	0.082230
5348	0.082081
5155	0.082032
12795	0.082011
10376	0.081938
9790	0.081930
11501	0.081915
10264	0.081879
5433	0.081879
2434	0.081865
1387	0.081755
14249	0.081701
5849	0.081676
5688	0.081627
12720	0.081627
7666	0.081627
7090	0.081469
1	0.081292
10073	0.081278
10138	0.081263
2279	0.081198
11529	0.081180
10916	0.081153
8935	0.081012
5780	0.080886
1958	0.080771
7072	0.080762
7026	0.080663
11626	0.080657
2757	0.080642
1125	0.080528
10556	0.080491
10226	0.080423
12599	0.080383
6856	0.080217
9947	0.080169
2925	0.080156
4349	0.080059
13567	0.080054
5731	0.080054
5730	0.080054
5726	0.080054
5723	0.080054
5722	0.080054
5721	0.080054
5681	0.080054
9375	0.080049
78	0.080021
10130	0.079912
13955	0.079784
12365	0.079727
648	0.079682
4120	0.079590
10682	0.079481
1030	0.079358
565	0.079295
9613	0.079291
2851	0.079266
6138	0.079080
7203	0.078959
2762	0.078760
4324	0.078683
13945	0.078606
11803	0.078581
2015	0.078575
3699	0.078558
8324	0.078548
13396	0.078538
13338	0.078538
4818	0.078511
11866	0.078431
10740	0.078275
13815	0.078213
1968	0.078212
13788	0.078169
2829	0.078148
11048	0.078104
10836	0.077991
12620	0.077989
7073	0.077934
13340	0.077916
9612	0.077862
1791	0.077843
10467	0.077833
6614	0.077819
2595	0.077762
2214	0.077741
7879	0.077722
2115	0.077692
1477	0.077664
8042	0.077663
14250	0.077658
10558	0.077658
10555	0.077658
6968	0.077658
7337	0.077642
1970	0.077578
1143	0.077464
10694	0.077459
10523	0.077406
2531	0.077223
12106	0.077215
3732	0.077210
7032	0.077191
14283	0.077083
2018	0.076828
7202	0.076648
9436	0.076623
6295	0.076613
5773	0.076574
1764	0.076556
10557	0.076481
12414	0.076474
1676	0.076421
12610	0.076387
10369	0.076324
10466	0.076215
8661	0.076069
4408	0.076032
5123	0.075976
3973	0.075848
7560	0.075739
2981	0.075612
11415	0.075605
4106	0.075546
130	0.075530
8444	0.075510
4564	0.075479
5143	0.075413
2094	0.075393
14245	0.075347
7553	0.075278
6102	0.075260
492	0.075180
7872	0.075074
8352	0.075069
8351	0.075069
2957	0.075069
2956	0.075069
7261	0.075053
1835	0.075042
7029	0.075042
11490	0.074968
7166	0.074877
9426	0.074833
7420	0.074780
3675	0.074753
5592	0.074652
155	0.074624
5067	0.074613
10159	0.074577
11211	0.074546
61	0.074475
10739	0.074398
10788	0.074398
10777	0.074398
10759	0.074398
8847	0.074350
5346	0.074309
11464	0.074189
14162	0.074112
12565	0.074003
13095	0.073868
6969	0.073868
2182	0.073857
10713	0.073698
12431	0.073670
11515	0.073669
10288	0.073633
7535	0.073589
129	0.073540
1647	0.073540
307	0.073440
4005	0.073340
6704	0.073315
80	0.073282
9537	0.073270
5625	0.073263
9601	0.073263
12582	0.073247
3934	0.073224
4105	0.073183
13220	0.073145
6110	0.073065
10951	0.072942
12269	0.072913
71	0.072907
9946	0.072872
1166	0.072863
4132	0.072863
12787	0.072847
11755	0.072832
9188	0.072832
4327	0.072825
10160	0.072799
4581	0.072793
1876	0.072790
11475	0.072783
2219	0.072779
9578	0.072713
5345	0.072699
10241	0.072661
12509	0.072625
11708	0.072623
13258	0.072568
4159	0.072560
9135	0.072517
1636	0.072373
9989	0.072333
6895	0.072261
5385	0.072207
12325	0.072205
6866	0.072132
11558	0.072042
7453	0.072015
1768	0.071998
6105	0.071995
2443	0.071978
10244	0.071897
12252	0.071844
12781	0.071836
14091	0.071828
4416	0.071825
2645	0.071820
1703	0.071786
465	0.071785
12755	0.071756
1231	0.071710
8141	0.071575
878	0.071555
2315	0.071537
9199	0.071334
14247	0.071322
11759	0.071292
1044	0.071291
10700	0.071266
7584	0.071252
6323	0.071246
10125	0.071243
9960	0.071240
13111	0.071184
13109	0.071184
9959	0.071184
8336	0.071149
8927	0.071097
2055	0.071054
10278	0.071031
7530	0.070974
1705	0.070962
12152	0.070922
11673	0.070922
8479	0.070922
6773	0.070922
1805	0.070922
1804	0.070922
1799	0.070922
1706	0.070922
1704	0.070922
1702	0.070922
1698	0.070922
1699	0.070917
11596	0.070915
10006	0.070906
5772	0.070886
2040	0.070868
12151	0.070867
11215	0.070837
7351	0.070833
12551	0.070815
6117	0.070810
6896	0.070801
13850	0.070798
10222	0.070769
5774	0.070722
11681	0.070721
222	0.070718
2784	0.070707
89	0.070673
5037	0.070662
2447	0.070586
6300	0.070565
12763	0.070547
12076	0.070514
1531	0.070514
1525	0.070514
1523	0.070514
1522	0.070512
1524	0.070503
3552	0.070478
9531	0.070470
1710	0.070459
5244	0.070416
489	0.070403
11226	0.070359
13144	0.070305
7676	0.070302
4053	0.070288
7131	0.070269
1569	0.070268
10218	0.070220
5728	0.070196
2206	0.070180
8312	0.070113
13240	0.070070
5598	0.070058
2208	0.070056
1236	0.070056
10399	0.070017
2306	0.070014
4491	0.070008
13242	0.070008
13241	0.070008
5595	0.070008
5594	0.070008
7775	0.069999
11637	0.069980
4422	0.069973
13239	0.069962
7014	0.069898
11297	0.069886
6482	0.069879
9058	0.069826
6701	0.069826
10127	0.069824
6081	0.069813
1798	0.069783
5262	0.069737
4421	0.069725
4186	0.069719
11220	0.069717
8250	0.069713
6279	0.069652
4423	0.069642
11385	0.069635
11308	0.069634
2799	0.069594
4614	0.069586
5590	0.069577
8997	0.069575
1709	0.069571
4424	0.069566
2752	0.069559
1701	0.069558
1777	0.069556
4651	0.069540
12023	0.069534
4187	0.069485
9726	0.069461
11925	0.069460
1489	0.069456
11365	0.069449
11270	0.069449
10957	0.069449
7144	0.069449
10107	0.069423
2748	0.069367
1376	0.069342
13449	0.069224
9964	0.069110
6774	0.069097
12849	0.069096
10023	0.069055
6668	0.069047
6642	0.069047
1855	0.068995
4606	0.068975
2096	0.068969
3968	0.068921
3546	0.068897
9419	0.068855
8712	0.068853
8303	0.068853
8302	0.068853
7362	0.068853
6359	0.068853
6202	0.068775
882	0.068752
12570	0.068697
2755	0.068669
539	0.068632
13820	0.068628
2947	0.068626
2267	0.068624
6641	0.068618
3303	0.068613
13607	0.068604
11970	0.068601
3720	0.068601
2902	0.068565
5725	0.068527
6640	0.068494
549	0.068470
1619	0.068460
11655	0.068435
4576	0.068428
534	0.068406
9917	0.068394
1867	0.068383
7263	0.068382
9587	0.068346
12810	0.068331
2188	0.068289
5483	0.068276
12811	0.068268
7010	0.068260
2768	0.068214
3705	0.068210
1209	0.068155
13227	0.068155
11928	0.068138
8501	0.068138
2779	0.068138
2756	0.068138
11927	0.068095
2759	0.068095
13272	0.068083
2786	0.068083
2782	0.068083
1505	0.068083
3636	0.068071
9503	0.068066
79	0.068039
9536	0.068036
10919	0.067998
10658	0.067958
2433	0.067945
2790	0.067942
7206	0.067909
4611	0.067898
5447	0.067875
266	0.067846
3011	0.067773
3152	0.067724
4483	0.067660
5257	0.067660
4135	0.067631
2830	0.067621
12544	0.067598
10313	0.067445
11214	0.067440
12101	0.067434
4538	0.067414
1837	0.067395
9633	0.067354
9630	0.067354
9628	0.067354
9626	0.067354
9625	0.067354
9624	0.067354
9622	0.067354
9621	0.067354
9620	0.067354
9619	0.067354
9618	0.067354
9615	0.067354
9482	0.067354
12146	0.067349
8582	0.067349
7599	0.067349
3695	0.067349
3694	0.067349
3616	0.067349
6730	0.067312
5667	0.067267
5236	0.067229
2708	0.067185
8390	0.067170
9775	0.067160
13363	0.067134
1572	0.067124
5230	0.067073
12500	0.067040
3692	0.066984
823	0.066953
11511	0.066950
532	0.066923
6281	0.066921
11806	0.066906
10542	0.066810
7880	0.066758
1419	0.066696
11797	0.066685
4184	0.066661
7031	0.066659
9610	0.066646
1800	0.066619
4350	0.066545
6771	0.066542
2329	0.066533
837	0.066511
14178	0.066463
7935	0.066463
8625	0.066460
5296	0.066420
1960	0.066417
3472	0.066414
2008	0.066408
2992	0.066398
2459	0.066384
6522	0.066346
3061	0.066324
7415	0.066296
2774	0.066239
323	0.066215
8676	0.066180
10030	0.066152
978	0.066151
4894	0.066147
9985	0.066113
6322	0.066074
2278	0.066016
11924	0.066009
11237	0.065929
879	0.065915
1722	0.065878
9307	0.065857
3852	0.065856
12871	0.065843
10111	0.065827
7033	0.065817
2473	0.065714
12547	0.065621
8794	0.065588
3851	0.065534
3841	0.065508
1691	0.065497
9520	0.065478
9609	0.065450
9580	0.065450
8709	0.065448
12502	0.065381
4480	0.065351
6557	0.065347
2886	0.065346
2108	0.065329
1151	0.065310
1043	0.065290
4456	0.065240
1589	0.065236
10388	0.065231
6325	0.065186
8870	0.065167
5178	0.065162
7034	0.065161
12273	0.065158
1656	0.065102
12457	0.065078
12456	0.065078
12450	0.065078
12443	0.065078
9798	0.065078
11053	0.065055
5249	0.065031
13114	0.065012
1498	0.064999
3952	0.064994
1638	0.064915
12710	0.064782
6299	0.064757
7329	0.064754
1181	0.064710
12496	0.064672
5452	0.064660
1797	0.064584
106	0.064548
3966	0.064470
6344	0.064458
10383	0.064393
596	0.064359
12010	0.064265
11469	0.064235
10657	0.064226
9953	0.064195
14407	0.064189
398	0.064162
9198	0.064160
5183	0.064069
1785	0.064052
9582	0.064037
11263	0.064024
12586	0.064020
10597	0.063937
4339	0.063916
11040	0.063876
14415	0.063852
9277	0.063852
13423	0.063851
2770	0.063789
9555	0.063767
8026	0.063731
9704	0.063692
9995	0.063640
8806	0.063613
11139	0.063578
8081	0.063551
10613	0.063520
279	0.063501
4678	0.063431
7529	0.063389
11969	0.063384
6725	0.063383
2379	0.063360
9967	0.063335
4144	0.063325
12751	0.063294
2821	0.063281
2369	0.063229
9653	0.063207
11739	0.063173
5038	0.063156
1969	0.063153
5870	0.063147
10192	0.063087
10184	0.063087
584	0.063086
1922	0.063032
6781	0.063029
8207	0.063017
8887	0.063012
10844	0.063000
10583	0.062888
10548	0.062848
1442	0.062834
2864	0.062800
