121	0.219806
1117	0.211334
114	0.210562
1135	0.203025
7020	0.194306
9258	0.194097
1121	0.188309
3431	0.186496
14374	0.185294
14363	0.185294
7783	0.184815
14368	0.180512
6430	0.180382
1123	0.180382
14365	0.179246
14364	0.179174
14376	0.177859
14359	0.177859
7998	0.177859
8221	0.177649
221	0.173648
115	0.173226
14233	0.172688
1136	0.172688
1119	0.169450
1120	0.169027
12218	0.168660
2058	0.168660
13247	0.168592
10329	0.167175
1122	0.167132
1565	0.166514
14373	0.166495
14372	0.166495
14371	0.166495
14362	0.166495
14352	0.166495
14350	0.166495
8455	0.166495
7997	0.166495
7823	0.166495
11355	0.166285
12229	0.165544
14370	0.165278
5403	0.165197
10795	0.164949
14357	0.164882
7787	0.164882
8453	0.164876
7002	0.164317
14367	0.163543
12979	0.163003
10403	0.162646
12243	0.162537
12036	0.159497
1116	0.158116
7782	0.157850
1115	0.157478
1113	0.154271
7692	0.153776
1114	0.153027
1133	0.152196
1930	0.152069
14369	0.150861
14366	0.150802
14361	0.150802
14355	0.150802
8456	0.150802
7866	0.150543
12242	0.150394
3706	0.148534
7917	0.144245
2827	0.144034
34	0.140788
1118	0.138485
14375	0.138248
13970	0.138165
7999	0.138109
7479	0.137523
14351	0.137213
4021	0.137095
7918	0.136947
13739	0.135604
3389	0.133104
14360	0.132221
8392	0.130277
6447	0.130274
14219	0.129446
2105	0.127964
4078	0.126891
6376	0.126761
5855	0.126460
8447	0.125887
7495	0.124685
5642	0.123352
7774	0.123343
5641	0.123343
5347	0.123307
8891	0.122964
113	0.122518
3837	0.122432
5696	0.120991
3116	0.120707
2764	0.120615
7228	0.119697
8895	0.118083
11611	0.117795
8894	0.117795
8893	0.117795
6339	0.117795
3439	0.117795
1419	0.117363
11850	0.117067
10236	0.115627
5756	0.115600
9248	0.115309
3333	0.114397
9176	0.114288
8809	0.114288
3415	0.113983
187	0.112985
10540	0.111411
4200	0.110774
9177	0.110590
222	0.110496
10050	0.110484
9174	0.110368
7288	0.109644
13508	0.108475
11607	0.108155
11999	0.107983
4304	0.107979
4302	0.107979
9794	0.107068
699	0.106343
9623	0.105600
3166	0.105370
12348	0.104994
10410	0.104848
4111	0.104728
1420	0.104717
9201	0.104375
5684	0.104347
10661	0.104287
2103	0.104253
3423	0.103317
10156	0.103286
14418	0.103027
14417	0.103027
13284	0.103027
13152	0.103027
9795	0.103027
9793	0.103027
9792	0.103027
9791	0.103027
9789	0.103027
9745	0.103027
9163	0.103027
8614	0.103027
8613	0.103027
8177	0.103027
4163	0.102997
8604	0.102714
11389	0.102652
8076	0.102611
10088	0.102162
2060	0.102083
10411	0.101891
10045	0.101713
11914	0.101168
13509	0.100512
8792	0.100092
5433	0.099867
224	0.099288
8531	0.098866
2052	0.098820
6806	0.098344
3948	0.098291
13418	0.097937
4559	0.097176
2102	0.096154
3680	0.096145
1836	0.095454
3619	0.094946
11937	0.094397
3914	0.094266
9439	0.094093
11858	0.094091
225	0.093978
9207	0.093824
9205	0.093824
8528	0.093824
9462	0.093510
8882	0.093310
4201	0.093310
1694	0.092739
4868	0.092356
686	0.092346
8615	0.092313
3213	0.092225
5033	0.092206
6501	0.091606
2104	0.091340
2108	0.091136
9199	0.090845
5309	0.090710
13665	0.090672
8625	0.090561
5034	0.090414
2280	0.090139
9480	0.089894
8533	0.089894
14358	0.089823
7758	0.089743
9226	0.089667
9217	0.089667
8534	0.089667
7827	0.089626
1109	0.089414
4537	0.089315
11920	0.088978
3927	0.088978
3868	0.088978
5176	0.088908
9415	0.088747
8851	0.088747
8850	0.088747
6449	0.088668
698	0.088376
8886	0.088224
2110	0.088057
1260	0.087804
10862	0.087561
8611	0.087442
2128	0.087080
4795	0.087068
10863	0.087050
5905	0.086454
13721	0.086410
13709	0.086410
235	0.086318
6151	0.086013
2123	0.085998
11919	0.085879
7864	0.085874
6208	0.085515
123	0.085373
7947	0.084933
2820	0.084842
13748	0.084243
10760	0.084002
4112	0.083580
1427	0.083567
5187	0.083486
7676	0.083168
7872	0.083101
8352	0.083094
8351	0.083094
2957	0.083094
2956	0.083094
8634	0.083002
73	0.082973
9231	0.082953
11256	0.082698
4106	0.082651
2958	0.082593
3427	0.082546
2064	0.082501
4113	0.082329
7453	0.082181
9218	0.082091
13850	0.081584
31	0.081560
9413	0.081558
12909	0.081484
4105	0.081458
6896	0.081248
1132	0.081187
7767	0.081163
9152	0.081016
6895	0.080800
1673	0.080709
2828	0.080455
5164	0.080282
5163	0.080282
10914	0.080076
39	0.080051
3929	0.079947
3928	0.079947
4294	0.079696
6473	0.079340
9818	0.079329
9693	0.079329
304	0.079314
11930	0.078802
2192	0.078798
3784	0.078649
4231	0.078395
8618	0.078236
11224	0.077968
5796	0.077860
2902	0.077590
6465	0.077440
9787	0.077391
9786	0.077391
9785	0.077391
9784	0.077391
9783	0.077391
9782	0.077391
9781	0.077391
9778	0.077391
9280	0.077391
8585	0.077391
8567	0.077391
8553	0.077391
13485	0.077389
13468	0.077389
2954	0.077362
877	0.077350
2190	0.077260
2831	0.076864
13394	0.076663
9253	0.076654
9780	0.076364
14342	0.076159
2111	0.076082
4305	0.076012
2107	0.075953
5186	0.075894
5035	0.075845
6623	0.075759
4281	0.075600
8892	0.075519
11918	0.075478
2522	0.075315
8487	0.075214
1817	0.075187
9709	0.075154
7757	0.074887
3416	0.074593
4799	0.074525
3867	0.074466
6228	0.074401
9153	0.074359
118	0.074297
4538	0.074255
8584	0.074195
14093	0.074120
3590	0.074076
820	0.073892
10404	0.073842
9702	0.073801
3667	0.073791
2114	0.073642
4168	0.073629
8180	0.073509
13738	0.073488
13731	0.073488
13706	0.073484
4485	0.073388
1025	0.073384
4798	0.073372
13707	0.073320
3879	0.073205
6077	0.073202
10286	0.073195
9145	0.073004
9913	0.072851
6742	0.072686
578	0.072583
122	0.072500
2567	0.072479
14395	0.072463
7891	0.072463
43	0.072411
8346	0.072370
8345	0.072370
2199	0.072297
9861	0.072251
9819	0.072251
13265	0.072236
2955	0.072227
2953	0.072227
5452	0.072219
3716	0.072200
879	0.072035
6889	0.071929
6532	0.071924
3906	0.071830
7258	0.071828
11243	0.071771
11658	0.071681
1458	0.071675
2113	0.071641
286	0.071504
10497	0.071478
414	0.071393
2204	0.071112
1829	0.071089
7659	0.070982
7510	0.070955
5240	0.070764
4763	0.070758
5844	0.070736
8451	0.070653
4596	0.070520
7752	0.070419
4832	0.070418
11625	0.070385
1840	0.070297
9121	0.070295
9112	0.070295
6557	0.070294
2106	0.070161
5476	0.070043
8740	0.070035
3954	0.069982
14407	0.069871
888	0.069833
1024	0.069683
3588	0.069612
8535	0.069589
7888	0.069553
2195	0.069549
7887	0.069535
5555	0.069534
11733	0.069532
4533	0.069402
823	0.069320
2286	0.069105
11429	0.068985
11324	0.068985
269	0.068918
7807	0.068870
6149	0.068838
2121	0.068828
6017	0.068740
7400	0.068706
11034	0.068543
206	0.068458
1839	0.068427
9796	0.068414
7920	0.068298
7622	0.068282
1006	0.068234
14415	0.068228
9277	0.068228
11566	0.067978
5571	0.067967
9633	0.067948
9630	0.067948
9628	0.067948
9626	0.067948
9625	0.067948
9624	0.067948
9622	0.067948
9621	0.067948
9620	0.067948
9619	0.067948
9618	0.067948
9615	0.067948
9482	0.067948
1711	0.067737
6754	0.067709
4595	0.067689
8676	0.067674
3539	0.067608
11307	0.067487
6013	0.067473
5791	0.067471
9168	0.067338
6169	0.067303
4453	0.067014
6395	0.066846
14061	0.066829
14404	0.066821
14400	0.066821
8143	0.066821
8096	0.066821
6638	0.066735
40	0.066660
12039	0.066656
14416	0.066597
4731	0.066424
4675	0.066424
7954	0.066094
713	0.066007
6838	0.065956
10667	0.065929
6197	0.065915
12820	0.065880
8864	0.065863
8863	0.065863
8583	0.065863
8124	0.065863
7904	0.065863
7903	0.065863
7902	0.065863
7901	0.065863
7900	0.065863
7899	0.065863
7897	0.065863
7896	0.065863
7895	0.065863
7526	0.065785
4542	0.065578
10839	0.065570
1235	0.065538
119	0.065476
3778	0.065398
7889	0.065251
2952	0.065240
2821	0.065186
9609	0.065129
9580	0.065129
6472	0.065062
5123	0.065009
12511	0.064898
10838	0.064802
8008	0.064725
582	0.064721
6117	0.064704
6904	0.064660
9195	0.064625
13704	0.064608
13702	0.064608
9806	0.064505
9805	0.064505
9802	0.064505
9801	0.064505
2202	0.064420
8304	0.064397
6747	0.064368
2014	0.064317
14379	0.064297
5546	0.064292
10580	0.064291
5930	0.064291
4857	0.064188
11407	0.064157
8628	0.064130
7172	0.064120
7317	0.064059
7316	0.064059
7174	0.064059
6338	0.064059
4216	0.064051
8468	0.064038
2978	0.064038
2977	0.064038
9610	0.063686
14433	0.063651
8087	0.063600
14410	0.063543
14409	0.063543
14408	0.063543
7919	0.063543
5442	0.063467
295	0.063346
2	0.063333
7420	0.063269
9244	0.063155
1097	0.062887
4836	0.062830
8816	0.062803
8815	0.062803
8814	0.062803
8812	0.062803
8796	0.062803
8795	0.062803
8777	0.062803
7923	0.062803
7276	0.062704
7015	0.062694
9673	0.062521
1231	0.062484
13904	0.062471
2197	0.062407
13421	0.062378
11166	0.062372
5604	0.062351
6168	0.062337
2545	0.062304
9711	0.062107
9708	0.062107
9707	0.062107
9705	0.062107
9703	0.062107
9699	0.062043
1833	0.062008
13075	0.061979
3741	0.061833
6519	0.061786
3681	0.061778
4452	0.061388
5296	0.061367
9612	0.061268
14266	0.061237
10030	0.061149
6351	0.061110
12915	0.061079
12914	0.061079
2979	0.061047
1655	0.060920
14393	0.060906
14377	0.060906
6482	0.060849
11212	0.060786
4520	0.060713
9613	0.060697
6278	0.060570
9729	0.060566
9477	0.060538
9481	0.060508
9479	0.060508
9478	0.060508
9476	0.060508
9475	0.060508
9473	0.060508
9472	0.060508
9471	0.060508
9470	0.060508
9468	0.060508
9345	0.060508
8667	0.060508
8665	0.060508
8664	0.060508
8663	0.060508
8662	0.060508
8630	0.060508
8629	0.060508
8627	0.060508
8626	0.060508
6695	0.060426
9606	0.060411
7960	0.060399
9135	0.060386
7784	0.060301
14398	0.060293
14383	0.060293
8454	0.060293
7916	0.060293
7083	0.060293
7915	0.060276
7606	0.060236
7211	0.060233
1022	0.060207
2097	0.060078
11079	0.059948
11078	0.059948
10999	0.059948
8650	0.059948
9200	0.059844
9578	0.059720
13521	0.059716
1837	0.059605
8709	0.059497
5268	0.059306
7890	0.059272
2708	0.059032
6971	0.058968
2188	0.058944
498	0.058885
7397	0.058874
3940	0.058841
9616	0.058757
2281	0.058656
3504	0.058646
9222	0.058621
777	0.058551
8635	0.058538
2546	0.058527
9912	0.058202
9911	0.058202
2479	0.058099
6443	0.058051
4169	0.057916
9235	0.057916
9230	0.057916
9228	0.057916
9225	0.057916
9224	0.057916
9221	0.057916
9219	0.057916
9214	0.057916
9213	0.057916
9211	0.057916
9209	0.057916
9208	0.057916
9206	0.057916
9193	0.057916
8807	0.057916
8679	0.057916
8677	0.057916
8675	0.057916
8674	0.057916
8673	0.057916
8670	0.057916
8637	0.057916
8633	0.057916
8631	0.057916
8610	0.057916
8591	0.057916
8539	0.057916
8538	0.057916
8537	0.057916
8536	0.057916
8529	0.057916
8526	0.057916
8525	0.057916
8632	0.057916
8671	0.057913
8661	0.057749
882	0.057718
6976	0.057670
6707	0.057663
7655	0.057638
1019	0.057594
9263	0.057352
9788	0.057341
11056	0.057331
4143	0.057326
8793	0.057235
8771	0.057235
8770	0.057235
8769	0.057235
8746	0.057235
8745	0.057235
8396	0.057235
8845	0.057189
5059	0.057110
7115	0.057105
7223	0.057099
9474	0.057096
6961	0.057096
683	0.056976
7654	0.056954
3091	0.056854
3089	0.056854
3088	0.056854
10953	0.056845
14147	0.056839
3090	0.056839
14148	0.056779
11401	0.056677
11399	0.056677
2509	0.056630
2510	0.056614
9178	0.056539
9503	0.056523
9237	0.056440
11989	0.056304
316	0.056246
11922	0.056205
2566	0.056138
2112	0.056052
2968	0.056039
14146	0.055997
7029	0.055945
14107	0.055938
12626	0.055878
6417	0.055807
220	0.055798
13326	0.055780
4486	0.055778
3421	0.055751
9331	0.055747
792	0.055648
11681	0.055565
5153	0.055545
7065	0.055509
9220	0.055475
8114	0.055433
6036	0.055390
2600	0.055251
8565	0.055238
8530	0.055233
7534	0.055171
11362	0.055118
3955	0.055105
7553	0.055105
13277	0.055090
9212	0.055076
10902	0.055063
5413	0.055061
6102	0.055033
2109	0.054959
205	0.054813
203	0.054813
819	0.054781
8617	0.054780
13535	0.054701
2660	0.054679
13634	0.054638
3536	0.054637
586	0.054597
14290	0.054575
10566	0.054525
2124	0.054414
2203	0.054314
10538	0.054304
3430	0.054250
12010	0.054231
764	0.054157
13673	0.054135
13672	0.054135
13671	0.054135
10698	0.054128
4839	0.054092
10696	0.054057
6115	0.054047
10697	0.054040
1517	0.053937
13516	0.053928
124	0.053924
3549	0.053839
11425	0.053664
10379	0.053664
1457	0.053663
8714	0.053582
7295	0.053563
3676	0.053521
13613	0.053492
7227	0.053380
2170	0.053203
6566	0.053187
633	0.053138
4306	0.053116
3191	0.053092
6816	0.053082
7160	0.052968
5277	0.052950
7176	0.052880
2659	0.052770
5318	0.052746
573	0.052720
8636	0.052669
5258	0.052644
8324	0.052584
64	0.052536
315	0.052468
9210	0.052356
6307	0.052331
876	0.052289
2173	0.052270
1586	0.052054
199	0.052030
9064	0.052012
426	0.051999
8329	0.051998
3821	0.051965
492	0.051964
13994	0.051934
7931	0.051934
6704	0.051925
4922	0.051890
12357	0.051885
12918	0.051823
13363	0.051787
1111	0.051762
5177	0.051746
5461	0.051613
628	0.051502
4848	0.051483
13050	0.051449
251	0.051357
1254	0.051248
7502	0.051226
4144	0.051167
4213	0.051078
2186	0.050956
13567	0.050917
5731	0.050917
5730	0.050917
5726	0.050917
5723	0.050917
5722	0.050917
5721	0.050917
5681	0.050917
3700	0.050911
8258	0.050902
10965	0.050876
13076	0.050823
459	0.050768
8377	0.050764
9347	0.050754
1847	0.050752
457	0.050676
9311	0.050641
858	0.050611
7078	0.050502
2605	0.050459
1001	0.050445
2174	0.050182
9416	0.050091
2981	0.050054
2835	0.049996
2521	0.049937
5238	0.049825
5239	0.049786
3598	0.049768
7261	0.049756
4154	0.049743
14060	0.049725
8700	0.049559
9993	0.049539
4800	0.049457
9357	0.049427
9192	0.049408
3637	0.049402
7642	0.049392
6127	0.049379
2191	0.049345
11255	0.049295
404	0.048931
11968	0.048907
949	0.048907
8064	0.048788
4569	0.048776
13807	0.048733
1265	0.048590
9710	0.048576
9338	0.048487
12873	0.048463
339	0.048406
6671	0.048404
9150	0.048403
11439	0.048379
8609	0.048371
12360	0.048209
7711	0.048209
7554	0.048186
268	0.048088
13712	0.048088
5496	0.048059
7152	0.048004
6910	0.047987
1988	0.047977
9436	0.047828
5434	0.047797
874	0.047692
5688	0.047655
322	0.047652
8711	0.047643
30	0.047618
8710	0.047589
4051	0.047552
8732	0.047540
3841	0.047526
5734	0.047478
1189	0.047476
5695	0.047459
4293	0.047453
3817	0.047375
11646	0.047366
12030	0.047316
5745	0.047285
9175	0.047283
9173	0.047283
8831	0.047283
8830	0.047283
7688	0.047283
5168	0.047267
2092	0.047256
2246	0.047221
8712	0.047169
8303	0.047169
8302	0.047169
7362	0.047169
6359	0.047169
4142	0.047139
117	0.047127
6867	0.047108
6202	0.047103
5746	0.047021
3414	0.046761
7709	0.046638
997	0.046460
14406	0.046351
14405	0.046351
8000	0.046349
8772	0.046289
3803	0.046233
2965	0.046214
9820	0.046184
8735	0.046184
9266	0.046004
6533	0.045830
835	0.045818
5245	0.045815
1743	0.045805
7815	0.045628
1340	0.045623
9204	0.045509
8592	0.045509
4713	0.045505
13460	0.045496
8813	0.045476
11712	0.045409
2446	0.045397
