2052	0.145995
1521	0.144857
1419	0.126772
9623	0.124172
51	0.122330
13449	0.119010
5347	0.118607
1420	0.118593
7774	0.117940
5641	0.117940
5642	0.117938
8615	0.117520
2968	0.117235
6838	0.113955
2114	0.113646
7526	0.112723
8864	0.112601
8863	0.112601
8583	0.112601
8124	0.112601
7904	0.112601
7903	0.112601
7902	0.112601
7901	0.112601
7900	0.112601
7899	0.112601
7897	0.112601
7896	0.112601
7895	0.112601
5413	0.111334
2105	0.110816
7659	0.110752
5546	0.109222
7379	0.108891
882	0.108813
2845	0.107495
9307	0.107476
6278	0.107446
2064	0.106915
7295	0.106623
3837	0.105789
14266	0.105627
9462	0.105532
4538	0.104978
5967	0.104737
2109	0.104184
7913	0.104080
5968	0.104080
470	0.104080
469	0.103983
861	0.103969
5219	0.103960
2097	0.103879
8207	0.103332
876	0.103188
3505	0.102727
11858	0.102700
7306	0.102346
9439	0.102200
11989	0.102107
4542	0.101745
268	0.101153
3741	0.100691
6255	0.100368
5697	0.100109
1800	0.099726
9610	0.099711
730	0.099492
370	0.099340
35	0.099325
5346	0.099299
2263	0.099271
2182	0.099080
1228	0.099057
5354	0.097639
14407	0.097475
1232	0.097273
1229	0.097273
2600	0.096997
12077	0.096772
6461	0.096772
3711	0.096772
13235	0.096757
4672	0.096669
2952	0.096611
4670	0.095872
4667	0.095793
6482	0.095629
12252	0.095620
11678	0.095602
9909	0.095490
7752	0.094986
331	0.094916
10226	0.094804
9237	0.094662
4671	0.094521
4669	0.094521
2990	0.094487
11658	0.094444
13265	0.094322
10694	0.094302
4383	0.093938
5038	0.093878
8928	0.093807
12873	0.093803
11964	0.093622
353	0.093590
9942	0.093562
9931	0.093562
9930	0.093562
9921	0.093562
9901	0.093562
9899	0.093562
9895	0.093562
9866	0.093562
9836	0.093562
9832	0.093562
9810	0.093562
9698	0.093562
9636	0.093562
9570	0.093562
9299	0.093562
13633	0.093286
13490	0.092958
13632	0.092958
13631	0.092958
4537	0.092590
1119	0.092518
888	0.092509
3203	0.092484
221	0.092431
2840	0.092268
9702	0.092245
8090	0.092231
2847	0.092231
2843	0.092231
2839	0.092231
4301	0.092185
1120	0.092178
9484	0.091914
9483	0.091914
13247	0.091872
9121	0.091802
9112	0.091802
12030	0.091721
11818	0.091636
9150	0.091551
1673	0.091343
4778	0.091131
9135	0.090889
3389	0.090831
9775	0.090807
1400	0.090793
9539	0.090620
2666	0.090390
8661	0.090362
404	0.090334
9794	0.090264
4668	0.089756
14415	0.089740
9277	0.089740
8892	0.089643
2996	0.089135
1265	0.089055
2820	0.088989
9503	0.088984
2958	0.088950
2411	0.088715
10723	0.088704
11715	0.088603
227	0.088550
38	0.088316
11813	0.088229
11646	0.088084
9269	0.087982
6623	0.087955
2523	0.087873
3507	0.087857
11806	0.087722
6149	0.087695
1905	0.087637
7420	0.087452
14342	0.087409
5779	0.087385
8611	0.087352
7182	0.087263
6378	0.087185
5778	0.087165
7453	0.087096
9613	0.086947
9520	0.086841
2107	0.086817
1118	0.086790
10456	0.086690
7676	0.086648
6102	0.086455
8531	0.086150
1231	0.085971
9436	0.085771
11556	0.085687
12125	0.085569
7553	0.085548
1030	0.085419
11737	0.085229
11121	0.085179
4865	0.085077
9531	0.084971
9633	0.084737
9630	0.084737
9628	0.084737
9626	0.084737
9625	0.084737
9624	0.084737
9622	0.084737
9621	0.084737
9620	0.084737
9619	0.084737
9618	0.084737
9615	0.084737
9482	0.084737
13394	0.084625
2380	0.084049
1491	0.084006
6393	0.084005
6252	0.083950
9347	0.083925
9578	0.083922
6303	0.083818
1458	0.083803
10943	0.083649
781	0.083648
11233	0.083598
9381	0.083598
13131	0.083421
9385	0.083401
6117	0.083379
7881	0.083289
3438	0.083219
11607	0.083212
8312	0.083211
9704	0.083196
13557	0.083191
13556	0.083191
5748	0.083014
2575	0.082986
9612	0.082926
11817	0.082789
6990	0.082789
5500	0.082777
2542	0.082698
12636	0.082694
5958	0.082681
9928	0.082515
9192	0.082478
11999	0.082379
4304	0.082355
4302	0.082355
10356	0.082295
9605	0.082274
9611	0.082249
5291	0.082219
3710	0.082210
11129	0.082104
3604	0.082051
6191	0.081942
6967	0.081867
6689	0.081867
6127	0.081790
513	0.081726
6267	0.081695
6302	0.081695
3654	0.081619
1039	0.081572
1529	0.081429
7089	0.081086
4416	0.081083
11548	0.081027
9711	0.080914
9708	0.080914
9707	0.080914
9705	0.080914
9703	0.080914
6295	0.080912
9699	0.080903
11679	0.080827
14162	0.080754
9706	0.080575
7560	0.080457
7288	0.080412
2168	0.080326
12250	0.080290
2424	0.080164
5746	0.080112
7131	0.080068
10227	0.080039
7388	0.080024
10776	0.079977
11019	0.079974
630	0.079972
6767	0.079945
6765	0.079945
6764	0.079945
13462	0.079854
4977	0.079825
1510	0.079777
426	0.079733
352	0.079657
5142	0.079576
4976	0.079549
4520	0.079525
11988	0.079491
9415	0.079448
8851	0.079448
8850	0.079448
2062	0.079392
14416	0.079387
9913	0.079209
14427	0.079190
6055	0.079141
4106	0.079126
8714	0.079114
12348	0.078993
7958	0.078839
11681	0.078705
12182	0.078678
4464	0.078678
4922	0.078612
4231	0.078338
414	0.078335
2973	0.078278
8352	0.078261
8351	0.078261
2957	0.078261
2956	0.078261
7872	0.078259
56	0.078258
1777	0.078185
12909	0.078164
8503	0.078160
9413	0.078154
115	0.078148
9538	0.078059
225	0.077998
13850	0.077951
11682	0.077906
12785	0.077817
4111	0.077775
6896	0.077766
9780	0.077740
2541	0.077668
6636	0.077559
10658	0.077497
6525	0.077463
4463	0.077412
235	0.077321
9606	0.077273
9338	0.077212
4105	0.077142
11226	0.077108
2267	0.077088
12784	0.076997
498	0.076974
10186	0.076961
11212	0.076855
10838	0.076740
6895	0.076734
8204	0.076689
2778	0.076675
1526	0.076665
6908	0.076621
3596	0.076619
63	0.076555
8942	0.076494
2535	0.076460
2892	0.076395
168	0.076343
9519	0.076174
224	0.076160
11475	0.076098
2902	0.075938
4042	0.075933
10657	0.075918
6881	0.075887
14233	0.075846
1136	0.075846
12143	0.075838
9627	0.075812
4363	0.075759
6697	0.075730
13693	0.075712
2529	0.075709
9726	0.075668
4255	0.075595
6016	0.075565
5123	0.075536
2040	0.075505
9218	0.075243
11982	0.075185
5414	0.075185
5412	0.075185
1254	0.075161
5433	0.075119
3841	0.075099
9673	0.075021
5299	0.074922
9534	0.074908
9533	0.074908
9529	0.074908
9509	0.074908
10839	0.074800
5289	0.074738
13050	0.074713
2521	0.074665
2518	0.074560
11739	0.074367
1044	0.074331
5908	0.074117
307	0.074112
13545	0.074095
10232	0.074038
9687	0.074025
11065	0.073970
613	0.073854
9787	0.073779
9786	0.073779
9785	0.073779
9784	0.073779
9783	0.073779
9782	0.073779
9781	0.073779
9778	0.073779
9280	0.073779
8585	0.073779
8567	0.073779
8553	0.073779
6465	0.073773
11799	0.073719
5747	0.073708
3171	0.073518
10859	0.073475
7390	0.073418
6007	0.073356
2280	0.073349
6305	0.073285
823	0.073236
13030	0.073177
8451	0.073166
4144	0.073137
2382	0.073104
3388	0.073033
9609	0.072918
9580	0.072918
6971	0.072832
4581	0.072807
9540	0.072784
2950	0.072725
2621	0.072656
239	0.072606
9788	0.072591
11147	0.072542
13994	0.072514
7931	0.072514
503	0.072490
7686	0.072402
2447	0.072352
2185	0.072242
4469	0.072212
2110	0.072191
9686	0.072101
5302	0.072053
4262	0.071990
6373	0.071913
12069	0.071818
7954	0.071810
4121	0.071807
10823	0.071800
5780	0.071733
3539	0.071718
13116	0.071702
2964	0.071669
8584	0.071569
10916	0.071456
9348	0.071412
532	0.071410
4032	0.071402
406	0.071329
8845	0.071322
2396	0.071295
6217	0.071197
12109	0.071190
5948	0.071190
4511	0.071137
4176	0.071108
12276	0.071087
14263	0.071087
14002	0.071087
14001	0.071087
14000	0.071087
13998	0.071087
13996	0.071087
6666	0.071087
5064	0.071087
4854	0.071087
4852	0.071087
4175	0.070997
13500	0.070977
9460	0.070961
8076	0.070916
4168	0.070877
2593	0.070746
6806	0.070740
11996	0.070657
4659	0.070649
9145	0.070560
782	0.070555
14358	0.070485
10097	0.070477
6742	0.070470
2863	0.070450
4163	0.070433
6035	0.070430
8711	0.070421
8732	0.070414
14418	0.070404
14417	0.070404
13284	0.070404
13152	0.070404
9795	0.070404
9793	0.070404
9792	0.070404
9791	0.070404
9789	0.070404
9745	0.070404
9163	0.070404
8614	0.070404
8613	0.070404
8177	0.070404
6277	0.070402
8929	0.070222
9700	0.070221
6618	0.070216
1133	0.070198
14248	0.070175
8047	0.070175
8710	0.070164
11322	0.070131
5737	0.070032
7263	0.069995
13942	0.069953
13664	0.069893
2765	0.069873
92	0.069862
13767	0.069812
1402	0.069781
1986	0.069730
14085	0.069720
8773	0.069613
6621	0.069613
2363	0.069555
3588	0.069555
9395	0.069551
5712	0.069474
5711	0.069474
5710	0.069474
2458	0.069416
6081	0.069413
5947	0.069373
4165	0.069354
12716	0.069350
7830	0.069295
1656	0.069235
8180	0.069200
5059	0.069161
6886	0.069100
10761	0.069068
3508	0.069060
9512	0.069027
2274	0.069018
1094	0.069006
2962	0.069003
9761	0.068988
9170	0.068972
13676	0.068936
4160	0.068924
814	0.068923
5296	0.068913
2870	0.068789
2181	0.068769
11502	0.068750
11609	0.068701
11798	0.068696
3666	0.068683
761	0.068651
8619	0.068646
277	0.068641
1101	0.068597
1100	0.068597
4521	0.068584
1121	0.068572
3636	0.068534
3054	0.068519
4787	0.068500
8792	0.068438
3700	0.068391
3973	0.068376
10748	0.068363
9834	0.068363
13926	0.068353
6304	0.068352
222	0.068350
3786	0.068338
10762	0.068329
2579	0.068217
2303	0.068195
3128	0.068191
3121	0.068191
3048	0.068191
2624	0.068191
6064	0.068183
12093	0.068172
10330	0.068089
9034	0.068087
9713	0.068078
2394	0.068074
5033	0.068034
9069	0.067992
9068	0.067992
9067	0.067992
4305	0.067974
5963	0.067878
12944	0.067776
3448	0.067704
6065	0.067702
8398	0.067566
13665	0.067536
1293	0.067512
1686	0.067492
4053	0.067431
10666	0.067406
10542	0.067348
4294	0.067340
8712	0.067145
8303	0.067145
8302	0.067145
7362	0.067145
6359	0.067145
4281	0.067144
758	0.067104
6202	0.067081
9061	0.067057
9060	0.067057
5715	0.067057
2565	0.067057
6851	0.067054
8292	0.067022
12414	0.066975
6044	0.066915
9226	0.066911
9217	0.066911
8534	0.066911
2970	0.066879
7827	0.066876
10740	0.066867
11906	0.066854
524	0.066705
11469	0.066681
5321	0.066664
5117	0.066643
4229	0.066618
6464	0.066613
6463	0.066613
8676	0.066584
5243	0.066580
6072	0.066574
13997	0.066571
14209	0.066546
9709	0.066285
3398	0.066273
2049	0.066271
4306	0.066204
9631	0.066169
2365	0.066135
13282	0.066062
6034	0.066052
13281	0.066047
3071	0.066029
5034	0.066005
243	0.065989
12275	0.065971
9741	0.065956
3310	0.065956
4624	0.065955
7767	0.065922
3665	0.065914
1300	0.065911
596	0.065908
5914	0.065807
10661	0.065775
14226	0.065746
14225	0.065746
13873	0.065746
13872	0.065746
13871	0.065746
13870	0.065746
8437	0.065746
8435	0.065746
8434	0.065746
4118	0.065691
5909	0.065672
13788	0.065547
13928	0.065524
1958	0.065479
4465	0.065439
869	0.065298
5062	0.065278
6234	0.065181
9102	0.065178
4755	0.065149
5488	0.065091
9875	0.065089
11803	0.065067
1854	0.064987
11297	0.064985
10230	0.064926
7458	0.064862
3314	0.064842
11365	0.064804
11270	0.064804
10957	0.064804
7144	0.064804
8436	0.064717
9244	0.064682
4850	0.064677
2317	0.064618
3311	0.064571
7856	0.064557
13688	0.064523
4112	0.064512
7239	0.064476
13999	0.064391
5005	0.064391
3047	0.064368
6532	0.064348
7206	0.064327
171	0.064310
1952	0.064303
10642	0.064300
4948	0.064278
169	0.064277
11394	0.064250
12300	0.064187
1654	0.064158
2881	0.064121
5101	0.064072
9831	0.064049
2758	0.063965
11612	0.063956
4834	0.063934
7757	0.063922
633	0.063862
3288	0.063858
881	0.063789
4848	0.063758
4113	0.063754
141	0.063740
13199	0.063723
13198	0.063723
1906	0.063721
364	0.063695
2632	0.063673
7337	0.063642
9375	0.063609
4855	0.063411
12237	0.063404
1078	0.063403
7955	0.063380
13013	0.063354
12962	0.063354
12848	0.063325
7973	0.063245
2773	0.063241
3699	0.063224
3739	0.063177
3705	0.063076
6616	0.063063
11760	0.063046
9024	0.063028
9023	0.063028
9022	0.063028
8949	0.063028
11635	0.062968
11902	0.062958
3553	0.062633
12053	0.062623
9480	0.062614
8533	0.062614
3745	0.062605
11987	0.062593
5777	0.062581
6317	0.062580
12063	0.062547
10110	0.062532
10233	0.062491
599	0.062471
12219	0.062459
3061	0.062448
9735	0.062425
5555	0.062407
10800	0.062400
11703	0.062397
9957	0.062351
8709	0.062322
12238	0.062322
7114	0.062307
2054	0.062282
6430	0.062276
1123	0.062276
6663	0.062259
13694	0.062206
7606	0.062173
8468	0.062148
2978	0.062148
2977	0.062148
4216	0.062045
1768	0.061955
837	0.061941
7977	0.061930
11998	0.061912
4377	0.061911
4450	0.061889
5116	0.061808
13826	0.061775
3260	0.061738
534	0.061734
6017	0.061713
8383	0.061707
11072	0.061608
786	0.061571
12285	0.061527
7981	0.061474
1097	0.061469
5221	0.061454
12031	0.061395
817	0.061394
13036	0.061365
2227	0.061348
13032	0.061328
13031	0.061328
12429	0.061328
2846	0.061324
9497	0.061324
2944	0.061297
5558	0.061270
14004	0.061166
4866	0.061166
9543	0.061166
10809	0.061081
7580	0.061081
9796	0.061072
12530	0.061040
5063	0.061031
7581	0.061029
7951	0.061005
13659	0.061002
13658	0.061002
10478	0.060982
3778	0.060942
12430	0.060872
13497	0.060870
7654	0.060866
2438	0.060827
313	0.060812
6294	0.060803
1346	0.060786
2442	0.060782
12663	0.060765
3113	0.060745
2594	0.060662
874	0.060658
9917	0.060631
6	0.060618
13517	0.060611
10077	0.060562
3921	0.060552
130	0.060512
10076	0.060416
2318	0.060400
12141	0.060386
11321	0.060381
5492	0.060358
2755	0.060339
2080	0.060333
9174	0.060330
611	0.060268
12089	0.060236
7229	0.060233
2612	0.060179
7920	0.060168
4664	0.060164
5191	0.060099
2118	0.060086
4569	0.060052
2018	0.060049
6550	0.060012
12795	0.059994
10615	0.059979
7942	0.059938
2172	0.059930
10318	0.059922
2979	0.059875
12126	0.059856
9729	0.059833
1040	0.059809
9616	0.059794
5913	0.059786
6557	0.059728
3736	0.059694
10045	0.059660
7655	0.059565
155	0.059563
4935	0.059529
7101	0.059490
13448	0.059457
8974	0.059420
1108	0.059388
1090	0.059374
1291	0.059247
3613	0.059242
12949	0.059207
12947	0.059207
12946	0.059207
12945	0.059207
12943	0.059207
12942	0.059207
2889	0.059164
4256	0.059107
2302	0.059066
9840	0.058988
12462	0.058987
10685	0.058987
12235	0.058939
11955	0.058874
13552	0.058853
13511	0.058853
13507	0.058853
1893	0.058849
1649	0.058828
9870	0.058818
10549	0.058807
685	0.058788
4349	0.058780
6598	0.058778
10127	0.058730
6915	0.058721
2625	0.058716
1307	0.058702
5268	0.058697
6361	0.058652
11077	0.058635
2432	0.058632
1824	0.058588
10098	0.058521
1636	0.058499
4241	0.058497
3884	0.058433
2037	0.058403
4541	0.058367
314	0.058345
7240	0.058343
10648	0.058322
2060	0.058315
13498	0.058290
79	0.058245
5035	0.058220
3320	0.058214
6576	0.058214
2577	0.058078
1442	0.058064
336	0.058059
1386	0.058043
343	0.058017
2599	0.057922
8412	0.057847
1823	0.057838
3623	0.057832
9958	0.057707
5863	0.057576
3934	0.057530
2817	0.057443
6155	0.057442
3774	0.057429
3611	0.057381
385	0.057345
3751	0.057296
3750	0.057296
10031	0.057264
2941	0.057258
5275	0.057115
9438	0.057087
605	0.057056
