9485	0.148693
1188	0.127525
2475	0.110486
11839	0.106627
8531	0.104933
8635	0.104582
5926	0.104135
14120	0.103908
7774	0.103834
5641	0.103834
5642	0.103829
5347	0.103319
3873	0.101872
817	0.101536
3940	0.100936
13449	0.099796
4169	0.099263
9218	0.099146
9235	0.099125
9230	0.099125
9228	0.099125
9225	0.099125
9224	0.099125
9221	0.099125
9219	0.099125
9214	0.099125
9213	0.099125
9211	0.099125
9209	0.099125
9208	0.099125
9206	0.099125
9193	0.099125
8807	0.099125
8679	0.099125
8677	0.099125
8675	0.099125
8674	0.099125
8673	0.099125
8670	0.099125
8637	0.099125
8633	0.099125
8631	0.099125
8610	0.099125
8591	0.099125
8539	0.099125
8538	0.099125
8537	0.099125
8536	0.099125
8529	0.099125
8526	0.099125
8525	0.099125
8632	0.099125
8671	0.099117
6443	0.099083
2	0.097036
8634	0.096860
9231	0.096834
698	0.095361
8636	0.095248
12357	0.095079
8864	0.095038
8863	0.095038
8583	0.095038
8124	0.095038
7904	0.095038
7903	0.095038
7902	0.095038
7901	0.095038
7900	0.095038
7899	0.095038
7897	0.095038
7896	0.095038
7895	0.095038
5546	0.094991
7526	0.094968
6838	0.094967
5346	0.094479
1952	0.093560
1466	0.092356
2107	0.090826
11987	0.090574
14290	0.090233
8530	0.089972
9220	0.089944
4799	0.089876
7453	0.089445
377	0.089203
7676	0.089128
2474	0.088534
7642	0.088432
2605	0.087885
383	0.087868
4857	0.087616
4798	0.087608
2600	0.087445
2105	0.087198
9210	0.086982
2536	0.086810
6482	0.086459
10534	0.086330
5746	0.086207
7400	0.086009
633	0.083646
1734	0.083169
5245	0.082975
9200	0.082951
498	0.082388
10127	0.082127
9347	0.081911
4946	0.081604
874	0.081190
2821	0.081154
9202	0.081090
9105	0.081070
9104	0.081070
9204	0.080470
8592	0.080470
9623	0.080026
13374	0.079984
13373	0.079984
2968	0.079441
6395	0.079410
2097	0.079171
6380	0.078867
11989	0.078678
2979	0.078656
3907	0.078249
1030	0.078129
13199	0.077742
13198	0.077742
9170	0.077740
781	0.077003
4977	0.076972
8110	0.076868
2283	0.076508
1419	0.076274
6689	0.075483
6967	0.075483
4976	0.075302
4707	0.075298
7306	0.075171
2522	0.075150
9987	0.075010
823	0.074843
7295	0.074629
2110	0.074510
9226	0.074407
9217	0.074407
8534	0.074407
7827	0.074355
4037	0.074237
2278	0.074156
2280	0.073998
3638	0.073901
6191	0.073813
6302	0.073757
6267	0.073757
1953	0.073755
1954	0.073755
1315	0.073715
354	0.073595
876	0.073576
2052	0.073078
13028	0.072924
5033	0.072731
6806	0.072670
9207	0.072637
9205	0.072637
8528	0.072637
2773	0.072587
11638	0.072444
6006	0.072358
1420	0.071785
9222	0.071621
11818	0.071592
13265	0.071555
7576	0.071549
2282	0.071509
35	0.071462
13665	0.071449
6101	0.071360
11737	0.071347
6044	0.071308
3448	0.071294
11658	0.071057
11733	0.070912
4706	0.070631
1951	0.070382
4094	0.070342
9095	0.070143
9307	0.070111
5829	0.070042
5034	0.069778
5830	0.069487
2188	0.069380
6530	0.069351
6157	0.069007
6528	0.068973
13200	0.068957
9320	0.068957
9318	0.068957
9315	0.068957
9314	0.068957
9313	0.068957
9312	0.068957
9310	0.068957
9309	0.068957
9306	0.068957
9305	0.068957
8733	0.068957
8669	0.068957
8668	0.068957
8608	0.068957
8607	0.068957
8605	0.068957
8603	0.068957
7703	0.068957
7477	0.068957
7408	0.068957
596	0.068904
9237	0.068788
7702	0.068687
2952	0.068519
2281	0.068510
2114	0.068415
4824	0.068212
9215	0.068187
8312	0.067972
2708	0.067949
10226	0.067924
6987	0.067858
9223	0.067847
5413	0.067768
4671	0.067755
4669	0.067755
2990	0.067725
7511	0.067699
14303	0.067661
14302	0.067661
14301	0.067661
14300	0.067661
14299	0.067661
7167	0.067538
4670	0.067354
12281	0.067275
6619	0.067275
8938	0.067245
10694	0.067244
10733	0.067219
6407	0.067154
7131	0.067081
3905	0.066843
4668	0.066807
3538	0.066796
11618	0.066619
8980	0.066482
8978	0.066482
8977	0.066482
8976	0.066482
8940	0.066482
4416	0.066396
4667	0.066376
1400	0.066373
9462	0.066318
8093	0.066226
9195	0.066201
4848	0.066195
12010	0.066182
8099	0.066127
9177	0.066093
8090	0.066036
2847	0.066036
2843	0.066036
2839	0.066036
10636	0.066016
5184	0.065685
2840	0.065579
9192	0.065429
4873	0.065423
2996	0.065360
7553	0.065315
7379	0.065297
426	0.065227
4778	0.065105
11858	0.064962
1403	0.064939
7686	0.064906
8606	0.064838
4085	0.064818
11359	0.064750
6533	0.064732
5500	0.064726
9439	0.064726
8584	0.064722
12756	0.064593
7713	0.064589
8773	0.064507
6621	0.064507
9201	0.064483
6618	0.064300
4083	0.064236
1119	0.064229
304	0.064198
597	0.064094
1120	0.064087
586	0.063934
13247	0.063635
7767	0.063262
6117	0.063166
8329	0.063109
12525	0.063035
11349	0.062981
221	0.062966
9356	0.062866
4672	0.062756
9610	0.062748
249	0.062734
8565	0.062723
385	0.062722
8468	0.062652
2978	0.062652
2977	0.062652
12030	0.062595
3539	0.062592
14162	0.062564
4175	0.062517
11298	0.062513
10994	0.062513
11624	0.062429
4855	0.062429
4596	0.062206
404	0.061952
11556	0.061936
492	0.061922
6657	0.061755
1402	0.061743
1731	0.061742
6217	0.061664
5591	0.061629
12276	0.061518
14263	0.061518
14002	0.061518
14001	0.061518
14000	0.061518
13998	0.061518
13996	0.061518
6666	0.061518
5064	0.061518
4854	0.061518
4852	0.061518
4176	0.061508
11147	0.061385
1878	0.061345
6671	0.061237
2442	0.061227
12764	0.061154
3320	0.060993
1956	0.060794
13545	0.060735
9436	0.060730
5030	0.060720
3838	0.060666
11325	0.060585
6127	0.060570
1237	0.060483
12141	0.060458
8081	0.060453
10232	0.060382
1833	0.060379
13574	0.060261
6762	0.060142
51	0.060086
9253	0.060053
4051	0.060047
2881	0.059959
10229	0.059905
352	0.059867
4763	0.059768
1756	0.059511
6305	0.059433
13030	0.059289
11902	0.059250
1238	0.059242
4262	0.059169
4850	0.059117
2123	0.059061
7744	0.059059
268	0.059025
4758	0.059019
9503	0.059002
3735	0.058882
9384	0.058762
3246	0.058762
1042	0.058704
250	0.058702
4725	0.058663
6473	0.058620
7114	0.058317
14003	0.058179
5599	0.058041
4998	0.058023
14269	0.057844
5219	0.057822
6695	0.057808
12915	0.057766
12914	0.057766
11118	0.057633
4383	0.057559
9609	0.057515
9580	0.057515
10366	0.057477
13182	0.057424
7977	0.057332
6616	0.057207
4042	0.057173
2117	0.057162
12143	0.057128
370	0.057014
6889	0.056939
12827	0.056832
9830	0.056804
8248	0.056793
2892	0.056754
12403	0.056736
2846	0.056733
2227	0.056724
38	0.056714
14342	0.056682
5035	0.056547
10227	0.056505
11216	0.056481
1779	0.056472
9152	0.056466
13557	0.056405
13556	0.056405
2276	0.056397
2118	0.056358
6715	0.056346
8293	0.056300
6623	0.056284
14186	0.056220
9385	0.056217
6804	0.056187
3458	0.056126
13490	0.056067
13632	0.056067
13631	0.056067
13997	0.056026
10672	0.055985
13633	0.055964
9227	0.055949
2817	0.055938
10683	0.055930
4426	0.055910
4076	0.055809
2203	0.055738
10365	0.055733
578	0.055724
11386	0.055625
4692	0.055612
8135	0.055608
2279	0.055534
10088	0.055520
683	0.055495
251	0.055444
10230	0.055377
4537	0.055313
6134	0.055309
3544	0.055271
11226	0.055242
9633	0.055204
9630	0.055204
9628	0.055204
9626	0.055204
9625	0.055204
9624	0.055204
9622	0.055204
9621	0.055204
9620	0.055204
9619	0.055204
9618	0.055204
9615	0.055204
9482	0.055204
9909	0.055081
2845	0.054999
11646	0.054968
6008	0.054869
9632	0.054842
6060	0.054722
331	0.054571
2182	0.054558
4111	0.054373
10156	0.054325
4053	0.054320
11863	0.054244
2732	0.054244
4118	0.054227
316	0.054208
3358	0.054047
2962	0.054031
7507	0.053992
6598	0.053966
235	0.053756
2822	0.053739
353	0.053711
8916	0.053698
8915	0.053698
8914	0.053698
8913	0.053698
8912	0.053698
8911	0.053698
7634	0.053698
6568	0.053698
9861	0.053615
9819	0.053615
3636	0.053609
9317	0.053565
3427	0.053551
6179	0.053540
9415	0.053533
8851	0.053533
8850	0.053533
9612	0.053408
5541	0.053366
7635	0.053318
7633	0.053318
1097	0.053237
2841	0.053199
10233	0.053199
6971	0.053121
9453	0.053106
782	0.053098
3870	0.053093
3033	0.053066
3505	0.053052
5695	0.053041
12873	0.053025
7420	0.052985
2612	0.052975
10412	0.052947
13224	0.052907
12785	0.052874
2950	0.052830
6576	0.052799
330	0.052757
329	0.052745
9102	0.052672
11212	0.052663
9099	0.052632
613	0.052593
599	0.052566
13355	0.052479
9311	0.052466
9613	0.052390
9578	0.052241
14283	0.052090
11679	0.052063
5156	0.051984
9606	0.051977
8250	0.051941
7014	0.051897
12784	0.051879
2248	0.051778
4450	0.051768
4377	0.051759
4595	0.051742
11998	0.051735
8740	0.051730
628	0.051586
6323	0.051557
3254	0.051428
1132	0.051361
13363	0.051330
12093	0.051264
8678	0.051190
2828	0.051079
1204	0.051060
13815	0.050998
12636	0.050948
9611	0.050900
1133	0.050892
10045	0.050814
2247	0.050805
8318	0.050733
12219	0.050726
2119	0.050712
5189	0.050647
4787	0.050591
10457	0.050553
2945	0.050518
4800	0.050464
6378	0.050339
5898	0.050333
319	0.050325
7261	0.050286
4533	0.050263
1203	0.050143
4447	0.050127
5987	0.050107
3506	0.050097
14233	0.050070
1136	0.050070
2981	0.050025
1340	0.049967
9616	0.049967
3841	0.049925
703	0.049914
10050	0.049893
13263	0.049870
13262	0.049870
1231	0.049748
13926	0.049746
1235	0.049724
10469	0.049678
9026	0.049672
14004	0.049668
4866	0.049668
3313	0.049666
13928	0.049605
7584	0.049584
13945	0.049584
10813	0.049580
11300	0.049578
7050	0.049572
2594	0.049495
11921	0.049478
12372	0.049454
2709	0.049304
6866	0.049219
7245	0.049211
8676	0.049167
3906	0.049131
553	0.049124
12109	0.049102
5948	0.049102
10475	0.049071
13165	0.048981
10510	0.048929
2588	0.048912
10097	0.048910
323	0.048895
3598	0.048847
6102	0.048838
6699	0.048833
3650	0.048780
3507	0.048761
4661	0.048720
4396	0.048616
2944	0.048553
5032	0.048496
9357	0.048479
6303	0.048360
7049	0.048357
225	0.048324
11037	0.048304
6325	0.048293
78	0.048288
10212	0.048190
11256	0.048126
6470	0.048076
7920	0.048044
260	0.048032
645	0.048016
11019	0.047999
6017	0.047985
2476	0.047981
2286	0.047918
4520	0.047916
5213	0.047907
13076	0.047810
2027	0.047734
5031	0.047682
227	0.047630
6065	0.047618
1743	0.047602
1835	0.047592
10042	0.047589
9484	0.047573
9483	0.047573
2540	0.047518
12835	0.047480
9692	0.047452
4404	0.047422
10606	0.047394
9005	0.047351
9006	0.047348
9004	0.047348
9003	0.047348
9001	0.047348
9000	0.047348
8999	0.047348
8941	0.047348
12670	0.047306
8324	0.047283
861	0.047251
469	0.047241
10098	0.047240
6663	0.047202
11964	0.047189
7913	0.047167
5968	0.047167
470	0.047167
254	0.047125
2666	0.047113
253	0.047092
10500	0.047041
118	0.047038
3341	0.047037
7307	0.046995
1111	0.046988
1593	0.046902
1118	0.046893
4750	0.046844
277	0.046837
2267	0.046806
122	0.046775
9002	0.046710
8998	0.046697
11715	0.046680
6064	0.046660
2980	0.046629
10852	0.046619
9233	0.046598
5967	0.046588
14249	0.046582
5902	0.046515
5901	0.046515
5900	0.046515
5899	0.046515
11394	0.046437
7884	0.046434
7962	0.046419
7543	0.046413
6171	0.046381
4683	0.046381
7376	0.046381
7377	0.046378
5893	0.046336
5892	0.046336
5891	0.046336
5890	0.046336
5889	0.046336
11718	0.046208
13999	0.046157
5005	0.046157
7889	0.046127
10186	0.046105
2930	0.046094
13948	0.046057
9273	0.046029
7955	0.046027
13567	0.046023
5731	0.046023
5730	0.046023
5726	0.046023
5723	0.046023
5722	0.046023
5721	0.046023
5681	0.046023
9416	0.046006
8661	0.046003
6601	0.045965
2093	0.045938
9840	0.045896
5354	0.045890
8503	0.045843
12716	0.045835
702	0.045789
5555	0.045782
3545	0.045774
8910	0.045766
11806	0.045697
6517	0.045659
2525	0.045639
6737	0.045520
12462	0.045506
10685	0.045506
11712	0.045505
837	0.045499
12002	0.045473
591	0.045463
12730	0.045448
6170	0.045447
10821	0.045439
10554	0.045360
4538	0.045343
5029	0.045332
115	0.045291
5178	0.045265
14433	0.045176
9849	0.045161
10318	0.045094
7395	0.045063
4168	0.045030
14410	0.044998
14409	0.044998
14408	0.044998
7919	0.044998
5885	0.044995
5038	0.044989
3241	0.044969
6078	0.044969
1598	0.044954
6069	0.044934
12561	0.044888
2189	0.044839
1925	0.044835
7715	0.044833
2820	0.044826
2889	0.044826
5650	0.044802
9229	0.044746
7195	0.044712
7193	0.044712
1689	0.044698
193	0.044623
7772	0.044622
9094	0.044581
9093	0.044581
9092	0.044581
9065	0.044581
269	0.044573
11056	0.044563
12007	0.044525
29	0.044473
332	0.044400
10556	0.044380
8700	0.044369
9274	0.044358
2186	0.044315
7258	0.044278
13526	0.044241
12969	0.044226
11977	0.044207
11616	0.044173
4648	0.044173
4643	0.044173
11678	0.044142
4399	0.044141
1265	0.044137
2958	0.044107
14250	0.044079
10558	0.044079
10555	0.044079
6968	0.044079
8042	0.044064
1412	0.044062
4349	0.044049
2466	0.044044
117	0.044021
1673	0.043999
10739	0.043860
10788	0.043859
10777	0.043859
10759	0.043859
2116	0.043857
10611	0.043857
7950	0.043843
9769	0.043802
11800	0.043797
5344	0.043786
13932	0.043765
5062	0.043735
11903	0.043727
9870	0.043689
2954	0.043667
13910	0.043638
1242	0.043607
3040	0.043605
2102	0.043600
4664	0.043600
9958	0.043560
6294	0.043552
10511	0.043533
7519	0.043500
11439	0.043460
2595	0.043416
9579	0.043407
2521	0.043386
10376	0.043386
10192	0.043385
10184	0.043385
10933	0.043333
4324	0.043330
4944	0.043293
4943	0.043293
13606	0.043290
2524	0.043287
11798	0.043287
335	0.043285
334	0.043285
327	0.043285
305	0.043285
302	0.043285
9953	0.043249
6758	0.043236
9940	0.043226
9914	0.043226
7044	0.043226
6848	0.043226
4106	0.043087
11767	0.043062
2473	0.043057
7650	0.043045
7096	0.043045
9172	0.043036
4394	0.042997
12069	0.042981
4935	0.042942
5745	0.042940
4406	0.042912
12425	0.042898
6746	0.042897
12648	0.042866
190	0.042837
10031	0.042833
4509	0.042832
2197	0.042783
7101	0.042762
8833	0.042746
6096	0.042708
7872	0.042695
8352	0.042686
8351	0.042686
2957	0.042686
2956	0.042686
10505	0.042682
6425	0.042670
7404	0.042667
1078	0.042643
4752	0.042642
13820	0.042640
12182	0.042602
4464	0.042602
699	0.042595
6665	0.042592
9124	0.042589
11988	0.042563
1008	0.042473
5534	0.042468
13121	0.042464
4789	0.042464
4788	0.042464
4463	0.042411
5433	0.042325
487	0.042302
5059	0.042220
4216	0.042199
10701	0.042195
10405	0.042194
7229	0.042157
808	0.042152
12039	0.042152
40	0.042151
11178	0.042113
4646	0.042091
4165	0.042078
1300	0.042064
3840	0.042063
10557	0.041991
11472	0.041980
7207	0.041900
3168	0.041831
306	0.041829
5299	0.041829
7856	0.041793
1555	0.041774
10678	0.041762
12516	0.041757
4582	0.041755
11982	0.041753
5414	0.041753
5412	0.041753
3084	0.041748
13026	0.041743
5728	0.041714
8171	0.041710
3700	0.041707
6334	0.041687
9383	0.041664
5129	0.041632
13398	0.041581
13095	0.041578
6969	0.041578
12043	0.041566
13361	0.041530
11211	0.041526
12063	0.041506
1556	0.041496
5558	0.041478
12235	0.041473
13850	0.041439
11548	0.041438
12431	0.041429
6896	0.041414
11188	0.041397
11187	0.041397
2440	0.041364
12153	0.041355
4702	0.041355
