1180	0.178127
6770	0.163128
155	0.161821
546	0.158822
74	0.157987
532	0.156247
4081	0.155833
9710	0.154861
468	0.153283
6295	0.151920
82	0.151483
1137	0.151295
2225	0.151045
13853	0.150771
9706	0.149078
4093	0.148185
12252	0.146907
1166	0.146380
11758	0.146214
10591	0.145126
4149	0.144393
307	0.142863
79	0.142676
5309	0.141566
3615	0.141376
8504	0.140527
9571	0.139080
10569	0.136581
2746	0.135957
7222	0.135741
11655	0.135301
93	0.135295
9327	0.135171
6081	0.134721
8712	0.134606
8303	0.134606
8302	0.134606
7362	0.134606
6359	0.134606
6202	0.134562
6839	0.134123
1285	0.133197
1316	0.133048
4869	0.132769
9328	0.132456
5296	0.132139
989	0.131998
2235	0.131991
5305	0.131955
9488	0.131898
238	0.131545
7486	0.131392
13845	0.131379
8371	0.131379
2621	0.131244
6322	0.130238
3932	0.128938
9135	0.128900
8710	0.128638
3607	0.128548
8711	0.128476
8732	0.128469
1373	0.127977
61	0.127898
466	0.127363
1168	0.127055
8709	0.126735
6149	0.126537
14247	0.126327
10504	0.125835
12868	0.125433
9242	0.125433
9241	0.125433
9240	0.125433
6696	0.125433
8412	0.124313
1897	0.124182
5182	0.123803
5067	0.123185
6198	0.123025
13148	0.123015
13147	0.123015
7892	0.123015
6298	0.123015
6297	0.123015
9999	0.122842
2274	0.122803
2971	0.122534
8845	0.122517
6557	0.122233
1376	0.122066
4781	0.121948
2755	0.121934
9418	0.121929
7090	0.121691
4130	0.121674
8438	0.121344
8439	0.121334
7435	0.121334
7180	0.121334
7909	0.121292
1905	0.121248
5300	0.121239
9713	0.121113
9465	0.121046
2752	0.121029
14415	0.120924
9277	0.120924
77	0.120526
7263	0.120259
1148	0.119945
2814	0.119772
4251	0.119576
4128	0.119218
3741	0.118447
2775	0.118345
172	0.118313
1691	0.118296
6931	0.117899
4301	0.117802
2055	0.117638
1675	0.117486
6932	0.117406
4211	0.117406
1997	0.117336
13936	0.117325
9702	0.117275
8979	0.117165
2751	0.116927
11925	0.116737
9711	0.116542
9708	0.116542
9707	0.116542
9705	0.116542
9703	0.116542
9699	0.116492
7939	0.116398
6594	0.116220
4483	0.116199
4491	0.116164
10256	0.116162
2306	0.116153
13242	0.116148
13241	0.116148
5595	0.116148
5594	0.116148
13239	0.116108
2784	0.116016
5598	0.115867
12871	0.115322
1092	0.115057
13240	0.114815
8625	0.114779
6299	0.114153
3913	0.113943
12146	0.113717
8582	0.113717
7599	0.113717
3695	0.113717
3694	0.113717
3616	0.113717
12273	0.113645
8000	0.113643
5590	0.113610
9188	0.113313
1380	0.113239
13301	0.113233
9582	0.113198
3948	0.113105
5592	0.113089
2010	0.112934
1844	0.112555
4886	0.112510
758	0.112370
11926	0.112285
7980	0.112130
1752	0.112028
5342	0.111997
5306	0.111997
2256	0.111942
14127	0.111873
6592	0.111841
2464	0.111831
6292	0.111778
71	0.111751
1143	0.111695
14407	0.111690
10559	0.111644
545	0.111336
2766	0.111215
13905	0.110868
13903	0.110868
8088	0.110868
13894	0.110772
1764	0.110725
5796	0.110031
7752	0.109857
2864	0.109820
1895	0.109615
8676	0.109511
12217	0.109500
12216	0.109500
13899	0.109499
13892	0.109499
7965	0.109499
7967	0.109346
544	0.108881
2783	0.108881
6089	0.108648
1648	0.108582
6260	0.108529
11845	0.108486
6091	0.108422
6090	0.108422
6291	0.108317
13898	0.108280
1371	0.108257
1774	0.108072
9337	0.107820
1497	0.107798
5272	0.107741
9251	0.107613
5442	0.107454
6352	0.107181
9512	0.107150
97	0.106950
3287	0.106866
8604	0.106859
13874	0.106793
4005	0.106642
6823	0.106495
4485	0.106471
1458	0.106447
12911	0.106223
1635	0.106135
1865	0.105906
3270	0.105867
5827	0.105560
2866	0.105274
5125	0.105232
102	0.105190
5302	0.105002
9469	0.104840
4831	0.104748
539	0.104077
3276	0.103561
1078	0.103527
5593	0.103467
6501	0.103242
14253	0.103125
12034	0.103115
9480	0.103030
8533	0.103030
2757	0.103000
2014	0.102930
14027	0.102925
6930	0.102906
8487	0.102880
2073	0.102778
5387	0.102624
3712	0.102613
2233	0.102597
11640	0.102448
2213	0.102291
12003	0.102180
5797	0.102000
1226	0.101893
12365	0.101637
1636	0.101291
1223	0.101017
233	0.100968
2006	0.100913
2616	0.100901
394	0.100850
9797	0.100800
9537	0.100732
3794	0.100650
11809	0.100597
106	0.100585
1501	0.100420
549	0.100339
2868	0.100328
1434	0.100324
3336	0.100236
12232	0.100158
4868	0.099973
2426	0.099968
1960	0.099932
7504	0.099867
2648	0.099535
4126	0.099351
5448	0.099317
5247	0.099204
8249	0.099126
12530	0.098994
6020	0.098955
4753	0.098933
6695	0.098919
4549	0.098792
14038	0.098750
2874	0.098743
1173	0.098508
13114	0.098499
9700	0.098430
6913	0.098360
11214	0.098074
12310	0.098023
13918	0.097939
12071	0.097896
175	0.097896
7938	0.097875
5923	0.097726
5849	0.097676
1958	0.097497
3137	0.097489
1546	0.097062
9704	0.096915
13835	0.096889
5082	0.096889
10278	0.096821
13533	0.096782
13532	0.096782
13531	0.096782
5037	0.096778
9701	0.096683
3691	0.096556
182	0.096537
5304	0.096271
145	0.096244
9726	0.096196
5244	0.096168
503	0.096018
406	0.095952
13744	0.095907
4460	0.095838
1502	0.095828
11656	0.095783
9645	0.095535
5884	0.095492
1307	0.095460
5301	0.095330
2803	0.095251
3786	0.095246
13227	0.095159
11927	0.095119
2759	0.095119
5236	0.095101
5619	0.095098
13272	0.095078
2786	0.095078
2782	0.095078
1505	0.095078
11928	0.095075
8501	0.095075
2779	0.095075
2756	0.095075
1370	0.095065
2639	0.094908
1388	0.094808
3249	0.094769
12958	0.094694
12870	0.094694
12846	0.094694
12159	0.094694
12158	0.094694
1484	0.094694
2478	0.094694
12838	0.094693
7190	0.094638
4942	0.094613
9897	0.094607
5439	0.094528
11954	0.094526
1379	0.094500
9244	0.094449
5910	0.094426
2214	0.094107
6603	0.094044
13819	0.094029
6317	0.094008
5782	0.093929
9584	0.093911
2441	0.093899
6604	0.093885
169	0.093878
3165	0.093777
8451	0.093724
815	0.093568
3518	0.093435
1483	0.093365
3692	0.093305
2424	0.093213
179	0.093102
1912	0.093045
2613	0.092829
7966	0.092784
3984	0.092465
2937	0.092464
6704	0.092459
1989	0.092360
1494	0.092177
9420	0.092142
10303	0.092132
2758	0.092062
5800	0.092029
5597	0.091894
1176	0.091869
1293	0.091847
2278	0.091758
1492	0.091726
2767	0.091618
2768	0.091611
2941	0.091422
1563	0.091422
13945	0.091320
5257	0.091289
2026	0.091183
3461	0.091054
3081	0.091012
4160	0.090987
934	0.090944
7491	0.090895
13743	0.090813
5781	0.090789
4237	0.090767
14343	0.090750
14341	0.090750
14304	0.090750
14292	0.090750
14278	0.090750
14273	0.090750
14164	0.090750
7461	0.090750
80	0.090662
3667	0.090523
11385	0.090479
87	0.090464
12160	0.090329
1495	0.090329
2380	0.090313
2356	0.090288
9686	0.090239
11842	0.090238
6486	0.090238
1871	0.090197
7968	0.090123
12845	0.090087
8492	0.090046
5062	0.090041
12006	0.090001
11843	0.089992
6998	0.089992
2745	0.089947
1482	0.089910
7462	0.089862
7460	0.089862
126	0.089853
1500	0.089818
2219	0.089814
8356	0.089739
5591	0.089657
8666	0.089583
13482	0.089572
3619	0.089485
13914	0.089469
8296	0.089469
164	0.089331
12113	0.089317
5914	0.089169
6277	0.089139
11803	0.089137
6035	0.089110
5353	0.089039
2432	0.089006
12876	0.088966
12136	0.088962
4229	0.088938
13815	0.088926
12920	0.088667
2468	0.088667
13896	0.088597
1906	0.088591
766	0.088553
3666	0.088454
6631	0.088429
13643	0.088410
13642	0.088410
13590	0.088410
14416	0.088403
1490	0.088352
1979	0.088237
1508	0.088112
231	0.088072
239	0.087901
7659	0.087880
1249	0.087850
4231	0.087768
1915	0.087691
5243	0.087636
9539	0.087577
9397	0.087576
9709	0.087558
6851	0.087552
2754	0.087535
13760	0.087527
6034	0.087448
3557	0.087417
12031	0.087284
2411	0.087235
10204	0.087222
2773	0.087205
12131	0.087170
2641	0.087170
2640	0.087170
12901	0.087106
395	0.087106
10518	0.087092
2221	0.087027
6278	0.086982
14283	0.086930
6819	0.086903
11840	0.086772
9957	0.086744
2682	0.086696
1916	0.086620
2349	0.086609
4238	0.086524
6344	0.086506
3209	0.086477
12177	0.086474
3548	0.086468
1374	0.086466
11848	0.086407
10240	0.086380
1372	0.086354
7394	0.086259
7207	0.086142
3611	0.086067
243	0.086053
10206	0.086050
9741	0.086019
3310	0.086019
4624	0.086018
5289	0.085998
6332	0.085975
12275	0.085952
5287	0.085940
2362	0.085835
5275	0.085818
9780	0.085783
2646	0.085772
142	0.085624
6016	0.085619
6465	0.085608
9787	0.085601
9786	0.085601
9785	0.085601
9784	0.085601
9783	0.085601
9782	0.085601
9781	0.085601
9778	0.085601
9280	0.085601
8585	0.085601
8567	0.085601
8553	0.085601
9735	0.085587
81	0.085566
1287	0.085562
3604	0.085558
7868	0.085534
10302	0.085458
4834	0.085414
13711	0.085389
5560	0.085389
6293	0.085337
4511	0.085275
5790	0.085263
7287	0.085257
1087	0.085226
1872	0.085210
2234	0.085195
5235	0.085156
4095	0.084922
2614	0.084907
1093	0.084877
9334	0.084828
12898	0.084767
7941	0.084666
974	0.084647
3311	0.084623
2683	0.084578
2363	0.084564
14266	0.084554
1491	0.084393
6252	0.084299
2765	0.084191
12865	0.084161
12863	0.084126
8628	0.083965
1377	0.083905
937	0.083884
4153	0.083841
4697	0.083816
11367	0.083719
540	0.083614
2622	0.083601
9028	0.083429
3547	0.083268
8022	0.083262
6300	0.083231
3195	0.083228
3329	0.083144
7360	0.083143
2603	0.083095
1174	0.083095
2774	0.083066
10879	0.082957
12052	0.082936
3500	0.082889
1391	0.082883
1090	0.082880
11996	0.082856
13581	0.082844
8974	0.082714
4993	0.082614
2030	0.082556
8804	0.082500
8767	0.082500
8766	0.082500
8764	0.082500
8743	0.082500
8742	0.082500
8741	0.082500
7685	0.082500
7476	0.082500
6637	0.082500
6606	0.082500
13893	0.082498
12967	0.082482
3314	0.082463
11924	0.082412
1486	0.082386
1454	0.082377
1134	0.082353
7679	0.082343
7824	0.082339
9344	0.082338
1499	0.082294
494	0.082215
2420	0.082152
13315	0.082096
10258	0.082024
9644	0.082019
2365	0.082017
8180	0.082004
3910	0.081999
12048	0.081973
6446	0.081874
8805	0.081842
8765	0.081842
9081	0.081826
9078	0.081826
10880	0.081809
13787	0.081802
8972	0.081706
4888	0.081624
2329	0.081619
7531	0.081487
9757	0.081486
7969	0.081416
5963	0.081344
1480	0.081279
2632	0.081271
2001	0.081207
3613	0.081067
1346	0.081036
6155	0.080954
8552	0.080944
12685	0.080938
1498	0.080936
5351	0.080773
10015	0.080744
7830	0.080732
5394	0.080730
4694	0.080702
11420	0.080696
11761	0.080630
6097	0.080630
5547	0.080630
3595	0.080630
5911	0.080622
5909	0.080611
9157	0.080609
5918	0.080555
4097	0.080522
12684	0.080354
186	0.080347
13300	0.080329
8892	0.080265
6082	0.080246
2569	0.080245
5006	0.080235
9040	0.080221
12686	0.080120
2976	0.080089
6351	0.080032
936	0.079962
3551	0.079960
9477	0.079954
105	0.079890
9481	0.079861
9479	0.079861
9478	0.079861
9476	0.079861
9475	0.079861
9473	0.079861
9472	0.079861
9471	0.079861
9470	0.079861
9468	0.079861
9345	0.079861
8667	0.079861
8665	0.079861
8664	0.079861
8663	0.079861
8662	0.079861
8630	0.079861
8629	0.079861
8627	0.079861
8626	0.079861
7954	0.079855
9167	0.079814
6886	0.079800
2499	0.079796
891	0.079743
9871	0.079614
9252	0.079608
5737	0.079469
13439	0.079419
8444	0.079373
14071	0.079365
11805	0.079299
3128	0.079298
3121	0.079298
3048	0.079298
2624	0.079298
2303	0.079293
2655	0.079271
1750	0.079205
2211	0.079091
2237	0.079086
11804	0.079075
9152	0.079024
12172	0.078980
131	0.078969
5908	0.078890
14031	0.078882
14180	0.078832
12188	0.078820
5625	0.078803
7233	0.078798
7458	0.078674
4736	0.078671
3306	0.078622
1479	0.078595
5038	0.078545
6282	0.078543
2394	0.078511
4488	0.078474
5599	0.078466
10337	0.078455
84	0.078448
162	0.078398
3071	0.078362
9398	0.078237
6571	0.078237
1332	0.078237
5456	0.078197
4082	0.078184
9399	0.078170
8353	0.078170
1510	0.078148
1487	0.078088
2447	0.078024
4756	0.077945
92	0.077944
176	0.077931
2870	0.077923
6228	0.077893
726	0.077852
4617	0.077837
4619	0.077814
9106	0.077796
1382	0.077705
10327	0.077511
11708	0.077425
7369	0.077396
5523	0.077353
948	0.077320
151	0.077277
3288	0.077267
2431	0.077253
5407	0.077242
5913	0.077231
10713	0.077219
2501	0.077204
137	0.077158
9107	0.077139
8026	0.077127
2463	0.077099
4324	0.077070
1202	0.077067
9936	0.077061
11097	0.077024
2469	0.077019
9937	0.076909
2275	0.076851
13589	0.076817
3737	0.076728
3516	0.076726
9146	0.076698
4581	0.076697
3884	0.076679
3588	0.076603
4817	0.076578
12311	0.076573
8535	0.076562
9627	0.076560
3054	0.076547
2593	0.076449
2974	0.076355
9824	0.076289
2279	0.076280
9788	0.076275
9903	0.076207
9882	0.076207
1509	0.076128
13234	0.076127
9239	0.076123
8132	0.076113
7301	0.076096
2637	0.076089
5596	0.076059
12966	0.076038
2458	0.075985
1386	0.075964
3084	0.075963
11827	0.075913
3159	0.075913
3854	0.075911
7496	0.075897
13076	0.075883
8380	0.075855
1851	0.075800
5688	0.075767
86	0.075710
1272	0.075667
9913	0.075666
236	0.075645
3061	0.075611
12133	0.075595
11641	0.075556
5904	0.075555
1385	0.075542
6902	0.075434
6573	0.075409
9463	0.075382
2863	0.075370
2748	0.075280
2040	0.075235
3722	0.075193
1781	0.075177
8146	0.075173
9218	0.075161
13695	0.075094
6160	0.075064
12180	0.075063
2018	0.075053
13196	0.075044
1165	0.075014
8602	0.074975
7440	0.074921
1361	0.074909
10073	0.074812
1199	0.074751
1969	0.074746
2762	0.074702
1200	0.074643
170	0.074616
78	0.074521
2015	0.074490
4732	0.074425
11966	0.074411
12062	0.074404
11627	0.074355
7184	0.074341
13641	0.074337
2498	0.074335
10748	0.074323
9834	0.074323
12070	0.074317
3568	0.074239
1175	0.074230
4606	0.074207
9673	0.074118
12288	0.074056
5838	0.074056
8471	0.074025
104	0.074008
6901	0.073979
111	0.073920
1489	0.073909
1488	0.073847
6950	0.073820
237	0.073707
13730	0.073674
2020	0.073635
11896	0.073619
6167	0.073596
13733	0.073481
13729	0.073481
1788	0.073479
4230	0.073406
9203	0.073368
7937	0.073321
2481	0.073314
266	0.073286
5907	0.073263
12164	0.073235
7922	0.073235
5107	0.073223
4846	0.073145
13734	0.073125
12257	0.073123
13021	0.073113
5405	0.073113
9316	0.073111
461	0.073098
6915	0.073078
5262	0.073061
12740	0.073029
4615	0.072999
1481	0.072858
13298	0.072837
3772	0.072824
192	0.072822
4407	0.072789
12724	0.072771
309	0.072771
5066	0.072735
9279	0.072733
1392	0.072684
6721	0.072681
171	0.072612
2413	0.072551
12274	0.072513
8236	0.072513
8235	0.072513
6980	0.072513
6953	0.072513
298	0.072513
12955	0.072500
3567	0.072447
7697	0.072418
7254	0.072418
101	0.072396
13626	0.072357
13425	0.072357
11894	0.072312
2747	0.072312
3420	0.072290
2529	0.072241
1789	0.072205
13264	0.072198
123	0.072174
4948	0.072171
252	0.072154
1777	0.072134
12123	0.072112
3590	0.071998
8609	0.071990
342	0.071981
9063	0.071941
1526	0.071902
8982	0.071886
3530	0.071866
3610	0.071833
10244	0.071799
6587	0.071741
3388	0.071731
6602	0.071725
13897	0.071586
3116	0.071558
4164	0.071553
4587	0.071544
1753	0.071517
7537	0.071487
7503	0.071487
5012	0.071445
