1518	0.203442
1125	0.200638
7519	0.198463
2146	0.195573
2682	0.191196
951	0.191080
11888	0.190382
618	0.190366
2151	0.190141
952	0.189616
2622	0.189034
12306	0.185857
6369	0.185857
6368	0.185857
13444	0.185768
955	0.184721
3306	0.184259
1327	0.183942
2569	0.183559
11761	0.183470
6097	0.183470
5547	0.183470
3595	0.183470
7745	0.182522
1245	0.174341
2613	0.173995
6032	0.173989
12041	0.171014
9028	0.170864
9081	0.170549
9078	0.170549
1541	0.170544
609	0.170052
7966	0.166910
2616	0.166322
3562	0.165821
1131	0.160572
13058	0.158388
7945	0.158388
3548	0.152539
3564	0.151850
1128	0.150666
1798	0.148259
259	0.142188
578	0.141705
1509	0.140267
9980	0.139938
3933	0.139560
1511	0.135266
7450	0.135074
1129	0.134156
1515	0.130788
13341	0.130047
4754	0.128527
1446	0.127684
12891	0.127010
13035	0.126643
5655	0.126300
953	0.125448
2623	0.124534
11719	0.123879
1034	0.123772
1542	0.122906
875	0.119640
2680	0.118225
2614	0.117053
6074	0.115544
780	0.114292
2619	0.114002
2145	0.112409
6577	0.112335
7156	0.110573
2904	0.109070
5654	0.107410
5183	0.106973
9402	0.105792
10396	0.105151
11851	0.104893
6927	0.104893
997	0.104646
4459	0.104353
8726	0.104291
6929	0.104290
1010	0.104012
3934	0.103649
3594	0.103599
12850	0.103260
12122	0.102783
2684	0.102783
1778	0.102772
1445	0.102583
2531	0.102164
9304	0.102143
2618	0.101929
2339	0.101918
1662	0.101856
12854	0.101838
11593	0.101727
9044	0.101608
1645	0.101539
6172	0.100979
3504	0.100148
5769	0.100132
12070	0.100124
9437	0.099922
2116	0.098544
4579	0.098052
5066	0.097817
2293	0.097248
3850	0.096428
11146	0.096314
1562	0.096223
7939	0.096105
10362	0.095813
4017	0.095559
81	0.095005
6413	0.094454
2449	0.094405
588	0.094235
9115	0.094208
5698	0.094016
3573	0.093644
2681	0.092780
11231	0.092490
5147	0.092394
5042	0.092374
11232	0.092340
11230	0.092340
11229	0.092340
11228	0.092340
11873	0.092099
784	0.091578
137	0.091573
11957	0.091167
3575	0.091167
2755	0.090875
11600	0.090734
12107	0.090574
3581	0.090571
12411	0.090547
1781	0.090339
2416	0.090181
4909	0.090106
2210	0.089837
2228	0.089565
6025	0.089506
1800	0.089180
12114	0.088944
1717	0.088900
5089	0.088842
977	0.088816
200	0.088813
9400	0.088684
12927	0.088575
1997	0.088541
6400	0.087847
12852	0.087740
12874	0.087731
6680	0.087725
9198	0.087672
936	0.087620
5179	0.087615
5180	0.087579
12851	0.087566
716	0.087093
9614	0.087042
9646	0.087028
5114	0.086972
9550	0.086870
3549	0.086586
4158	0.086498
3915	0.086283
9358	0.086144
1914	0.086017
3519	0.085944
13965	0.085893
8207	0.085842
9008	0.085830
7468	0.085597
2967	0.085597
840	0.085431
7491	0.085333
1959	0.085231
2617	0.085057
5637	0.085055
9645	0.085015
12350	0.085009
12349	0.084880
9333	0.084831
2637	0.084785
5745	0.084423
13874	0.084346
2117	0.084276
3560	0.084263
1151	0.084108
12905	0.083819
13582	0.083732
5410	0.083732
5409	0.083732
5408	0.083732
5356	0.083732
9881	0.083443
9733	0.083332
11786	0.083251
12906	0.083174
3759	0.082689
2122	0.082564
10518	0.082416
9503	0.082139
5639	0.082128
12058	0.081821
3026	0.081752
2965	0.081746
507	0.081539
11207	0.081320
5072	0.081284
12080	0.081270
11358	0.081128
1132	0.081103
2629	0.081050
2576	0.080993
8425	0.080981
7619	0.080947
2425	0.080934
11902	0.080916
2828	0.080884
12079	0.080824
13252	0.080486
13251	0.080486
11047	0.080401
3639	0.080374
2127	0.080287
9259	0.080123
2812	0.080079
257	0.079893
13647	0.079890
12929	0.079877
2125	0.079873
5656	0.079854
2783	0.079850
2452	0.079811
5020	0.079798
10666	0.079470
2137	0.079341
2597	0.079322
9923	0.079148
3540	0.079086
1897	0.079035
4093	0.078945
12860	0.078924
12859	0.078907
1516	0.078841
9522	0.078748
9343	0.078730
6592	0.078681
5699	0.078039
2329	0.077965
2096	0.077891
12925	0.077874
1126	0.077869
13254	0.077776
12934	0.077776
12933	0.077776
12932	0.077776
12081	0.077776
8996	0.077776
8994	0.077776
8992	0.077776
12935	0.077762
6354	0.077693
11679	0.077619
3863	0.077582
4077	0.077485
11096	0.077451
1714	0.077419
13298	0.077415
2532	0.077343
3772	0.077332
9542	0.077307
10559	0.077276
5287	0.077177
4261	0.077053
12931	0.077040
6136	0.076928
7560	0.076896
5459	0.076831
8056	0.076751
1454	0.076724
5407	0.076665
3561	0.076652
9627	0.076605
14310	0.076596
4719	0.076537
5073	0.076208
12136	0.076019
11398	0.075869
9613	0.075828
11677	0.075800
4494	0.075800
4493	0.075800
497	0.075785
4040	0.075657
3567	0.075613
9610	0.075343
6199	0.075046
10278	0.075034
4495	0.074842
5553	0.074814
6355	0.074808
5835	0.074634
1514	0.074436
5196	0.074354
6436	0.074287
10983	0.074278
4455	0.074253
774	0.074220
12329	0.074008
5315	0.073973
3825	0.073941
1564	0.073842
6126	0.073835
6125	0.073835
9612	0.073802
12793	0.073784
9578	0.073756
8993	0.073689
11027	0.073614
6942	0.073511
135	0.073485
1889	0.073352
9715	0.073341
9341	0.073255
12930	0.073231
12928	0.073231
7146	0.073218
2135	0.073203
534	0.073195
6467	0.073183
12406	0.073176
2685	0.073077
2678	0.073077
2150	0.072888
12343	0.072798
7589	0.072798
8983	0.072746
10163	0.072745
2136	0.072709
1510	0.072670
3846	0.072624
13060	0.072601
13055	0.072601
13048	0.072601
13014	0.072601
13009	0.072601
12892	0.072601
8379	0.072601
12169	0.072584
8917	0.072584
7620	0.072528
990	0.072336
2174	0.072282
2615	0.072220
8919	0.072218
9569	0.071643
9421	0.071643
8918	0.071641
10193	0.071629
13253	0.071511
9566	0.071511
1223	0.071452
10194	0.071445
2691	0.071403
9284	0.071383
2688	0.071371
2321	0.071370
12339	0.071209
12670	0.071184
1226	0.071129
3841	0.071041
6083	0.070934
13705	0.070903
1650	0.070886
3081	0.070856
1075	0.070665
4154	0.070659
2816	0.070571
2118	0.070529
11877	0.070521
891	0.070518
12101	0.070364
13914	0.070233
8296	0.070233
1576	0.070134
1726	0.070130
1464	0.070034
1483	0.069862
1166	0.069747
9019	0.069592
3476	0.069528
7820	0.069250
7153	0.069076
4822	0.069037
2722	0.069003
10892	0.068936
7385	0.068720
3291	0.068688
822	0.068640
1941	0.068545
3574	0.068545
1520	0.068382
7670	0.068342
4153	0.068320
9986	0.068216
13894	0.068097
2860	0.068050
11036	0.067985
14247	0.067957
1028	0.067813
7933	0.067743
347	0.067743
7894	0.067589
4322	0.067568
5375	0.067550
3854	0.067507
6991	0.067466
12864	0.067427
4831	0.067341
7909	0.067318
488	0.067237
922	0.067225
11848	0.067183
7287	0.067164
2086	0.067119
6992	0.067075
3579	0.067046
869	0.067003
1376	0.066968
6631	0.066940
11852	0.066811
11048	0.066804
12926	0.066787
7433	0.066736
6819	0.066695
7394	0.066656
6360	0.066651
4179	0.066618
565	0.066613
5328	0.066409
1163	0.066330
9608	0.066318
2868	0.066198
406	0.066162
1127	0.066139
342	0.066065
2714	0.066026
2689	0.065865
13061	0.065844
2810	0.065831
994	0.065807
777	0.065563
14253	0.065338
12146	0.065227
8582	0.065227
7599	0.065227
3695	0.065227
3694	0.065227
3616	0.065227
7968	0.065220
4888	0.065127
12631	0.065090
5125	0.064970
8022	0.064947
3155	0.064941
9726	0.064923
6117	0.064819
1249	0.064642
1006	0.064609
9469	0.064577
540	0.064409
1264	0.064390
4056	0.064387
13	0.064302
13299	0.064273
10224	0.064254
11367	0.064102
12853	0.064061
1251	0.063993
5456	0.063949
3177	0.063945
9797	0.063940
12530	0.063928
12392	0.063837
9393	0.063717
1751	0.063560
96	0.063485
10302	0.063466
7380	0.063455
13300	0.063408
13581	0.063350
8979	0.063331
12310	0.063330
12270	0.063327
13089	0.063156
6130	0.063014
8954	0.063013
10203	0.062973
10682	0.062955
320	0.062849
7409	0.062737
12623	0.062637
2195	0.062542
11890	0.062506
11889	0.062506
8139	0.062506
2149	0.062506
2148	0.062506
2147	0.062506
2729	0.062462
832	0.062461
4704	0.062441
13082	0.062331
9133	0.062331
9129	0.062331
10589	0.062294
6281	0.062292
4087	0.062252
12936	0.062231
10671	0.062185
14072	0.062171
3826	0.062128
182	0.062065
5359	0.062009
2097	0.061907
12322	0.061799
11683	0.061769
1838	0.061745
2199	0.061698
863	0.061685
6650	0.061658
10162	0.061454
2981	0.061372
831	0.061330
431	0.061313
3241	0.061269
7261	0.061236
2451	0.061224
503	0.061222
2311	0.061134
13028	0.060988
5581	0.060973
559	0.060956
5065	0.060827
12208	0.060678
2204	0.060582
496	0.060567
2693	0.060533
2197	0.060404
13847	0.060403
4886	0.060231
13271	0.060216
3204	0.060032
10028	0.059992
11210	0.059916
1130	0.059864
11992	0.059850
582	0.059828
2132	0.059808
8928	0.059779
9957	0.059762
142	0.059752
6277	0.059652
934	0.059650
3530	0.059632
1929	0.059618
6035	0.059610
2014	0.059588
11769	0.059512
10824	0.059460
14162	0.059348
3138	0.059326
9029	0.059320
896	0.059218
465	0.059108
10915	0.059067
11861	0.059050
6318	0.059050
9486	0.059046
10501	0.059017
3535	0.058956
6034	0.058900
2460	0.058894
11385	0.058846
9122	0.058845
12015	0.058743
2838	0.058694
1247	0.058648
275	0.058599
11474	0.058558
2202	0.058521
1922	0.058432
7644	0.058386
8661	0.058364
5059	0.058219
1231	0.058214
5373	0.058176
13218	0.058144
6706	0.058129
11276	0.058095
10623	0.058095
8312	0.058043
6230	0.057993
351	0.057989
11407	0.057879
3378	0.057867
11663	0.057849
5372	0.057841
2851	0.057818
1079	0.057809
2414	0.057781
9611	0.057724
346	0.057638
9734	0.057591
9732	0.057591
9730	0.057591
8868	0.057591
8866	0.057591
6018	0.057590
4128	0.057581
13261	0.057579
7744	0.057551
2743	0.057536
2432	0.057529
8146	0.057515
4052	0.057505
4858	0.057500
5415	0.057478
5700	0.057456
1372	0.057455
9384	0.057442
3246	0.057442
5111	0.057427
13897	0.057422
6446	0.057377
8602	0.057347
6702	0.057339
1234	0.057335
5357	0.057316
1563	0.057233
3545	0.057160
6618	0.057141
3611	0.057073
2502	0.057050
3110	0.057013
2459	0.057010
101	0.056985
6279	0.056909
7301	0.056894
1648	0.056884
2905	0.056844
2814	0.056794
781	0.056788
12006	0.056768
9401	0.056684
8907	0.056683
12581	0.056620
2461	0.056436
2206	0.056410
9465	0.056404
10369	0.056380
2214	0.056346
5570	0.056259
14230	0.056243
14229	0.056243
13886	0.056243
11989	0.056239
13217	0.056235
8773	0.056173
6621	0.056173
11625	0.056148
13315	0.056114
2208	0.056111
1236	0.056111
728	0.056090
7090	0.056089
12967	0.056084
3615	0.056013
4571	0.056001
8110	0.055987
4707	0.055940
6147	0.055886
2181	0.055862
5182	0.055845
876	0.055792
10303	0.055774
4255	0.055758
12031	0.055726
2040	0.055629
2191	0.055587
179	0.055457
4808	0.055453
9514	0.055432
10511	0.055376
9311	0.055323
1433	0.055317
159	0.055312
787	0.055289
2648	0.055277
2255	0.055236
13899	0.055190
13892	0.055190
7965	0.055190
7967	0.055067
1175	0.055041
12106	0.055006
6322	0.054972
12446	0.054925
1328	0.054905
1835	0.054873
2600	0.054827
11671	0.054766
2453	0.054721
9342	0.054708
521	0.054658
5416	0.054622
8439	0.054401
7435	0.054401
7180	0.054401
8438	0.054399
10982	0.054356
13703	0.054323
6761	0.054238
848	0.054233
13301	0.054223
13274	0.054203
3811	0.054190
3292	0.054184
8552	0.054182
3544	0.054174
11746	0.054164
11196	0.054139
12878	0.054125
2006	0.054119
9633	0.054111
9630	0.054111
9628	0.054111
9626	0.054111
9625	0.054111
9624	0.054111
9622	0.054111
9621	0.054111
9620	0.054111
9619	0.054111
9618	0.054111
9615	0.054111
9482	0.054111
1768	0.054110
4204	0.054098
12784	0.054042
10939	0.053968
989	0.053884
8202	0.053827
12235	0.053819
12940	0.053765
4706	0.053756
14127	0.053708
1078	0.053676
13512	0.053666
13076	0.053658
11758	0.053635
12061	0.053615
12692	0.053564
12785	0.053514
837	0.053387
7893	0.053384
1513	0.053368
1383	0.053309
838	0.053305
3712	0.053304
2047	0.053301
2683	0.053301
1686	0.053243
3565	0.053228
6076	0.053142
2630	0.053057
1788	0.053024
597	0.052909
2079	0.052888
12919	0.052825
633	0.052817
6344	0.052799
5763	0.052768
9102	0.052747
1391	0.052724
1043	0.052638
11972	0.052512
2854	0.052512
4781	0.052501
1745	0.052423
823	0.052414
13913	0.052412
8298	0.052412
1274	0.052331
3607	0.052318
1774	0.052311
3710	0.052297
8132	0.052292
2813	0.052258
1002	0.052245
10719	0.052233
12844	0.052213
12843	0.052213
12841	0.052213
12840	0.052213
9586	0.052137
9631	0.052114
11164	0.052111
80	0.052061
10294	0.052043
5299	0.052034
13282	0.052002
4316	0.051997
13281	0.051986
9582	0.051973
13019	0.051951
12872	0.051942
1259	0.051893
3458	0.051797
2292	0.051682
13030	0.051610
12069	0.051606
6305	0.051595
6094	0.051559
11220	0.051386
4358	0.051278
7694	0.051269
12046	0.051261
11676	0.051152
6227	0.051079
2726	0.051074
1315	0.051066
438	0.051062
3008	0.051044
11252	0.051035
4582	0.051023
13826	0.050954
4251	0.050943
4612	0.050909
6886	0.050899
1040	0.050886
2120	0.050882
8628	0.050865
12781	0.050853
7951	0.050837
2589	0.050749
1682	0.050711
8000	0.050693
5323	0.050669
11443	0.050646
11369	0.050646
4130	0.050615
79	0.050613
13815	0.050577
12939	0.050561
12084	0.050561
4286	0.050561
4283	0.050561
4220	0.050561
11531	0.050561
1693	0.050557
1196	0.050549
9777	0.050533
9776	0.050533
6106	0.050533
6107	0.050533
640	0.050524
2032	0.050464
1011	0.050442
12871	0.050379
6260	0.050300
12238	0.050270
963	0.050259
1381	0.050199
6594	0.050175
3445	0.050172
12459	0.050162
3844	0.050048
11523	0.050042
581	0.050020
13898	0.049974
14283	0.049919
2626	0.049906
1764	0.049881
6439	0.049861
3705	0.049815
11475	0.049813
1294	0.049776
2971	0.049763
10159	0.049757
3939	0.049734
881	0.049721
883	0.049720
1735	0.049716
10160	0.049712
9477	0.049638
2155	0.049637
9481	0.049631
9479	0.049631
9478	0.049631
9476	0.049631
9475	0.049631
9473	0.049631
9472	0.049631
9471	0.049631
9470	0.049631
9468	0.049631
9345	0.049631
8667	0.049631
8665	0.049631
8664	0.049631
8663	0.049631
8662	0.049631
8630	0.049631
8629	0.049631
8627	0.049631
8626	0.049631
13050	0.049603
6351	0.049529
1254	0.049490
2520	0.049483
5571	0.049477
12172	0.049300
1370	0.049296
3243	0.049239
3518	0.049236
1321	0.049220
371	0.049161
11740	0.049116
69	0.049109
10594	0.049026
6026	0.048982
1371	0.048930
2949	0.048910
13945	0.048847
8092	0.048808
2315	0.048774
412	0.048757
6021	0.048726
2752	0.048619
4132	0.048596
6105	0.048568
8247	0.048456
5486	0.048415
5201	0.048406
5259	0.048384
8972	0.048347
3503	0.048156
7420	0.048127
11655	0.048074
5087	0.048071
11868	0.048022
13438	0.047987
9040	0.047967
2976	0.047954
8231	0.047939
2809	0.047936
10488	0.047912
5762	0.047912
8232	0.047902
12267	0.047889
5126	0.047889
9061	0.047881
9060	0.047881
5715	0.047881
2565	0.047881
535	0.047828
7617	0.047816
4576	0.047799
108	0.047720
494	0.047710
1752	0.047709
11869	0.047701
6198	0.047683
2837	0.047665
13148	0.047655
13147	0.047655
7892	0.047655
6298	0.047655
6297	0.047655
3494	0.047589
5990	0.047586
10268	0.047580
10788	0.047574
10777	0.047574
10759	0.047574
10739	0.047574
5277	0.047554
5088	0.047531
2220	0.047517
6303	0.047494
9999	0.047488
