5347	0.168675
5741	0.168153
7774	0.167808
5641	0.167808
5642	0.167800
3209	0.163875
13054	0.150681
2423	0.148737
2105	0.147101
12101	0.146524
823	0.143877
3212	0.143086
8625	0.141663
10243	0.141584
9177	0.140974
11658	0.140681
13265	0.140379
9218	0.139737
13076	0.139664
8676	0.138929
10039	0.138623
9152	0.138458
10231	0.137708
12252	0.137505
6695	0.135549
8604	0.135052
1785	0.135042
2426	0.134552
5918	0.134296
6295	0.133900
4231	0.132732
11989	0.130432
7767	0.130016
1375	0.129715
9135	0.127692
578	0.126886
2107	0.126523
6501	0.126363
876	0.125616
2422	0.125342
1285	0.124549
352	0.124452
86	0.124299
6889	0.123578
342	0.123533
9226	0.123400
9217	0.123400
8534	0.123400
7827	0.123368
14415	0.122251
9277	0.122251
9623	0.121963
9393	0.121818
6149	0.121193
8584	0.121070
5272	0.120850
9706	0.120759
10467	0.120686
2748	0.120559
2783	0.120321
10466	0.119309
4485	0.119269
6317	0.119117
9201	0.119107
9028	0.118951
304	0.118567
9081	0.118534
9078	0.118534
13448	0.118387
5996	0.118096
12070	0.118069
5296	0.117735
12136	0.117601
9462	0.117293
2621	0.116641
307	0.116439
8531	0.116242
9957	0.116186
5375	0.115765
4128	0.115731
2097	0.115692
6806	0.115404
1534	0.115101
6913	0.115012
3934	0.114858
11858	0.114785
9711	0.114606
9708	0.114606
9707	0.114606
9705	0.114606
9703	0.114606
9699	0.114524
3710	0.114491
9439	0.114417
2110	0.114281
13533	0.114145
13532	0.114145
13531	0.114145
891	0.113980
7491	0.113823
3741	0.113519
2755	0.113489
9215	0.113460
4824	0.113411
8712	0.112797
8303	0.112797
8302	0.112797
7362	0.112797
6359	0.112797
6202	0.112726
5123	0.112707
8710	0.112079
7200	0.112065
8711	0.112024
5013	0.112009
8732	0.111949
3225	0.111822
1919	0.111569
1	0.111512
6081	0.111506
1997	0.110793
2420	0.110746
155	0.110411
9775	0.110298
2	0.109795
3974	0.109769
10220	0.109747
10326	0.109732
7933	0.109694
347	0.109694
8892	0.109455
9702	0.109319
4758	0.109275
9207	0.109203
9205	0.109203
8528	0.109203
351	0.109104
5305	0.108931
1346	0.108834
8709	0.108806
1536	0.108756
2523	0.108456
4538	0.108436
6618	0.108184
5790	0.108167
8451	0.108103
10240	0.107971
8312	0.107786
3739	0.107646
4511	0.107627
1118	0.107614
8773	0.107518
6621	0.107518
2600	0.107438
241	0.107397
9713	0.107282
2109	0.107184
9704	0.107039
2658	0.106974
2458	0.106779
12234	0.106464
4542	0.106322
7400	0.106309
10748	0.106192
9834	0.106192
997	0.106134
7830	0.105910
9200	0.105741
6557	0.105728
5990	0.105516
12041	0.105468
609	0.105376
2821	0.105013
1768	0.105006
2014	0.104865
633	0.104855
14407	0.104850
6292	0.104695
9709	0.104675
3745	0.104634
12053	0.104598
836	0.104372
2274	0.104197
4559	0.103975
4849	0.103886
9610	0.103769
9248	0.103645
14416	0.103575
14162	0.103425
13036	0.103380
7752	0.103371
7617	0.103272
10218	0.102907
1458	0.102776
874	0.102624
2116	0.102465
9797	0.102268
9361	0.102009
11866	0.101866
6151	0.101857
79	0.101812
9480	0.101673
8533	0.101673
5183	0.101644
1030	0.101516
12310	0.101004
3613	0.100944
1510	0.100840
1132	0.100748
1673	0.100711
8845	0.100641
9174	0.100572
3438	0.100113
6587	0.100065
540	0.099979
224	0.099958
2828	0.099849
8615	0.099777
1125	0.099623
9710	0.099463
7288	0.099305
5219	0.099175
10223	0.098967
268	0.098816
1331	0.098770
2820	0.098690
13456	0.098661
13342	0.098661
14406	0.098394
14405	0.098394
9210	0.098335
2958	0.098326
1797	0.098233
4142	0.098215
5461	0.098191
2841	0.098167
354	0.097959
1537	0.097935
9457	0.097926
4152	0.097926
3837	0.097855
1958	0.097737
1905	0.097708
2952	0.097702
8611	0.097648
1792	0.097524
888	0.097467
51	0.097303
1457	0.097259
3973	0.097113
9121	0.097022
9112	0.097022
3994	0.096999
10518	0.096863
3590	0.096788
875	0.096755
9578	0.096738
1782	0.096705
1497	0.096638
4087	0.096557
532	0.096379
4922	0.096366
82	0.096216
6473	0.096129
4120	0.095927
1371	0.095850
1131	0.095842
6443	0.095583
7888	0.095477
8671	0.095345
4169	0.095340
9235	0.095337
9230	0.095337
9228	0.095337
9225	0.095337
9224	0.095337
9221	0.095337
9219	0.095337
9214	0.095337
9213	0.095337
9211	0.095337
9209	0.095337
9208	0.095337
9206	0.095337
9193	0.095337
8807	0.095337
8679	0.095337
8677	0.095337
8675	0.095337
8674	0.095337
8673	0.095337
8670	0.095337
8637	0.095337
8633	0.095337
8631	0.095337
8610	0.095337
8591	0.095337
8539	0.095337
8538	0.095337
8537	0.095337
8536	0.095337
8529	0.095337
8526	0.095337
8525	0.095337
8632	0.095337
11803	0.094965
14395	0.094947
7891	0.094947
1979	0.094788
1798	0.094700
13050	0.094644
1254	0.094604
1526	0.094589
4301	0.094491
9512	0.094477
8997	0.094204
498	0.094164
8634	0.094038
9231	0.094029
6551	0.094003
8635	0.093872
7263	0.093847
5523	0.093667
2114	0.093643
2128	0.093573
1755	0.093521
5743	0.093414
80	0.093334
10286	0.093198
5299	0.093190
4262	0.093176
4605	0.093153
4600	0.093153
1952	0.092984
5300	0.092978
417	0.092868
3592	0.092861
11987	0.092856
13394	0.092760
6307	0.092750
3921	0.092675
5456	0.092444
11679	0.092417
7048	0.092414
1833	0.092383
4294	0.092282
1437	0.092222
1781	0.092140
679	0.092083
730	0.092039
8636	0.091996
7980	0.091905
5423	0.091782
2745	0.091779
1293	0.091685
7642	0.091448
4153	0.091426
9503	0.091292
14379	0.091277
5745	0.091204
4106	0.091142
2117	0.091138
4121	0.091104
648	0.091048
9202	0.091042
9204	0.090953
8592	0.090953
4407	0.090913
406	0.090907
7872	0.090851
8352	0.090850
8351	0.090850
2957	0.090850
2956	0.090850
7915	0.090832
9199	0.090767
235	0.090592
7917	0.090523
3328	0.090504
7480	0.090447
788	0.090353
11411	0.090254
9787	0.090221
9786	0.090221
9785	0.090221
9784	0.090221
9783	0.090221
9782	0.090221
9781	0.090221
9778	0.090221
9280	0.090221
8585	0.090221
8567	0.090221
8553	0.090221
6465	0.090100
9780	0.090090
12670	0.089939
13945	0.089927
12357	0.089849
8076	0.089816
4163	0.089814
13815	0.089801
7654	0.089754
14418	0.089750
14417	0.089750
13284	0.089750
13152	0.089750
9795	0.089750
9793	0.089750
9792	0.089750
9791	0.089750
9789	0.089750
9745	0.089750
9163	0.089750
8614	0.089750
8613	0.089750
8177	0.089750
2280	0.089732
3165	0.089732
12365	0.089669
2814	0.089668
11850	0.089652
2757	0.089506
1893	0.089458
879	0.089444
8207	0.089308
8530	0.089290
11100	0.089285
14283	0.089262
8972	0.089256
2892	0.089215
977	0.089166
7655	0.089115
12703	0.089089
4463	0.089058
13850	0.089027
9176	0.089023
8809	0.089023
10661	0.088941
6896	0.088935
9244	0.088919
9220	0.088903
14375	0.088897
5636	0.088828
1791	0.088804
1380	0.088775
1992	0.088733
13970	0.088719
1519	0.088715
5177	0.088709
96	0.088700
9304	0.088652
1786	0.088576
1801	0.088569
1703	0.088563
12151	0.088520
4105	0.088404
6198	0.088360
2064	0.088351
8628	0.088338
11966	0.088328
3940	0.088287
13148	0.088240
13147	0.088240
7892	0.088240
6298	0.088240
6297	0.088240
12076	0.088164
1531	0.088164
1525	0.088164
1523	0.088164
1522	0.088162
1524	0.088131
5062	0.088057
9999	0.088041
5245	0.088034
3116	0.088002
1372	0.087995
1889	0.087972
6895	0.087966
716	0.087943
14290	0.087883
2902	0.087749
238	0.087736
9613	0.087656
1111	0.087650
565	0.087645
9058	0.087624
6701	0.087624
4883	0.087598
2073	0.087572
1756	0.087466
2758	0.087458
12685	0.087428
5742	0.087411
758	0.087400
9612	0.087340
12012	0.087310
6761	0.087300
2286	0.087285
4416	0.087251
4541	0.087243
1529	0.087110
7131	0.087006
6904	0.086960
14382	0.086892
5476	0.086872
6707	0.086832
1419	0.086820
12182	0.086693
4464	0.086693
3636	0.086689
726	0.086654
8412	0.086637
3984	0.086617
9311	0.086609
221	0.086594
10006	0.086581
1705	0.086569
11596	0.086542
13545	0.086534
12152	0.086531
11673	0.086531
8479	0.086531
6773	0.086531
1805	0.086531
1804	0.086531
1799	0.086531
1706	0.086531
1704	0.086531
1702	0.086531
1698	0.086531
9912	0.086529
9911	0.086529
1699	0.086515
4641	0.086509
2188	0.086505
9367	0.086400
8026	0.086388
2954	0.086366
6255	0.086321
12077	0.086278
6461	0.086278
3711	0.086278
7659	0.086269
1377	0.086223
8335	0.086152
9608	0.086118
13235	0.086068
1119	0.086061
7526	0.086027
8864	0.085999
8863	0.085999
8583	0.085999
8124	0.085999
7904	0.085999
7903	0.085999
7902	0.085999
7901	0.085999
7900	0.085999
7899	0.085999
7897	0.085999
7896	0.085999
7895	0.085999
848	0.085954
2323	0.085923
4672	0.085906
7227	0.085876
2118	0.085863
169	0.085842
1710	0.085811
1758	0.085808
10725	0.085793
4848	0.085646
13917	0.085618
1120	0.085535
3925	0.085462
2052	0.085434
2708	0.085416
9463	0.085404
6278	0.085380
4596	0.085368
5111	0.085358
1701	0.085341
12273	0.085330
4595	0.085260
3498	0.085225
8038	0.085206
10277	0.085167
13829	0.085149
7067	0.085149
2215	0.085149
6377	0.085147
6838	0.085114
2218	0.085103
5033	0.085073
6364	0.085058
13247	0.085048
10724	0.084956
7586	0.084952
14351	0.084942
12010	0.084888
1709	0.084884
231	0.084874
9974	0.084831
2522	0.084749
9143	0.084669
6242	0.084669
239	0.084551
11425	0.084541
10379	0.084541
5034	0.084464
12131	0.084462
2641	0.084462
2640	0.084462
7918	0.084402
1691	0.084314
14266	0.084256
13942	0.084158
11420	0.084146
2020	0.084090
9686	0.084047
14248	0.084035
8047	0.084035
1265	0.084031
6102	0.084027
13665	0.084010
1682	0.084005
100	0.083994
943	0.083988
10584	0.083978
11716	0.083940
2452	0.083897
6771	0.083893
8176	0.083836
4625	0.083836
9506	0.083818
9673	0.083778
1235	0.083748
2281	0.083669
5348	0.083656
2217	0.083651
4021	0.083613
9645	0.083604
6532	0.083602
1897	0.083506
11733	0.083483
3430	0.083454
3588	0.083387
353	0.083367
4093	0.083274
11806	0.083268
2904	0.083134
1078	0.083028
9748	0.082995
2079	0.082898
3736	0.082883
5286	0.082878
1960	0.082850
9751	0.082691
10245	0.082690
1479	0.082611
8928	0.082592
4651	0.082573
11896	0.082567
2968	0.082500
5625	0.082488
2773	0.082388
12702	0.082388
4465	0.082237
5500	0.082140
1800	0.082118
7999	0.082116
343	0.082026
2275	0.081990
1092	0.081923
107	0.081871
1315	0.081846
1245	0.081819
6126	0.081790
6125	0.081790
4946	0.081698
11836	0.081681
5090	0.081654
2197	0.081624
7522	0.081601
1900	0.081584
9913	0.081565
12909	0.081543
9413	0.081527
11016	0.081478
11379	0.081478
8032	0.081464
7468	0.081358
2967	0.081358
5182	0.081330
12281	0.081301
6619	0.081301
4281	0.081261
2461	0.081227
9742	0.081183
10847	0.081130
8847	0.081124
1981	0.081118
8180	0.081060
6351	0.081013
6281	0.080964
4131	0.080858
10238	0.080858
1993	0.080858
1252	0.080853
5407	0.080795
2277	0.080756
1483	0.080749
14358	0.080744
4364	0.080715
5546	0.080699
7090	0.080672
2768	0.080618
74	0.080601
6631	0.080572
2278	0.080540
1327	0.080524
9477	0.080476
12030	0.080442
3892	0.080400
645	0.080390
9481	0.080376
9479	0.080376
9478	0.080376
9476	0.080376
9475	0.080376
9473	0.080376
9472	0.080376
9471	0.080376
9470	0.080376
9468	0.080376
9345	0.080376
8667	0.080376
8665	0.080376
8664	0.080376
8663	0.080376
8662	0.080376
8630	0.080376
8629	0.080376
8627	0.080376
8626	0.080376
12141	0.080329
164	0.080326
1968	0.080307
9700	0.080256
11930	0.080240
989	0.080233
2192	0.080230
3292	0.080211
1796	0.080180
9627	0.080125
6395	0.080115
6656	0.080081
10045	0.079962
12034	0.079920
12853	0.079870
8223	0.079849
7207	0.079830
5591	0.079781
8792	0.079715
14380	0.079711
8075	0.079711
3389	0.079684
13060	0.079527
13055	0.079527
13048	0.079527
13014	0.079527
13009	0.079527
12892	0.079527
8379	0.079527
2955	0.079514
2953	0.079514
404	0.079483
9855	0.079476
8713	0.079476
12139	0.079300
2119	0.079286
9437	0.079200
2195	0.079191
6113	0.079188
2199	0.079158
6623	0.079149
1307	0.079029
1520	0.078992
3767	0.078827
503	0.078724
3427	0.078701
7394	0.078669
889	0.078668
588	0.078667
14342	0.078664
3952	0.078639
2775	0.078572
12724	0.078512
1788	0.078490
2965	0.078437
2605	0.078345
4652	0.078277
1231	0.078234
5342	0.078232
5306	0.078232
1987	0.078226
12325	0.078182
7453	0.078164
4160	0.078057
2868	0.078040
3712	0.077959
6299	0.077954
1787	0.077866
4599	0.077864
12967	0.077836
7295	0.077804
13315	0.077787
1238	0.077784
3420	0.077741
3700	0.077710
2282	0.077663
2809	0.077662
5012	0.077638
2981	0.077607
2817	0.077549
11758	0.077545
2450	0.077535
14404	0.077437
14400	0.077437
8143	0.077437
8096	0.077437
9726	0.077413
9319	0.077406
10256	0.077379
14414	0.077326
14413	0.077326
14412	0.077326
14411	0.077326
9755	0.077326
9754	0.077326
9752	0.077326
9750	0.077326
8590	0.077326
8589	0.077326
8588	0.077326
8587	0.077326
8586	0.077326
8527	0.077326
8446	0.077326
8117	0.077326
7780	0.077326
5839	0.077326
1700	0.077322
6677	0.077309
2204	0.077302
4175	0.077147
7676	0.077139
10097	0.077113
7261	0.077044
7266	0.076989
1228	0.076918
5433	0.076909
4176	0.076901
13659	0.076874
13658	0.076874
106	0.076867
5081	0.076812
2679	0.076806
5063	0.076739
5302	0.076732
5118	0.076663
6197	0.076642
6277	0.076635
6035	0.076628
1780	0.076601
6217	0.076597
1890	0.076586
5204	0.076581
12276	0.076570
14263	0.076570
14002	0.076570
14001	0.076570
14000	0.076570
13998	0.076570
13996	0.076570
6666	0.076570
5064	0.076570
4854	0.076570
4852	0.076570
2212	0.076539
2060	0.076500
8004	0.076494
13293	0.076470
7560	0.076467
12288	0.076454
5838	0.076454
3287	0.076445
13581	0.076286
4865	0.076268
12352	0.076267
6447	0.076241
1420	0.076235
3255	0.076231
179	0.076207
7956	0.076197
8097	0.076131
2881	0.076107
6441	0.076039
5380	0.076029
9633	0.076024
9630	0.076024
9628	0.076024
9626	0.076024
9625	0.076024
9624	0.076024
9622	0.076024
9621	0.076024
9620	0.076024
9619	0.076024
9618	0.076024
9615	0.076024
9482	0.076024
9761	0.076007
8110	0.076000
2815	0.075964
2202	0.075916
9881	0.075862
9307	0.075835
14399	0.075832
12188	0.075811
4136	0.075702
2213	0.075660
13767	0.075617
6725	0.075589
1972	0.075581
5035	0.075496
12069	0.075480
651	0.075472
7880	0.075436
6393	0.075433
4135	0.075385
4707	0.075378
14085	0.075357
10592	0.075340
10589	0.075317
1097	0.075298
14401	0.075297
14388	0.075297
14386	0.075297
8123	0.075297
9464	0.075285
8517	0.075285
8516	0.075285
4139	0.075285
4138	0.075285
7954	0.075239
1006	0.075179
2754	0.075106
6668	0.075086
6642	0.075085
112	0.075057
9379	0.075035
1586	0.075022
8870	0.075008
6034	0.075008
13646	0.075000
13739	0.074986
13341	0.074910
10167	0.074885
6641	0.074867
12849	0.074842
6774	0.074841
5268	0.074800
12311	0.074785
4692	0.074780
13897	0.074748
5492	0.074696
4958	0.074694
5535	0.074678
1743	0.074646
13698	0.074608
13544	0.074608
3991	0.074605
6521	0.074539
13651	0.074464
2219	0.074460
1232	0.074427
1229	0.074427
5442	0.074411
3398	0.074375
13997	0.074372
7323	0.074369
6818	0.074353
881	0.074352
596	0.074327
10559	0.074290
4759	0.074256
10582	0.074226
