4460	0.224577
6839	0.192725
9327	0.192104
93	0.191167
7222	0.190752
468	0.190744
7486	0.188864
13845	0.188663
8371	0.188663
9328	0.188432
45	0.184122
3908	0.179727
4461	0.179419
9779	0.171390
11697	0.169660
466	0.166382
7285	0.160463
6477	0.149218
3075	0.146805
11699	0.146188
7417	0.146188
4663	0.143951
5881	0.142993
13905	0.136481
13903	0.136481
8088	0.136481
12868	0.136182
9242	0.136182
9241	0.136182
9240	0.136182
6696	0.136182
5247	0.133820
82	0.131174
12351	0.130967
6478	0.130967
11764	0.130037
12705	0.129597
5562	0.128805
6850	0.127090
9014	0.126979
1283	0.126853
8356	0.125152
7462	0.125107
7460	0.125107
14343	0.124737
14341	0.124737
14304	0.124737
14292	0.124737
14278	0.124737
14273	0.124737
14164	0.124737
7461	0.124737
13743	0.124541
13635	0.122986
13548	0.122986
13744	0.120192
1290	0.119283
4736	0.119244
2099	0.119134
2906	0.118958
11915	0.116620
7177	0.116123
9894	0.115333
8895	0.114411
11611	0.113833
8894	0.113833
8893	0.113833
6339	0.113833
3439	0.113833
8891	0.113430
2084	0.109892
2196	0.109622
11977	0.109347
3415	0.107889
12211	0.106891
6218	0.106575
54	0.105772
11744	0.105576
2411	0.105433
12328	0.104985
12003	0.104935
10198	0.104692
2098	0.104631
5116	0.103120
2526	0.102511
2944	0.102277
9251	0.101140
9710	0.100171
4174	0.099310
10778	0.098972
13086	0.097520
13085	0.097520
1452	0.097042
12816	0.096796
5475	0.096439
3939	0.096343
9528	0.096252
5314	0.095546
5313	0.095362
4784	0.094846
772	0.094777
4783	0.094584
1285	0.094412
946	0.094289
6366	0.093881
9010	0.093264
2447	0.092518
4782	0.092436
12733	0.091549
13322	0.091217
2490	0.091047
13126	0.090278
2607	0.089663
463	0.089259
1685	0.089054
464	0.088984
13697	0.088935
13364	0.088935
13365	0.088867
9186	0.088809
6564	0.088719
1436	0.088437
361	0.088229
2529	0.087898
6195	0.087533
11629	0.087141
9334	0.086932
7290	0.086919
11916	0.086387
473	0.085775
4551	0.085467
10988	0.085256
11852	0.084880
10990	0.084826
10507	0.084659
475	0.084562
3425	0.084147
10003	0.084016
12622	0.083950
2161	0.083774
2945	0.082932
9762	0.082479
2362	0.082476
10520	0.082472
4908	0.082456
3440	0.082428
10989	0.082420
10987	0.082353
10986	0.082333
10762	0.082322
10761	0.081912
2606	0.081854
4823	0.081689
13306	0.081118
7388	0.080977
1950	0.080962
13290	0.080808
13128	0.080808
9012	0.080808
5570	0.080739
10985	0.080664
392	0.080647
5424	0.080253
6498	0.080107
7987	0.079741
74	0.079365
3810	0.079303
4260	0.079091
6133	0.079042
3699	0.078966
13309	0.078914
3007	0.078761
5913	0.078531
1838	0.078398
6132	0.078312
10067	0.078264
5778	0.077952
13474	0.077930
2152	0.077903
13157	0.077784
5571	0.077694
4907	0.077647
10066	0.077517
6272	0.077444
7436	0.077395
5779	0.077205
6273	0.076953
2692	0.076061
3752	0.075937
6372	0.075825
14038	0.075748
11065	0.075217
5921	0.075150
9850	0.075131
9534	0.074906
9533	0.074906
9529	0.074906
9509	0.074906
5748	0.074560
1679	0.074363
8165	0.074350
8164	0.074309
7389	0.074309
6685	0.074309
6612	0.074309
6611	0.074309
9605	0.074281
6973	0.074246
3623	0.074084
4916	0.073995
11387	0.073790
10791	0.073790
5777	0.073484
9262	0.072963
13600	0.072758
869	0.072684
12693	0.072632
8266	0.072550
12125	0.072442
14337	0.072428
13990	0.072428
13814	0.072415
5114	0.072413
8267	0.072409
14054	0.072399
2194	0.072245
10792	0.072052
10356	0.071869
10456	0.071858
9945	0.071805
4738	0.071672
738	0.071593
412	0.071526
5619	0.071337
8942	0.071237
8070	0.071061
736	0.071061
6858	0.070945
1934	0.070775
12453	0.070701
11233	0.070565
9381	0.070565
4278	0.070553
3824	0.070542
967	0.070457
6063	0.070320
9036	0.070285
9460	0.070259
9519	0.070221
6252	0.070056
12454	0.069998
7182	0.069996
5399	0.069819
13545	0.069695
6859	0.069496
9875	0.069437
14071	0.069397
499	0.069350
11138	0.069257
11758	0.069150
3985	0.069088
6610	0.069042
6608	0.069042
5006	0.068970
10723	0.068942
10776	0.068857
13131	0.068822
4363	0.068811
13966	0.068683
7245	0.068400
5423	0.068366
6367	0.068356
9239	0.068351
5142	0.068247
6160	0.068165
14427	0.068147
7062	0.068131
7268	0.068102
2480	0.068094
13730	0.068030
13733	0.068008
13729	0.068008
6731	0.067908
6055	0.067898
3806	0.067895
13023	0.067871
1754	0.067862
3869	0.067816
741	0.067455
5291	0.067342
10185	0.067320
12250	0.067296
6864	0.067282
6863	0.067282
6322	0.067088
9069	0.066872
9068	0.066872
9067	0.066872
9538	0.066856
247	0.066818
11723	0.066685
6609	0.066669
3423	0.066581
9034	0.066566
6636	0.066549
761	0.066470
12496	0.066461
1575	0.066368
2775	0.066292
5836	0.066215
9909	0.066194
5038	0.066144
11121	0.066124
3374	0.066018
634	0.065978
6664	0.065840
2664	0.065836
7870	0.065630
4618	0.065513
3505	0.065511
4256	0.065491
947	0.065442
9716	0.065430
12056	0.065382
5746	0.065365
8057	0.065290
13068	0.065285
13067	0.065285
13066	0.065285
13065	0.065285
13064	0.065285
13063	0.065285
13062	0.065285
13056	0.065285
13053	0.065285
13046	0.065285
13044	0.065285
12971	0.065285
12921	0.065285
8775	0.065228
5435	0.065204
472	0.065103
6869	0.065053
554	0.064914
4229	0.064782
7061	0.064709
4141	0.064554
9504	0.064489
12367	0.064415
1369	0.064391
6155	0.064361
13848	0.064339
11237	0.064336
5215	0.064309
11694	0.064211
12305	0.064173
283	0.064114
7368	0.064088
6044	0.064042
9535	0.064028
9530	0.064028
9527	0.064028
9526	0.064028
9525	0.064028
9524	0.064028
9523	0.064028
9521	0.064028
9517	0.064028
9516	0.064028
9515	0.064028
9513	0.064028
9511	0.064028
9510	0.064028
9243	0.064028
9161	0.064028
6099	0.064028
9532	0.064011
11926	0.063987
11813	0.063966
12001	0.063942
5516	0.063942
2275	0.063874
3654	0.063824
12048	0.063802
9080	0.063797
6282	0.063796
6442	0.063728
9726	0.063651
552	0.063591
7156	0.063566
6100	0.063532
13288	0.063340
6333	0.063203
14027	0.063145
2758	0.063127
5697	0.063126
907	0.063035
5330	0.063030
1879	0.063006
13320	0.062954
3079	0.062912
12140	0.062886
2268	0.062828
10011	0.062685
1986	0.062656
6414	0.062624
8418	0.062517
3448	0.062508
10523	0.062485
2267	0.062473
11662	0.062400
1373	0.062320
10982	0.062283
13626	0.062058
13425	0.062058
1161	0.062046
2631	0.061869
14242	0.061864
13816	0.061864
2885	0.061864
10478	0.061821
1532	0.061803
550	0.061779
1881	0.061743
12237	0.061700
3113	0.061641
7770	0.061485
2167	0.061479
7466	0.061361
2265	0.061343
11799	0.061340
7103	0.061320
12238	0.061317
5618	0.061309
5617	0.061309
1482	0.061303
1848	0.061293
6176	0.061056
11522	0.060962
1233	0.060924
3394	0.060896
9747	0.060802
6639	0.060734
1429	0.060718
9047	0.060710
2085	0.060682
11884	0.060665
13488	0.060470
12198	0.060431
9043	0.060407
13027	0.060403
9049	0.060403
9048	0.060403
9046	0.060403
8420	0.060403
7027	0.060403
5216	0.060403
227	0.060308
10197	0.060161
13168	0.060112
5958	0.060101
9451	0.060081
13124	0.060008
10179	0.060008
2206	0.059948
9368	0.059892
5780	0.059867
6915	0.059857
805	0.059856
3047	0.059826
7650	0.059807
7096	0.059807
12823	0.059770
10178	0.059728
10288	0.059701
2208	0.059669
1236	0.059669
7881	0.059607
2625	0.059604
8000	0.059580
11035	0.059538
3426	0.059499
12949	0.059494
12947	0.059494
12946	0.059494
12945	0.059494
12943	0.059494
12942	0.059494
13473	0.059442
14031	0.059318
896	0.059277
47	0.059228
11415	0.059188
3322	0.059172
903	0.059111
8953	0.059059
62	0.059027
6184	0.058997
6632	0.058936
13471	0.058917
659	0.058905
9045	0.058892
808	0.058876
9050	0.058773
10076	0.058764
12492	0.058726
3321	0.058701
677	0.058696
10077	0.058615
3532	0.058605
13693	0.058601
134	0.058598
2062	0.058513
14407	0.058487
14127	0.058483
7356	0.058432
9027	0.058369
5202	0.058369
465	0.058273
13517	0.058175
2424	0.058096
13301	0.058046
6201	0.058019
691	0.057989
3203	0.057970
10060	0.057962
4365	0.057962
10646	0.057919
5659	0.057909
4962	0.057900
4366	0.057609
8884	0.057559
9831	0.057553
1922	0.057540
11464	0.057536
2380	0.057535
6278	0.057534
2594	0.057485
1090	0.057484
11072	0.057483
10271	0.057473
8957	0.057461
103	0.057451
1199	0.057309
3672	0.057307
12744	0.057300
7759	0.057287
7357	0.057287
7355	0.057287
1017	0.057274
153	0.057259
8387	0.057192
534	0.057174
10511	0.057096
10129	0.057079
7610	0.057023
6371	0.056971
9497	0.056910
12770	0.056898
3441	0.056882
10642	0.056870
737	0.056827
5951	0.056796
4664	0.056794
3311	0.056697
13209	0.056607
13206	0.056607
13205	0.056607
13203	0.056607
6977	0.056607
5272	0.056576
4613	0.056558
5752	0.056542
3786	0.056536
9413	0.056519
5753	0.056477
3661	0.056473
13633	0.056457
12909	0.056421
13632	0.056416
13631	0.056416
13490	0.056416
2870	0.056389
4755	0.056350
11502	0.056189
10146	0.056123
10145	0.056123
7752	0.055941
2521	0.055912
12807	0.055895
8419	0.055874
14266	0.055793
13105	0.055748
10059	0.055724
12878	0.055698
3314	0.055674
9141	0.055673
1058	0.055673
8173	0.055655
2307	0.055623
3789	0.055580
10008	0.055548
6916	0.055482
3631	0.055448
7306	0.055445
2388	0.055407
193	0.055256
11019	0.055237
10666	0.055204
13118	0.055193
3653	0.055193
1055	0.055193
8975	0.055190
1905	0.055186
11004	0.055106
3101	0.055051
3179	0.055036
9349	0.055002
9917	0.054996
2389	0.054967
3553	0.054948
13539	0.054921
7275	0.054882
8925	0.054816
2256	0.054808
3819	0.054768
8594	0.054753
7432	0.054753
2941	0.054736
9021	0.054726
4226	0.054717
12671	0.054711
6695	0.054675
1903	0.054669
10337	0.054663
2863	0.054616
5171	0.054600
5649	0.054590
10833	0.054560
10009	0.054511
8292	0.054442
10199	0.054396
5459	0.054392
6833	0.054354
12636	0.054343
3811	0.054342
989	0.054267
5908	0.054233
10991	0.054218
11626	0.054211
9877	0.054169
13321	0.054169
5501	0.054153
5447	0.054116
794	0.054115
11378	0.054077
742	0.054076
1008	0.054064
10841	0.054042
522	0.054035
4039	0.053938
6742	0.053928
9145	0.053883
1939	0.053873
10264	0.053872
3451	0.053836
11377	0.053834
5859	0.053830
9971	0.053824
11463	0.053810
5295	0.053759
11352	0.053665
11075	0.053634
10801	0.053622
12315	0.053574
7510	0.053573
945	0.053483
2396	0.053444
12524	0.053436
2964	0.053434
11996	0.053430
5950	0.053399
6834	0.053331
1925	0.053250
6890	0.053093
1763	0.053090
11899	0.053076
5169	0.053076
12903	0.053070
569	0.053064
5506	0.053056
5504	0.053055
2630	0.052989
2638	0.052989
8439	0.052964
7435	0.052964
7180	0.052964
7409	0.052962
9149	0.052960
2263	0.052913
7035	0.052898
5952	0.052886
8438	0.052859
11848	0.052853
8231	0.052823
12438	0.052766
2359	0.052754
13082	0.052750
9133	0.052750
9129	0.052750
11001	0.052706
5341	0.052645
3288	0.052637
11328	0.052599
2207	0.052536
7710	0.052524
9445	0.052507
9926	0.052461
9925	0.052461
9924	0.052461
9852	0.052461
7773	0.052461
7447	0.052461
3171	0.052459
8854	0.052454
5877	0.052448
14195	0.052203
5334	0.052138
3266	0.052096
10852	0.052095
5333	0.052083
10417	0.052058
6138	0.052049
5503	0.052019
10318	0.052017
4135	0.052011
5243	0.052006
9347	0.051988
5363	0.051875
566	0.051844
13096	0.051835
12652	0.051802
4301	0.051756
9013	0.051744
8101	0.051739
1970	0.051736
525	0.051736
10389	0.051729
773	0.051722
12142	0.051721
10051	0.051706
13944	0.051690
3657	0.051687
1654	0.051685
11654	0.051599
12856	0.051597
4386	0.051557
11980	0.051513
9702	0.051507
13828	0.051391
5999	0.051386
5998	0.051386
4953	0.051372
10483	0.051319
13150	0.051319
3842	0.051299
8931	0.051294
5203	0.051258
5329	0.051229
12916	0.051229
11978	0.051229
9447	0.051229
8005	0.051229
5340	0.051229
5339	0.051229
5337	0.051229
5335	0.051229
5621	0.051224
9446	0.051224
5331	0.051195
12363	0.051158
5909	0.051107
4598	0.051101
3820	0.051042
12752	0.051033
5863	0.051025
5350	0.051019
3625	0.050996
6514	0.050979
13440	0.050964
10112	0.050958
704	0.050946
268	0.050942
1263	0.050930
1056	0.050918
10755	0.050878
3559	0.050840
7665	0.050823
13397	0.050820
11746	0.050790
3577	0.050785
8921	0.050764
11490	0.050747
7278	0.050733
9125	0.050718
6880	0.050658
3200	0.050658
4834	0.050569
10650	0.050543
10627	0.050526
733	0.050504
14081	0.050438
5140	0.050438
11475	0.050408
467	0.050362
2006	0.050357
8622	0.050344
1691	0.050334
7425	0.050332
5914	0.050323
1907	0.050228
10544	0.050226
5534	0.050225
2837	0.050171
10206	0.050156
13443	0.050096
604	0.050089
12264	0.050076
13885	0.050034
2890	0.050034
7337	0.049977
3931	0.049946
2528	0.049941
13724	0.049935
11585	0.049864
2363	0.049857
10204	0.049851
5911	0.049851
243	0.049840
12676	0.049812
2365	0.049809
6183	0.049781
12510	0.049774
10912	0.049765
4920	0.049731
2938	0.049731
2934	0.049731
4624	0.049730
4125	0.049729
1224	0.049727
9741	0.049720
3310	0.049720
6026	0.049717
1742	0.049704
12275	0.049690
12460	0.049680
3666	0.049670
5737	0.049663
5668	0.049594
6825	0.049553
7398	0.049521
12069	0.049511
4482	0.049500
10114	0.049455
12175	0.049434
5832	0.049431
8924	0.049430
6972	0.049421
1148	0.049400
1793	0.049393
11073	0.049390
5907	0.049387
7674	0.049386
12267	0.049361
5126	0.049361
4749	0.049360
320	0.049327
186	0.049324
4196	0.049322
3071	0.049277
10331	0.049227
5289	0.049166
3076	0.049114
7218	0.049059
6124	0.049029
4109	0.049015
1835	0.048986
10258	0.048983
10571	0.048972
13694	0.048906
13116	0.048881
5208	0.048873
5426	0.048865
4520	0.048827
11161	0.048823
12944	0.048822
12530	0.048809
2819	0.048805
5022	0.048802
10827	0.048785
5846	0.048785
6662	0.048784
12008	0.048779
3937	0.048779
7659	0.048755
7214	0.048712
3679	0.048696
5406	0.048678
11510	0.048652
12213	0.048626
10378	0.048529
11890	0.048528
11889	0.048528
8139	0.048528
2149	0.048528
2148	0.048528
2147	0.048528
5957	0.048517
6851	0.048489
10377	0.048487
10190	0.048431
1048	0.048400
12696	0.048389
13863	0.048385
2888	0.048385
1895	0.048362
715	0.048272
12818	0.048264
2046	0.048264
2593	0.048241
11246	0.048239
12252	0.048224
6954	0.048154
10113	0.048139
1488	0.048097
3429	0.048079
128	0.048018
12145	0.047973
10515	0.047973
5956	0.047973
3128	0.047965
3121	0.047965
3048	0.047965
2624	0.047965
2303	0.047961
3201	0.047951
6251	0.047940
6249	0.047940
5860	0.047932
12378	0.047917
13123	0.047854
10034	0.047854
1941	0.047850
5458	0.047815
7139	0.047809
7506	0.047796
2390	0.047768
2985	0.047729
3531	0.047716
5434	0.047698
2750	0.047681
10740	0.047668
4549	0.047637
7088	0.047619
7882	0.047615
2518	0.047584
8908	0.047544
3712	0.047521
1652	0.047491
3754	0.047481
9646	0.047479
1407	0.047474
12118	0.047410
2083	0.047410
2074	0.047410
1899	0.047410
1896	0.047410
3098	0.047360
48	0.047353
12624	0.047330
4781	0.047307
6064	0.047306
6065	0.047289
3045	0.047282
592	0.047244
5336	0.047214
10658	0.047184
7593	0.047149
12708	0.047144
549	0.047116
4787	0.047091
7347	0.047054
2632	0.047047
10537	0.047046
11454	0.047019
2542	0.046987
10657	0.046987
13553	0.046942
12779	0.046931
5338	0.046913
