3438	0.174309
4463	0.160159
14248	0.158524
8047	0.158524
13942	0.158373
12182	0.154639
4464	0.154639
4465	0.152897
13265	0.150539
11658	0.149737
9462	0.143515
7774	0.143453
5641	0.143453
5642	0.143425
5347	0.142988
11858	0.142289
9439	0.141912
3389	0.140762
4538	0.135849
2958	0.133958
7281	0.133617
1673	0.133464
11279	0.133276
2820	0.133170
3837	0.132776
2105	0.131013
8009	0.130332
3176	0.129881
2831	0.127751
1419	0.126558
6051	0.124159
1420	0.122907
2052	0.119576
2952	0.118570
11073	0.117939
6938	0.117905
6754	0.117123
51	0.114491
4693	0.112411
11989	0.110927
3209	0.110917
4106	0.110748
7872	0.110518
8352	0.110515
8351	0.110515
2957	0.110515
2956	0.110515
10589	0.110456
4542	0.110238
2968	0.110174
4105	0.109829
11739	0.109717
1785	0.108931
6895	0.108930
2280	0.108853
12101	0.107760
4306	0.107582
876	0.106584
4304	0.105393
4302	0.105393
11999	0.105377
4204	0.105261
13054	0.104617
13850	0.104543
2902	0.103912
12252	0.103834
5033	0.103543
5219	0.103131
6896	0.103119
13448	0.103107
2109	0.102659
2281	0.102457
1756	0.102289
8615	0.102213
13665	0.101986
5034	0.101202
7200	0.101153
4537	0.100917
11607	0.100822
12069	0.100788
235	0.100662
2097	0.100244
12348	0.100036
9218	0.099899
12030	0.099482
2114	0.099471
4305	0.099467
7526	0.099454
3428	0.099453
8864	0.099378
8863	0.099378
8583	0.099378
8124	0.099378
7904	0.099378
7903	0.099378
7902	0.099378
7901	0.099378
7900	0.099378
7899	0.099378
7897	0.099378
7896	0.099378
7895	0.099378
13076	0.098422
7757	0.097536
3212	0.097271
6838	0.096235
2277	0.096136
11074	0.095117
1232	0.095019
1229	0.095019
1030	0.094857
11076	0.094741
4667	0.094617
2600	0.094133
4836	0.094122
4671	0.093675
4669	0.093675
2990	0.093658
6695	0.093448
352	0.093390
6532	0.093172
4670	0.092968
4618	0.092882
5423	0.092378
404	0.092059
3507	0.091928
9135	0.091398
11968	0.091361
949	0.091361
4087	0.090227
6102	0.090143
7282	0.089938
14269	0.089599
2996	0.089181
4692	0.088820
9177	0.088771
11677	0.088746
4494	0.088746
4493	0.088746
7288	0.088438
353	0.087857
5546	0.087219
9711	0.087177
9708	0.087177
9707	0.087177
9705	0.087177
9703	0.087177
9699	0.087107
9438	0.086721
9623	0.086712
874	0.086640
13036	0.086625
4383	0.086273
2274	0.086150
9775	0.086119
268	0.086050
7379	0.085996
9706	0.085502
5185	0.085226
3739	0.085172
5413	0.084627
4168	0.084411
891	0.084385
3745	0.084135
392	0.084120
12053	0.084108
4838	0.083988
7955	0.083913
13394	0.083671
12338	0.083594
4947	0.083552
2107	0.083459
6920	0.083208
7381	0.083208
5433	0.083040
3007	0.082911
5424	0.082853
3383	0.082816
13545	0.082800
4849	0.082455
12954	0.082449
7131	0.082436
7414	0.082404
5035	0.082387
6017	0.082346
1816	0.082118
4668	0.082074
2110	0.082041
1228	0.081856
7295	0.081771
4416	0.081401
1133	0.081275
2283	0.081145
10701	0.081069
2170	0.080807
7920	0.080744
6987	0.080145
12873	0.080044
10089	0.079896
9361	0.079766
9307	0.079472
11289	0.079459
4824	0.079373
1778	0.079372
9215	0.079241
991	0.079201
1400	0.079070
6317	0.078977
86	0.078759
9152	0.078756
5354	0.078751
10076	0.078681
10077	0.078618
1919	0.078546
9704	0.078356
370	0.078322
11072	0.078100
4090	0.077959
8611	0.077579
4935	0.077497
2185	0.077289
4216	0.077214
12909	0.077188
9413	0.077082
861	0.076978
469	0.076944
3921	0.076912
3952	0.076830
6380	0.076782
7913	0.076692
5968	0.076692
470	0.076692
5555	0.076653
304	0.076593
10749	0.076464
3907	0.076429
11111	0.076275
1402	0.076234
4922	0.076179
4121	0.076059
2423	0.075972
2128	0.075873
2708	0.075643
6482	0.075391
2962	0.075388
1291	0.075280
677	0.075261
11109	0.074828
5967	0.074787
5348	0.074622
12070	0.074477
7932	0.074251
221	0.074142
9942	0.074047
9931	0.074047
9930	0.074047
9921	0.074047
9901	0.074047
9899	0.074047
9895	0.074047
9866	0.074047
9836	0.074047
9832	0.074047
9810	0.074047
9698	0.074047
9636	0.074047
9570	0.074047
9299	0.074047
4240	0.074039
5177	0.073800
1119	0.073756
9237	0.073649
9201	0.073625
1120	0.073540
6147	0.073533
9086	0.073428
11552	0.073423
1132	0.073332
6393	0.073329
10097	0.073294
2523	0.073288
9085	0.073208
11416	0.073180
1115	0.073120
13247	0.072985
2828	0.072932
2892	0.072857
8792	0.072831
4865	0.072783
6680	0.072726
10098	0.072643
12192	0.072636
11178	0.072616
4175	0.072511
7977	0.072509
7224	0.072494
6574	0.072494
5527	0.072494
10507	0.072335
5918	0.072309
4672	0.072278
10245	0.072261
5500	0.072248
4037	0.071836
9231	0.071727
8634	0.071701
11091	0.071656
4778	0.071650
3441	0.071293
4235	0.071194
8090	0.071127
2847	0.071127
2843	0.071127
2839	0.071127
12138	0.071025
12137	0.071025
12068	0.071025
11864	0.071025
3429	0.070901
2840	0.070852
9207	0.070686
9205	0.070686
8528	0.070686
2227	0.070678
1111	0.070673
6126	0.070643
6125	0.070643
4241	0.070595
4176	0.070268
4294	0.070178
4120	0.070139
6217	0.070064
12276	0.070061
14263	0.070061
14002	0.070061
14001	0.070061
14000	0.070061
13998	0.070061
13996	0.070061
6666	0.070061
5064	0.070061
4854	0.070061
4852	0.070061
6295	0.070025
9200	0.070015
2486	0.069956
7511	0.069928
9226	0.069646
9217	0.069646
8534	0.069646
3538	0.069634
7827	0.069621
7400	0.069589
9256	0.069545
11618	0.069477
6407	0.069116
3905	0.069053
4787	0.069029
38	0.068891
9174	0.068662
5487	0.068320
12219	0.068129
6395	0.068018
7883	0.067889
4249	0.067889
4247	0.067889
4246	0.067889
4242	0.067889
4248	0.067889
4244	0.067886
4245	0.067872
8503	0.067689
4205	0.067656
1952	0.067623
4113	0.067612
9794	0.067499
11849	0.067451
8584	0.067178
9248	0.067149
3142	0.067130
1346	0.067061
2182	0.066957
589	0.066952
241	0.066945
4112	0.066810
11964	0.066667
4977	0.066483
2119	0.066106
7713	0.066105
35	0.066097
1118	0.065947
4118	0.065868
9686	0.065813
2881	0.065507
9415	0.065496
8851	0.065496
8850	0.065496
3328	0.065416
1309	0.065396
5745	0.065348
5815	0.065257
8676	0.065248
13698	0.065247
13544	0.065247
3443	0.065216
1535	0.065170
11987	0.065168
12915	0.065131
12914	0.065131
6889	0.065008
5299	0.064990
14128	0.064938
9024	0.064912
9023	0.064912
9022	0.064912
8949	0.064912
679	0.064855
4382	0.064778
10582	0.064680
5746	0.064642
10661	0.064603
11817	0.064574
6990	0.064574
11976	0.064433
7767	0.064414
498	0.064325
11646	0.064310
2621	0.064272
633	0.064125
6305	0.064099
13030	0.064097
12687	0.064095
10550	0.064081
13121	0.064059
4789	0.064059
4788	0.064059
9457	0.064057
4152	0.064057
2521	0.064005
9710	0.063916
4163	0.063903
8171	0.063890
11966	0.063885
3747	0.063872
9150	0.063868
14418	0.063827
14417	0.063827
13284	0.063827
13152	0.063827
9795	0.063827
9793	0.063827
9792	0.063827
9791	0.063827
9789	0.063827
9745	0.063827
9163	0.063827
8614	0.063827
8613	0.063827
8177	0.063827
8076	0.063793
1162	0.063691
224	0.063639
7207	0.063637
1280	0.063617
5184	0.063582
830	0.063562
14358	0.063508
5272	0.063501
9957	0.063466
4976	0.063407
1777	0.063293
73	0.063214
877	0.063130
2954	0.063123
8207	0.063114
7894	0.063037
3434	0.062933
6255	0.062925
13997	0.062912
1889	0.062864
2267	0.062846
11737	0.062839
1297	0.062788
7457	0.062765
4850	0.062552
2871	0.062489
1	0.062423
6806	0.062394
2452	0.062373
3388	0.062242
11733	0.062078
8892	0.062052
6127	0.062042
4312	0.061953
10301	0.061933
9484	0.061911
9483	0.061911
745	0.061905
5790	0.061784
6689	0.061724
6967	0.061724
5768	0.061672
9210	0.061632
11998	0.061587
4450	0.061549
3740	0.061546
4377	0.061531
3973	0.061513
6078	0.061432
9702	0.061294
4466	0.061271
814	0.061264
9709	0.061251
7676	0.061237
7453	0.061194
11239	0.061067
11238	0.061067
10549	0.060914
6616	0.060842
2	0.060812
3934	0.060768
3320	0.060701
9700	0.060691
487	0.060668
9713	0.060570
4111	0.060531
7970	0.060500
14162	0.060487
3437	0.060469
6077	0.060444
9938	0.060411
7551	0.060411
7550	0.060411
7539	0.060411
7538	0.060411
3425	0.060379
4262	0.060291
9192	0.060242
14004	0.060147
4866	0.060147
2522	0.060130
2111	0.060068
2980	0.060029
10377	0.060004
12414	0.060002
1300	0.059968
10378	0.059964
11202	0.059931
2453	0.059930
751	0.059923
879	0.059922
14407	0.059858
1285	0.059838
8432	0.059783
8431	0.059783
803	0.059756
4958	0.059683
1656	0.059677
8041	0.059630
1534	0.059588
8625	0.059495
930	0.059439
9176	0.059428
8809	0.059428
2186	0.059307
8636	0.059206
2709	0.059193
6191	0.059157
2118	0.059086
9393	0.059057
225	0.059038
4169	0.059002
6443	0.058985
10511	0.058954
8671	0.058954
9235	0.058951
9230	0.058951
9228	0.058951
9225	0.058951
9224	0.058951
9221	0.058951
9219	0.058951
9214	0.058951
9213	0.058951
9211	0.058951
9209	0.058951
9208	0.058951
9206	0.058951
9193	0.058951
8807	0.058951
8679	0.058951
8677	0.058951
8675	0.058951
8674	0.058951
8673	0.058951
8670	0.058951
8637	0.058951
8633	0.058951
8631	0.058951
8610	0.058951
8591	0.058951
8539	0.058951
8538	0.058951
8537	0.058951
8536	0.058951
8529	0.058951
8526	0.058951
8525	0.058951
8632	0.058951
1781	0.058943
5366	0.058917
11988	0.058860
6302	0.058752
6267	0.058751
13293	0.058737
7036	0.058732
12357	0.058732
9232	0.058625
3742	0.058605
524	0.058601
4951	0.058576
6747	0.058562
2955	0.058560
2953	0.058560
6251	0.058523
6249	0.058523
11678	0.058380
1758	0.058290
6677	0.058219
8140	0.058178
4128	0.058094
6725	0.058041
4509	0.058035
5217	0.058029
1109	0.057947
3636	0.057940
1094	0.057880
2176	0.057779
716	0.057708
4855	0.057581
5477	0.057550
5375	0.057496
6598	0.057324
351	0.057241
9367	0.057239
2542	0.057230
4839	0.057182
8604	0.057151
9928	0.057057
10748	0.056847
9834	0.056847
2823	0.056790
9269	0.056729
781	0.056705
8204	0.056610
4842	0.056504
1694	0.056475
12692	0.056442
2458	0.056337
9347	0.056336
7856	0.056254
14415	0.056249
9277	0.056249
7752	0.056096
6812	0.056075
8875	0.056003
6587	0.055947
13456	0.055904
13342	0.055904
12908	0.055754
9411	0.055754
9412	0.055752
3914	0.055736
6406	0.055716
11937	0.055709
3211	0.055667
3360	0.055664
8635	0.055457
13449	0.055380
13515	0.055351
9919	0.055349
4541	0.055320
1905	0.055282
7510	0.055266
2276	0.055133
2064	0.055105
6758	0.054961
4659	0.054944
7880	0.054934
7468	0.054924
2967	0.054924
3440	0.054918
1265	0.054902
6576	0.054891
1121	0.054869
9204	0.054805
8592	0.054805
8714	0.054789
8312	0.054702
7261	0.054690
1112	0.054644
5305	0.054556
85	0.054553
1097	0.054521
7212	0.054337
2981	0.054226
4873	0.054159
6118	0.054158
9202	0.054113
2113	0.054069
12141	0.054045
14052	0.053971
10065	0.053971
2666	0.053922
343	0.053921
10491	0.053913
4068	0.053784
3204	0.053662
13999	0.053622
5005	0.053622
2845	0.053620
6405	0.053597
3984	0.053589
13910	0.053446
11715	0.053365
9935	0.053356
4129	0.053356
4469	0.053334
2832	0.053195
11866	0.053161
4454	0.053158
3068	0.053079
3174	0.053062
4231	0.053028
6908	0.053021
13041	0.052978
6119	0.052978
1833	0.052911
11784	0.052906
492	0.052896
13442	0.052814
13517	0.052801
4407	0.052763
12764	0.052749
14003	0.052743
4998	0.052717
10852	0.052716
7686	0.052664
13320	0.052662
2046	0.052604
7642	0.052490
5476	0.052417
2117	0.052393
817	0.052365
2191	0.052310
3940	0.052258
13928	0.052254
10664	0.052219
10440	0.052174
12310	0.052174
13926	0.052159
5118	0.052112
6149	0.052107
13603	0.052006
13238	0.052006
9553	0.052006
2959	0.052006
12103	0.052006
7670	0.052004
10839	0.051974
1992	0.051933
9797	0.051926
3093	0.051803
13013	0.051803
12962	0.051803
9520	0.051796
8928	0.051787
12281	0.051735
6619	0.051735
2809	0.051721
13541	0.051720
4462	0.051717
8319	0.051707
7202	0.051703
2075	0.051688
9870	0.051653
4652	0.051589
2833	0.051557
1812	0.051463
1811	0.051463
2965	0.051453
3700	0.051420
2658	0.051388
12756	0.051354
8452	0.051348
8449	0.051348
2080	0.051321
9220	0.051279
9480	0.051240
8533	0.051240
782	0.051234
14290	0.051215
12799	0.051090
4239	0.051040
8530	0.050961
4511	0.050927
8471	0.050914
2812	0.050877
786	0.050838
5245	0.050804
13319	0.050786
13689	0.050785
13489	0.050785
1809	0.050747
2422	0.050725
10838	0.050724
2964	0.050721
6473	0.050714
9840	0.050686
13680	0.050678
3789	0.050647
12136	0.050637
7556	0.050620
6434	0.050620
120	0.050610
2960	0.050596
4243	0.050497
8531	0.050452
12670	0.050409
9460	0.050309
12462	0.050292
10685	0.050292
578	0.050261
3977	0.050240
12029	0.050159
881	0.050151
2124	0.050132
9062	0.050111
823	0.050099
1304	0.050093
3751	0.050071
3750	0.050071
8464	0.050068
12296	0.050050
6244	0.050050
9199	0.049959
6472	0.049742
13321	0.049677
11291	0.049662
2525	0.049641
4093	0.049578
12201	0.049524
4559	0.049509
3738	0.049502
10800	0.049437
6319	0.049424
513	0.049391
10110	0.049383
79	0.049335
13897	0.049330
4208	0.049274
12077	0.049263
6461	0.049263
3711	0.049263
7422	0.049258
676	0.049214
10694	0.049060
5743	0.049057
1458	0.049046
13235	0.049039
9934	0.048958
6430	0.048939
1123	0.048939
2188	0.048911
6761	0.048887
6550	0.048751
11703	0.048748
3741	0.048744
12441	0.048725
12116	0.048719
13334	0.048621
2108	0.048618
4529	0.048552
12311	0.048507
129	0.048484
7699	0.048481
7700	0.048394
875	0.048353
141	0.048289
10226	0.048228
10354	0.048227
12188	0.048199
385	0.048184
12010	0.048177
11339	0.048158
5712	0.048155
5711	0.048155
5710	0.048155
9455	0.048147
8329	0.048142
2171	0.048140
342	0.048110
8032	0.048017
2197	0.047980
6009	0.047950
4742	0.047950
5990	0.047944
9145	0.047891
10499	0.047883
3604	0.047860
11679	0.047856
5352	0.047855
3193	0.047800
4665	0.047784
11800	0.047753
12234	0.047732
14404	0.047722
14400	0.047722
8143	0.047722
8096	0.047722
10249	0.047709
12955	0.047687
10413	0.047651
12274	0.047645
8236	0.047645
8235	0.047645
6980	0.047645
6953	0.047645
298	0.047645
2602	0.047628
10622	0.047624
4666	0.047572
6742	0.047505
4743	0.047497
7581	0.047490
8847	0.047482
10231	0.047433
3749	0.047430
1187	0.047428
10809	0.047369
7580	0.047369
4848	0.047344
3710	0.047324
9787	0.047317
9786	0.047317
9785	0.047317
9784	0.047317
9783	0.047317
9782	0.047317
9781	0.047317
9778	0.047317
9280	0.047317
8585	0.047317
8567	0.047317
8553	0.047317
2020	0.047307
14214	0.047255
2844	0.047230
6465	0.047151
3144	0.047150
825	0.047131
8621	0.047087
1743	0.047015
12440	0.047013
2810	0.046999
6035	0.046986
6277	0.046976
1403	0.046964
9869	0.046903
1146	0.046895
6179	0.046745
1375	0.046706
12572	0.046705
3592	0.046698
3120	0.046627
10637	0.046614
7082	0.046567
5741	0.046536
730	0.046487
3613	0.046472
5541	0.046468
5221	0.046457
10275	0.046401
713	0.046379
5777	0.046335
7007	0.046296
6781	0.046276
10676	0.046275
11742	0.046270
5226	0.046270
6913	0.046173
3870	0.046052
8468	0.046033
2978	0.046033
2977	0.046033
13270	0.046025
2908	0.046012
14406	0.046010
14405	0.046010
164	0.045991
