5347	0.187130
5642	0.186816
7774	0.186814
5641	0.186814
9462	0.179377
11858	0.179247
9439	0.178747
12252	0.177972
4538	0.173501
9135	0.172105
3741	0.171611
9623	0.167279
6295	0.165964
9218	0.165182
2105	0.164053
155	0.163367
2968	0.163091
9775	0.163051
9710	0.162862
9711	0.161757
9708	0.161757
9707	0.161757
9705	0.161757
9703	0.161757
9699	0.161678
2523	0.159889
8676	0.158367
9706	0.158088
8625	0.157679
51	0.157262
3837	0.157004
1673	0.156802
8604	0.156669
2820	0.156028
2958	0.155889
6149	0.155319
2952	0.154984
9177	0.154182
4542	0.153359
8615	0.152879
9702	0.152297
14407	0.151957
11739	0.149938
307	0.149931
7752	0.149361
8845	0.148011
13265	0.147842
5296	0.147581
11658	0.147569
9152	0.146892
12909	0.146716
9413	0.146695
8709	0.146369
4485	0.145702
1756	0.144723
8712	0.144645
8303	0.144645
8302	0.144645
7362	0.144645
6359	0.144645
5219	0.144642
6202	0.144571
8711	0.144489
8732	0.144412
8710	0.144362
14415	0.142861
9277	0.142861
1232	0.142733
1229	0.142733
6081	0.142699
6557	0.142566
4667	0.141991
6501	0.141852
1228	0.141028
7659	0.140108
12030	0.139109
7526	0.138376
8864	0.138296
8863	0.138296
8583	0.138296
8124	0.138296
7904	0.138296
7903	0.138296
7902	0.138296
7901	0.138296
7900	0.138296
7899	0.138296
7897	0.138296
7896	0.138296
7895	0.138296
2277	0.138032
11806	0.137748
2052	0.136984
4671	0.136534
4669	0.136534
2990	0.136493
235	0.136271
9709	0.136183
6838	0.136059
4670	0.135779
404	0.135297
4094	0.134879
9415	0.134685
8851	0.134685
8850	0.134685
7955	0.134449
9704	0.134023
4383	0.133679
5967	0.133562
2274	0.133557
268	0.133430
7913	0.133273
5968	0.133273
470	0.133273
469	0.133223
861	0.133217
2064	0.132897
353	0.132849
225	0.132794
9713	0.132509
5546	0.131928
8892	0.131904
6278	0.131663
12873	0.130972
6913	0.130619
2278	0.130617
8531	0.130365
7453	0.130135
14266	0.130035
5268	0.129943
2275	0.129700
13533	0.129642
13532	0.129642
13531	0.129642
7676	0.129571
1419	0.129233
8634	0.129102
9231	0.129096
2996	0.128466
6255	0.127984
2621	0.127956
4668	0.127884
7288	0.127821
2097	0.127672
3507	0.127621
12069	0.127605
1078	0.127505
3389	0.127393
11989	0.127348
1400	0.126442
876	0.126411
4416	0.125761
9226	0.125269
9217	0.125269
8534	0.125269
7827	0.125234
6102	0.125227
2109	0.125180
13517	0.124992
2280	0.124866
7263	0.124838
7131	0.124820
9145	0.124366
9438	0.124119
6742	0.123924
8792	0.123840
38	0.123788
5302	0.123763
13076	0.123050
2600	0.122947
4301	0.122802
1458	0.122764
4111	0.122561
3437	0.122031
1919	0.121668
13394	0.121576
9869	0.121471
9794	0.121336
6806	0.121329
4466	0.121037
370	0.121037
11607	0.120953
4106	0.120859
4304	0.120711
4302	0.120711
11999	0.120700
7872	0.120460
8352	0.120460
8351	0.120460
2957	0.120460
2956	0.120460
1420	0.119593
4231	0.119558
5354	0.119008
4105	0.118702
11678	0.118662
304	0.118625
6695	0.118597
7295	0.118188
6895	0.118075
2128	0.118057
11715	0.117656
9150	0.117113
7379	0.116921
5746	0.116905
79	0.116692
11646	0.116614
9700	0.116436
5033	0.116291
13850	0.116227
1265	0.116173
6896	0.116142
2902	0.115923
12348	0.115887
6064	0.115802
7767	0.115791
9347	0.115537
6065	0.115312
8412	0.115247
4294	0.114888
13665	0.114816
224	0.114796
758	0.114668
5305	0.114440
5034	0.114438
86	0.114383
1905	0.114329
4672	0.114318
2110	0.114062
6482	0.113627
6889	0.113491
4305	0.113039
9307	0.112891
426	0.112621
3539	0.112206
8584	0.112109
1097	0.112017
879	0.111954
14303	0.111949
14302	0.111949
14301	0.111949
14300	0.111949
14299	0.111949
2773	0.111849
9686	0.111792
7167	0.111789
2845	0.111412
2282	0.111381
9780	0.111127
9201	0.111126
1816	0.111062
12915	0.110894
12914	0.110894
9480	0.110436
8533	0.110436
4865	0.110367
9207	0.110268
9205	0.110268
8528	0.110268
9787	0.110252
9786	0.110252
9785	0.110252
9784	0.110252
9783	0.110252
9782	0.110252
9781	0.110252
9778	0.110252
9280	0.110252
8585	0.110252
8567	0.110252
8553	0.110252
6465	0.110247
823	0.110128
532	0.110067
1285	0.110026
6393	0.109383
2954	0.109279
2775	0.109277
2046	0.109202
1691	0.109158
4168	0.109048
13545	0.109037
6317	0.108983
9797	0.108854
4935	0.108784
1300	0.108782
9942	0.108765
9931	0.108765
9930	0.108765
9921	0.108765
9901	0.108765
9899	0.108765
9895	0.108765
9866	0.108765
9836	0.108765
9832	0.108765
9810	0.108765
9698	0.108765
9636	0.108765
9570	0.108765
9299	0.108765
2955	0.108319
2953	0.108319
9913	0.108293
2107	0.108198
2458	0.108076
12310	0.107955
35	0.107242
10748	0.106938
9834	0.106938
6473	0.106895
2522	0.106864
4922	0.106698
3002	0.106662
4128	0.106229
9460	0.105979
1402	0.105953
6127	0.105922
9957	0.105913
6532	0.105597
4053	0.105413
8090	0.105382
2847	0.105382
2843	0.105382
2839	0.105382
14416	0.105213
2840	0.105155
4778	0.104934
2971	0.104933
8312	0.104824
7757	0.104568
7606	0.104551
3588	0.104549
4121	0.104546
2979	0.104538
6198	0.104244
13148	0.104217
13147	0.104217
7892	0.104217
6298	0.104217
6297	0.104217
8611	0.104213
9999	0.104126
8451	0.104123
8076	0.104046
14418	0.104019
14417	0.104019
13284	0.104019
13152	0.104019
9795	0.104019
9793	0.104019
9792	0.104019
9791	0.104019
9789	0.104019
9745	0.104019
9163	0.104019
8614	0.104019
8613	0.104019
8177	0.104019
4163	0.104001
4306	0.103576
6294	0.103447
9248	0.103431
352	0.103403
817	0.103380
9024	0.103237
9023	0.103237
9022	0.103237
8949	0.103237
4537	0.103043
888	0.103003
14162	0.102854
11733	0.102787
9121	0.102493
9112	0.102493
1291	0.102444
8180	0.102399
3438	0.102268
4848	0.102191
9204	0.102133
8592	0.102133
1952	0.101802
9244	0.101708
9512	0.101682
9269	0.101668
13698	0.101648
13544	0.101648
14186	0.101500
145	0.101310
11840	0.101307
10582	0.101275
5235	0.101102
9232	0.101041
14358	0.100848
1280	0.100814
9237	0.100772
9192	0.100553
10661	0.100400
11655	0.100254
12141	0.100002
5433	0.099999
3383	0.099860
4838	0.099777
12338	0.099571
13320	0.099569
11926	0.099505
2	0.099442
1656	0.099364
12954	0.099236
7381	0.099159
6920	0.099159
786	0.099091
8503	0.098950
1254	0.098903
7954	0.098855
13050	0.098753
11987	0.098712
7414	0.098601
3427	0.098592
8714	0.098423
13449	0.098352
6587	0.098153
5500	0.098139
5790	0.098093
6623	0.097887
4450	0.097856
8026	0.097812
2283	0.097793
2286	0.097777
11998	0.097764
4377	0.097731
13325	0.097687
14342	0.097670
4692	0.097652
3973	0.097387
414	0.097312
13439	0.097192
7654	0.096714
6292	0.096590
13456	0.096442
13342	0.096442
14269	0.096405
2279	0.096371
9484	0.096247
9483	0.096247
2114	0.096225
2263	0.096143
5123	0.096142
5413	0.096093
524	0.095924
1777	0.095901
2892	0.095803
2755	0.095424
7655	0.095424
6291	0.095282
13355	0.095272
3448	0.095210
4120	0.095195
9174	0.095019
9788	0.094985
6007	0.094945
8204	0.094902
9673	0.094855
9143	0.094829
6242	0.094829
6044	0.094777
2980	0.094670
74	0.094668
6704	0.094341
4977	0.094341
5442	0.094281
3636	0.094237
8979	0.094119
5348	0.093969
5035	0.093774
9610	0.093715
82	0.093644
3613	0.093583
10286	0.093400
1173	0.093352
7306	0.093158
238	0.093136
3398	0.093122
10694	0.093107
8468	0.093012
2978	0.093012
2977	0.093012
5593	0.092916
10642	0.092890
4511	0.092798
9831	0.092612
8635	0.092495
9928	0.092469
2424	0.092444
13945	0.092431
4240	0.092334
4976	0.092333
2380	0.092164
10226	0.092117
141	0.092013
874	0.092006
7400	0.091940
8207	0.091934
9442	0.091865
9633	0.091754
9630	0.091754
9628	0.091754
9626	0.091754
9625	0.091754
9624	0.091754
9622	0.091754
9621	0.091754
9620	0.091754
9619	0.091754
9618	0.091754
9615	0.091754
9482	0.091754
4468	0.091487
6299	0.091392
2666	0.091351
814	0.091246
9176	0.091202
8809	0.091202
7258	0.091159
4148	0.091153
2411	0.091116
4175	0.090989
5272	0.090700
13234	0.090674
12138	0.090583
12137	0.090583
12068	0.090583
11864	0.090583
4088	0.090548
1231	0.090529
2964	0.090483
9465	0.090442
498	0.090155
5461	0.090099
4281	0.089961
7915	0.089939
14283	0.089842
13815	0.089803
5038	0.089743
6322	0.089720
2111	0.089672
8928	0.089665
3604	0.089603
4176	0.089501
830	0.089497
4241	0.089488
2708	0.089487
6217	0.089428
3906	0.089402
4169	0.089399
8671	0.089348
14263	0.089345
14002	0.089345
14001	0.089345
14000	0.089345
13998	0.089345
13996	0.089345
6666	0.089345
5064	0.089345
4854	0.089345
4852	0.089345
12276	0.089345
9235	0.089324
9230	0.089324
9228	0.089324
9225	0.089324
9224	0.089324
9221	0.089324
9219	0.089324
9214	0.089324
9213	0.089324
9211	0.089324
9209	0.089324
9208	0.089324
9206	0.089324
9193	0.089324
8807	0.089324
8679	0.089324
8677	0.089324
8675	0.089324
8674	0.089324
8673	0.089324
8670	0.089324
8637	0.089324
8633	0.089324
8631	0.089324
8610	0.089324
8591	0.089324
8539	0.089324
8538	0.089324
8537	0.089324
8536	0.089324
8529	0.089324
8526	0.089324
8525	0.089324
8632	0.089324
6443	0.089315
7686	0.089233
9215	0.089217
5451	0.089112
4824	0.089059
4130	0.088785
3974	0.088672
6967	0.088450
6689	0.088450
5592	0.088448
3749	0.088262
2950	0.088219
4958	0.088187
11976	0.088126
3948	0.087963
5062	0.087892
1119	0.087870
8530	0.087861
3144	0.087779
5299	0.087776
3940	0.087577
4236	0.087379
11849	0.087257
3209	0.087241
1457	0.087229
4245	0.087225
7883	0.087205
4249	0.087205
4247	0.087205
4246	0.087205
4242	0.087205
4248	0.087204
4244	0.087197
1297	0.087161
5598	0.087135
6191	0.087068
1030	0.087003
5523	0.086992
221	0.086981
745	0.086973
10838	0.086964
10839	0.086958
1120	0.086940
4850	0.086911
2844	0.086876
1118	0.086868
2821	0.086858
2542	0.086846
4491	0.086776
6267	0.086766
6302	0.086766
13242	0.086738
13241	0.086738
5595	0.086738
5594	0.086738
2306	0.086721
13239	0.086698
13247	0.086685
1293	0.086681
9385	0.086680
9613	0.086616
877	0.086616
14290	0.086601
2752	0.086444
4873	0.086400
1309	0.086389
13557	0.086277
13556	0.086277
9578	0.086078
5067	0.086044
3443	0.085926
3747	0.085892
5591	0.085832
11737	0.085806
1979	0.085805
2426	0.085767
239	0.085636
9606	0.085621
11212	0.085596
3654	0.085482
1148	0.085444
6089	0.085399
1434	0.085355
2018	0.085254
6091	0.085214
6090	0.085214
4251	0.085047
13997	0.084995
9200	0.084884
9612	0.084830
4112	0.084759
1809	0.084701
1903	0.084635
13680	0.084628
13694	0.084565
3320	0.084528
2055	0.084473
781	0.084418
5590	0.084388
7420	0.084370
1640	0.084365
11925	0.084295
2272	0.084237
13319	0.084229
4483	0.084182
6908	0.084181
13689	0.084159
13489	0.084159
8661	0.084157
2881	0.084131
3981	0.084101
10549	0.083986
1904	0.083822
6725	0.083777
6378	0.083715
11964	0.083677
5346	0.083545
2276	0.083527
4113	0.083526
1598	0.083486
4160	0.083471
1109	0.083352
1346	0.083326
1812	0.083324
1811	0.083324
13321	0.083230
9829	0.083184
3084	0.083152
8636	0.083085
3311	0.083083
882	0.082969
2363	0.082964
5697	0.082950
4312	0.082916
6305	0.082835
13688	0.082832
5301	0.082771
9188	0.082764
13030	0.082754
3666	0.082634
354	0.082622
3314	0.082581
1	0.082308
4361	0.082281
5588	0.082243
13687	0.082232
11147	0.082223
251	0.082213
5300	0.082153
14406	0.082140
14405	0.082140
7880	0.082104
7642	0.082052
9220	0.082006
4262	0.081666
12357	0.081644
11784	0.081633
5908	0.081608
751	0.081543
2188	0.081329
12871	0.081275
10232	0.081247
633	0.081112
930	0.081080
2073	0.081050
1304	0.080951
4693	0.080831
7999	0.080830
2784	0.080630
2593	0.080622
11681	0.080516
5779	0.080498
2113	0.080458
12275	0.080439
243	0.080411
9741	0.080352
3310	0.080352
4624	0.080344
14085	0.080301
1238	0.080201
13462	0.080191
2518	0.080092
613	0.080084
1836	0.080043
12010	0.080018
10110	0.080015
13448	0.079998
10800	0.079964
9609	0.079927
9580	0.079927
730	0.079908
5541	0.079839
5778	0.079824
13926	0.079797
6179	0.079772
3786	0.079745
3934	0.079676
3870	0.079627
10227	0.079415
12219	0.079408
5777	0.079391
12285	0.079370
7182	0.079358
11798	0.079328
679	0.079319
3000	0.079315
12273	0.079262
9199	0.079199
13767	0.079166
7092	0.079090
5282	0.079090
5281	0.079090
4641	0.079080
5280	0.079064
12259	0.079016
7917	0.079004
2102	0.078945
4243	0.078933
6616	0.078920
5279	0.078894
14276	0.078781
13428	0.078781
6016	0.078639
3423	0.078610
8293	0.078510
13651	0.078490
3142	0.078478
4834	0.078361
5909	0.078323
4737	0.078016
9210	0.077966
5245	0.077914
5243	0.077831
3751	0.077820
3750	0.077820
7398	0.077695
713	0.077663
4758	0.077607
2748	0.077534
4142	0.077515
5182	0.077478
4855	0.077304
10542	0.077233
7958	0.077164
6866	0.077156
5734	0.077086
4849	0.077047
2521	0.077039
7824	0.076952
4118	0.076945
169	0.076835
5289	0.076727
12296	0.076708
6244	0.076708
9729	0.076694
7090	0.076679
9062	0.076671
4559	0.076623
6618	0.076620
7584	0.076553
3778	0.076548
6707	0.076513
6598	0.076407
12721	0.076383
13621	0.076361
92	0.076248
9912	0.076217
9911	0.076217
8773	0.076152
6621	0.076152
1800	0.076123
5304	0.076094
782	0.076087
3336	0.076060
5257	0.076010
4541	0.075972
9361	0.075958
1760	0.075903
3288	0.075800
2602	0.075765
1689	0.075677
8910	0.075656
2423	0.075601
9503	0.075596
9735	0.075595
4239	0.075544
5197	0.075293
7560	0.075279
129	0.075159
8171	0.075158
10534	0.075136
12077	0.075102
6461	0.075102
3711	0.075102
13326	0.075029
295	0.075012
848	0.075011
9539	0.074956
13235	0.074953
2080	0.074930
2510	0.074889
6851	0.074817
5342	0.074810
5306	0.074810
11226	0.074765
5914	0.074735
6576	0.074708
9195	0.074653
4581	0.074570
6078	0.074480
6603	0.074470
2863	0.074432
13918	0.074374
825	0.074353
7556	0.074280
6434	0.074280
5918	0.074248
3739	0.074214
456	0.074206
2509	0.074192
1090	0.074065
1755	0.074044
9338	0.074029
2062	0.073995
12868	0.073944
9242	0.073944
9241	0.073944
9240	0.073944
6696	0.073944
12442	0.073929
2908	0.073889
4447	0.073864
9488	0.073804
2037	0.073796
8565	0.073785
7856	0.073773
73	0.073740
599	0.073723
2612	0.073711
6605	0.073489
11988	0.073453
9455	0.073428
2941	0.073371
4836	0.073340
8609	0.073303
4883	0.073293
11996	0.073248
5737	0.073225
7830	0.073224
13928	0.073199
3093	0.073162
948	0.073144
385	0.073136
1837	0.073087
2185	0.073055
13519	0.073040
10233	0.073020
3420	0.072972
13659	0.072967
13658	0.072967
5476	0.072904
11680	0.072885
3745	0.072876
3667	0.072863
12053	0.072841
5063	0.072781
6671	0.072769
11703	0.072756
9222	0.072710
767	0.072700
3128	0.072683
3121	0.072683
3048	0.072683
2624	0.072683
2303	0.072680
2605	0.072548
6307	0.072540
2042	0.072426
12333	0.072253
4032	0.072157
4659	0.072139
494	0.072128
11566	0.072124
9506	0.072091
2382	0.072050
7089	0.071976
231	0.071946
2014	0.071877
12201	0.071860
1022	0.071840
6472	0.071800
6117	0.071720
9302	0.071714
11756	0.071696
6888	0.071696
1287	0.071669
2455	0.071651
11799	0.071611
2870	0.071604
