11989	0.120653
876	0.120407
249	0.118880
2107	0.117856
2097	0.117842
2600	0.113113
250	0.111536
2109	0.111041
2105	0.106207
5347	0.102721
7774	0.102529
5641	0.102529
5642	0.102520
13265	0.099763
11658	0.099679
881	0.099439
2110	0.099174
11921	0.098408
253	0.098329
254	0.097010
2588	0.096053
498	0.095817
8773	0.093945
6621	0.093945
6618	0.093933
2899	0.093647
1273	0.092606
823	0.091884
3200	0.091811
5745	0.091515
13394	0.090839
549	0.090388
12213	0.090334
3778	0.088425
559	0.088293
10802	0.088210
6102	0.088182
3201	0.087752
2821	0.086666
1030	0.086350
6255	0.085861
6393	0.085524
9775	0.085254
4865	0.085193
880	0.085087
6992	0.085022
134	0.084806
12027	0.084652
1952	0.084611
1040	0.083902
8928	0.083834
2891	0.083815
11987	0.083621
11891	0.083482
1833	0.082359
960	0.082311
2952	0.081987
11909	0.081781
3636	0.081595
1102	0.081589
12025	0.081532
2893	0.081532
12028	0.081520
1132	0.080933
3561	0.080913
7856	0.080896
2828	0.080534
12367	0.080369
352	0.080241
2172	0.079908
2197	0.079576
1111	0.079455
633	0.079268
2896	0.079256
2052	0.079229
7556	0.079138
6434	0.079138
911	0.079070
2523	0.079057
8329	0.078951
251	0.078550
10678	0.078485
13174	0.078476
5695	0.078375
3381	0.078256
1835	0.078242
1044	0.078089
2118	0.077971
6838	0.077756
2191	0.077576
8885	0.077548
13448	0.077401
51	0.077297
247	0.077295
8207	0.077262
9769	0.077077
9678	0.076913
7109	0.076900
12785	0.076873
6374	0.076833
777	0.076790
2182	0.076738
2116	0.076734
10226	0.076731
4128	0.076718
877	0.076695
10694	0.076560
4596	0.076428
6166	0.076283
5471	0.076283
7207	0.076282
2446	0.076226
2944	0.076211
9957	0.075859
3258	0.075682
5117	0.075627
7526	0.075577
3380	0.075556
545	0.075555
8864	0.075513
8863	0.075513
8583	0.075513
8124	0.075513
7904	0.075513
7903	0.075513
7902	0.075513
7901	0.075513
7900	0.075513
7899	0.075513
7897	0.075513
7896	0.075513
7895	0.075513
1419	0.075337
11548	0.075316
221	0.075301
7295	0.075252
3359	0.075015
560	0.074746
12784	0.074676
2709	0.074591
4977	0.074552
13449	0.074524
9881	0.074476
1119	0.074444
1120	0.074347
1432	0.074219
7131	0.074065
13247	0.074062
3398	0.073752
5049	0.073694
4983	0.073639
5546	0.073414
4976	0.073389
12835	0.073346
10748	0.073295
9834	0.073295
4416	0.073275
2203	0.072990
2458	0.072884
10606	0.072842
6967	0.072837
6689	0.072837
12071	0.072724
175	0.072724
2204	0.072469
781	0.072209
8910	0.072195
12141	0.072164
874	0.072123
2199	0.072062
6267	0.071997
6302	0.071997
6191	0.071989
1426	0.071957
1109	0.071489
11977	0.071338
3536	0.071314
2207	0.071251
2311	0.071251
997	0.071245
2111	0.071146
4873	0.071114
4595	0.070964
2736	0.070942
351	0.070931
716	0.070871
13374	0.070789
13373	0.070789
2195	0.070784
861	0.070592
469	0.070581
7913	0.070498
5968	0.070498
470	0.070498
2708	0.070277
12900	0.070193
14162	0.070115
1235	0.070049
5967	0.069843
1964	0.069830
35	0.069722
1006	0.069638
555	0.069614
2892	0.069613
5470	0.069574
2473	0.069465
10491	0.069318
11737	0.068854
1510	0.068832
5183	0.068776
9797	0.068726
12873	0.068701
12310	0.068685
12263	0.068566
4682	0.068566
9623	0.068447
4558	0.068350
5769	0.068273
2119	0.067998
7468	0.067934
2967	0.067934
11988	0.067782
2113	0.067732
5500	0.067673
578	0.067592
9727	0.067576
6472	0.067551
5299	0.067413
9561	0.067406
2965	0.067285
1420	0.067193
2845	0.067031
10127	0.066793
2114	0.066786
8779	0.066779
8778	0.066756
558	0.066612
12799	0.066597
2635	0.066579
12281	0.066561
6619	0.066561
12893	0.066557
2202	0.066549
5219	0.066545
4848	0.066539
56	0.066502
11930	0.066398
2192	0.066396
2894	0.066341
2145	0.066317
12922	0.066268
11678	0.066220
12913	0.066184
11625	0.065780
13955	0.065554
8312	0.065551
713	0.065511
331	0.065321
7659	0.065248
3259	0.065214
7732	0.065156
11260	0.065143
10157	0.065143
12153	0.065043
4702	0.065043
11259	0.064966
2117	0.064928
1228	0.064889
11189	0.064879
7090	0.064813
11188	0.064775
11187	0.064775
6317	0.064771
4094	0.064724
1232	0.064723
1229	0.064723
2259	0.064627
5182	0.064558
12183	0.064516
7306	0.064456
6378	0.064440
10295	0.064326
4537	0.064285
4175	0.064227
9686	0.064108
2102	0.063945
6217	0.063754
2136	0.063708
12276	0.063637
14263	0.063637
14002	0.063637
14001	0.063637
14000	0.063637
13998	0.063637
13996	0.063637
6666	0.063637
5064	0.063637
4854	0.063637
4852	0.063637
171	0.063626
4176	0.063571
3515	0.063566
5635	0.063553
2181	0.063547
11012	0.063478
11019	0.063456
9958	0.063310
12906	0.063304
2840	0.063284
13060	0.063240
13055	0.063240
13048	0.063240
13014	0.063240
13009	0.063240
12892	0.063240
8379	0.063240
8090	0.063200
2847	0.063200
2843	0.063200
2839	0.063200
5305	0.063178
1800	0.063130
2895	0.063020
227	0.062900
5235	0.062878
465	0.062789
9849	0.062696
12220	0.062670
11903	0.062642
11258	0.062609
2274	0.062541
12905	0.062473
2889	0.062341
5885	0.062334
2267	0.062321
5910	0.062251
4778	0.062225
4118	0.062196
2783	0.062195
1118	0.062161
7395	0.062113
1307	0.062069
6007	0.062027
10701	0.061992
10475	0.061931
9393	0.061911
10556	0.061896
4787	0.061851
6305	0.061847
1836	0.061771
13030	0.061732
9886	0.061658
11346	0.061649
2080	0.061629
11858	0.061587
5877	0.061497
12525	0.061483
10697	0.061463
13673	0.061437
13672	0.061437
13671	0.061437
10696	0.061416
11140	0.061391
3203	0.061308
592	0.061280
12026	0.061280
13439	0.061251
126	0.061227
10838	0.061225
9439	0.061215
13634	0.061167
2185	0.061166
13535	0.061160
10839	0.061147
139	0.061123
2206	0.061117
11914	0.061097
12219	0.061035
2598	0.061027
10698	0.061008
13945	0.060970
2208	0.060924
1236	0.060924
9462	0.060917
4850	0.060906
4262	0.060815
10186	0.060730
10305	0.060672
5912	0.060656
86	0.060627
11679	0.060626
7261	0.060505
10456	0.060472
11806	0.060425
13680	0.060343
9341	0.060305
1812	0.060298
1811	0.060298
1809	0.060284
11779	0.060270
5536	0.060270
582	0.060265
103	0.060233
2981	0.060230
2898	0.060202
3438	0.060170
10482	0.060066
13689	0.060049
13489	0.060049
13319	0.059998
10376	0.059979
6482	0.059929
10557	0.059871
79	0.059805
5178	0.059679
14250	0.059674
10558	0.059674
10555	0.059674
6968	0.059674
14283	0.059665
2104	0.059637
8042	0.059622
5697	0.059604
11469	0.059602
730	0.059588
619	0.059583
268	0.059559
9385	0.059550
13815	0.059531
5268	0.059518
2594	0.059427
4542	0.059249
2595	0.059241
11434	0.059230
2112	0.059214
2612	0.059174
9121	0.059169
9112	0.059169
487	0.059168
11353	0.059127
10715	0.059127
10500	0.059124
888	0.059067
11966	0.059062
12188	0.059025
999	0.059018
10622	0.059017
2120	0.058922
581	0.058914
2108	0.058910
12441	0.058890
2210	0.058883
13557	0.058788
13556	0.058788
4808	0.058772
12414	0.058728
12440	0.058658
5346	0.058655
11211	0.058647
12311	0.058547
13095	0.058533
6969	0.058533
11556	0.058527
6250	0.058518
14239	0.058513
2150	0.058511
12431	0.058492
10032	0.058469
12077	0.058356
6461	0.058356
3711	0.058356
13222	0.058337
9567	0.058296
13235	0.058276
12716	0.058239
4665	0.058186
782	0.058168
2751	0.058153
6291	0.058131
7962	0.058122
10657	0.058079
3341	0.058078
9400	0.058003
5649	0.057956
4666	0.057901
4053	0.057796
7379	0.057738
2188	0.057729
2453	0.057573
13162	0.057458
10123	0.057458
10658	0.057378
2575	0.057343
13707	0.057307
3960	0.057297
3956	0.057297
5451	0.057271
2809	0.057222
9870	0.057112
12136	0.057105
930	0.057099
4709	0.057065
2962	0.057047
12434	0.057004
12390	0.057004
10889	0.056998
533	0.056992
13706	0.056961
13738	0.056941
13731	0.056941
13462	0.056910
4756	0.056831
565	0.056795
10511	0.056784
11415	0.056762
9999	0.056760
2778	0.056756
9357	0.056686
6198	0.056659
2881	0.056650
13148	0.056648
13147	0.056648
7892	0.056648
6298	0.056648
6297	0.056648
9840	0.056643
12010	0.056623
12391	0.056621
2318	0.056490
164	0.056457
12912	0.056419
6036	0.056307
9198	0.056281
10982	0.056275
10523	0.056225
9995	0.056203
13121	0.056199
4789	0.056199
4788	0.056199
10389	0.056196
2143	0.056192
10264	0.056186
13135	0.056179
5095	0.056147
2263	0.056141
354	0.056077
9646	0.056073
11715	0.056072
11601	0.056067
12462	0.056054
10685	0.056054
2621	0.056023
3483	0.056021
13926	0.056016
11226	0.056003
2945	0.055934
11902	0.055915
3336	0.055890
3957	0.055878
13997	0.055865
14249	0.055858
6694	0.055846
8230	0.055833
3484	0.055719
9424	0.055689
12215	0.055683
2155	0.055640
13918	0.055594
12670	0.055568
6826	0.055553
12457	0.055540
12456	0.055540
12450	0.055540
12443	0.055540
9798	0.055540
9998	0.055539
11147	0.055506
3285	0.055470
13358	0.055366
14203	0.055335
13907	0.055335
13906	0.055335
13407	0.055335
11171	0.055335
8372	0.055335
7978	0.055335
3942	0.055335
12042	0.055331
3481	0.055331
11709	0.055273
6206	0.055273
9120	0.055260
3984	0.055182
2442	0.055161
10227	0.055134
3596	0.055122
4830	0.055112
4829	0.055112
3284	0.055054
12573	0.055051
10321	0.054996
11127	0.054987
882	0.054915
10377	0.054864
4140	0.054838
9610	0.054835
10378	0.054793
10518	0.054783
9436	0.054745
12109	0.054734
5948	0.054734
10559	0.054702
12011	0.054700
12324	0.054689
2714	0.054687
7453	0.054679
6278	0.054674
7676	0.054643
5631	0.054607
586	0.054602
5779	0.054600
2576	0.054547
10723	0.054518
10333	0.054483
12925	0.054465
10232	0.054451
4343	0.054450
6076	0.054438
4560	0.054427
2190	0.054400
2132	0.054381
5413	0.054338
12252	0.054318
9386	0.054294
7771	0.054294
7384	0.054294
7383	0.054294
7210	0.054294
7191	0.054294
7021	0.054294
1852	0.054293
180	0.054292
2968	0.054291
11913	0.054280
1838	0.054251
10358	0.054242
9464	0.054168
8517	0.054168
8516	0.054168
4139	0.054168
4138	0.054168
5748	0.054163
8922	0.054146
4136	0.054109
10542	0.054106
9569	0.054105
9421	0.054105
1919	0.054095
13253	0.054082
9566	0.054082
6303	0.054077
3206	0.054067
2096	0.054010
6251	0.053948
6249	0.053948
5778	0.053938
531	0.053928
14266	0.053905
8531	0.053891
977	0.053874
13321	0.053813
7183	0.053810
5118	0.053794
5038	0.053781
2124	0.053729
11722	0.053718
6737	0.053681
107	0.053664
4121	0.053658
8293	0.053613
683	0.053603
8028	0.053550
6138	0.053500
388	0.053476
2532	0.053439
74	0.053433
9578	0.053390
4231	0.053289
11475	0.053246
2958	0.053243
8234	0.053175
11840	0.053066
12800	0.053012
9606	0.052953
5777	0.052904
11212	0.052868
2820	0.052865
316	0.052846
9909	0.052832
1951	0.052795
5488	0.052705
4615	0.052699
1758	0.052678
5608	0.052626
2278	0.052591
3505	0.052554
11739	0.052550
14085	0.052542
4131	0.052512
1777	0.052494
12955	0.052488
6649	0.052485
6647	0.052485
6646	0.052485
5610	0.052485
12435	0.052480
936	0.052464
3642	0.052445
12274	0.052411
8236	0.052411
8235	0.052411
6980	0.052411
6953	0.052411
298	0.052411
579	0.052378
1889	0.052368
5650	0.052318
9307	0.052245
13131	0.052226
1234	0.052167
2168	0.052133
2162	0.052086
4838	0.052027
2200	0.052001
11233	0.051979
9381	0.051979
6648	0.051962
12954	0.051944
13633	0.051922
12338	0.051894
11817	0.051834
6990	0.051834
4511	0.051779
13490	0.051713
13632	0.051713
13631	0.051713
9960	0.051702
3506	0.051685
7581	0.051656
11190	0.051634
11696	0.051618
6207	0.051618
313	0.051592
10809	0.051585
7580	0.051585
8471	0.051570
13767	0.051564
11321	0.051530
6920	0.051524
7381	0.051524
353	0.051508
13111	0.051507
13109	0.051507
9959	0.051507
645	0.051500
1521	0.051481
1897	0.051479
10125	0.051473
9531	0.051446
5958	0.051431
12125	0.051423
13155	0.051418
1673	0.051399
4849	0.051363
2165	0.051354
10356	0.051353
9969	0.051259
10819	0.051188
391	0.051147
3383	0.051120
1905	0.051053
11350	0.051047
5221	0.051047
13110	0.051028
13264	0.051022
4878	0.051003
13928	0.050977
3967	0.050937
1237	0.050881
1112	0.050856
3638	0.050849
184	0.050847
1734	0.050830
10534	0.050730
7414	0.050717
11852	0.050711
13332	0.050701
2040	0.050695
4230	0.050695
2313	0.050664
12345	0.050663
12344	0.050663
8095	0.050663
9484	0.050616
9483	0.050616
10330	0.050607
11121	0.050579
2310	0.050566
12102	0.050548
11818	0.050522
4855	0.050518
5459	0.050466
1837	0.050432
4233	0.050419
761	0.050395
10554	0.050383
6096	0.050369
7089	0.050369
2314	0.050323
2312	0.050323
7558	0.050319
7557	0.050319
2424	0.050279
9069	0.050245
9068	0.050245
9067	0.050245
10683	0.050242
7930	0.050241
3332	0.050213
4538	0.050165
2316	0.050144
10007	0.050133
9492	0.050119
10682	0.050082
1953	0.050064
1954	0.050064
9425	0.050034
4122	0.050029
6055	0.050020
591	0.050010
10040	0.049998
12138	0.049958
12137	0.049958
12068	0.049958
11864	0.049958
4126	0.049913
599	0.049902
10098	0.049900
7993	0.049895
12572	0.049861
13026	0.049858
7315	0.049813
9288	0.049785
13158	0.049780
405	0.049719
5486	0.049700
12273	0.049698
2128	0.049684
10841	0.049675
745	0.049654
3903	0.049643
679	0.049553
6616	0.049537
3268	0.049466
7977	0.049389
7958	0.049278
3171	0.049278
4809	0.049273
6295	0.049272
3613	0.049271
11638	0.049243
3358	0.049236
3786	0.049236
4241	0.049219
6299	0.049211
589	0.049138
2380	0.049102
3863	0.049087
4301	0.049070
11626	0.049056
9687	0.049053
1726	0.049043
7881	0.049042
10097	0.049041
10187	0.049020
9099	0.049000
7973	0.048994
6294	0.048993
6677	0.048964
1127	0.048949
4463	0.048935
957	0.048922
954	0.048922
12048	0.048897
10548	0.048728
6636	0.048703
10776	0.048677
2438	0.048639
11111	0.048627
6149	0.048625
1291	0.048611
11562	0.048593
13076	0.048582
3568	0.048578
13536	0.048551
11906	0.048539
4342	0.048526
9361	0.048524
11289	0.048510
4664	0.048494
12636	0.048481
7182	0.048468
6592	0.048457
13645	0.048439
12250	0.048439
484	0.048414
13322	0.048409
5142	0.048356
12723	0.048346
6104	0.048345
6103	0.048345
14415	0.048324
9277	0.048324
678	0.048321
6695	0.048308
2577	0.048306
9706	0.048289
333	0.048252
11713	0.048224
6740	0.048224
11142	0.048190
1756	0.048173
4240	0.048129
9609	0.048128
9580	0.048128
12205	0.048127
5854	0.048089
9928	0.048078
3710	0.048060
883	0.048050
1133	0.048041
2665	0.048029
2201	0.048028
9375	0.048005
11813	0.047998
2973	0.047981
3496	0.047927
1094	0.047925
13324	0.047907
7167	0.047902
11894	0.047902
2747	0.047902
11545	0.047852
5348	0.047847
11887	0.047833
814	0.047825
1238	0.047823
2445	0.047822
277	0.047808
5790	0.047771
4466	0.047750
10233	0.047717
2277	0.047702
971	0.047680
14303	0.047644
14302	0.047644
14301	0.047644
14300	0.047644
14299	0.047644
1308	0.047639
14427	0.047599
2227	0.047551
8168	0.047529
6883	0.047513
875	0.047500
3623	0.047481
13061	0.047450
8171	0.047422
2666	0.047417
3373	0.047413
3841	0.047397
1187	0.047348
12532	0.047317
9593	0.047312
9316	0.047301
14248	0.047295
8047	0.047295
14407	0.047290
7101	0.047270
11065	0.047270
2841	0.047253
3342	0.047213
12530	0.047209
1997	0.047196
12182	0.047195
4464	0.047195
3973	0.047188
7830	0.047182
10037	0.047137
7245	0.047127
