2105	0.252288
2110	0.227429
2107	0.217422
5347	0.217059
5642	0.216665
7774	0.216663
5641	0.216663
1109	0.211237
2128	0.201557
1836	0.199591
2111	0.197589
877	0.197488
2108	0.193709
2113	0.190519
2097	0.189215
2109	0.189094
498	0.187853
713	0.185673
13265	0.183808
11658	0.183728
11989	0.180836
3778	0.180578
876	0.180214
221	0.179569
295	0.177531
2600	0.177276
1119	0.175681
1120	0.175284
13247	0.174240
2102	0.172320
13394	0.171324
11914	0.170694
13707	0.170293
13706	0.169931
13738	0.169919
13731	0.169919
3636	0.165078
5268	0.164858
2104	0.164384
6618	0.164185
8773	0.163897
6621	0.163897
6472	0.161970
9623	0.161431
2124	0.160670
2112	0.159792
4865	0.156992
6393	0.156044
1118	0.154967
9462	0.153585
6838	0.152149
11858	0.151889
9439	0.151543
5745	0.151237
7526	0.150751
8864	0.150641
8863	0.150641
8583	0.150641
8124	0.150641
7904	0.150641
7903	0.150641
7902	0.150641
7901	0.150641
7900	0.150641
7899	0.150641
7897	0.150641
7896	0.150641
7895	0.150641
9775	0.150239
5546	0.149596
2523	0.148542
1001	0.147150
13621	0.146367
1132	0.145944
4538	0.145910
12721	0.145843
2828	0.144923
1044	0.144720
633	0.142082
1111	0.138372
879	0.136889
716	0.136694
4542	0.134393
2820	0.134061
2103	0.133882
2958	0.132799
2954	0.132425
1673	0.132403
2955	0.131049
2953	0.131049
7295	0.130465
2965	0.130102
7468	0.129962
2967	0.129962
2952	0.129832
352	0.127441
13448	0.127423
7453	0.127295
7676	0.126856
4106	0.126677
8352	0.126367
8351	0.126367
2957	0.126367
2956	0.126367
7872	0.126360
2981	0.126083
997	0.125873
2968	0.125719
13850	0.125650
7261	0.125342
2092	0.124928
6896	0.124857
8910	0.124600
5183	0.124343
4105	0.124285
6895	0.123531
6255	0.122132
13156	0.121707
10176	0.121707
10087	0.121707
10086	0.121707
10085	0.121117
9413	0.120924
12909	0.120917
2902	0.120822
10191	0.120732
8531	0.120367
2052	0.120206
2117	0.119815
6482	0.118781
1419	0.118107
211	0.117549
792	0.116902
51	0.116871
6102	0.116170
1837	0.115253
2106	0.114905
2118	0.114645
11679	0.114499
5433	0.113425
3837	0.112854
2119	0.112591
683	0.112471
6532	0.112380
8625	0.112146
2182	0.112144
8604	0.111969
823	0.111885
9024	0.110784
9023	0.110784
9022	0.110784
8949	0.110784
6149	0.110432
3741	0.110385
2116	0.109913
881	0.109192
8779	0.108885
8778	0.108760
1030	0.108712
2532	0.108650
8676	0.108631
2188	0.108466
2708	0.108084
9177	0.107748
9198	0.107295
786	0.107045
2542	0.106919
9218	0.106904
2121	0.106409
3681	0.105056
1420	0.104803
5346	0.104701
8892	0.104577
2114	0.104403
6623	0.104300
6501	0.104159
351	0.104093
14342	0.103800
12010	0.103530
7880	0.103510
414	0.103245
8615	0.102933
9226	0.102454
9217	0.102454
8534	0.102454
7827	0.102404
316	0.102058
353	0.101998
861	0.101771
469	0.101764
7913	0.101711
5968	0.101711
470	0.101711
9503	0.101699
6295	0.101469
5967	0.101266
1231	0.101263
5510	0.100851
4485	0.100637
4774	0.100554
6806	0.100493
2522	0.100464
888	0.100162
9121	0.100079
9112	0.100079
9633	0.100062
9630	0.100062
9628	0.100062
9626	0.100062
9625	0.100062
9624	0.100062
9622	0.100062
9621	0.100062
9620	0.100062
9619	0.100062
9618	0.100062
9615	0.100062
9482	0.100062
13449	0.100022
14407	0.099824
129	0.099442
6117	0.099422
35	0.099407
4416	0.099305
9152	0.099084
7131	0.098976
11930	0.098935
2192	0.098930
9702	0.098860
7767	0.098828
7752	0.098613
589	0.098432
8709	0.098402
11988	0.098381
9610	0.098262
9199	0.097961
6587	0.097902
7089	0.097857
5296	0.097850
7288	0.097721
12873	0.097551
2093	0.096726
3604	0.096621
12252	0.096543
586	0.096509
13456	0.096469
13342	0.096469
9613	0.096462
6656	0.096150
9135	0.095992
3934	0.095974
977	0.095952
14415	0.095815
9277	0.095815
268	0.095772
9578	0.095700
2064	0.095697
10110	0.095697
10800	0.095647
7420	0.095645
307	0.095637
9612	0.095511
11733	0.095368
1228	0.095209
3973	0.095081
4667	0.095049
12030	0.095037
9531	0.094926
7659	0.094694
8712	0.094531
8303	0.094531
8302	0.094531
7362	0.094531
6359	0.094531
6202	0.094445
12201	0.094291
1232	0.094252
1229	0.094252
882	0.094134
8813	0.094050
404	0.094016
8845	0.093591
9062	0.093341
4671	0.093274
4669	0.093274
2990	0.093243
630	0.093094
2962	0.093093
4670	0.092929
9606	0.092911
7715	0.092797
7195	0.092764
7193	0.092764
11212	0.092563
2845	0.092442
10553	0.092427
6081	0.092409
6725	0.092344
8711	0.092318
8732	0.092266
7772	0.092178
8710	0.092162
3093	0.092150
2267	0.091914
758	0.091798
9231	0.091638
8634	0.091620
11999	0.091598
9347	0.091596
4304	0.091592
4302	0.091592
11607	0.091576
1121	0.091465
4383	0.091244
13698	0.091174
13544	0.091174
11902	0.091151
6557	0.091120
793	0.091103
13442	0.090928
5219	0.090886
38	0.090869
370	0.090803
9794	0.090721
10582	0.090711
12670	0.090671
1117	0.090322
6889	0.090312
3389	0.090153
9869	0.090143
875	0.090082
2190	0.089913
4148	0.089634
13603	0.089619
13238	0.089619
9553	0.089619
2959	0.089619
12103	0.089619
11646	0.089619
8464	0.089461
487	0.089447
13541	0.089430
8661	0.089382
10664	0.089374
9711	0.089319
9708	0.089319
9707	0.089319
9705	0.089319
9703	0.089319
9480	0.089258
8533	0.089258
9699	0.089222
2821	0.089181
2917	0.089070
4977	0.088593
12348	0.088571
4231	0.088539
1952	0.088510
8090	0.088466
2847	0.088466
2843	0.088466
2839	0.088466
2960	0.088390
2840	0.088379
6278	0.088303
2996	0.088023
11737	0.087836
3677	0.087549
3841	0.087516
331	0.087455
3283	0.087358
4537	0.087339
225	0.087336
578	0.087307
14266	0.087245
8792	0.087167
9232	0.087151
3930	0.087133
3507	0.086904
4976	0.086844
4778	0.086824
9415	0.086729
8851	0.086729
8850	0.086729
1458	0.086720
13334	0.086645
11715	0.086402
11678	0.086327
4294	0.086170
9201	0.085872
4761	0.085816
8584	0.085354
11987	0.085193
4668	0.085179
4111	0.085070
7379	0.084993
5746	0.084923
426	0.084895
9957	0.084829
5500	0.084796
1265	0.084777
7553	0.084767
9414	0.084600
1756	0.084344
981	0.084222
6971	0.083971
6967	0.083962
6689	0.083962
7606	0.083829
4672	0.083618
8312	0.083520
4301	0.083367
14416	0.083344
6064	0.083169
9787	0.083118
9786	0.083118
9785	0.083118
9784	0.083118
9783	0.083118
9782	0.083118
9781	0.083118
9778	0.083118
9280	0.083118
8585	0.083118
8567	0.083118
8553	0.083118
9460	0.083101
6065	0.083057
2193	0.083048
1400	0.083010
6465	0.082997
9436	0.082933
1254	0.082639
2709	0.082540
6191	0.082524
6267	0.082451
6302	0.082451
13050	0.082428
12063	0.081950
235	0.081666
1933	0.081635
4116	0.081565
9913	0.081493
9307	0.081480
2	0.081451
354	0.081446
8451	0.081438
9780	0.081414
781	0.081189
1040	0.081148
9609	0.081116
9580	0.081116
11806	0.081070
121	0.081024
2172	0.080985
3539	0.080799
2892	0.080624
1097	0.080377
9207	0.080357
9205	0.080357
8528	0.080357
874	0.080335
7560	0.080328
3705	0.080243
14162	0.079988
699	0.079915
4520	0.079706
1840	0.079644
2521	0.079617
9145	0.079541
12069	0.079416
4595	0.079365
2014	0.079291
114	0.079213
6742	0.079130
9204	0.079002
8592	0.079002
488	0.078961
2283	0.078954
8329	0.078895
9709	0.078775
1133	0.078748
4175	0.078650
9393	0.078531
1114	0.078173
5354	0.078171
2621	0.078157
6697	0.078078
6913	0.078017
3002	0.077985
4596	0.077918
9248	0.077820
304	0.077807
1135	0.077739
10549	0.077567
5123	0.077562
222	0.077470
2881	0.077354
4176	0.077344
9788	0.077303
1656	0.077231
13533	0.077227
13532	0.077227
13531	0.077227
1235	0.077223
6217	0.077175
12276	0.077052
14263	0.077052
14002	0.077052
14001	0.077052
14000	0.077052
13998	0.077052
13996	0.077052
6666	0.077052
5064	0.077052
4854	0.077052
4852	0.077052
492	0.076988
13326	0.076981
9269	0.076862
524	0.076758
5059	0.076712
8180	0.076561
2170	0.076538
1835	0.076514
2280	0.076437
4262	0.076408
686	0.076245
3588	0.076110
2042	0.075996
13320	0.075910
13997	0.075491
8334	0.075376
9244	0.075376
9942	0.075206
9931	0.075206
9930	0.075206
9921	0.075206
9901	0.075206
9899	0.075206
9895	0.075206
9866	0.075206
9836	0.075206
9832	0.075206
9810	0.075206
9698	0.075206
9636	0.075206
9570	0.075206
9299	0.075206
5033	0.075035
6042	0.074989
6041	0.074989
6040	0.074989
6039	0.074989
3203	0.074889
13578	0.074784
13576	0.074784
13390	0.074784
2979	0.074723
8611	0.074496
12296	0.074487
6244	0.074487
9338	0.074456
224	0.074403
2964	0.074382
1905	0.074371
9797	0.073974
4922	0.073960
2115	0.073878
12310	0.073875
1113	0.073860
6038	0.073814
4144	0.073774
9710	0.073737
13665	0.073649
9200	0.073554
12915	0.073482
12914	0.073482
13994	0.073418
7931	0.073418
11226	0.073381
56	0.073329
6430	0.073215
1123	0.073215
9673	0.073016
6473	0.073006
9706	0.072879
11739	0.072843
4110	0.072843
7830	0.072796
5034	0.072787
9102	0.072503
4855	0.072452
588	0.072216
7263	0.072170
6305	0.072147
9215	0.072060
8635	0.072056
13030	0.072026
4824	0.071966
14233	0.071827
1136	0.071827
2351	0.071572
2350	0.071572
2348	0.071572
2346	0.071572
2966	0.071561
11781	0.071490
4511	0.071367
1115	0.071362
8565	0.071309
10097	0.071300
7020	0.071228
3279	0.071146
8207	0.071095
251	0.071074
7400	0.071058
314	0.071024
9484	0.071015
9483	0.071015
4935	0.070989
8335	0.070668
4850	0.070629
7954	0.070587
115	0.070587
3227	0.070578
4848	0.070555
9210	0.070231
13293	0.070135
9174	0.070093
6598	0.069922
9713	0.069917
9150	0.069901
571	0.069896
12281	0.069847
6619	0.069847
4165	0.069770
13926	0.069760
4281	0.069624
4948	0.069589
14418	0.069586
14417	0.069586
13284	0.069586
13152	0.069586
9795	0.069586
9793	0.069586
9792	0.069586
9791	0.069586
9789	0.069586
9745	0.069586
9163	0.069586
8614	0.069586
8613	0.069586
8177	0.069586
4163	0.069579
3592	0.069455
2450	0.069379
8076	0.069372
1893	0.069352
532	0.069303
2666	0.069256
5413	0.069193
730	0.069177
8468	0.069152
2978	0.069152
2977	0.069152
9237	0.069037
5788	0.068969
12050	0.068792
4053	0.068784
6378	0.068783
9611	0.068781
2347	0.068695
1823	0.068567
6576	0.068442
13928	0.068290
3320	0.068227
4305	0.068175
2286	0.068111
6616	0.068109
5302	0.068058
5514	0.067681
7182	0.067609
3536	0.067535
3448	0.067480
9512	0.067426
9385	0.067370
14358	0.067347
2181	0.067283
330	0.067281
329	0.067271
2442	0.067212
13557	0.067179
13556	0.067179
7258	0.067121
141	0.067105
1589	0.067079
1300	0.066957
11816	0.066879
5461	0.066825
5697	0.066795
13651	0.066750
130	0.066665
3506	0.066607
10661	0.066538
13321	0.066491
12141	0.066434
220	0.066365
13955	0.066358
8671	0.066347
9235	0.066331
9230	0.066331
9228	0.066331
9225	0.066331
9224	0.066331
9221	0.066331
9219	0.066331
9214	0.066331
9213	0.066331
9211	0.066331
9209	0.066331
9208	0.066331
9206	0.066331
9193	0.066331
8807	0.066331
8679	0.066331
8677	0.066331
8675	0.066331
8674	0.066331
8673	0.066331
8670	0.066331
8637	0.066331
8633	0.066331
8631	0.066331
8610	0.066331
8591	0.066331
8539	0.066331
8538	0.066331
8537	0.066331
8536	0.066331
8529	0.066331
8526	0.066331
8525	0.066331
8632	0.066331
4169	0.066329
6443	0.066311
11815	0.066293
6044	0.066267
795	0.066240
2199	0.066058
3613	0.066042
2950	0.065944
8041	0.065881
4168	0.065848
4849	0.065837
12183	0.065788
5790	0.065687
2189	0.065660
4154	0.065561
2204	0.065495
6307	0.065413
1833	0.065408
1078	0.065370
3974	0.065339
1022	0.065281
9686	0.065229
609	0.065149
12041	0.065095
1839	0.065060
7757	0.065039
4118	0.064975
6303	0.064886
4361	0.064848
311	0.064814
4486	0.064774
7686	0.064734
13687	0.064725
4306	0.064628
3940	0.064593
2424	0.064520
2195	0.064506
5862	0.064503
9631	0.064472
782	0.064459
13282	0.064404
13281	0.064393
7955	0.064378
10838	0.064365
1006	0.064304
1402	0.064178
13545	0.064151
9928	0.064075
685	0.064065
1457	0.064015
10839	0.063897
10098	0.063891
335	0.063822
334	0.063822
327	0.063822
305	0.063822
302	0.063822
613	0.063765
11903	0.063759
12077	0.063754
6461	0.063754
3711	0.063754
7958	0.063721
13235	0.063568
8530	0.063402
10226	0.063396
2980	0.063336
9361	0.063309
671	0.063286
332	0.063235
8412	0.063179
9176	0.063149
8809	0.063149
8535	0.063091
489	0.063073
3906	0.063059
10694	0.063006
12074	0.062979
7654	0.062909
7917	0.062899
306	0.062860
8503	0.062848
8928	0.062842
7655	0.062773
303	0.062760
1711	0.062750
2773	0.062738
2275	0.062734
12219	0.062639
9704	0.062621
312	0.062489
2599	0.062468
13360	0.062460
3654	0.062412
9627	0.062387
14085	0.062347
9729	0.062229
5035	0.062156
6395	0.062133
92	0.062060
5186	0.062023
155	0.062004
817	0.061902
2755	0.061760
14290	0.061708
9818	0.061701
9693	0.061701
11799	0.061656
611	0.061642
9220	0.061618
8636	0.061570
1824	0.061538
2168	0.061533
5734	0.061532
5299	0.061502
6841	0.061451
6741	0.061443
11813	0.061413
1008	0.061398
9520	0.061373
124	0.061370
6127	0.061317
4121	0.061258
13767	0.061243
6835	0.061223
2846	0.061162
9616	0.061153
2411	0.061146
2245	0.061091
3751	0.060951
3750	0.060951
2647	0.060916
5720	0.060815
310	0.060777
1751	0.060621
2046	0.060609
12039	0.060589
40	0.060587
1169	0.060556
10227	0.060487
2197	0.060465
2380	0.060445
7915	0.060431
2122	0.060385
465	0.060344
13285	0.060339
11625	0.060297
2612	0.060245
1777	0.060194
4832	0.060194
1269	0.060155
2274	0.060147
7999	0.060108
1	0.060042
7642	0.060006
4664	0.059966
6881	0.059927
2951	0.059866
648	0.059815
5747	0.059717
645	0.059600
12125	0.059458
1740	0.059436
8204	0.059434
13325	0.059370
7488	0.059369
13812	0.059351
8265	0.059351
2518	0.059330
7879	0.059269
11145	0.059232
8628	0.059212
12295	0.059120
6243	0.059120
13462	0.059093
12357	0.059090
2765	0.058975
14406	0.058948
14405	0.058948
11609	0.058930
11147	0.058854
11964	0.058767
9311	0.058763
169	0.058726
2535	0.058712
4216	0.058698
6304	0.058652
4974	0.058639
11233	0.058570
9381	0.058570
10045	0.058534
6072	0.058530
3749	0.058421
10232	0.058396
5748	0.058290
777	0.058272
12036	0.058268
8383	0.058209
5245	0.058025
4334	0.057964
3446	0.057960
5118	0.057900
2202	0.057796
3427	0.057759
2207	0.057703
2191	0.057691
13076	0.057630
4160	0.057594
1986	0.057547
3596	0.057530
5622	0.057478
1800	0.057373
9438	0.057321
6695	0.057268
1768	0.057165
3784	0.057154
4958	0.057139
5908	0.057133
8264	0.057129
13131	0.057047
6007	0.057034
9770	0.057015
239	0.057009
565	0.056989
2844	0.056953
1442	0.056919
7874	0.056896
9192	0.056881
2575	0.056813
6804	0.056793
13417	0.056791
5555	0.056776
13517	0.056771
2659	0.056717
13600	0.056710
4042	0.056658
9451	0.056655
3590	0.056602
12143	0.056599
10723	0.056535
456	0.056514
9120	0.056447
5442	0.056393
2208	0.056361
1236	0.056361
7957	0.056353
3398	0.056340
8922	0.056325
11612	0.056305
2206	0.056243
4142	0.056219
2768	0.056185
10456	0.056184
6017	0.056151
2396	0.056127
11760	0.056093
