9462	0.195421
11858	0.195375
9439	0.194892
2052	0.182829
1419	0.179793
2105	0.174842
3837	0.174622
1420	0.174146
7774	0.172631
5641	0.172631
5642	0.172625
5347	0.172503
2958	0.169180
2820	0.168507
1673	0.168317
4538	0.167767
3389	0.161035
9623	0.156506
2952	0.156079
8615	0.154888
4542	0.151893
4304	0.146413
4302	0.146413
11999	0.146403
13265	0.146395
2968	0.145812
11658	0.145771
11607	0.143117
8352	0.142440
8351	0.142440
2957	0.142440
2956	0.142440
7872	0.142438
4106	0.142388
4537	0.141375
4105	0.141324
12348	0.141220
13850	0.140906
9135	0.140584
6895	0.140498
6896	0.140048
12252	0.138426
9702	0.137959
9794	0.137005
14407	0.136700
2902	0.135947
2064	0.135264
7526	0.134521
8864	0.134499
8863	0.134499
8583	0.134499
8124	0.134499
7904	0.134499
7903	0.134499
7902	0.134499
7901	0.134499
7900	0.134499
7899	0.134499
7897	0.134499
7896	0.134499
7895	0.134499
9218	0.133760
12909	0.133603
9413	0.133558
9711	0.133530
9708	0.133530
9707	0.133530
9705	0.133530
9703	0.133530
9699	0.133471
7752	0.133198
6838	0.131874
2097	0.130348
7288	0.129891
11989	0.129835
7659	0.129830
9710	0.129209
1119	0.128908
221	0.128819
8892	0.128589
1120	0.128370
13247	0.127947
14415	0.127789
9277	0.127789
51	0.127499
9415	0.127492
8851	0.127492
8850	0.127492
3741	0.127213
876	0.126225
2600	0.125944
6278	0.125817
235	0.125727
14266	0.124777
4111	0.124581
7676	0.124379
4667	0.124222
6102	0.124027
7453	0.123998
225	0.123758
5546	0.123610
4671	0.123428
4669	0.123428
2990	0.123395
8611	0.123264
4670	0.122756
6532	0.122215
5433	0.122159
2280	0.121529
12030	0.120932
861	0.120486
469	0.120472
7913	0.120368
5968	0.120368
470	0.120368
4305	0.120083
5967	0.119524
2996	0.119327
2521	0.119211
268	0.118823
5033	0.118793
4306	0.118450
9709	0.118058
7295	0.117888
9177	0.117770
224	0.117761
13665	0.117074
1458	0.116840
4294	0.116707
6806	0.116656
7955	0.116576
9706	0.116554
5034	0.116372
9226	0.116189
9217	0.116189
8534	0.116189
9775	0.116175
7827	0.116161
2114	0.115785
4668	0.115386
9704	0.114594
7757	0.114512
370	0.114483
7379	0.114431
404	0.113976
1400	0.113786
4383	0.113675
8076	0.113392
4163	0.113345
14418	0.113325
14417	0.113325
13284	0.113325
13152	0.113325
9795	0.113325
9793	0.113325
9792	0.113325
9791	0.113325
9789	0.113325
9745	0.113325
9163	0.113325
8614	0.113325
8613	0.113325
8177	0.113325
1232	0.113282
1229	0.113282
5219	0.113125
11739	0.112864
8792	0.112721
2128	0.112530
6149	0.112361
12873	0.112002
6482	0.111877
4112	0.111704
3507	0.111588
2523	0.111499
9787	0.111123
9786	0.111123
9785	0.111123
9784	0.111123
9783	0.111123
9782	0.111123
9781	0.111123
9778	0.111123
9280	0.111123
8585	0.111123
8567	0.111123
8553	0.111123
6465	0.111060
4113	0.110791
2950	0.110760
9150	0.110696
9145	0.110560
2182	0.110376
6742	0.110279
10661	0.110013
11646	0.109958
2954	0.109688
9438	0.109415
2110	0.109210
2522	0.107981
8584	0.107554
353	0.107170
9713	0.107093
9913	0.107008
2107	0.106737
38	0.106710
4168	0.106686
3539	0.105942
9780	0.105935
1133	0.105703
9480	0.105499
8533	0.105499
3588	0.105391
4231	0.104973
9700	0.104738
9248	0.104708
1905	0.104689
7767	0.104550
1118	0.104544
9152	0.104417
14358	0.104224
11733	0.104015
1228	0.103865
8180	0.103714
2109	0.103489
8634	0.103450
9231	0.103446
8676	0.103400
13449	0.103097
11798	0.102987
5746	0.102708
4301	0.102528
8451	0.102504
2955	0.102431
2953	0.102431
879	0.102193
14416	0.102160
7954	0.102025
9244	0.101937
6295	0.101766
6889	0.101453
1030	0.101277
8531	0.100883
8604	0.100593
9307	0.100389
5354	0.100054
9174	0.099861
8625	0.099795
8714	0.099478
14233	0.099411
1136	0.099411
6077	0.099262
1115	0.099115
6695	0.098961
6473	0.098941
115	0.098937
5413	0.098871
7131	0.098626
4416	0.098503
9788	0.098464
1265	0.098438
1816	0.098325
4672	0.098224
7606	0.097829
9207	0.097516
9205	0.097516
8528	0.097516
1656	0.097131
9942	0.096912
9931	0.096912
9930	0.096912
9921	0.096912
9901	0.096912
9899	0.096912
9895	0.096912
9866	0.096912
9836	0.096912
9832	0.096912
9810	0.096912
9698	0.096912
9636	0.096912
9570	0.096912
9299	0.096912
9460	0.096864
11678	0.096854
524	0.096596
2380	0.095987
12069	0.095910
2773	0.095749
7686	0.095647
9192	0.095481
304	0.095438
10226	0.095364
11998	0.095260
4377	0.095257
4450	0.095243
2621	0.095041
6127	0.095019
10694	0.094776
1121	0.094692
10642	0.094184
9484	0.094035
9483	0.094035
9201	0.093782
8503	0.093687
307	0.093674
1402	0.093556
8845	0.093471
9347	0.093416
9831	0.093310
8709	0.092995
8711	0.092824
8732	0.092770
6663	0.092604
8710	0.092603
5296	0.092462
4922	0.091978
11715	0.091836
3314	0.091786
12915	0.091684
12914	0.091684
2964	0.091543
2267	0.091510
13394	0.091448
6501	0.091276
2363	0.091002
4778	0.090889
8090	0.090792
2847	0.090792
2843	0.090792
2839	0.090792
11988	0.090715
2840	0.090529
4160	0.090486
5035	0.090196
6395	0.089967
8712	0.089838
8303	0.089838
8302	0.089838
7362	0.089838
6359	0.089838
3311	0.089764
6202	0.089747
3666	0.089632
5346	0.089613
6081	0.089564
4485	0.088871
2424	0.088796
35	0.088778
352	0.088567
3320	0.088496
4281	0.088378
6430	0.088083
1123	0.088083
3604	0.088072
6255	0.087977
13694	0.087974
2708	0.087918
498	0.087529
8207	0.087379
9176	0.087333
8809	0.087333
2263	0.087128
243	0.087127
12275	0.087121
9741	0.087064
3310	0.087064
4624	0.087063
1300	0.086994
2831	0.086640
9024	0.086512
9023	0.086512
9022	0.086512
8949	0.086512
5908	0.086398
2274	0.086360
9673	0.086224
9385	0.085605
4834	0.085501
13557	0.085475
13556	0.085475
9796	0.085207
141	0.085182
92	0.085101
1097	0.084934
6851	0.084906
5268	0.084856
2666	0.084778
3142	0.084642
5177	0.084457
11806	0.084456
9512	0.084382
2542	0.084322
8204	0.084307
6557	0.083947
5442	0.083896
2845	0.083464
2111	0.083389
5476	0.083041
1090	0.082966
155	0.082853
10045	0.082789
4865	0.082636
13545	0.082341
9269	0.082110
6393	0.082048
5914	0.081379
3751	0.081175
3750	0.081175
633	0.081169
9735	0.081080
3786	0.081064
5289	0.080963
6007	0.080868
2188	0.080783
6378	0.080472
9237	0.080124
4511	0.080085
12010	0.080023
6881	0.079984
13600	0.079930
9302	0.079685
5038	0.079654
9761	0.079623
6016	0.079582
2962	0.079539
414	0.079440
10097	0.079309
9204	0.079187
8592	0.079187
10800	0.079107
9993	0.079087
10110	0.079075
532	0.078978
10286	0.078947
2411	0.078934
13688	0.078903
8468	0.078811
2978	0.078811
2977	0.078811
4958	0.078808
13517	0.078774
11996	0.078750
6044	0.078644
2382	0.078609
239	0.078572
5243	0.078532
5500	0.078519
5913	0.078516
10232	0.078512
13076	0.078346
817	0.078244
3144	0.078182
7306	0.078168
10549	0.078063
11147	0.078025
3448	0.077951
7263	0.077931
9928	0.077790
10227	0.077638
9686	0.077603
2170	0.077455
11566	0.077358
2593	0.077301
2980	0.077283
7654	0.077256
3128	0.077191
3121	0.077191
3048	0.077191
2624	0.077191
2303	0.077190
3288	0.076918
8619	0.076905
6913	0.076845
5737	0.076842
11679	0.076633
1285	0.076575
1132	0.076571
7655	0.076347
13533	0.076284
13532	0.076284
13531	0.076284
730	0.076267
12077	0.076164
6461	0.076164
3711	0.076164
3054	0.076117
586	0.076110
2828	0.075995
13235	0.075950
6065	0.075936
1109	0.075864
3071	0.075842
1906	0.075771
13320	0.075742
823	0.075720
6064	0.075675
2870	0.075620
1756	0.075527
426	0.075453
877	0.075359
9909	0.075314
6754	0.075251
874	0.075199
6908	0.075090
2612	0.075089
786	0.075061
2113	0.075059
2394	0.074926
9729	0.074867
4935	0.074803
9779	0.074777
5779	0.074763
679	0.074747
186	0.074721
1952	0.074618
4787	0.074596
5963	0.074562
12296	0.074497
6244	0.074497
8398	0.074292
2979	0.074261
5778	0.074193
2863	0.074116
14209	0.073968
12300	0.073911
5911	0.073891
10646	0.073744
2365	0.073531
6464	0.073529
6463	0.073529
9199	0.073516
9610	0.073489
14226	0.073278
14225	0.073278
13873	0.073278
13872	0.073278
13871	0.073278
13870	0.073278
8437	0.073278
8435	0.073278
8434	0.073278
4032	0.073274
2632	0.073255
11968	0.073044
949	0.073044
222	0.073007
1293	0.072808
3423	0.072802
8412	0.072644
2283	0.072336
2102	0.072145
5555	0.072142
3209	0.072107
5123	0.072031
8565	0.071808
6317	0.071737
11987	0.071635
9168	0.071597
3636	0.071412
3596	0.071292
13293	0.071227
6017	0.071063
4559	0.070922
9633	0.070830
9630	0.070830
9628	0.070830
9626	0.070830
9625	0.070830
9624	0.070830
9622	0.070830
9621	0.070830
9620	0.070830
9619	0.070830
9618	0.070830
9615	0.070830
9482	0.070830
13462	0.070793
3736	0.070584
5777	0.070493
888	0.070413
4216	0.070405
7101	0.070395
7920	0.070382
14404	0.070311
14400	0.070311
8143	0.070311
8096	0.070311
10050	0.070163
9121	0.070160
9112	0.070160
3388	0.070089
13374	0.070063
13373	0.070063
3774	0.069910
1836	0.069884
6725	0.069695
119	0.069526
8312	0.069459
9539	0.069410
13500	0.069202
10127	0.069184
5697	0.069113
11799	0.069108
8436	0.069065
9098	0.069063
2	0.069039
2442	0.068940
11818	0.068919
4977	0.068882
13698	0.068839
13544	0.068839
14367	0.068832
11964	0.068773
10582	0.068642
7182	0.068623
13552	0.068611
13511	0.068611
13507	0.068611
12036	0.068602
10197	0.068556
492	0.068534
8928	0.068484
6472	0.068472
13970	0.068453
5909	0.068432
14342	0.068428
6623	0.068414
13435	0.068397
2059	0.068397
2067	0.068394
12093	0.068351
10186	0.068342
2108	0.068335
3778	0.068281
3906	0.068266
6155	0.068244
7917	0.068232
9495	0.068231
9147	0.068231
2057	0.068228
7240	0.068220
14375	0.068154
1850	0.068129
13621	0.068115
9215	0.068091
613	0.068039
4824	0.067990
713	0.067970
12572	0.067897
5302	0.067796
9534	0.067784
9533	0.067784
9529	0.067784
9509	0.067784
7356	0.067774
8387	0.067765
13396	0.067757
13338	0.067757
9520	0.067753
7759	0.067694
7357	0.067694
7355	0.067694
10403	0.067683
7258	0.067649
10538	0.067513
11737	0.067435
9062	0.067372
9109	0.067310
12721	0.067235
4175	0.067135
184	0.067108
8773	0.067090
6621	0.067090
599	0.067056
1231	0.067048
7830	0.067039
7420	0.067010
6618	0.066966
3940	0.066849
9108	0.066722
4848	0.066691
8173	0.066664
3631	0.066627
4976	0.066598
4053	0.066571
10098	0.066565
9232	0.066538
4613	0.066481
12295	0.066472
6243	0.066472
2892	0.066438
9726	0.066433
2037	0.066428
10233	0.066375
5916	0.066340
9455	0.066322
8661	0.066223
11226	0.066222
169	0.066198
79	0.066165
6731	0.066107
2186	0.066078
948	0.066063
3203	0.066043
6184	0.065987
12243	0.065980
5045	0.065911
4148	0.065884
8635	0.065858
3700	0.065819
10059	0.065811
12126	0.065613
10199	0.065555
5788	0.065466
4176	0.065437
3654	0.065399
6689	0.065393
6967	0.065393
2275	0.065377
295	0.065376
4169	0.065288
6217	0.065288
5649	0.065284
8671	0.065269
1800	0.065258
4045	0.065254
9235	0.065237
9230	0.065237
9228	0.065237
9225	0.065237
9224	0.065237
9221	0.065237
9219	0.065237
9214	0.065237
9213	0.065237
9211	0.065237
9209	0.065237
9208	0.065237
9206	0.065237
9193	0.065237
8807	0.065237
8679	0.065237
8677	0.065237
8675	0.065237
8674	0.065237
8673	0.065237
8670	0.065237
8637	0.065237
8633	0.065237
8631	0.065237
8610	0.065237
8591	0.065237
8539	0.065237
8538	0.065237
8537	0.065237
8536	0.065237
8529	0.065237
8526	0.065237
8525	0.065237
8632	0.065237
12276	0.065232
14263	0.065232
14002	0.065232
14001	0.065232
14000	0.065232
13998	0.065232
13996	0.065232
6666	0.065232
5064	0.065232
4854	0.065232
4852	0.065232
2278	0.065227
3957	0.065163
6443	0.065162
12944	0.065014
10839	0.064993
10838	0.064975
6294	0.064938
13050	0.064751
1254	0.064624
118	0.064623
2594	0.064550
743	0.064465
11681	0.064424
11813	0.064243
7880	0.064218
2821	0.064179
2844	0.064124
678	0.064035
13121	0.063874
4789	0.063874
4788	0.063874
3151	0.063745
6191	0.063712
13706	0.063648
13738	0.063637
13731	0.063637
5062	0.063571
3438	0.063562
12229	0.063555
13687	0.063454
13633	0.063441
7089	0.063398
2104	0.063388
114	0.063366
14365	0.063299
13490	0.063293
13632	0.063293
13631	0.063293
3061	0.063274
6035	0.063258
6302	0.063258
6267	0.063258
8530	0.063242
6277	0.063232
3590	0.063207
4660	0.063189
13707	0.063187
14370	0.063168
4361	0.063112
6197	0.063083
7178	0.063049
3613	0.062988
758	0.062887
4659	0.062874
14290	0.062826
12063	0.062811
7400	0.062796
2281	0.062785
3973	0.062759
1269	0.062753
4541	0.062735
14052	0.062732
10065	0.062732
11298	0.062671
10994	0.062671
10389	0.062539
187	0.062537
1111	0.062519
1854	0.062505
1346	0.062467
6833	0.062436
5790	0.062392
9200	0.062364
9957	0.062132
10088	0.062082
2189	0.062074
331	0.062018
10230	0.062004
4348	0.061967
2881	0.061917
6252	0.061855
11212	0.061839
3170	0.061836
9338	0.061791
5770	0.061784
456	0.061741
13054	0.061714
1114	0.061702
1403	0.061682
9606	0.061647
14395	0.061616
7891	0.061616
3505	0.061599
5403	0.061469
6587	0.061448
8319	0.061431
11626	0.061419
4838	0.061413
10156	0.061370
8453	0.061348
14357	0.061344
7787	0.061344
3739	0.061332
4530	0.061291
10795	0.061289
11686	0.061259
3383	0.061217
12338	0.061210
5780	0.061195
8636	0.061184
14162	0.061166
6305	0.061118
14269	0.061081
2438	0.061077
14364	0.061067
13030	0.061063
122	0.061054
7890	0.061022
3171	0.061009
2602	0.060980
1777	0.060968
5591	0.060960
9797	0.060922
6920	0.060905
7381	0.060905
6866	0.060899
7888	0.060894
6366	0.060882
4692	0.060870
3960	0.060849
3956	0.060849
13026	0.060782
3478	0.060780
6732	0.060758
12175	0.060739
7584	0.060722
882	0.060688
6179	0.060684
3557	0.060635
9855	0.060621
8713	0.060621
12310	0.060619
12954	0.060604
2396	0.060588
2286	0.060581
12462	0.060571
10685	0.060571
4121	0.060570
8974	0.060542
9840	0.060519
1291	0.060491
9870	0.060465
5541	0.060460
3745	0.060442
12357	0.060437
12053	0.060422
2282	0.060392
12219	0.060323
10556	0.060314
1022	0.060294
7993	0.060262
13456	0.060215
13342	0.060215
3870	0.060213
2595	0.060181
4709	0.060180
7414	0.060148
113	0.060119
4109	0.060109
385	0.060086
13945	0.060071
9875	0.060070
13626	0.059987
13425	0.059987
4482	0.059978
3093	0.059973
9034	0.059928
6322	0.059879
14351	0.059860
86	0.059828
1780	0.059824
14250	0.059823
10558	0.059823
10555	0.059823
6968	0.059823
8042	0.059774
3735	0.059766
5747	0.059756
11731	0.059736
12979	0.059625
2124	0.059610
781	0.059599
5604	0.059511
5748	0.059499
6737	0.059488
6182	0.059487
13997	0.059480
1930	0.059456
7261	0.059265
2981	0.059242
14433	0.059201
14410	0.059193
14409	0.059193
14408	0.059193
7919	0.059193
3287	0.059180
11233	0.059173
9381	0.059173
1078	0.059150
8248	0.059045
4725	0.059015
8041	0.059008
7642	0.058987
4118	0.058965
5712	0.058958
5711	0.058958
5710	0.058958
13075	0.058940
14004	0.058906
4866	0.058906
4855	0.058880
14249	0.058873
7918	0.058873
2941	0.058871
11682	0.058841
129	0.058816
4021	0.058780
11439	0.058779
