155	0.162399
1143	0.156753
1166	0.152129
758	0.151836
4488	0.149127
1078	0.148392
2778	0.148050
1370	0.144955
11655	0.144379
2783	0.142881
5244	0.142570
102	0.142219
1648	0.141684
1376	0.141582
5236	0.141393
13227	0.141042
14247	0.140913
11928	0.140900
8501	0.140900
2779	0.140900
2756	0.140900
13272	0.140856
2786	0.140856
2782	0.140856
1505	0.140856
11927	0.140810
2759	0.140810
2758	0.139753
1691	0.139443
494	0.137872
10713	0.137016
10278	0.135873
8249	0.135592
105	0.135259
307	0.134928
1388	0.134708
14415	0.134175
9277	0.134175
9706	0.133765
4831	0.133696
1148	0.133043
8845	0.132821
5296	0.132485
2775	0.132481
74	0.132105
9713	0.131814
1764	0.131688
2006	0.131200
4581	0.131042
12146	0.130887
8582	0.130887
7599	0.130887
3695	0.130887
3694	0.130887
3616	0.130887
14407	0.130573
6295	0.130283
7752	0.130066
9702	0.129831
4005	0.129623
6915	0.129185
4081	0.128973
2751	0.128881
6081	0.128653
1168	0.128445
532	0.128257
3171	0.128249
9539	0.128080
61	0.127999
9465	0.127926
3741	0.127871
8979	0.127813
12071	0.127520
175	0.127520
9757	0.127463
11926	0.126887
2256	0.126690
3615	0.126347
1502	0.126234
9419	0.126059
8712	0.125941
8303	0.125941
8302	0.125941
7362	0.125941
6359	0.125941
2752	0.125936
6202	0.125889
11925	0.125875
9135	0.125781
6149	0.125701
8732	0.125287
8711	0.125209
8710	0.125086
5067	0.124888
1482	0.124801
2768	0.124801
11848	0.123842
12871	0.123658
2757	0.123604
2755	0.123532
539	0.123516
2868	0.123298
13240	0.123046
12252	0.123040
131	0.122984
5590	0.122897
4130	0.122728
10159	0.122663
2055	0.122405
546	0.122197
6603	0.121965
1379	0.121933
10879	0.121834
12365	0.121565
2971	0.121563
5782	0.121355
2007	0.121301
6344	0.121136
1092	0.121111
172	0.120841
2441	0.120821
2784	0.120696
7263	0.120649
2026	0.120647
10160	0.120576
11809	0.120395
9710	0.120354
2306	0.120266
13242	0.120236
13241	0.120236
5595	0.120236
5594	0.120236
4491	0.120215
13239	0.120212
4301	0.120211
5598	0.119930
12530	0.119819
10880	0.119732
151	0.119623
1488	0.119289
79	0.119061
126	0.118908
10303	0.118774
1134	0.118454
1501	0.118411
406	0.118319
9188	0.118160
11474	0.118063
2864	0.118056
9644	0.117909
106	0.117904
9584	0.117887
9418	0.117522
1093	0.117355
3195	0.117178
11385	0.117133
9537	0.117059
5592	0.116998
5300	0.116860
12031	0.116680
2814	0.116646
4483	0.116557
1373	0.116523
5037	0.116148
3611	0.115977
8709	0.115876
142	0.115766
9897	0.115494
2621	0.115353
233	0.115173
5849	0.115167
1638	0.114784
8731	0.114774
11475	0.114505
3173	0.114399
9827	0.114199
2219	0.114186
9788	0.113990
1492	0.113847
1392	0.113740
1494	0.113652
77	0.113577
544	0.113371
7617	0.113334
12160	0.113300
1495	0.113300
11656	0.113300
2214	0.112979
1897	0.112884
2499	0.112601
3249	0.112528
1377	0.112504
2329	0.112186
2478	0.112117
12958	0.112117
12870	0.112117
12846	0.112117
12159	0.112117
12158	0.112117
1484	0.112117
12838	0.112114
2872	0.111976
12845	0.111913
238	0.111803
5439	0.111733
8930	0.111549
6278	0.111542
6604	0.111349
6007	0.111176
1500	0.111076
12273	0.111017
6824	0.111000
9746	0.110967
6322	0.110958
12896	0.110920
4513	0.110920
162	0.110870
4238	0.110734
9711	0.110723
9708	0.110723
9707	0.110723
9705	0.110723
9703	0.110723
9699	0.110672
10537	0.110483
12911	0.110367
12571	0.110323
2464	0.110252
132	0.110155
11019	0.110074
2213	0.109954
11758	0.109877
5442	0.109868
3754	0.109594
974	0.109586
569	0.109538
182	0.109510
5302	0.109371
5697	0.109304
7233	0.109211
1165	0.109169
9337	0.109160
1458	0.108998
5751	0.108958
1480	0.108923
14266	0.108885
1380	0.108788
565	0.108772
11132	0.108763
6020	0.108679
12113	0.108586
3939	0.108525
1434	0.108410
5038	0.108357
9040	0.108180
5619	0.108072
6557	0.107580
4694	0.107543
10220	0.107440
3691	0.107411
10326	0.107256
9244	0.107174
11766	0.107144
7659	0.107024
11894	0.107023
2747	0.107023
4549	0.106890
8412	0.106867
4434	0.106793
10204	0.106624
3225	0.106533
4128	0.106489
10247	0.106434
6016	0.106386
2773	0.106332
2766	0.106324
10240	0.106296
9426	0.106253
4720	0.106240
3568	0.106227
5272	0.106202
9726	0.106197
1905	0.106180
9088	0.106087
7190	0.106021
11708	0.106015
5289	0.106005
5304	0.105992
3910	0.105945
5781	0.105539
3610	0.105275
2356	0.105256
10256	0.105250
11214	0.105231
309	0.105139
6299	0.105126
9344	0.105073
2349	0.104524
6252	0.104516
5597	0.104494
3794	0.104407
12496	0.104390
10206	0.104361
978	0.104346
14416	0.104310
1753	0.104229
8010	0.104157
1490	0.104094
2445	0.103956
9673	0.103930
934	0.103812
12445	0.103763
12803	0.103749
1498	0.103680
13114	0.103667
10591	0.103469
12444	0.103347
9316	0.103266
3557	0.103250
1865	0.103089
4606	0.103071
11907	0.102992
12543	0.102932
8451	0.102906
9701	0.102888
1389	0.102746
5456	0.102719
9397	0.102705
1997	0.102514
9375	0.102443
5301	0.102418
4251	0.102382
1958	0.102312
11627	0.102301
4149	0.102284
3748	0.102261
8444	0.102180
6291	0.102062
9126	0.102055
2762	0.102036
9582	0.101962
9167	0.101946
92	0.101895
5234	0.101864
1733	0.101858
2874	0.101843
5404	0.101694
12257	0.101584
13021	0.101533
5405	0.101533
1385	0.101146
11257	0.101107
4229	0.100863
8026	0.100820
962	0.100689
7697	0.100601
7254	0.100601
5884	0.100600
2754	0.100415
3000	0.100400
999	0.100292
3366	0.100225
2767	0.100222
7560	0.100190
1489	0.100089
2073	0.100068
989	0.100055
2424	0.100003
5243	0.099889
12740	0.099889
937	0.099822
1491	0.099764
11756	0.099705
6888	0.099705
12232	0.099649
2870	0.099588
145	0.099574
3786	0.099533
4697	0.099514
3836	0.099442
2030	0.099422
11979	0.099217
9252	0.099130
6091	0.099050
6090	0.099050
1383	0.099049
5182	0.099021
4480	0.098993
2290	0.098977
6089	0.098936
1391	0.098871
4942	0.098704
6592	0.098628
169	0.098609
10542	0.098560
6856	0.098534
1386	0.098531
3712	0.098521
171	0.098405
4485	0.098351
4557	0.098202
4580	0.098173
9238	0.098159
2257	0.098145
10221	0.098117
4753	0.098033
8000	0.098027
10015	0.097990
10302	0.097909
10318	0.097862
1371	0.097834
11529	0.097827
10948	0.097779
1871	0.097736
1087	0.097726
5904	0.097702
1483	0.097628
4218	0.097624
4458	0.097478
149	0.097418
4391	0.097417
2360	0.097388
545	0.097228
3667	0.097193
2420	0.097037
8211	0.096903
7393	0.096903
11954	0.096836
1810	0.096768
815	0.096750
10205	0.096637
4574	0.096563
71	0.096462
10175	0.096432
5387	0.096361
7090	0.096357
1895	0.096262
1266	0.096243
6198	0.096218
9999	0.096218
11682	0.096215
13148	0.096180
13147	0.096180
7892	0.096180
6298	0.096180
6297	0.096180
9638	0.096059
8974	0.096018
13112	0.095989
4324	0.095955
11681	0.095944
5608	0.095894
8676	0.095757
10658	0.095737
9157	0.095559
3607	0.095555
11463	0.095520
5737	0.095492
1017	0.095430
9955	0.095426
6371	0.095367
1374	0.095355
3530	0.095319
12540	0.095262
2380	0.095241
8929	0.095149
12499	0.095106
5963	0.095083
9106	0.095078
6300	0.095076
7072	0.095054
5800	0.095035
5913	0.095006
7398	0.094981
1960	0.094834
4781	0.094821
2040	0.094811
13276	0.094782
13328	0.094777
6012	0.094760
11367	0.094748
6326	0.094705
9585	0.094616
1493	0.094615
9107	0.094476
10288	0.094462
5778	0.094375
9871	0.094370
3839	0.094333
110	0.094233
9780	0.094195
104	0.094175
12164	0.094159
7922	0.094159
3567	0.094089
10559	0.094080
8019	0.094063
2789	0.094055
5780	0.094034
8438	0.094005
8439	0.093945
7435	0.093945
7180	0.093945
5688	0.093812
5447	0.093700
3535	0.093646
5779	0.093591
236	0.093573
12939	0.093514
12084	0.093514
4286	0.093514
4283	0.093514
4220	0.093514
10186	0.093438
7954	0.093293
10657	0.093281
137	0.093243
6465	0.093182
180	0.093180
9787	0.093157
9786	0.093157
9785	0.093157
9784	0.093157
9783	0.093157
9782	0.093157
9781	0.093157
9778	0.093157
9280	0.093157
8585	0.093157
8567	0.093157
8553	0.093157
3578	0.093156
2001	0.092989
9704	0.092898
7252	0.092878
2413	0.092866
9610	0.092848
8180	0.092822
2515	0.092810
2749	0.092576
11842	0.092524
6486	0.092524
7975	0.092489
101	0.092466
9420	0.092449
534	0.092431
13482	0.092426
10049	0.092396
6199	0.092378
484	0.092363
1635	0.092277
10071	0.092273
4032	0.092234
6175	0.092232
11843	0.092180
6998	0.092180
2361	0.092155
2365	0.092002
11936	0.091839
2862	0.091839
6110	0.091824
5914	0.091767
1479	0.091712
2015	0.091646
11394	0.091531
4177	0.091525
1906	0.091470
12304	0.091431
7073	0.091387
12865	0.091357
5909	0.091353
1382	0.091306
11803	0.091276
5342	0.091250
5306	0.091250
10142	0.091231
12863	0.091223
4571	0.091180
11996	0.091101
3948	0.091086
2278	0.091069
128	0.090985
5908	0.090930
10244	0.090893
2594	0.090885
7981	0.090882
237	0.090857
6649	0.090852
6647	0.090852
6646	0.090852
5610	0.090852
10979	0.090814
10926	0.090765
2394	0.090685
6446	0.090653
2774	0.090629
7327	0.090602
8666	0.090490
394	0.090486
4993	0.090481
2639	0.090468
4041	0.090388
6019	0.090383
1901	0.090353
11464	0.090278
1634	0.090217
3913	0.090212
2593	0.090197
7980	0.090192
11924	0.090192
2632	0.090048
12494	0.090015
7337	0.090007
4888	0.089957
583	0.089951
3500	0.089938
1936	0.089873
9586	0.089842
12617	0.089819
12898	0.089812
1870	0.089786
6704	0.089779
5814	0.089747
3588	0.089739
6950	0.089643
12807	0.089595
2411	0.089516
8037	0.089433
4587	0.089360
13853	0.089322
2303	0.089313
3128	0.089307
3121	0.089307
3048	0.089307
2624	0.089307
3633	0.089272
9913	0.089250
2863	0.089250
9503	0.089203
1487	0.089113
8081	0.089092
13937	0.089043
6913	0.089018
13153	0.088911
10171	0.088911
10170	0.088911
521	0.088897
94	0.088849
12285	0.088837
4231	0.088773
9709	0.088675
9715	0.088671
10493	0.088663
8892	0.088604
3451	0.088563
10761	0.088491
1332	0.088383
6145	0.088367
1937	0.088121
12938	0.088117
1881	0.088110
8146	0.088028
4550	0.088025
1851	0.087954
1169	0.087953
8602	0.087948
12269	0.087945
10373	0.087919
982	0.087903
2683	0.087886
5350	0.087863
12139	0.087823
12060	0.087818
12593	0.087753
13533	0.087739
13532	0.087739
13531	0.087739
3984	0.087661
10722	0.087648
11515	0.087616
11366	0.087613
2221	0.087605
3288	0.087587
1209	0.087538
6332	0.087533
2702	0.087513
1872	0.087473
11048	0.087444
7081	0.087425
7390	0.087421
4132	0.087404
7531	0.087265
2374	0.087261
2022	0.087227
12177	0.087171
10286	0.087166
4159	0.087137
4131	0.087100
10762	0.087080
3461	0.087074
11844	0.086927
8132	0.086918
10130	0.086893
10226	0.086882
3490	0.086832
10592	0.086805
9700	0.086741
3071	0.086738
11880	0.086697
2011	0.086652
1378	0.086616
2428	0.086616
5305	0.086615
611	0.086610
84	0.086454
239	0.086424
87	0.086412
3892	0.086398
5257	0.086335
3054	0.086325
2275	0.086314
9203	0.086224
8051	0.086125
5593	0.086099
9729	0.086019
1989	0.086011
1173	0.085994
3061	0.085911
3186	0.085910
12238	0.085869
3926	0.085848
4285	0.085771
4280	0.085771
4417	0.085769
2511	0.085712
6105	0.085711
2748	0.085661
1000	0.085613
11955	0.085612
12509	0.085576
4160	0.085557
1854	0.085535
7868	0.085524
12521	0.085471
5978	0.085402
13711	0.085381
5560	0.085381
2745	0.085359
9903	0.085330
9882	0.085330
3336	0.085298
1722	0.085297
2466	0.085293
8380	0.085277
9601	0.085265
10395	0.085250
1499	0.085198
12126	0.085147
2772	0.085134
9102	0.085094
1155	0.085091
10313	0.085084
1639	0.084983
3137	0.084980
9957	0.084926
9281	0.084899
9251	0.084778
10264	0.084714
12500	0.084708
5627	0.084632
11094	0.084600
12059	0.084577
6292	0.084546
2630	0.084488
6442	0.084465
3268	0.084400
4664	0.084368
9740	0.084347
1497	0.084275
3556	0.084255
9512	0.084246
2251	0.084246
12936	0.084206
12439	0.084199
6554	0.084138
4230	0.084126
78	0.084057
2974	0.084021
5230	0.084008
4526	0.084008
1736	0.083986
13196	0.083942
3114	0.083924
5458	0.083902
2432	0.083893
12627	0.083813
1200	0.083716
3168	0.083704
5798	0.083687
4477	0.083679
4717	0.083663
9301	0.083613
9488	0.083599
10207	0.083597
11840	0.083594
12876	0.083561
1481	0.083559
3764	0.083554
8856	0.083532
3269	0.083532
410	0.083514
3115	0.083477
1793	0.083461
8465	0.083359
548	0.083345
11636	0.083300
1089	0.083224
10126	0.083215
3613	0.083213
2396	0.083174
2237	0.083141
6082	0.083135
14205	0.083128
12686	0.083127
2905	0.083120
7351	0.083085
2770	0.083079
3325	0.083014
6851	0.083008
2315	0.082971
571	0.082923
10369	0.082912
10297	0.082891
2010	0.082820
6873	0.082816
11941	0.082779
11007	0.082775
4511	0.082768
1642	0.082732
10506	0.082613
1045	0.082613
2279	0.082547
2860	0.082533
10535	0.082494
2448	0.082451
7360	0.082402
11400	0.082386
11845	0.082364
549	0.082351
6094	0.082327
13918	0.082286
805	0.082260
8804	0.082252
8767	0.082252
8766	0.082252
8764	0.082252
8743	0.082252
8742	0.082252
8741	0.082252
7685	0.082252
7476	0.082252
6637	0.082252
6606	0.082252
5394	0.082213
13289	0.082210
13256	0.082210
13127	0.082210
11637	0.082204
2656	0.082182
7679	0.082144
3342	0.082128
11030	0.082077
11029	0.082077
6631	0.082064
398	0.082061
9136	0.082040
6852	0.082014
2512	0.081997
3203	0.081988
9990	0.081956
4759	0.081907
5840	0.081828
5287	0.081807
3666	0.081760
7315	0.081724
11896	0.081688
10103	0.081674
11806	0.081653
5386	0.081591
3095	0.081545
11626	0.081545
3394	0.081504
1307	0.081484
1879	0.081479
8972	0.081476
2603	0.081466
266	0.081443
3518	0.081419
2458	0.081411
8805	0.081397
8765	0.081397
8806	0.081200
7053	0.081183
6573	0.081133
13734	0.081131
6818	0.081110
10694	0.081109
3292	0.081090
726	0.081059
10107	0.081028
5418	0.080949
9653	0.080905
1387	0.080878
11799	0.080871
7654	0.080864
9008	0.080773
97	0.080726
4577	0.080720
4575	0.080720
10483	0.080706
5558	0.080676
10073	0.080671
3519	0.080671
529	0.080664
6011	0.080618
2018	0.080578
5667	0.080476
929	0.080453
3350	0.080427
12135	0.080393
2655	0.080329
13587	0.080300
13586	0.080300
13525	0.080300
4161	0.080300
12741	0.080289
1486	0.080275
10601	0.080232
10299	0.080232
10298	0.080232
13347	0.080209
176	0.080193
10831	0.080187
6872	0.080180
5919	0.080146
7762	0.080140
12588	0.080136
1737	0.080071
750	0.079972
9637	0.079963
3060	0.079962
9063	0.079953
2429	0.079927
2746	0.079895
2017	0.079875
8932	0.079857
3175	0.079794
6109	0.079792
10383	0.079783
7028	0.079770
12062	0.079760
721	0.079752
7369	0.079723
9989	0.079690
10748	0.079643
9834	0.079643
13370	0.079584
10399	0.079577
9868	0.079547
3094	0.079538
7532	0.079474
7358	0.079474
13113	0.079463
243	0.079459
4624	0.079449
13519	0.079447
9741	0.079419
3310	0.079419
11776	0.079339
6022	0.079339
12275	0.079332
9946	0.079298
10927	0.079279
399	0.079271
13510	0.079264
2153	0.079247
5235	0.079205
11972	0.079199
2854	0.079199
530	0.079183
400	0.079183
5599	0.079167
14042	0.079157
13607	0.079044
2415	0.079037
9583	0.079005
12719	0.079004
9761	0.078996
1969	0.078981
1496	0.078973
