10658	0.124995
10657	0.124745
12029	0.117899
4208	0.116819
3861	0.114273
12574	0.112052
6812	0.111714
11159	0.111252
10482	0.108241
5764	0.107493
10676	0.105510
10677	0.105133
5733	0.104805
10659	0.104094
10660	0.104040
3496	0.103917
10770	0.103808
11380	0.102978
10852	0.102960
11361	0.102878
5877	0.101537
12142	0.101209
3372	0.100555
10487	0.099877
8329	0.099813
12551	0.099625
5765	0.099340
3497	0.099244
3591	0.098789
9948	0.098086
13166	0.097777
8884	0.097581
12197	0.097144
1732	0.096652
10503	0.096630
5766	0.096240
12667	0.096208
10547	0.095906
3370	0.095446
12415	0.095419
3672	0.095110
12412	0.094988
5832	0.094925
10305	0.094824
11019	0.094798
11198	0.094792
10491	0.093852
11689	0.093805
5969	0.093112
12517	0.092633
4935	0.092538
5970	0.092535
3371	0.092453
7403	0.092441
12792	0.091674
12791	0.091485
12788	0.091485
11053	0.091274
7206	0.090944
5859	0.090201
9555	0.089436
567	0.089017
10032	0.088893
11183	0.088889
11353	0.088601
10715	0.088601
3342	0.088555
11434	0.088531
11182	0.088350
10534	0.087140
11081	0.086924
3859	0.086638
10336	0.086319
12413	0.086298
11180	0.086074
10998	0.086039
10997	0.086039
11160	0.086033
11783	0.085425
13162	0.085388
10123	0.085388
4291	0.085034
6660	0.084877
10889	0.084775
3838	0.084699
12654	0.084408
12799	0.084374
12711	0.084217
10486	0.084170
10836	0.084140
11222	0.083925
12555	0.083711
11556	0.083651
10139	0.083619
11520	0.083242
2480	0.082738
5860	0.082623
10037	0.082307
9900	0.082244
9165	0.082244
7387	0.082244
12573	0.082224
11530	0.082188
9908	0.082168
9164	0.082168
13955	0.082143
12183	0.082108
11964	0.082038
11565	0.082034
11086	0.081853
10820	0.081814
13319	0.081663
1812	0.081629
1811	0.081629
12795	0.081509
11179	0.081484
11533	0.081445
13680	0.081404
13689	0.081377
13489	0.081377
1809	0.081275
2598	0.081214
8369	0.081200
11107	0.080823
9276	0.080662
9275	0.080662
9166	0.080662
7173	0.080662
7138	0.080662
7133	0.080662
7069	0.080662
8141	0.080574
6667	0.080250
1570	0.080188
7530	0.079603
4116	0.079577
11581	0.079504
2878	0.079369
12571	0.079315
10358	0.079308
2739	0.079286
1712	0.079189
10542	0.079085
10140	0.078768
2738	0.078730
11433	0.078630
13155	0.078317
12695	0.078177
9237	0.077980
12410	0.077927
5451	0.077718
2778	0.077471
10982	0.077438
11142	0.077401
4945	0.077342
10674	0.077200
11431	0.077170
10476	0.077045
4786	0.076986
2240	0.076951
12808	0.076949
13449	0.076817
10941	0.076772
13376	0.076564
12414	0.076563
5349	0.076494
8656	0.076268
2251	0.076058
3413	0.075971
8003	0.075930
12525	0.075823
11163	0.075423
10808	0.075417
12515	0.075399
12803	0.075357
12538	0.075240
10859	0.075012
5346	0.074991
12536	0.074980
9179	0.074729
11315	0.074717
10468	0.074284
3886	0.074220
12408	0.073903
11094	0.073771
11491	0.073686
11332	0.073657
12704	0.073414
10721	0.073356
10007	0.073346
5488	0.073344
13834	0.073328
2986	0.073077
12514	0.073053
2635	0.072997
3630	0.072859
8293	0.072764
9835	0.072720
10263	0.072632
11486	0.072568
10304	0.072435
11518	0.072414
2368	0.072413
12776	0.072369
5143	0.072335
10682	0.072125
11322	0.071997
14245	0.071972
11657	0.071914
8476	0.071413
8080	0.071383
5713	0.071261
9971	0.071201
10683	0.070996
12399	0.070937
10648	0.070902
11564	0.070891
9917	0.070471
10916	0.070459
12281	0.070458
6619	0.070458
11354	0.070184
2877	0.070044
11510	0.069947
1889	0.069846
10172	0.069846
11571	0.069796
5491	0.069676
390	0.069576
4168	0.069470
2453	0.069453
12812	0.069287
12520	0.069280
10440	0.069280
3369	0.069233
12809	0.069229
12832	0.069201
2983	0.069156
11206	0.069135
2880	0.069123
10710	0.069097
545	0.069034
8797	0.068924
9689	0.068791
1507	0.068647
12537	0.068270
10033	0.068163
2952	0.068064
13517	0.067964
235	0.067943
11098	0.067898
9769	0.067813
10153	0.067799
13139	0.067796
10520	0.067687
7234	0.067594
12697	0.067553
11368	0.067543
11151	0.067456
5697	0.067453
13154	0.067383
12095	0.067366
5714	0.067327
10492	0.067311
9168	0.067306
9587	0.067285
5144	0.067118
12497	0.067021
7131	0.067017
1208	0.066994
11574	0.066987
7139	0.066923
8622	0.066849
7457	0.066797
10068	0.066779
12633	0.066633
3542	0.066571
6334	0.066530
805	0.066505
6438	0.066407
9099	0.066373
11111	0.066364
10521	0.066353
7958	0.066332
2362	0.066256
10186	0.066246
11312	0.066166
11516	0.066162
12572	0.066123
14276	0.066112
13428	0.066112
119	0.066087
4416	0.066047
9170	0.066018
10577	0.065997
6485	0.065849
11536	0.065802
10483	0.065801
12595	0.065774
12535	0.065773
134	0.065720
13383	0.065683
4279	0.065561
11393	0.065555
10531	0.065460
2301	0.065430
5567	0.065391
12579	0.065364
7964	0.065363
11158	0.065362
13856	0.065136
12787	0.065093
10946	0.065062
11436	0.065037
10711	0.065037
10712	0.065031
13060	0.065013
13055	0.065013
13048	0.065013
13014	0.065013
13009	0.065013
12892	0.065013
8379	0.065013
5424	0.064998
9881	0.064988
6562	0.064949
12426	0.064948
6283	0.064905
10069	0.064784
11037	0.064584
3304	0.064454
5887	0.064427
379	0.064306
12393	0.064269
8045	0.064224
1538	0.064072
11477	0.064034
10772	0.063996
3072	0.063955
6655	0.063868
1619	0.063773
11419	0.063747
2002	0.063652
7183	0.063643
8916	0.063642
8915	0.063642
8914	0.063642
8913	0.063642
8912	0.063642
8911	0.063642
7634	0.063642
6568	0.063642
12496	0.063582
2452	0.063569
11554	0.063553
8043	0.063549
11502	0.063409
12396	0.063308
11500	0.063128
2237	0.063127
9989	0.063116
8397	0.063065
12713	0.063048
11365	0.063037
11270	0.063037
10957	0.063037
7144	0.063037
10979	0.063027
12829	0.062987
14214	0.062929
13225	0.062885
5041	0.062875
11297	0.062805
7201	0.062758
11044	0.062755
6450	0.062685
2812	0.062583
9944	0.062436
10130	0.062327
10843	0.062299
10636	0.062183
8250	0.062054
12807	0.061955
7014	0.061940
11492	0.061918
9992	0.061902
7635	0.061840
7633	0.061840
12723	0.061831
3007	0.061749
12804	0.061714
11494	0.061711
10272	0.061656
12561	0.061624
4327	0.061604
14340	0.061565
392	0.061528
9919	0.061476
10678	0.061464
4729	0.061407
7313	0.061337
10325	0.061306
2984	0.061296
4586	0.061141
6323	0.061081
1594	0.061042
6255	0.061006
10136	0.060936
12404	0.060905
7529	0.060891
7337	0.060884
12063	0.060838
14252	0.060766
3718	0.060766
9847	0.060569
7819	0.060336
13413	0.060334
13794	0.060248
9958	0.060188
7535	0.060181
11522	0.060171
10738	0.060104
881	0.060038
2170	0.059958
1880	0.059907
10019	0.059813
13321	0.059742
7930	0.059718
5030	0.059688
10129	0.059640
11289	0.059629
7818	0.059614
12442	0.059589
13358	0.059537
10559	0.059518
10020	0.059382
10904	0.059374
1038	0.059323
9717	0.059280
14203	0.059269
13907	0.059269
13906	0.059269
13407	0.059269
11171	0.059269
8372	0.059269
7978	0.059269
3942	0.059269
7581	0.059220
10809	0.059192
7580	0.059192
12754	0.059148
12813	0.059131
9998	0.059131
10510	0.059065
10787	0.058979
13105	0.058972
5221	0.058970
10511	0.058958
11244	0.058958
12666	0.058950
13500	0.058937
4818	0.058891
13013	0.058876
12962	0.058876
11495	0.058775
1897	0.058714
12653	0.058657
11891	0.058652
10046	0.058564
9829	0.058528
10819	0.058501
10522	0.058490
10927	0.058411
2783	0.058391
8910	0.058231
12756	0.058211
10875	0.058176
12657	0.058175
12648	0.058172
7856	0.058151
13389	0.058120
11069	0.058114
8092	0.058098
13117	0.058097
11497	0.058075
12500	0.058063
10785	0.058018
10706	0.057999
10152	0.057888
7101	0.057875
12743	0.057796
2714	0.057758
11572	0.057739
9978	0.057695
13429	0.057693
2260	0.057688
10526	0.057677
397	0.057671
13443	0.057657
13440	0.057619
8024	0.057479
13333	0.057462
10324	0.057348
13130	0.057307
10144	0.057307
12628	0.057269
8081	0.057264
1032	0.057153
966	0.057115
9964	0.057103
7779	0.057037
11201	0.057014
10499	0.056962
9840	0.056920
4567	0.056877
4565	0.056877
11141	0.056825
7973	0.056822
11007	0.056799
9870	0.056786
5389	0.056783
11508	0.056768
1737	0.056642
10714	0.056599
10480	0.056586
9204	0.056570
8592	0.056570
9194	0.056537
3151	0.056480
11173	0.056462
12462	0.056457
10685	0.056457
11501	0.056339
498	0.056333
5423	0.056285
11200	0.056283
3014	0.056218
10412	0.056215
8794	0.056157
10517	0.056116
13144	0.056052
10530	0.056010
10784	0.055897
16	0.055896
13838	0.055840
5299	0.055830
6499	0.055733
8908	0.055654
12764	0.055598
4148	0.055593
13121	0.055472
4789	0.055472
4788	0.055472
11506	0.055422
12679	0.055366
4289	0.055297
11013	0.055259
12187	0.055233
4787	0.055213
6537	0.055144
2889	0.055101
3981	0.055086
2643	0.055040
7526	0.055039
8864	0.055000
8863	0.055000
8583	0.055000
8124	0.055000
7904	0.055000
7903	0.055000
7902	0.055000
7901	0.055000
7900	0.055000
7899	0.055000
7897	0.055000
7896	0.055000
7895	0.055000
10647	0.054964
2894	0.054925
5719	0.054925
7030	0.054815
9674	0.054765
8638	0.054737
3242	0.054716
7407	0.054715
3853	0.054715
5483	0.054709
13061	0.054702
11469	0.054672
3120	0.054626
11199	0.054619
10576	0.054617
11218	0.054408
2813	0.054407
12290	0.054385
6331	0.054385
5898	0.054299
3551	0.054266
705	0.054253
3451	0.054199
5127	0.054108
9747	0.054100
9262	0.054065
11475	0.054004
78	0.053926
4737	0.053921
3265	0.053870
14111	0.053854
14080	0.053854
9460	0.053827
4629	0.053826
11539	0.053780
6325	0.053713
14349	0.053703
14344	0.053703
14316	0.053703
14309	0.053703
14306	0.053703
14260	0.053703
14240	0.053703
14216	0.053703
14168	0.053703
4792	0.053683
13573	0.053595
11217	0.053560
6626	0.053532
10556	0.053433
13398	0.053375
6535	0.053336
6759	0.053297
11213	0.053280
5833	0.053190
10649	0.053189
10364	0.053178
12552	0.053161
13716	0.053140
10722	0.053123
6838	0.053119
14109	0.053096
10736	0.053096
11226	0.053023
2636	0.052951
10475	0.052948
11731	0.052947
7699	0.052935
8253	0.052901
12457	0.052884
12456	0.052884
12450	0.052884
12443	0.052884
9798	0.052884
11858	0.052871
10735	0.052868
10758	0.052864
9439	0.052833
778	0.052814
569	0.052751
13265	0.052684
11124	0.052677
2776	0.052666
9520	0.052604
5032	0.052492
9926	0.052473
9925	0.052473
9924	0.052473
9852	0.052473
7773	0.052473
7447	0.052473
4645	0.052463
2731	0.052395
6592	0.052390
6887	0.052350
9265	0.052324
8054	0.052321
5492	0.052279
10428	0.052265
13939	0.052189
6733	0.052171
2280	0.052105
2777	0.052040
3341	0.051999
4946	0.051973
11474	0.051955
2451	0.051905
10376	0.051802
6561	0.051791
11121	0.051782
2817	0.051764
10926	0.051679
6470	0.051649
13361	0.051627
13263	0.051608
13262	0.051608
10478	0.051548
7898	0.051546
7082	0.051538
2809	0.051529
10740	0.051521
6758	0.051485
7668	0.051442
12630	0.051421
10615	0.051395
7055	0.051310
3113	0.051307
10737	0.051303
11658	0.051284
11551	0.051260
14063	0.051247
10149	0.051182
9692	0.051126
5350	0.051124
167	0.051092
11153	0.051060
10845	0.051060
6395	0.051050
11485	0.051002
11350	0.050999
7202	0.050992
9849	0.050929
7981	0.050917
9324	0.050903
13552	0.050893
13511	0.050893
13507	0.050893
3201	0.050863
7700	0.050849
11569	0.050815
8882	0.050806
4201	0.050806
11834	0.050792
12198	0.050717
8621	0.050714
11161	0.050621
566	0.050584
12610	0.050561
10339	0.050546
9146	0.050535
3516	0.050530
5378	0.050506
6291	0.050499
12554	0.050498
5902	0.050483
5901	0.050483
5900	0.050483
5899	0.050483
5885	0.050466
2987	0.050462
8708	0.050452
13332	0.050434
10723	0.050310
14303	0.050301
14302	0.050301
14301	0.050301
14300	0.050301
14299	0.050301
12827	0.050287
11174	0.050276
11172	0.050247
8606	0.050239
13182	0.050226
11511	0.050208
12597	0.050203
9915	0.050183
8230	0.050180
7167	0.050108
6387	0.050102
2586	0.050077
2595	0.050039
12594	0.050035
11154	0.050005
9169	0.049963
11127	0.049945
11211	0.049920
5031	0.049872
5546	0.049871
1419	0.049857
7395	0.049854
14250	0.049842
10558	0.049842
10555	0.049842
6968	0.049842
227	0.049840
5321	0.049801
10846	0.049775
5893	0.049771
5892	0.049771
5891	0.049771
5890	0.049771
5889	0.049771
8042	0.049761
2947	0.049675
3303	0.049667
7062	0.049634
5957	0.049630
13095	0.049590
6969	0.049590
9462	0.049542
8405	0.049528
5208	0.049417
10443	0.049403
12431	0.049387
12145	0.049386
10515	0.049386
5956	0.049386
11498	0.049336
11145	0.049332
7425	0.049323
10350	0.049320
9946	0.049309
12401	0.049267
1963	0.049198
10095	0.049187
11504	0.049177
13288	0.049118
3200	0.049109
3845	0.049095
7434	0.049069
2461	0.049056
4324	0.049021
9375	0.049019
7962	0.048991
5326	0.048964
2734	0.048945
645	0.048933
4509	0.048918
12405	0.048891
893	0.048789
13832	0.048725
10318	0.048716
6078	0.048666
3262	0.048612
8342	0.048572
3774	0.048571
8168	0.048514
11577	0.048481
14101	0.048432
8365	0.048432
14132	0.048391
7396	0.048382
12549	0.048338
1017	0.048322
6371	0.048319
11195	0.048258
6007	0.048247
5888	0.048230
9988	0.048219
5112	0.048210
13151	0.048127
3196	0.048108
5028	0.048066
13110	0.048049
9172	0.048044
12800	0.048026
10366	0.048025
12696	0.048018
10456	0.047978
12647	0.047960
12741	0.047959
10125	0.047949
494	0.047903
10681	0.047901
10985	0.047886
12213	0.047829
9960	0.047797
11479	0.047755
9976	0.047726
7730	0.047710
7445	0.047710
7444	0.047710
7175	0.047710
7080	0.047710
10389	0.047644
5634	0.047636
5033	0.047625
10970	0.047611
13111	0.047598
13109	0.047598
9959	0.047598
7762	0.047503
10191	0.047454
14249	0.047375
10783	0.047330
12767	0.047324
779	0.047318
391	0.047278
2811	0.047266
11637	0.047258
10557	0.047212
5045	0.047121
520	0.047057
10470	0.047057
5235	0.047057
3773	0.047028
13439	0.047020
3795	0.046986
2052	0.046969
1369	0.046883
9098	0.046881
3373	0.046826
8564	0.046820
5650	0.046785
14162	0.046749
4819	0.046696
12219	0.046694
13156	0.046674
10176	0.046674
10087	0.046674
10086	0.046674
11496	0.046580
6045	0.046567
12806	0.046542
12785	0.046536
3171	0.046508
6012	0.046483
7975	0.046474
12336	0.046454
11548	0.046412
11101	0.046394
2944	0.046357
8887	0.046355
2477	0.046318
4042	0.046307
13665	0.046293
5514	0.046275
2634	0.046218
8314	0.046180
8779	0.046178
5569	0.046154
12143	0.046149
1159	0.046147
10498	0.046104
10195	0.046089
7114	0.046054
1209	0.046017
13026	0.045996
5870	0.045937
10554	0.045931
10626	0.045930
12542	0.045923
12200	0.045878
2958	0.045864
11343	0.045862
10085	0.045853
7028	0.045834
12575	0.045758
5638	0.045756
12636	0.045676
9950	0.045654
12530	0.045600
11575	0.045567
5649	0.045481
11376	0.045477
5178	0.045371
8778	0.045358
12749	0.045317
12748	0.045317
10771	0.045305
13462	0.045302
5034	0.045273
12621	0.045259
2820	0.045143
1420	0.045134
7961	0.045120
8513	0.045113
5029	0.045112
7306	0.045084
11139	0.045055
11041	0.045016
12784	0.045013
10134	0.044998
4977	0.044993
894	0.044980
10773	0.044965
6366	0.044946
3633	0.044935
477	0.044880
4569	0.044844
960	0.044836
12562	0.044751
6737	0.044748
12833	0.044708
7702	0.044693
3491	0.044688
11626	0.044669
6613	0.044641
13199	0.044634
13198	0.044634
13340	0.044615
10841	0.044566
6730	0.044551
7518	0.044489
11057	0.044468
2594	0.044467
5568	0.044467
1673	0.044444
10441	0.044434
12556	0.044352
10614	0.044351
4763	0.044342
3266	0.044336
