1778	0.382098
6680	0.329666
7670	0.258429
10589	0.239286
4204	0.210262
3825	0.207433
11677	0.196896
4494	0.196896
4493	0.196896
10203	0.192109
10671	0.191407
8907	0.190857
13089	0.187921
12270	0.187731
14072	0.187479
12322	0.187447
9986	0.186857
3826	0.185214
12015	0.184425
12623	0.184153
10749	0.182589
9486	0.182448
7932	0.180881
4322	0.180319
10301	0.176013
6147	0.172198
1433	0.171433
12502	0.170432
3822	0.165053
5343	0.156033
9016	0.155210
522	0.153055
4349	0.152599
10739	0.152351
10788	0.152350
10777	0.152350
10759	0.152350
3428	0.145798
5999	0.144218
5998	0.144218
10912	0.141440
8921	0.140469
12516	0.133714
794	0.133072
412	0.132926
10822	0.131879
9724	0.130681
5650	0.130556
4087	0.130198
3824	0.129538
10581	0.129404
2332	0.129246
10108	0.129137
6134	0.127819
3823	0.127367
11442	0.127147
11396	0.127147
7894	0.126142
13028	0.124707
10882	0.124073
2485	0.122965
11164	0.122326
12237	0.121463
10507	0.121052
14222	0.120617
13866	0.120617
12238	0.119876
2487	0.118651
12459	0.117499
10312	0.117337
5379	0.116657
4947	0.116563
7224	0.115770
6574	0.115770
5527	0.115770
3024	0.115638
9917	0.114500
12692	0.113096
10384	0.112967
11003	0.112947
11005	0.112807
5220	0.112057
11091	0.111973
4235	0.111716
10511	0.111552
4495	0.111271
9872	0.110522
10670	0.110374
10212	0.109892
2486	0.109266
6561	0.108674
10264	0.108564
9926	0.107555
9925	0.107555
9924	0.107555
9852	0.107555
7773	0.107555
7447	0.107555
6653	0.107054
10369	0.106875
3429	0.106851
11102	0.106649
11178	0.106454
4119	0.106444
11415	0.106281
6938	0.106048
10523	0.105498
14128	0.105154
11004	0.105094
3441	0.104819
5047	0.103927
4618	0.103818
11377	0.103603
10722	0.103577
10871	0.103210
10500	0.102785
6652	0.102694
3499	0.102684
5185	0.102119
2871	0.101976
677	0.101716
5518	0.101684
7200	0.101101
3155	0.099625
6313	0.099554
12187	0.098649
11237	0.098397
11487	0.097795
11378	0.096850
2359	0.096565
7035	0.096448
5952	0.096413
7036	0.096220
11328	0.095951
13397	0.095830
11202	0.095703
566	0.095629
5951	0.095426
10544	0.095420
11035	0.095239
11144	0.094969
10633	0.094969
5950	0.094280
7201	0.094003
9927	0.093912
9896	0.093912
7208	0.093912
10827	0.093847
10089	0.093825
7278	0.093740
9809	0.093555
10255	0.093506
2731	0.093106
1785	0.092799
11595	0.092792
8920	0.092783
4066	0.092667
11109	0.092186
2622	0.092175
1759	0.092008
10627	0.091979
8794	0.091860
2569	0.091828
11761	0.091652
6097	0.091652
5547	0.091652
3595	0.091652
9800	0.091569
3162	0.091444
11001	0.091342
11556	0.091273
12409	0.091114
10450	0.091009
6632	0.090791
6662	0.090731
10991	0.090175
4463	0.089979
1460	0.089769
12235	0.089740
10042	0.089525
530	0.089052
400	0.089052
12774	0.088873
2503	0.088821
13165	0.088718
12617	0.088717
13539	0.088398
11010	0.088377
10921	0.088377
6138	0.087684
10682	0.087483
5649	0.087298
323	0.087047
2594	0.086830
5010	0.086668
6415	0.086601
10389	0.086574
7523	0.085744
3789	0.085623
9085	0.085370
12182	0.085167
4464	0.085167
8135	0.085034
12832	0.084983
11675	0.084943
11416	0.084526
9654	0.084430
9717	0.084374
10550	0.084334
9086	0.084301
5491	0.084207
11073	0.084131
10693	0.084118
3664	0.084039
13430	0.083975
11626	0.083688
3306	0.083574
3425	0.083046
3440	0.082504
991	0.082383
10462	0.082113
12826	0.081949
10920	0.081796
11356	0.081707
11409	0.081065
11357	0.080953
12315	0.080646
4787	0.080558
13121	0.080492
4789	0.080492
4788	0.080492
4612	0.080281
7164	0.080268
6854	0.080157
12368	0.080130
7163	0.080130
12525	0.079827
10643	0.079623
13164	0.079607
10881	0.079468
11447	0.078976
4392	0.078741
3260	0.078730
12241	0.078705
12240	0.078705
8074	0.078705
7294	0.078705
6054	0.078705
4336	0.078705
10274	0.078158
531	0.077973
10801	0.077096
3312	0.076835
5949	0.076570
3210	0.076449
10275	0.076285
521	0.075624
12145	0.075362
10515	0.075362
5956	0.075362
1541	0.075184
10556	0.074994
3764	0.074801
2020	0.074670
5957	0.074455
11544	0.074304
703	0.074082
7127	0.073688
6032	0.073504
12425	0.073486
6746	0.073486
10844	0.073473
7245	0.073176
9964	0.073161
5259	0.073142
9857	0.073101
7128	0.073030
12438	0.072956
3715	0.072840
399	0.072693
11002	0.072410
2613	0.072380
7207	0.072302
5672	0.072284
2595	0.072233
8042	0.072208
14250	0.072164
10558	0.072164
10555	0.072164
6968	0.072164
4319	0.072141
8432	0.072068
8431	0.072068
13122	0.071960
7875	0.071928
7744	0.071917
12818	0.071808
14	0.071778
11608	0.071515
9384	0.071368
3246	0.071368
5671	0.071333
11326	0.070537
5994	0.070486
10743	0.070378
1535	0.070274
10376	0.070204
7055	0.070029
6053	0.070022
10557	0.069728
11281	0.069682
7205	0.069628
2001	0.069586
13374	0.068909
13373	0.068909
8140	0.068882
11191	0.068758
3426	0.068646
12427	0.068598
11070	0.068577
11071	0.068565
7712	0.068468
10932	0.068462
10936	0.068448
11666	0.068448
10935	0.068448
10934	0.068448
10931	0.068448
4794	0.068448
6499	0.068446
6386	0.068418
6170	0.068387
3161	0.068294
6171	0.068221
4683	0.068221
14249	0.068085
10939	0.068083
10198	0.068012
8318	0.067991
257	0.067964
10127	0.067838
7865	0.067804
7412	0.067742
13095	0.067730
6969	0.067730
12431	0.067684
12536	0.067531
11211	0.067529
11491	0.067510
589	0.067490
4588	0.067293
14091	0.066972
216	0.066652
9790	0.066494
1542	0.066484
5156	0.066426
11337	0.066179
11474	0.066064
12508	0.066059
1245	0.066053
13444	0.065973
12646	0.065898
10305	0.065885
5212	0.065587
3438	0.065563
6946	0.065513
9301	0.065437
13236	0.065374
10273	0.065345
2616	0.065297
474	0.065296
13838	0.065288
11033	0.065277
4895	0.065242
10499	0.065108
11165	0.065066
1125	0.064909
9627	0.064504
6758	0.064406
3152	0.064235
749	0.064228
12571	0.064161
14111	0.063909
14080	0.063909
10933	0.063696
5154	0.063627
13618	0.063614
13419	0.063614
6840	0.063614
6009	0.063565
4742	0.063565
10334	0.063535
4177	0.063397
5042	0.063163
11232	0.063030
11230	0.063030
11229	0.063030
11228	0.063030
10889	0.062979
2228	0.062921
11231	0.062871
3473	0.062856
10245	0.062816
10683	0.062680
4743	0.062551
4530	0.062453
11868	0.062346
3211	0.062232
10992	0.062211
6056	0.062171
3434	0.062057
10250	0.061717
14248	0.061714
8047	0.061714
13942	0.061639
11111	0.061623
9596	0.061559
5057	0.061522
12969	0.061520
12792	0.061397
3204	0.061381
7007	0.061210
10740	0.061208
6950	0.061078
11353	0.060865
10715	0.060865
11728	0.060843
12791	0.060800
12788	0.060800
2342	0.060609
11434	0.060546
5430	0.060207
12638	0.060040
10491	0.059895
12367	0.059819
10482	0.059775
11729	0.059730
11869	0.059555
11289	0.059467
12461	0.059185
10032	0.058943
5221	0.058943
11094	0.058927
5679	0.058919
6737	0.058872
12200	0.058861
13341	0.058834
7166	0.058774
10809	0.058718
7580	0.058718
7581	0.058686
6093	0.058584
10751	0.058477
7359	0.058473
10200	0.058363
7165	0.058306
12530	0.058288
12548	0.058159
2266	0.058141
7653	0.058093
3986	0.058077
13162	0.057899
10123	0.057899
3418	0.057845
2614	0.057724
542	0.057653
10701	0.057641
10092	0.057509
3991	0.057502
1018	0.057449
10554	0.057415
10090	0.057375
179	0.057323
6705	0.057235
5886	0.057181
7070	0.057181
5995	0.057144
11421	0.056979
11345	0.056979
11335	0.056979
10842	0.056979
9635	0.056949
5007	0.056839
247	0.056780
10821	0.056779
5815	0.056758
10249	0.056707
8089	0.056609
10762	0.056582
10579	0.056522
5712	0.056508
5711	0.056508
5710	0.056508
5138	0.056454
11554	0.056421
4469	0.056407
10578	0.056344
10761	0.056247
10434	0.056227
8314	0.056083
971	0.056063
7385	0.056042
4531	0.055921
13361	0.055733
1963	0.055690
12492	0.055637
10548	0.055461
13639	0.055213
12773	0.055213
5651	0.055119
10430	0.054892
3388	0.054868
8166	0.054865
7365	0.054865
7186	0.054865
11019	0.054861
1798	0.054762
12426	0.054577
3241	0.054535
6727	0.054421
12807	0.054396
8622	0.054274
12654	0.054238
13820	0.054051
875	0.054008
4465	0.053971
12710	0.053899
6512	0.053852
10852	0.053839
6564	0.053826
4948	0.053759
10948	0.053655
12600	0.053647
2281	0.053641
13331	0.053637
11197	0.053579
9514	0.053403
7966	0.053300
5066	0.053296
3548	0.053194
11510	0.052936
11403	0.052917
6148	0.052917
11683	0.052892
8091	0.052850
2174	0.052828
568	0.052673
9904	0.052621
11156	0.052190
12795	0.052184
10475	0.052017
3630	0.051998
12401	0.051798
7665	0.051759
10860	0.051729
13252	0.051617
13251	0.051617
12764	0.051495
12444	0.051379
525	0.051278
12445	0.051252
12708	0.051221
9950	0.051126
12058	0.050995
10382	0.050966
11723	0.050728
11818	0.050584
4786	0.050561
12787	0.050532
11940	0.050495
574	0.050466
10226	0.050404
9402	0.050310
5046	0.050299
4434	0.050290
1352	0.050234
10427	0.050194
13965	0.050183
9856	0.050086
12797	0.049982
10608	0.049930
9170	0.049851
12497	0.049851
5586	0.049812
7988	0.049801
2344	0.049797
4514	0.049611
787	0.049578
12756	0.049557
5648	0.049474
609	0.049421
7394	0.049410
5323	0.049181
12041	0.049088
10399	0.049084
10667	0.048718
12101	0.048575
12820	0.048573
2381	0.048402
2473	0.048347
616	0.048248
11853	0.048232
4874	0.048125
9026	0.048091
5542	0.048003
5754	0.047992
6490	0.047955
2175	0.047954
3242	0.047922
11263	0.047910
11100	0.047865
13111	0.047632
13109	0.047632
9959	0.047632
9960	0.047627
10657	0.047626
10420	0.047614
3341	0.047485
3250	0.047469
3120	0.047465
11188	0.047458
11187	0.047458
11189	0.047438
10125	0.047340
12754	0.047314
12733	0.047271
2453	0.047212
9980	0.047107
10853	0.047086
11516	0.047074
440	0.047067
10903	0.046945
9392	0.046901
12070	0.046860
1043	0.046806
5346	0.046682
10694	0.046681
6631	0.046647
10658	0.046580
969	0.046542
8175	0.046440
11887	0.046386
12104	0.046291
10455	0.046269
4371	0.046264
402	0.046238
9958	0.046234
1509	0.046182
12153	0.046176
4702	0.046176
6935	0.046101
13805	0.046101
5132	0.046101
10441	0.046008
6010	0.045987
4819	0.045957
12816	0.045956
3243	0.045905
3726	0.045855
9158	0.045733
4402	0.045704
5375	0.045686
10007	0.045675
7239	0.045628
5327	0.045597
12779	0.045573
1889	0.045471
4966	0.045466
9865	0.045433
1202	0.045426
14317	0.045421
11934	0.045195
9691	0.045129
6963	0.045097
1034	0.045062
1555	0.044979
5254	0.044930
12546	0.044928
1607	0.044924
9946	0.044912
10854	0.044906
11800	0.044901
8037	0.044897
10916	0.044854
464	0.044630
6650	0.044366
597	0.044271
5846	0.044259
3030	0.044215
12091	0.044205
5048	0.044205
463	0.044201
3933	0.044104
2812	0.044055
1161	0.043988
13025	0.043966
13024	0.043966
13022	0.043966
8486	0.043966
11143	0.043881
7025	0.043776
11351	0.043644
2184	0.043624
10280	0.043558
5359	0.043508
11467	0.043494
1327	0.043442
9983	0.043404
10802	0.043391
9982	0.043368
8430	0.043239
12802	0.043181
9200	0.043179
487	0.043155
1583	0.043069
7062	0.043063
2581	0.043047
12311	0.042989
14224	0.042986
13391	0.042986
11110	0.042986
2230	0.042972
6761	0.042911
13449	0.042878
10375	0.042871
12624	0.042853
81	0.042828
2582	0.042822
5563	0.042794
13499	0.042708
13500	0.042686
4093	0.042625
10049	0.042613
3594	0.042511
12629	0.042488
12635	0.042387
12386	0.042372
6257	0.042371
13568	0.042350
12613	0.042349
11901	0.042338
475	0.042335
5493	0.042266
1922	0.042211
5419	0.042186
10140	0.042159
8601	0.042060
2816	0.042053
3984	0.042046
12709	0.041999
3923	0.041990
6215	0.041953
963	0.041946
8760	0.041862
8759	0.041862
8758	0.041862
7168	0.041859
12188	0.041820
10256	0.041803
6023	0.041723
2889	0.041681
10477	0.041627
1808	0.041514
520	0.041378
5897	0.041279
3549	0.041128
4756	0.041104
5608	0.041071
11754	0.041057
12202	0.040977
3988	0.040977
10138	0.040977
6084	0.040959
1894	0.040948
9989	0.040928
5071	0.040916
472	0.040821
13765	0.040750
10606	0.040672
12694	0.040527
11009	0.040522
12835	0.040465
534	0.040439
9938	0.040392
7551	0.040392
7550	0.040392
7539	0.040392
7538	0.040392
1007	0.040383
8054	0.040360
6887	0.040345
2813	0.040324
6418	0.040320
3713	0.040213
6366	0.040201
10192	0.040053
10184	0.040053
7468	0.040031
2967	0.040031
2452	0.040010
1131	0.039985
11297	0.039984
8877	0.039972
12395	0.039967
11498	0.039967
11177	0.039933
11234	0.039849
11258	0.039848
7267	0.039778
3819	0.039775
8079	0.039720
12305	0.039679
12622	0.039653
5427	0.039632
3342	0.039574
366	0.039496
13183	0.039399
11008	0.039399
3390	0.039373
14253	0.039355
13360	0.039354
8092	0.039349
10572	0.039345
6649	0.039284
6647	0.039284
6646	0.039284
5610	0.039284
4496	0.039248
7911	0.039226
10498	0.039164
12726	0.039139
10495	0.039022
9953	0.038951
536	0.038933
13144	0.038878
12798	0.038868
10234	0.038844
1831	0.038825
11365	0.038819
11270	0.038819
10957	0.038819
7144	0.038819
11075	0.038810
12801	0.038805
1128	0.038744
7032	0.038742
8572	0.038732
8569	0.038732
8568	0.038732
3375	0.038691
11579	0.038669
8611	0.038648
11753	0.038626
8081	0.038587
12496	0.038550
3742	0.038541
9562	0.038510
3100	0.038510
10247	0.038473
6535	0.038468
5894	0.038457
8901	0.038438
3934	0.038434
6660	0.038424
13358	0.038325
8570	0.038270
11142	0.038267
5175	0.038247
8108	0.038191
90	0.038110
6988	0.037981
3987	0.037973
2965	0.037963
7942	0.037960
12404	0.037960
6140	0.037889
6139	0.037889
12955	0.037878
6051	0.037860
3593	0.037842
12274	0.037822
8236	0.037822
8235	0.037822
6980	0.037822
6953	0.037822
298	0.037822
7555	0.037819
2823	0.037757
13295	0.037733
4842	0.037732
9123	0.037729
1627	0.037722
8890	0.037662
13291	0.037648
11077	0.037580
438	0.037549
10666	0.037509
10634	0.037496
10982	0.037482
12161	0.037463
11870	0.037463
11794	0.037463
11204	0.037463
11203	0.037463
6144	0.037463
6143	0.037463
6142	0.037463
6141	0.037463
12118	0.037459
2083	0.037459
2074	0.037459
1899	0.037459
1896	0.037459
7506	0.037456
11139	0.037415
3098	0.037367
12734	0.037287
11575	0.037190
10559	0.037158
10712	0.037157
8471	0.037145
13054	0.037141
11436	0.037125
10711	0.037125
10937	0.037119
4951	0.037112
1758	0.037107
12436	0.037092
7061	0.037087
1879	0.037087
13427	0.037081
12504	0.036918
10946	0.036874
12505	0.036798
578	0.036783
10637	0.036725
11394	0.036717
2333	0.036633
3740	0.036589
10214	0.036543
9066	0.036537
12283	0.036534
960	0.036412
9056	0.036369
4712	0.036348
4818	0.036328
108	0.036324
14334	0.036315
5922	0.036308
10426	0.036234
8339	0.036217
2828	0.036174
10388	0.036144
10767	0.036132
3851	0.036092
9094	0.036067
9093	0.036067
9092	0.036067
9065	0.036067
9835	0.036042
12687	0.036018
1350	0.035954
10038	0.035886
1129	0.035885
10778	0.035799
6702	0.035777
10961	0.035707
13110	0.035636
3212	0.035624
3209	0.035621
11278	0.035591
1898	0.035590
8596	0.035586
9382	0.035583
3748	0.035541
11568	0.035517
4116	0.035511
9469	0.035486
6592	0.035485
2619	0.035468
259	0.035455
13675	0.035433
6289	0.035406
4321	0.035399
9333	0.035387
7673	0.035356
11968	0.035350
949	0.035350
1132	0.035334
7318	0.035333
11207	0.035289
11841	0.035267
1507	0.035263
11112	0.035263
200	0.035214
9813	0.035214
5125	0.035166
12495	0.035083
12747	0.035076
10927	0.035034
