6632	0.251187
1460	0.250316
13539	0.248964
13397	0.248759
11001	0.248480
11378	0.248302
11035	0.247327
5952	0.247038
5951	0.247007
7035	0.247006
11328	0.246989
2359	0.246722
10827	0.246386
10627	0.245166
5950	0.244947
412	0.244718
7278	0.244573
10544	0.243142
10991	0.242060
5949	0.238638
3162	0.238520
6662	0.238515
794	0.237034
5999	0.236220
5998	0.236220
522	0.236159
8921	0.235445
10912	0.232217
3155	0.214167
3161	0.212517
525	0.211176
9724	0.207766
10108	0.206467
10581	0.205441
10264	0.200643
10523	0.196957
3499	0.194553
11415	0.194439
10312	0.192089
11723	0.182552
10384	0.180891
11005	0.180672
11003	0.180634
8920	0.177022
530	0.175595
400	0.175595
11356	0.173693
11237	0.173574
10643	0.173446
11357	0.172571
11004	0.172428
11409	0.172374
399	0.171827
11377	0.170451
10579	0.169092
9384	0.168429
3246	0.168429
7744	0.168294
10578	0.166549
10511	0.166518
11144	0.162218
10633	0.162218
3241	0.162174
1370	0.160596
10434	0.158957
521	0.158446
10722	0.153830
9260	0.152935
10761	0.151555
10198	0.151413
10762	0.151019
10500	0.150283
3991	0.147846
6680	0.147366
6854	0.146126
10420	0.145940
1161	0.145812
10821	0.144711
3825	0.144024
1778	0.143693
10917	0.143491
11197	0.143344
869	0.142660
534	0.142608
4349	0.141970
10212	0.141159
11002	0.141092
10740	0.139658
531	0.139325
4966	0.138177
10399	0.137637
11326	0.137375
10743	0.137128
7865	0.136959
10739	0.136157
10788	0.136157
10777	0.136157
10759	0.136157
12427	0.135793
467	0.135535
7286	0.132793
7142	0.132682
12623	0.132085
7670	0.131320
12492	0.131072
4322	0.128903
12502	0.128754
9986	0.127273
7385	0.126419
3939	0.125201
3826	0.124445
11278	0.124311
10682	0.124023
12238	0.123828
7665	0.123746
1627	0.123678
3242	0.123622
10203	0.123611
12015	0.123367
10671	0.123055
1433	0.122664
2263	0.122474
2011	0.122339
787	0.121953
2754	0.121063
10830	0.120969
2778	0.120623
12270	0.120535
2415	0.120330
3822	0.120192
13089	0.119788
10369	0.119735
9486	0.119517
14072	0.119491
12322	0.119191
1063	0.119010
8321	0.118403
8320	0.118067
11281	0.118016
12305	0.117131
11612	0.116925
8907	0.116288
2266	0.116287
11760	0.116166
5650	0.115885
1043	0.115838
13360	0.115825
10250	0.115777
10159	0.115128
13827	0.113992
13108	0.113992
13107	0.113992
12882	0.113992
10121	0.113992
8458	0.113992
9726	0.113751
12237	0.113622
10160	0.113330
5323	0.113307
2594	0.112905
10092	0.112573
10871	0.112023
10474	0.111555
10495	0.111265
13639	0.111001
10200	0.110783
10751	0.110180
10589	0.109459
11293	0.109353
6915	0.109315
4587	0.109263
1922	0.108960
2040	0.108877
2020	0.108492
9627	0.108213
2001	0.107955
2550	0.107753
7894	0.107379
5648	0.107326
1202	0.107098
11848	0.106887
10318	0.106712
314	0.106624
11019	0.106303
6950	0.106258
10140	0.106002
10854	0.105814
5608	0.105061
13618	0.105046
13419	0.105046
6840	0.105046
3260	0.105003
3764	0.104861
9917	0.104794
11075	0.104378
9016	0.104341
10220	0.104246
9809	0.104134
10326	0.104123
12692	0.103971
11474	0.103896
10853	0.103805
10067	0.103507
3225	0.103405
5343	0.103108
12530	0.102946
10859	0.102683
10066	0.102642
10493	0.102548
12235	0.102516
6649	0.102456
6647	0.102456
6646	0.102456
5610	0.102456
2973	0.102352
528	0.102182
12654	0.101921
11475	0.101894
6825	0.100234
6076	0.100015
9952	0.099987
9714	0.099844
10114	0.099403
320	0.099180
3323	0.098941
4749	0.098848
749	0.098332
10822	0.098292
1793	0.098282
4787	0.098204
5649	0.097995
11394	0.097922
10226	0.097876
3324	0.097624
2332	0.097343
12031	0.097161
4052	0.097099
11626	0.097041
701	0.096714
536	0.096433
2789	0.096369
11682	0.095654
7409	0.094812
10240	0.094766
12368	0.094751
7163	0.094751
7164	0.094747
2257	0.094734
5038	0.094575
10507	0.094467
4612	0.094420
8931	0.094313
13082	0.094234
9133	0.094234
9129	0.094234
323	0.093917
9927	0.093877
9896	0.093877
7208	0.093877
10694	0.093865
7268	0.093793
4720	0.093649
10247	0.093614
2152	0.093413
7820	0.093368
10939	0.093364
10982	0.093285
13965	0.092833
11677	0.092812
4494	0.092812
4493	0.092812
2329	0.092774
12635	0.092654
10572	0.092603
10948	0.092588
10658	0.092580
4495	0.092577
3664	0.092342
10376	0.092222
13157	0.092196
10042	0.091784
5220	0.091765
1638	0.091686
7252	0.091651
10657	0.091596
12516	0.091494
6404	0.091481
6418	0.091407
10556	0.091342
3277	0.091233
11442	0.091111
11396	0.091111
3312	0.090923
8794	0.090849
8019	0.090798
6652	0.090694
12598	0.090515
12845	0.090223
10389	0.090184
6134	0.090173
12720	0.090008
7666	0.090008
10557	0.089858
1958	0.089754
4177	0.089627
11529	0.089394
7337	0.089307
10049	0.089284
11831	0.089026
8135	0.088932
6138	0.088879
11551	0.088851
10430	0.088805
14347	0.088690
10084	0.088659
11955	0.088419
520	0.088386
2062	0.088377
9344	0.088372
2073	0.088334
5870	0.088259
8887	0.088255
1831	0.088165
9375	0.088054
4204	0.088031
101	0.087970
5518	0.087614
8042	0.087392
14250	0.087354
10558	0.087354
10555	0.087354
6968	0.087354
2595	0.087292
6026	0.087193
2252	0.087120
6737	0.086992
4255	0.086744
9333	0.086735
8934	0.086707
4119	0.086696
13121	0.086671
4789	0.086671
4788	0.086671
10926	0.086590
569	0.086517
2214	0.086425
3187	0.086062
6653	0.085979
10301	0.085934
14249	0.085920
5047	0.085773
5780	0.085717
10554	0.085708
3824	0.085694
12267	0.085508
5126	0.085508
5697	0.085476
962	0.085289
1247	0.085201
10921	0.085175
11556	0.085149
1040	0.085069
7932	0.085027
2360	0.084724
13962	0.084707
10713	0.084614
5328	0.084543
13961	0.084521
1095	0.084449
11491	0.084376
10437	0.084306
10749	0.084292
11485	0.084150
5771	0.084030
5418	0.083941
1376	0.083861
1989	0.083786
9301	0.083674
2907	0.083593
529	0.083570
12525	0.083195
1391	0.083101
1350	0.083099
12304	0.082883
3189	0.082868
9157	0.082846
13839	0.082753
7617	0.082748
11211	0.082743
11502	0.082500
2419	0.082275
12431	0.082205
6344	0.082194
14063	0.082147
9871	0.082131
12702	0.082065
5778	0.082048
11803	0.081994
13095	0.081979
6969	0.081979
3623	0.081971
13165	0.081943
1895	0.081940
10475	0.081876
10693	0.081870
5379	0.081865
2007	0.081717
13430	0.081716
1759	0.081662
12795	0.081626
12287	0.081575
8515	0.081575
761	0.081448
3819	0.081446
10278	0.081438
9019	0.081431
9170	0.081414
5491	0.081368
11191	0.081243
11467	0.081240
137	0.081200
1075	0.081168
5779	0.081082
9953	0.081028
11880	0.080999
9654	0.080947
9069	0.080891
9068	0.080891
9067	0.080891
5751	0.080847
10018	0.080843
4087	0.080800
1550	0.080643
2167	0.080608
10892	0.080492
10127	0.080462
12496	0.080386
10860	0.080293
10192	0.080267
10184	0.080267
11321	0.080242
3341	0.080163
2395	0.080137
7070	0.080126
5542	0.080045
11469	0.079971
3883	0.079932
12071	0.079931
175	0.079931
8983	0.079915
12638	0.079892
10483	0.079863
3754	0.079838
3568	0.079808
102	0.079785
5985	0.079680
2006	0.079558
2889	0.079533
7327	0.079425
11487	0.079397
2290	0.079359
6147	0.079309
13838	0.079190
9958	0.079187
12741	0.079159
12803	0.079131
9644	0.079027
9251	0.079020
10592	0.078858
2857	0.078852
8132	0.078842
9539	0.078833
10313	0.078826
565	0.078795
233	0.078755
12832	0.078654
999	0.078642
8932	0.078615
1163	0.078613
402	0.078603
10537	0.078540
4056	0.078479
4196	0.078469
10256	0.078464
2758	0.078372
9926	0.078357
9925	0.078357
9924	0.078357
9852	0.078357
7773	0.078357
7447	0.078357
2461	0.078335
9790	0.078332
11608	0.078148
10450	0.078140
2397	0.078095
10670	0.077982
5627	0.077876
1379	0.077835
1442	0.077705
4753	0.077662
3024	0.077659
12499	0.077559
4256	0.077519
1094	0.077420
13112	0.077419
10138	0.077397
9715	0.077272
12113	0.077271
566	0.077223
6360	0.077116
2356	0.076989
12818	0.076976
4272	0.076924
2485	0.076827
4714	0.076731
4948	0.076709
4174	0.076663
13844	0.076652
5221	0.076648
1274	0.076498
4066	0.076496
1173	0.076488
11447	0.076436
1392	0.076342
3204	0.076288
11094	0.076222
1169	0.076205
10186	0.076032
14111	0.075993
14080	0.075993
11492	0.075959
13244	0.075906
13820	0.075853
1480	0.075837
8622	0.075816
5271	0.075797
7981	0.075672
971	0.075657
4823	0.075651
9746	0.075581
12494	0.075574
5259	0.075494
9158	0.075490
108	0.075463
10879	0.075399
11257	0.075319
13245	0.075280
4808	0.075077
94	0.075028
1810	0.074971
10458	0.074921
14091	0.074911
3661	0.074821
8231	0.074803
7704	0.074791
13110	0.074774
1483	0.074739
10809	0.074612
7580	0.074612
5740	0.074550
3451	0.074525
10459	0.074515
9047	0.074493
6313	0.074472
3171	0.074452
12521	0.074388
2311	0.074370
9769	0.074346
7581	0.074334
2974	0.074311
3884	0.074285
11164	0.074279
5233	0.074218
11758	0.074157
1777	0.074127
13028	0.074044
11675	0.074019
1963	0.074018
1901	0.073838
401	0.073776
10880	0.073709
1482	0.073685
1488	0.073670
9346	0.073665
2630	0.073639
903	0.073609
6252	0.073597
6130	0.073493
12646	0.073445
8339	0.073401
3173	0.073327
12459	0.073314
3508	0.073298
10455	0.073275
11509	0.073230
10441	0.073134
11132	0.073128
171	0.072943
13164	0.072794
12617	0.072793
7165	0.072782
2487	0.072769
3027	0.072720
7028	0.072719
730	0.072709
889	0.072695
5430	0.072673
9149	0.072673
3611	0.072613
7233	0.072527
936	0.072484
406	0.072431
10163	0.072354
158	0.072346
12054	0.072343
11544	0.072223
2168	0.072208
3519	0.072198
5287	0.072155
3521	0.072137
1502	0.072131
9008	0.072110
128	0.072057
5919	0.072056
10542	0.071860
6371	0.071841
1017	0.071783
1377	0.071780
5272	0.071655
8930	0.071644
7523	0.071641
5215	0.071635
4664	0.071560
14222	0.071551
13866	0.071551
11548	0.071415
13374	0.071407
13373	0.071407
7114	0.071378
10334	0.071370
4815	0.071244
11506	0.071233
1383	0.071224
3869	0.071191
12969	0.071109
4480	0.071108
12458	0.071086
4630	0.071067
4530	0.071064
2503	0.071051
11534	0.071028
10548	0.070930
2702	0.070888
1251	0.070876
12536	0.070832
12350	0.070827
75	0.070812
2251	0.070756
3967	0.070707
12426	0.070646
12349	0.070639
1975	0.070632
9960	0.070624
142	0.070616
3505	0.070612
10125	0.070549
3152	0.070505
13111	0.070453
13109	0.070453
9959	0.070453
4229	0.070408
12077	0.070396
6461	0.070396
3711	0.070396
13235	0.070364
864	0.070361
7961	0.070305
2680	0.070219
4128	0.070165
3530	0.070079
9835	0.070076
8419	0.070025
1879	0.069983
11540	0.069983
12273	0.069983
104	0.069965
2731	0.069964
6573	0.069907
12146	0.069886
8582	0.069886
7599	0.069886
3695	0.069886
3694	0.069886
3616	0.069886
1385	0.069793
1475	0.069790
6023	0.069760
12629	0.069740
12500	0.069734
2783	0.069667
11464	0.069556
11400	0.069549
6599	0.069480
7988	0.069464
3175	0.069453
10258	0.069394
13449	0.069384
7351	0.069310
3625	0.069306
12792	0.069298
8953	0.069206
3535	0.069196
9252	0.069163
9316	0.069142
2572	0.069093
10241	0.069066
1728	0.068998
7911	0.068896
2219	0.068853
9990	0.068817
13236	0.068811
3195	0.068777
3901	0.068771
3334	0.068539
9074	0.068525
5957	0.068510
309	0.068503
9540	0.068467
10499	0.068432
154	0.068278
3630	0.068248
10881	0.068228
5057	0.068148
2860	0.068122
1092	0.068118
79	0.067990
5619	0.067890
10417	0.067881
11901	0.067842
11510	0.067797
2166	0.067767
3926	0.067730
10970	0.067677
1800	0.067636
7081	0.067628
9584	0.067610
3705	0.067594
11102	0.067540
6007	0.067521
5072	0.067473
11578	0.067440
873	0.067434
12791	0.067429
12788	0.067429
10288	0.067345
7388	0.067256
5994	0.067230
1555	0.067163
6564	0.067128
11414	0.067114
4571	0.067079
8929	0.067054
1461	0.066987
10701	0.066963
4949	0.066961
10244	0.066902
12524	0.066895
3712	0.066895
9946	0.066860
13020	0.066860
1733	0.066832
10920	0.066814
3763	0.066788
11010	0.066738
12571	0.066732
10571	0.066673
3378	0.066670
11539	0.066653
5006	0.066604
5750	0.066588
11165	0.066554
4159	0.066506
6901	0.066457
7245	0.066455
11547	0.066261
12588	0.066211
1108	0.066165
5182	0.066053
9334	0.065970
8418	0.065958
9043	0.065943
13027	0.065929
9049	0.065929
9048	0.065929
9046	0.065929
8420	0.065929
7027	0.065929
5216	0.065929
11463	0.065813
4237	0.065810
13675	0.065773
11493	0.065754
13735	0.065748
13728	0.065748
13726	0.065748
336	0.065719
4588	0.065716
3047	0.065707
6954	0.065701
12145	0.065639
10515	0.065639
5956	0.065639
11708	0.065629
513	0.065608
1897	0.065603
1501	0.065589
1491	0.065583
10916	0.065482
3645	0.065427
6003	0.065408
13042	0.065352
10666	0.065323
9042	0.065296
10221	0.065272
1363	0.065224
14071	0.065186
7372	0.065156
10637	0.065139
411	0.065130
1381	0.065027
3449	0.065004
2970	0.064956
5439	0.064915
7929	0.064895
12542	0.064880
6631	0.064830
8933	0.064813
5459	0.064793
3900	0.064790
4417	0.064789
9531	0.064775
7762	0.064775
3272	0.064714
2473	0.064630
1000	0.064601
11479	0.064592
12543	0.064587
5691	0.064578
12435	0.064551
2226	0.064548
10330	0.064531
11246	0.064529
12032	0.064479
5904	0.064476
12497	0.064462
12438	0.064385
2318	0.064372
1396	0.064351
10168	0.064312
10022	0.064312
8036	0.064312
9596	0.064293
10352	0.064217
867	0.064217
440	0.064207
7090	0.064194
2596	0.064099
6300	0.064080
9922	0.064061
1052	0.064042
6366	0.063976
1311	0.063945
9424	0.063926
1490	0.063899
4531	0.063857
10228	0.063810
9875	0.063782
1506	0.063759
6837	0.063742
4965	0.063708
5101	0.063701
4980	0.063688
1583	0.063660
1510	0.063597
10992	0.063572
12546	0.063553
5447	0.063535
2399	0.063507
2153	0.063506
5490	0.063491
7162	0.063484
6281	0.063481
1941	0.063478
9872	0.063474
2755	0.063437
9599	0.063420
8942	0.063411
3285	0.063322
10841	0.063318
12744	0.063248
12624	0.063239
11099	0.063236
5659	0.063205
10700	0.063205
13393	0.063198
5346	0.063181
3284	0.063150
13261	0.063140
1388	0.063109
14167	0.063073
1607	0.063051
4916	0.063006
3640	0.062955
2393	0.062950
567	0.062948
11575	0.062928
9857	0.062918
9964	0.062878
2228	0.062838
13122	0.062826
10383	0.062810
10048	0.062810
1785	0.062805
11569	0.062803
11600	0.062787
9800	0.062786
1889	0.062782
9721	0.062691
7948	0.062691
7778	0.062691
7618	0.062691
7113	0.062691
11111	0.062679
3757	0.062679
4818	0.062665
1725	0.062662
1494	0.062638
9397	0.062590
7394	0.062569
275	0.062554
9519	0.062534
10021	0.062523
2044	0.062521
6561	0.062514
9897	0.062478
9131	0.062444
3286	0.062440
7201	0.062433
8164	0.062420
7389	0.062420
6685	0.062420
6612	0.062420
6611	0.062420
919	0.062409
6303	0.062367
10270	0.062352
1735	0.062345
8165	0.062339
630	0.062334
11683	0.062332
9586	0.062324
4478	0.062315
13361	0.062314
1574	0.062309
9840	0.062286
1362	0.062282
9396	0.062282
4481	0.062282
7134	0.062265
11656	0.062241
532	0.062231
13175	0.062221
12164	0.062218
7922	0.062218
1487	0.062188
126	0.062169
1905	0.062126
12462	0.062118
10685	0.062118
12403	0.062104
97	0.062092
5814	0.062091
2453	0.062087
1492	0.062058
10967	0.062042
978	0.062040
5995	0.062037
2817	0.062017
6902	0.062016
1649	0.062013
11392	0.062006
6512	0.061935
1940	0.061934
6415	0.061932
10375	0.061875
7390	0.061762
9870	0.061751
5782	0.061748
703	0.061723
