138	0.203304
2916	0.182604
3523	0.181829
3521	0.181515
935	0.179970
9332	0.176814
181	0.175562
157	0.174370
1261	0.174070
1196	0.171825
1391	0.168995
8132	0.168441
5548	0.167625
359	0.166908
3920	0.166837
5017	0.166158
5018	0.165713
2719	0.164625
5974	0.164165
11819	0.163760
940	0.163592
3126	0.163400
594	0.161943
3488	0.161290
11623	0.160646
3377	0.160397
11775	0.160141
3525	0.160141
1390	0.158690
3131	0.158447
7946	0.158434
6524	0.158384
4317	0.158082
4315	0.158082
4311	0.158082
4310	0.158055
3139	0.157302
3522	0.157145
11619	0.156839
7728	0.156144
4054	0.155877
356	0.154742
178	0.154615
729	0.153720
844	0.153665
681	0.153226
3339	0.151554
2789	0.150424
1289	0.150265
3526	0.150256
3327	0.149731
3529	0.149692
3297	0.149670
12193	0.149570
2741	0.149469
692	0.149085
9590	0.148554
939	0.148152
4313	0.148099
5793	0.147833
6469	0.147711
5794	0.147677
3384	0.147552
3683	0.147379
5792	0.146792
11994	0.146153
2826	0.146153
11642	0.145775
864	0.145612
152	0.145571
7528	0.145474
7451	0.143899
9837	0.143770
7481	0.143729
13465	0.143557
14251	0.142981
6265	0.142981
158	0.142834
12185	0.142832
1268	0.142435
11774	0.141867
11984	0.141336
135	0.140889
3881	0.140865
9661	0.140181
7280	0.140070
595	0.139806
3020	0.139361
9127	0.138999
2919	0.137149
3584	0.136955
11995	0.136910
12615	0.136870
3509	0.136606
8355	0.136603
15	0.135314
3572	0.135002
2328	0.134750
5552	0.134236
3528	0.134076
867	0.133830
2713	0.133745
9443	0.133729
1103	0.133614
9278	0.133194
564	0.133194
10807	0.132973
9554	0.132803
8200	0.132803
8251	0.132503
1065	0.132464
137	0.132159
1251	0.132024
12078	0.131099
2209	0.130683
183	0.130373
834	0.130326
1060	0.129893
4594	0.129805
1095	0.129468
185	0.129377
12614	0.129267
2338	0.128468
4957	0.128205
8706	0.127829
8705	0.127829
3021	0.127490
821	0.127450
130	0.127349
3291	0.127035
826	0.125298
1061	0.124762
3510	0.124417
14246	0.124365
12960	0.124365
8050	0.124365
413	0.124174
5576	0.123615
9008	0.123396
3519	0.123392
5986	0.123375
9853	0.123286
3527	0.123266
13943	0.123105
3474	0.122691
13255	0.122309
2166	0.121999
12350	0.121960
12349	0.121762
9685	0.121654
11874	0.121129
2329	0.119001
2858	0.118965
842	0.118889
1363	0.118275
11848	0.117604
5801	0.117230
968	0.117108
7493	0.117040
3511	0.116868
2907	0.116763
13343	0.116696
12071	0.116633
175	0.116633
5867	0.116429
11768	0.116426
7407	0.116199
3853	0.116199
1264	0.115894
2583	0.115796
163	0.115588
10070	0.115518
8571	0.114985
843	0.114815
3691	0.114683
102	0.114574
9639	0.114487
9138	0.114447
7190	0.114413
8990	0.114349
8989	0.114349
8987	0.114349
8986	0.114349
8984	0.114349
1735	0.114071
9734	0.113980
9732	0.113980
9730	0.113980
8868	0.113980
8866	0.113980
3233	0.112805
5020	0.112497
1328	0.112330
1096	0.112318
11736	0.112104
5985	0.111955
11502	0.111785
8757	0.111579
8756	0.111579
8550	0.111579
3877	0.111546
165	0.111478
1274	0.111476
1239	0.111346
11081	0.110962
3026	0.110705
627	0.110499
9283	0.110256
2384	0.110233
3141	0.110229
371	0.110209
1728	0.110168
9456	0.110160
3847	0.110160
10437	0.110126
1259	0.110008
1574	0.109982
8945	0.109981
12518	0.109961
9858	0.109939
8988	0.109692
2288	0.109646
7286	0.109604
12379	0.109565
12435	0.109403
1723	0.109263
941	0.109242
8181	0.109151
9715	0.108980
360	0.108965
10871	0.108739
884	0.108699
11908	0.108668
8354	0.108305
2680	0.108077
4255	0.108034
11581	0.108021
3492	0.107888
7639	0.107727
3981	0.107585
2137	0.107502
3947	0.107227
3682	0.107225
744	0.107219
2597	0.107101
6164	0.107089
5632	0.107089
6165	0.107025
5549	0.107024
2158	0.106588
3514	0.106327
3513	0.106327
6130	0.106238
3875	0.106219
5638	0.106083
147	0.106034
12417	0.105936
4034	0.105936
9403	0.105557
557	0.105540
4182	0.105354
2285	0.105294
560	0.105160
13223	0.104809
12316	0.104762
8991	0.104753
159	0.104589
7545	0.104426
12415	0.104425
734	0.104285
3876	0.104283
717	0.104181
10040	0.104180
6577	0.104109
9829	0.103454
1068	0.103414
12412	0.103314
13954	0.103239
13953	0.103239
2883	0.103124
3351	0.103099
750	0.103022
11967	0.102957
1246	0.102656
9033	0.102376
10828	0.102289
12784	0.102238
7045	0.102215
11844	0.102110
4478	0.102039
10662	0.102022
1362	0.101972
9396	0.101972
4481	0.101972
8478	0.101931
3601	0.101926
12785	0.101901
919	0.101788
1098	0.101723
140	0.101664
11257	0.101481
12391	0.101475
4548	0.101312
4545	0.101233
2859	0.101043
2910	0.100940
6011	0.100874
7820	0.100843
5627	0.100723
9637	0.100683
999	0.100598
13135	0.100570
5311	0.100479
8111	0.100464
9868	0.100415
11734	0.100413
4734	0.100364
13429	0.100220
12434	0.100096
12390	0.100096
2882	0.100094
154	0.100074
3530	0.100063
9978	0.100051
12407	0.100033
890	0.100025
2851	0.100020
1389	0.099928
3535	0.099797
12347	0.099490
6450	0.099446
136	0.099340
5021	0.099014
5019	0.099014
8956	0.098912
8955	0.098912
4546	0.098906
2740	0.098828
12258	0.098804
12588	0.098737
8469	0.098711
9671	0.098688
6654	0.098329
11099	0.098325
5328	0.098161
9893	0.098103
9892	0.098103
9888	0.098103
9887	0.098103
9841	0.098103
9821	0.098103
9768	0.098103
9300	0.098103
9294	0.098103
1250	0.098056
2744	0.097991
12130	0.097947
8115	0.097887
11600	0.097850
6131	0.097801
9641	0.097617
12230	0.097301
2596	0.097088
11545	0.097057
2630	0.096713
2357	0.096627
2791	0.096603
10657	0.096528
12667	0.096416
6442	0.096318
642	0.096234
933	0.096210
2584	0.096208
156	0.096032
5023	0.095973
2645	0.095919
5060	0.095848
11974	0.095826
5058	0.095589
3361	0.095589
12294	0.095569
9404	0.095482
12653	0.095144
12520	0.095087
3819	0.094901
10658	0.094887
12890	0.094749
784	0.094696
13389	0.094609
11520	0.094481
12488	0.094273
6367	0.094178
12487	0.094162
4642	0.094162
1099	0.094157
5817	0.094047
12517	0.093910
1725	0.093863
1075	0.093712
12800	0.093672
14276	0.093603
13428	0.093603
126	0.093596
11911	0.093583
3495	0.093559
559	0.093535
862	0.093477
6360	0.093308
3569	0.093238
5814	0.093137
4316	0.093017
11942	0.092937
3362	0.092937
4808	0.092877
5572	0.092856
1564	0.092765
3825	0.092708
4181	0.092567
9890	0.092545
4343	0.092396
11159	0.092364
11094	0.092306
2911	0.092295
5751	0.092208
1433	0.092170
5803	0.091807
906	0.091628
3167	0.091561
11547	0.091546
7206	0.091364
8230	0.091307
1038	0.091275
11546	0.091259
6915	0.091110
13403	0.091089
3866	0.090953
3864	0.090953
11601	0.090886
6694	0.090853
2252	0.090804
9558	0.090794
4813	0.090794
2040	0.090702
161	0.090666
6460	0.090339
5975	0.090332
12524	0.090106
2656	0.090091
12394	0.090088
11127	0.090002
10873	0.089988
9238	0.089952
3843	0.089820
10883	0.089753
9976	0.089633
1961	0.089590
12918	0.089481
11478	0.089471
12803	0.089408
4956	0.089288
3945	0.089275
9731	0.089099
11630	0.089079
5631	0.089064
936	0.088792
3826	0.088781
4055	0.088667
3109	0.088568
10333	0.088559
8983	0.088511
5381	0.088402
12623	0.088389
12097	0.088209
2527	0.088180
10043	0.088019
6109	0.087963
4737	0.087906
12765	0.087880
5083	0.087842
9769	0.087647
9019	0.087590
1517	0.087558
4052	0.087519
2571	0.087501
365	0.087433
833	0.087387
11354	0.087327
4086	0.087299
12651	0.087129
7028	0.087072
5616	0.087035
3944	0.087014
11569	0.087004
10892	0.086941
10044	0.086938
4115	0.086831
4961	0.086806
1079	0.086785
8243	0.086780
11740	0.086682
1370	0.086575
9599	0.086404
6361	0.086397
3155	0.086314
928	0.086294
2903	0.086225
7707	0.086204
873	0.086165
992	0.086149
1654	0.086118
5824	0.086098
9339	0.086006
7961	0.086001
2153	0.085884
11038	0.085836
2574	0.085800
6410	0.085797
2436	0.085787
10614	0.085735
5229	0.085674
4966	0.085656
10832	0.085583
9268	0.085555
2855	0.085443
1736	0.085432
1441	0.085303
7327	0.085277
3104	0.085239
10678	0.085239
14213	0.085192
13543	0.085192
12683	0.085189
483	0.085150
2332	0.085039
10095	0.084922
10400	0.084903
1376	0.084869
11741	0.084651
11527	0.084549
728	0.084522
718	0.084520
13536	0.084360
9629	0.084355
11492	0.084163
8130	0.084018
14167	0.084013
13636	0.083988
4056	0.083927
12305	0.083907
11550	0.083746
12647	0.083705
3798	0.083301
3967	0.083257
6080	0.083218
1062	0.083167
1040	0.083159
4981	0.083158
12814	0.083104
1383	0.083029
6247	0.082949
8954	0.082883
7398	0.082822
4036	0.082758
8290	0.082749
7647	0.082707
1923	0.082703
11603	0.082578
869	0.082513
9986	0.082510
3980	0.082491
5904	0.082415
422	0.082293
1386	0.082268
1186	0.082212
9395	0.082068
3806	0.082024
11676	0.081955
9586	0.081895
12938	0.081893
6005	0.081864
10373	0.081857
846	0.081805
4433	0.081783
12593	0.081750
1063	0.081629
902	0.081622
1820	0.081546
10939	0.081533
1459	0.081527
11578	0.081502
7134	0.081465
7524	0.081465
1500	0.081278
8321	0.081233
1298	0.081211
1000	0.081195
995	0.081055
551	0.081024
8320	0.081016
4431	0.080993
3482	0.080960
1071	0.080938
14072	0.080926
3571	0.080862
4072	0.080843
8944	0.080821
3568	0.080709
1195	0.080701
12164	0.080587
7922	0.080587
11975	0.080576
7709	0.080539
5271	0.080521
278	0.080293
9088	0.080289
9820	0.080208
8735	0.080208
4432	0.080206
13089	0.080192
10142	0.080131
2912	0.080062
2836	0.079859
6788	0.079853
12094	0.079761
3570	0.079761
4570	0.079733
11604	0.079717
10495	0.079649
1240	0.079581
12322	0.079353
8985	0.079266
966	0.079256
1004	0.079251
1003	0.079251
996	0.079251
757	0.079251
2778	0.079240
13153	0.079240
10171	0.079240
10170	0.079240
12146	0.079218
8582	0.079218
7599	0.079218
3695	0.079218
3694	0.079218
3616	0.079218
1348	0.079205
908	0.079141
11577	0.079099
11548	0.079048
4314	0.079042
180	0.079038
358	0.078909
14255	0.078872
12485	0.078844
12484	0.078844
12466	0.078844
2138	0.078836
10203	0.078741
12080	0.078703
209	0.078652
9189	0.078635
1922	0.078622
5072	0.078555
1924	0.078545
11090	0.078517
1037	0.078508
13895	0.078482
12270	0.078475
13561	0.078469
10133	0.078469
11227	0.078399
8450	0.078319
3639	0.078312
4226	0.078209
13173	0.078197
13667	0.078165
13480	0.078165
12401	0.078129
7269	0.078127
6416	0.078115
10140	0.078038
355	0.078024
9922	0.078016
10671	0.078009
139	0.078004
5740	0.077976
13573	0.077900
4729	0.077892
11792	0.077887
5438	0.077842
2857	0.077842
10163	0.077819
3172	0.077813
9353	0.077725
3072	0.077683
9548	0.077680
176	0.077665
8465	0.077617
275	0.077554
11044	0.077512
484	0.077496
2003	0.077492
12876	0.077339
12047	0.077282
10139	0.077262
12780	0.077250
2369	0.077202
6945	0.077165
11303	0.077150
11559	0.077103
783	0.077046
4035	0.077029
3411	0.076951
11551	0.076860
3939	0.076858
9947	0.076833
12015	0.076786
1470	0.076732
10132	0.076720
174	0.076688
12817	0.076681
11483	0.076646
11503	0.076641
6626	0.076633
4020	0.076616
2972	0.076611
11597	0.076608
3343	0.076462
4825	0.076364
10547	0.076352
841	0.076300
9584	0.076295
990	0.076285
2273	0.076284
142	0.076161
1442	0.076082
9540	0.076039
8970	0.076004
11250	0.075996
563	0.075972
5228	0.075952
1487	0.075940
4589	0.075881
6875	0.075858
10392	0.075811
3919	0.075789
6878	0.075773
1744	0.075666
4041	0.075595
934	0.075569
11408	0.075551
4782	0.075497
10644	0.075400
7867	0.075385
11032	0.075380
12486	0.075333
12483	0.075333
12482	0.075333
12481	0.075333
12465	0.075333
12464	0.075333
3975	0.075333
4285	0.075164
4280	0.075164
676	0.075153
5050	0.075118
12741	0.075048
12852	0.075028
7546	0.075010
9522	0.074944
1940	0.074926
5639	0.074849
12706	0.074836
11393	0.074812
6959	0.074682
4783	0.074570
849	0.074497
12410	0.074476
4784	0.074443
11481	0.074418
9486	0.074354
2029	0.074321
5783	0.074314
1480	0.074285
11400	0.074278
3540	0.074274
9897	0.074232
12519	0.074161
1247	0.074073
11484	0.074058
4318	0.074057
6874	0.074022
5182	0.074014
1169	0.074010
4455	0.073873
1733	0.073730
2356	0.073726
12743	0.073634
1492	0.073617
9889	0.073593
12210	0.073587
6724	0.073584
2321	0.073543
11893	0.073389
9279	0.073325
7143	0.073278
11955	0.073264
2931	0.073174
9545	0.073166
938	0.073166
7090	0.073093
12793	0.073073
3707	0.072992
2311	0.072980
11180	0.072936
1724	0.072926
11965	0.072905
5760	0.072839
3340	0.072801
3335	0.072799
12935	0.072739
13254	0.072738
12934	0.072738
12933	0.072738
12932	0.072738
12081	0.072738
8996	0.072738
8994	0.072738
8992	0.072738
10983	0.072662
10954	0.072659
6354	0.072658
6134	0.072634
12776	0.072614
173	0.072556
12931	0.072536
10263	0.072485
12678	0.072433
11086	0.072391
12742	0.072340
11783	0.072300
8228	0.072248
1849	0.072188
4822	0.072156
12874	0.072104
3810	0.072079
6122	0.072022
2904	0.072006
11461	0.071988
1425	0.071934
4196	0.071792
4932	0.071785
6112	0.071740
2226	0.071738
6399	0.071736
1494	0.071690
12677	0.071650
9325	0.071595
10336	0.071582
10468	0.071566
13484	0.071540
2290	0.071540
5439	0.071529
2932	0.071515
301	0.071513
11530	0.071507
12200	0.071453
1438	0.071392
11474	0.071321
9344	0.071314
1685	0.071293
13097	0.071290
191	0.071283
13365	0.071258
2860	0.071226
11179	0.071193
866	0.071152
168	0.071144
11252	0.071124
11443	0.071079
11369	0.071079
7162	0.071051
7619	0.071017
2942	0.070965
13697	0.070961
13364	0.070961
2213	0.070947
12413	0.070872
3883	0.070843
5259	0.070825
9614	0.070774
2909	0.070771
4582	0.070755
525	0.070730
9587	0.070690
4147	0.070670
12723	0.070603
13112	0.070581
585	0.070576
6344	0.070574
953	0.070574
2572	0.070499
3470	0.070497
6498	0.070494
2139	0.070494
9726	0.070469
11160	0.070435
12767	0.070422
10486	0.070398
2294	0.070394
6423	0.070384
9827	0.070303
1729	0.070287
11489	0.070282
7973	0.070270
13126	0.070264
4965	0.070155
11368	0.070133
1333	0.069994
3661	0.069985
3249	0.069979
12235	0.069969
12762	0.069950
11151	0.069945
4261	0.069855
9733	0.069659
12522	0.069617
11656	0.069603
10506	0.069489
1045	0.069489
9884	0.069438
13385	0.069425
495	0.069387
10998	0.069277
10997	0.069277
1464	0.069275
1377	0.069255
2915	0.069240
12406	0.069233
12930	0.069201
12928	0.069201
7146	0.069200
5634	0.069172
412	0.069133
3910	0.069131
9301	0.069103
11469	0.069027
9424	0.069011
12079	0.069009
1426	0.068929
11837	0.068891
898	0.068891
12929	0.068880
10719	0.068860
978	0.068821
11047	0.068802
9499	0.068788
2478	0.068784
12958	0.068784
12870	0.068784
12846	0.068784
12159	0.068784
12158	0.068784
1484	0.068784
12838	0.068780
9437	0.068780
7030	0.068775
11719	0.068736
3378	0.068673
899	0.068673
654	0.068630
1381	0.068507
7724	0.068406
11010	0.068347
9563	0.068328
7053	0.068300
8918	0.068289
11683	0.068283
4322	0.068249
2242	0.068246
3102	0.068236
7089	0.068233
5073	0.068184
7694	0.068141
10039	0.068140
8853	0.068136
3294	0.068118
2742	0.068102
481	0.068015
12411	0.068013
3323	0.067996
10648	0.067972
13964	0.067947
1483	0.067933
1436	0.067891
4704	0.067853
1311	0.067802
12818	0.067792
12107	0.067762
