919	0.366231
4478	0.355946
1362	0.355928
9396	0.355928
4481	0.355928
999	0.354451
2153	0.348662
1728	0.348160
1363	0.339342
6878	0.321032
5429	0.314176
6092	0.313479
2668	0.304160
734	0.291003
908	0.283078
1095	0.278230
3198	0.274616
1724	0.269531
2710	0.267017
1924	0.264705
11087	0.260883
3919	0.260131
9395	0.254789
5473	0.254358
4775	0.246481
11959	0.246269
4776	0.243246
4777	0.242803
1000	0.236526
1333	0.232069
7501	0.230926
5515	0.225320
4601	0.224140
1040	0.222010
2530	0.221256
2241	0.215476
11877	0.212052
3920	0.211865
484	0.208155
1108	0.206657
2164	0.204818
2671	0.202320
9493	0.198759
620	0.197711
481	0.195640
11878	0.193648
3117	0.193033
10506	0.189650
1045	0.189650
3118	0.189216
7134	0.189113
1031	0.187252
7053	0.186846
1729	0.186753
2670	0.186232
497	0.185756
906	0.185037
13385	0.184386
2572	0.182437
1442	0.182057
6250	0.180727
2667	0.179108
11311	0.177422
11310	0.177180
9424	0.176195
11067	0.172720
4477	0.170479
9425	0.168484
324	0.167680
1424	0.167127
496	0.166934
904	0.166384
1044	0.165454
1046	0.163270
2166	0.160605
1720	0.159531
917	0.158766
2130	0.158054
12004	0.157325
5578	0.157325
5577	0.157325
2662	0.157325
483	0.155983
7465	0.155252
3543	0.154845
3844	0.153498
12301	0.152429
11819	0.152043
3848	0.151795
3521	0.151642
11599	0.150099
2169	0.150099
2126	0.146623
11940	0.146357
11879	0.146023
2842	0.146023
994	0.144666
2168	0.143898
7820	0.142279
8016	0.142257
2857	0.142229
882	0.141844
6626	0.140070
3350	0.139693
8983	0.138829
2907	0.138169
11321	0.137554
3782	0.137168
583	0.137113
4194	0.136908
9019	0.135621
10892	0.135479
3171	0.134662
13337	0.134426
5507	0.134426
5328	0.133996
1857	0.133792
4052	0.133141
7286	0.133096
3297	0.132681
3298	0.131955
3202	0.131255
7481	0.131037
7451	0.131021
4056	0.130338
587	0.130239
1004	0.128939
1003	0.128939
996	0.128939
757	0.128939
3027	0.128041
12045	0.127611
3301	0.127548
6130	0.124811
1103	0.124228
9554	0.124038
8200	0.124038
12287	0.123859
8515	0.123859
2973	0.123842
1052	0.123335
866	0.119839
1274	0.119574
11994	0.119509
2826	0.119509
3508	0.119173
995	0.118877
1261	0.118460
386	0.117989
7280	0.117979
9138	0.117930
2970	0.117923
9127	0.117869
5965	0.117798
5834	0.117486
642	0.117300
13465	0.117275
692	0.117104
7518	0.116856
4716	0.116833
1721	0.116560
3780	0.116354
14251	0.116316
6265	0.116316
12185	0.116071
559	0.115554
1727	0.115541
2949	0.114644
488	0.114486
5974	0.114287
12900	0.114270
11444	0.113812
11417	0.113812
2165	0.111084
3119	0.110430
6367	0.110316
5740	0.109870
2419	0.109756
10525	0.109533
821	0.109280
10163	0.108890
10142	0.108448
3584	0.108170
1730	0.108081
11995	0.108079
2115	0.107639
13153	0.107153
10171	0.107153
10170	0.107153
580	0.107141
9346	0.107027
2859	0.106920
12193	0.106711
15	0.106561
2741	0.105019
3139	0.104123
7528	0.103868
993	0.103678
826	0.103553
3384	0.103417
9837	0.103342
12099	0.103162
11984	0.102419
10527	0.101899
571	0.101211
1247	0.100577
11710	0.100241
1013	0.100241
9641	0.100010
3449	0.099871
714	0.099831
3126	0.099302
9893	0.099260
9892	0.099260
9888	0.099260
9887	0.099260
9841	0.099260
9821	0.099260
9768	0.099260
9300	0.099260
9294	0.099260
5999	0.098869
5998	0.098869
11775	0.098849
3525	0.098849
14167	0.098722
8921	0.098655
9599	0.098256
2666	0.097830
2328	0.097795
10912	0.097698
301	0.097192
2288	0.097125
2916	0.096724
3488	0.096633
13943	0.096511
1068	0.096177
1723	0.096056
275	0.095973
3527	0.095886
513	0.095822
1005	0.095772
630	0.095540
1096	0.095533
336	0.095527
794	0.095514
10294	0.095272
873	0.095169
1251	0.094914
3522	0.094797
412	0.094768
2915	0.094586
8945	0.094498
2139	0.094228
843	0.094057
487	0.094004
3155	0.093869
9456	0.093544
3847	0.093544
9890	0.093432
278	0.093431
359	0.093406
178	0.093402
2047	0.093109
9033	0.092708
10293	0.092660
3131	0.092604
9858	0.092470
619	0.092375
14237	0.092320
4837	0.092245
522	0.092196
9827	0.092104
1196	0.092070
869	0.091663
9443	0.091549
9518	0.091012
2158	0.090809
1106	0.090748
2096	0.090717
3541	0.090256
6524	0.089965
3967	0.089923
11619	0.089816
867	0.089771
2135	0.089745
3291	0.089424
4054	0.089348
11620	0.089346
12614	0.089256
3528	0.089238
9403	0.089191
8954	0.088839
3727	0.088816
1923	0.088512
864	0.088039
11955	0.087963
2532	0.087887
3327	0.087792
3199	0.087732
1428	0.087527
6405	0.087471
907	0.087288
9332	0.087233
997	0.087094
842	0.087003
1065	0.086919
729	0.086577
3360	0.086420
10437	0.086418
6406	0.086406
9412	0.086382
9411	0.086381
12908	0.086381
8875	0.086291
5017	0.086255
7728	0.086136
2318	0.086116
5018	0.085908
9531	0.085875
5477	0.085648
890	0.085438
3572	0.085291
356	0.085213
9685	0.085027
5183	0.085005
3369	0.084772
2584	0.084735
11817	0.084708
6990	0.084708
935	0.084628
3593	0.084579
7946	0.084470
1738	0.084223
3529	0.084200
4720	0.083904
1390	0.083642
4317	0.083613
4315	0.083613
4311	0.083613
4310	0.083610
12615	0.083162
938	0.083041
3881	0.082983
8132	0.082886
2740	0.082766
181	0.082766
12316	0.082508
3683	0.082408
828	0.082300
9734	0.082118
9732	0.082118
9730	0.082118
8868	0.082118
8866	0.082118
13255	0.081846
4966	0.081730
7279	0.081701
161	0.081656
138	0.081459
3339	0.081316
905	0.081162
4055	0.080990
5552	0.080933
5382	0.080484
12042	0.080427
3481	0.080427
2415	0.080365
3526	0.080178
2172	0.080086
621	0.080086
435	0.079596
14199	0.079587
12798	0.079552
1391	0.079517
10579	0.079466
670	0.079396
12742	0.079363
525	0.079320
10578	0.079317
11617	0.079308
2911	0.079240
11630	0.078917
2132	0.078830
936	0.078809
5182	0.078574
8706	0.078363
8705	0.078363
2436	0.078249
12762	0.078206
10807	0.077942
7090	0.077923
3523	0.077748
9853	0.077729
2855	0.077668
1725	0.077285
1015	0.077269
918	0.077214
2209	0.076955
6550	0.076919
11623	0.076734
152	0.076726
3377	0.076680
8988	0.076679
557	0.076634
9484	0.076630
9483	0.076630
3228	0.076609
844	0.076473
9661	0.076393
617	0.076123
1259	0.076092
2719	0.075985
1043	0.075925
594	0.075719
1262	0.075717
3484	0.075554
5430	0.075326
968	0.075183
1781	0.075143
5794	0.074968
8920	0.074941
5793	0.074938
5792	0.074903
2903	0.074848
4313	0.074751
5548	0.074648
3483	0.074634
1037	0.074576
1268	0.074548
11774	0.074548
3020	0.074463
3299	0.074442
2143	0.074422
10095	0.074234
13201	0.074089
13197	0.074089
753	0.073971
10581	0.073799
11906	0.073732
12876	0.073709
12715	0.073572
4830	0.073567
4829	0.073567
140	0.073565
1060	0.073474
6868	0.073405
1063	0.073370
5986	0.073347
12912	0.073306
365	0.073216
9590	0.073211
3447	0.073154
6006	0.073100
8321	0.073088
13202	0.073011
9724	0.072988
8320	0.072877
1002	0.072832
10108	0.072789
9449	0.072753
3499	0.072657
5616	0.072638
2137	0.072549
8757	0.072530
8756	0.072530
8550	0.072530
3474	0.072510
5745	0.072475
4714	0.072291
2597	0.071960
11736	0.071959
12379	0.071951
4432	0.071933
2080	0.071667
4431	0.071592
1239	0.071436
4182	0.071373
9308	0.071368
12235	0.071281
718	0.071241
9581	0.071203
10954	0.071123
9238	0.071109
10488	0.071068
5762	0.071068
3351	0.071054
6399	0.070978
3665	0.070936
1246	0.070864
9558	0.070563
4813	0.070563
4433	0.070399
1202	0.070290
6591	0.070165
12488	0.070142
2220	0.070136
9422	0.070017
12078	0.069997
12487	0.069992
4642	0.069992
11642	0.069923
5817	0.069909
750	0.069850
7385	0.069808
3601	0.069739
13618	0.069625
13419	0.069625
6840	0.069625
7758	0.069561
157	0.069498
8956	0.069270
8955	0.069270
413	0.069082
8837	0.068949
11144	0.068829
10633	0.068829
8707	0.068759
11394	0.068747
13015	0.068664
2942	0.068636
6008	0.068576
6060	0.068568
9918	0.068545
1718	0.068477
2040	0.068409
11467	0.068287
12236	0.068284
6531	0.068188
3783	0.068075
14255	0.068065
10284	0.068037
1252	0.067881
12917	0.067749
3295	0.067749
3293	0.067749
13403	0.067680
4239	0.067657
1214	0.067486
2583	0.067484
2575	0.067463
11764	0.067412
9288	0.067388
11881	0.067381
9356	0.067335
11003	0.067139
9492	0.067134
10384	0.067088
6763	0.067016
881	0.066993
11005	0.066904
3841	0.066825
6126	0.066738
6125	0.066738
8355	0.066591
1460	0.066514
8115	0.066332
10883	0.066178
2713	0.066141
13193	0.066091
8750	0.066031
11863	0.066009
2732	0.066009
4122	0.065937
1250	0.065837
4255	0.065830
6876	0.065682
11001	0.065651
133	0.065651
1127	0.065584
1179	0.065568
9042	0.065496
2531	0.065428
11883	0.065182
11882	0.065182
3781	0.065182
5801	0.065168
1412	0.065098
2321	0.065038
11431	0.065002
4489	0.064967
3132	0.064951
10476	0.064895
2099	0.064883
1751	0.064822
11190	0.064735
5951	0.064721
4490	0.064700
939	0.064632
11035	0.064568
11723	0.064532
2193	0.064388
10827	0.064382
744	0.064378
2858	0.064315
12210	0.064295
1435	0.064295
3161	0.064133
3777	0.064032
11384	0.063998
7278	0.063967
2242	0.063865
2359	0.063820
11378	0.063801
159	0.063784
7405	0.063714
883	0.063681
5072	0.063593
11281	0.063528
5444	0.063521
531	0.063514
8873	0.063487
595	0.063446
7035	0.063250
5952	0.063216
4808	0.063212
10727	0.063166
10312	0.063131
5544	0.063092
2285	0.063063
7639	0.063037
3026	0.062999
11328	0.062994
9543	0.062908
11140	0.062830
12347	0.062794
10590	0.062791
1328	0.062773
3300	0.062731
12271	0.062673
1099	0.062567
2154	0.062516
10644	0.062331
6908	0.062194
5638	0.062099
8111	0.062025
2919	0.062002
13539	0.061822
1834	0.061785
10544	0.061761
12080	0.061738
9923	0.061577
2852	0.061518
12369	0.061508
12361	0.061508
833	0.061281
2680	0.061274
4243	0.061208
3819	0.061187
4191	0.061168
11163	0.061132
9344	0.061090
5950	0.061009
10627	0.060927
10500	0.060862
5219	0.060825
11653	0.060819
5107	0.060783
1126	0.060705
7907	0.060640
9715	0.060629
8990	0.060621
8989	0.060621
8987	0.060621
8986	0.060621
8984	0.060621
11346	0.060598
6577	0.060571
9343	0.060535
10424	0.060407
2596	0.060400
581	0.060318
13397	0.060224
1079	0.060113
2329	0.060021
12776	0.059994
2243	0.059902
11668	0.059756
8469	0.059699
2060	0.059635
3047	0.059611
10263	0.059604
2908	0.059575
11734	0.059493
5783	0.059328
1161	0.059322
8778	0.059288
13274	0.059269
5168	0.059231
8251	0.059177
5060	0.059157
11101	0.059138
11962	0.058946
3897	0.058935
12562	0.058874
6632	0.058850
5643	0.058843
1441	0.058825
1564	0.058732
953	0.058705
10991	0.058692
11134	0.058672
1465	0.058661
11865	0.058597
2585	0.058553
3133	0.058469
11784	0.058329
5842	0.058256
7142	0.058214
10975	0.058210
514	0.058140
1038	0.058057
3608	0.058039
2122	0.057941
13382	0.057885
1070	0.057862
3916	0.057827
12754	0.057768
13717	0.057715
8228	0.057671
4825	0.057642
940	0.057635
4401	0.057609
1056	0.057556
8779	0.057525
12294	0.057508
5633	0.057493
11162	0.057483
7162	0.057438
3898	0.057433
7003	0.057386
11974	0.057306
2335	0.057281
12663	0.057016
5545	0.057004
2571	0.056941
9726	0.056841
2904	0.056833
9549	0.056808
10536	0.056702
9563	0.056667
3124	0.056439
11898	0.056413
11699	0.056409
7417	0.056409
10662	0.056315
13503	0.056255
12743	0.056247
5092	0.056231
6915	0.056217
749	0.056187
4965	0.056153
9540	0.056139
10492	0.056059
825	0.056029
2440	0.056000
6541	0.055962
3021	0.055880
6662	0.055827
387	0.055762
13275	0.055677
2062	0.055668
1169	0.055616
6237	0.055580
2355	0.055556
13593	0.055540
465	0.055531
5881	0.055492
2981	0.055433
13223	0.055422
9020	0.055350
183	0.055314
2791	0.055189
13163	0.055186
10169	0.055186
2574	0.055176
9279	0.055087
2439	0.055085
14327	0.055025
14325	0.055025
14324	0.055025
14323	0.055025
14314	0.055025
14305	0.055025
14293	0.055025
14286	0.055025
14261	0.055025
14244	0.055025
14208	0.055025
14136	0.055025
14104	0.055025
14092	0.055025
14086	0.055025
14082	0.055025
14079	0.055025
13968	0.055025
13857	0.055025
10726	0.055025
7867	0.055025
913	0.054969
4782	0.054945
11502	0.054930
5732	0.054923
3756	0.054903
784	0.054896
9889	0.054883
10016	0.054860
4043	0.054797
10495	0.054649
2252	0.054643
834	0.054623
7912	0.054584
4783	0.054574
3292	0.054548
4784	0.054514
3806	0.054441
7373	0.054379
1767	0.054377
3162	0.054366
10828	0.054274
12654	0.054273
360	0.054261
7045	0.054173
3746	0.054109
3747	0.054096
11443	0.054016
11369	0.054016
8478	0.053969
7261	0.053949
3242	0.053939
3636	0.053925
5511	0.053888
4729	0.053810
13969	0.053790
9797	0.053745
13237	0.053702
1639	0.053691
8970	0.053664
256	0.053633
2210	0.053621
2118	0.053560
3589	0.053525
7680	0.053517
11026	0.053514
10719	0.053512
11740	0.053508
3639	0.053498
79	0.053453
2120	0.053445
3843	0.053326
35	0.053300
1831	0.053154
1685	0.053109
489	0.053104
12497	0.053007
158	0.052913
6360	0.052908
835	0.052857
1695	0.052850
1213	0.052802
12662	0.052802
12492	0.052796
1470	0.052736
8878	0.052697
9733	0.052695
502	0.052657
5896	0.052644
11392	0.052627
13389	0.052606
2263	0.052591
147	0.052549
14265	0.052548
14264	0.052548
6354	0.052498
13254	0.052464
12934	0.052464
12933	0.052464
12932	0.052464
12081	0.052464
8996	0.052464
8994	0.052464
8992	0.052464
3947	0.052457
12935	0.052456
11603	0.052425
1641	0.052305
2577	0.052285
12094	0.052282
3570	0.052282
3540	0.052231
9614	0.052225
12310	0.052213
3571	0.052202
4548	0.052169
754	0.052128
4545	0.052090
10682	0.052087
11874	0.052051
9522	0.052041
7694	0.052040
11363	0.051936
4150	0.051903
11468	0.051851
12441	0.051842
6439	0.051811
4036	0.051810
1075	0.051810
4785	0.051772
4261	0.051759
10526	0.051741
9627	0.051721
9640	0.051678
830	0.051672
5639	0.051667
6236	0.051634
6235	0.051634
6233	0.051634
8991	0.051581
2293	0.051440
7143	0.051412
11660	0.051339
11600	0.051319
1312	0.051271
1464	0.051191
3691	0.051181
603	0.051135
3138	0.051078
551	0.051043
3896	0.051039
10983	0.051021
12440	0.050972
191	0.050965
2974	0.050956
7190	0.050931
11377	0.050922
9519	0.050851
11300	0.050840
11004	0.050784
6446	0.050767
875	0.050544
2207	0.050525
12115	0.050516
4241	0.050504
4455	0.050424
2792	0.050423
1289	0.050399
11414	0.050371
9999	0.050368
12351	0.050367
6478	0.050367
391	0.050342
6198	0.050281
1295	0.050251
13148	0.050216
13147	0.050216
7892	0.050216
6298	0.050216
6297	0.050216
10622	0.050172
10140	0.050045
4299	0.050014
8951	0.049982
1303	0.049959
2084	0.049958
533	0.049934
1950	0.049920
6180	0.049907
2972	0.049891
3141	0.049860
5073	0.049853
9009	0.049729
8260	0.049729
4312	0.049662
12403	0.049629
13118	0.049611
3653	0.049611
1055	0.049611
4734	0.049610
1438	0.049595
1007	0.049563
9307	0.049518
467	0.049503
355	0.049451
6469	0.049443
800	0.049279
8261	0.049274
156	0.049230
5654	0.049211
739	0.049197
11897	0.049192
1187	0.049134
371	0.049051
10929	0.049050
5089	0.049000
2897	0.048913
3321	0.048904
209	0.048881
12258	0.048702
9809	0.048689
12411	0.048680
