13076	0.162513
5375	0.154320
6695	0.144129
13036	0.142108
3739	0.141781
3745	0.141319
12053	0.141284
2841	0.129564
3921	0.129133
304	0.127361
6761	0.122111
2277	0.116550
3438	0.114645
12281	0.114250
6619	0.114250
14162	0.111334
8312	0.111192
4466	0.111063
3209	0.109776
3437	0.109682
1756	0.108961
13449	0.108304
11858	0.108019
9439	0.107498
9462	0.106710
4262	0.106663
1285	0.105368
7774	0.104831
5641	0.104831
5642	0.104821
5347	0.104642
9218	0.104468
7526	0.104457
8864	0.104408
8863	0.104408
8583	0.104408
8124	0.104408
7904	0.104408
7903	0.104408
7902	0.104408
7901	0.104408
7900	0.104408
7899	0.104408
7897	0.104408
7896	0.104408
7895	0.104408
2105	0.104209
6838	0.104002
5500	0.103963
13545	0.103762
1419	0.102928
2952	0.101486
1952	0.100997
4873	0.100784
4175	0.100687
2881	0.100010
645	0.099814
4176	0.099719
6217	0.099683
5299	0.099652
12276	0.099638
14263	0.099638
14002	0.099638
14001	0.099638
14000	0.099638
13998	0.099638
13996	0.099638
6666	0.099638
5064	0.099638
4854	0.099638
4852	0.099638
2052	0.099209
13054	0.099168
11987	0.099097
4977	0.098130
5546	0.096965
13265	0.096594
6395	0.096569
4976	0.096377
1420	0.096183
268	0.096175
11658	0.096083
2892	0.096037
3212	0.095894
1346	0.095650
4542	0.094834
9623	0.094545
11989	0.094477
12070	0.094420
6305	0.094236
13030	0.094192
2107	0.094072
12252	0.093851
6967	0.093616
6689	0.093616
13060	0.093582
13055	0.093582
13048	0.093582
13014	0.093582
13009	0.093582
12892	0.093582
8379	0.093582
13997	0.093333
4468	0.093156
3738	0.093024
2755	0.092777
6191	0.092256
781	0.092143
6267	0.092051
6302	0.092051
2820	0.092007
2958	0.091959
9881	0.091867
876	0.091845
4855	0.091677
14003	0.091288
4998	0.091287
10982	0.091055
2274	0.090768
2600	0.090660
4118	0.090637
6317	0.090591
782	0.090306
4850	0.090089
9909	0.089943
12141	0.089720
2097	0.089665
4848	0.089444
11737	0.089424
1919	0.089215
1673	0.089169
13633	0.089039
13490	0.088703
13632	0.088703
13631	0.088703
13013	0.088539
12962	0.088539
12219	0.088380
10694	0.088212
10226	0.088133
9204	0.087878
8592	0.087878
1232	0.087645
1229	0.087645
3505	0.087171
8329	0.086920
11818	0.086872
352	0.086784
6616	0.086541
9226	0.086412
9217	0.086412
8534	0.086412
7827	0.086370
12101	0.085997
4538	0.085975
9200	0.085879
7958	0.085842
6278	0.085697
7295	0.085546
7659	0.085484
2280	0.085445
4537	0.085068
14266	0.084777
13897	0.084578
2773	0.084287
4824	0.083866
9215	0.083809
8531	0.083667
5219	0.083515
13557	0.083390
13556	0.083390
9135	0.083329
9385	0.083283
7686	0.083059
7306	0.082975
4463	0.082937
4935	0.082723
2	0.082660
13928	0.082080
13061	0.082031
1905	0.082026
13926	0.081957
6806	0.081830
51	0.081735
9702	0.081648
633	0.081624
8584	0.081507
3934	0.081423
9231	0.081396
8634	0.081380
1228	0.080892
13500	0.080884
2968	0.080752
4169	0.080714
8671	0.080679
14407	0.080665
9235	0.080657
9230	0.080657
9228	0.080657
9225	0.080657
9224	0.080657
9221	0.080657
9219	0.080657
9214	0.080657
9213	0.080657
9211	0.080657
9209	0.080657
9208	0.080657
9206	0.080657
9193	0.080657
8807	0.080657
8679	0.080657
8677	0.080657
8675	0.080657
8674	0.080657
8673	0.080657
8670	0.080657
8637	0.080657
8633	0.080657
8631	0.080657
8610	0.080657
8591	0.080657
8539	0.080657
8538	0.080657
8537	0.080657
8536	0.080657
8529	0.080657
8526	0.080657
8525	0.080657
8632	0.080657
1094	0.080615
6443	0.080604
8635	0.080525
5033	0.080116
4509	0.080006
86	0.079773
13942	0.079639
9869	0.079596
11147	0.079550
14248	0.079532
8047	0.079532
10232	0.079514
4042	0.079422
3741	0.079422
2621	0.079347
12143	0.079334
8773	0.079007
6621	0.079007
6378	0.078943
11226	0.078919
12182	0.078814
4464	0.078814
13517	0.078715
2714	0.078705
7400	0.078669
6618	0.078543
13665	0.078513
6889	0.078473
8676	0.078190
10511	0.078099
5034	0.078019
6482	0.078003
5346	0.077873
9711	0.077811
9708	0.077811
9707	0.077811
9705	0.077811
9703	0.077811
9512	0.077771
9699	0.077734
10227	0.077585
7752	0.077462
5918	0.077242
3638	0.077104
11638	0.076992
8207	0.076830
13815	0.076728
4672	0.076697
14283	0.076674
2185	0.076580
9210	0.076511
9028	0.076276
4619	0.076251
4465	0.076245
1534	0.076211
9177	0.076208
4106	0.076061
9081	0.076054
9078	0.076054
8636	0.075865
2118	0.075843
7872	0.075565
8352	0.075564
8351	0.075564
2957	0.075564
2956	0.075564
12357	0.075394
13552	0.075390
13511	0.075390
13507	0.075390
7101	0.075359
3604	0.075321
7642	0.075292
4667	0.075246
3940	0.075245
14303	0.075144
14302	0.075144
14301	0.075144
14300	0.075144
14299	0.075144
823	0.075115
7167	0.075024
9610	0.074915
5433	0.074867
1953	0.074787
1954	0.074787
2598	0.074768
1951	0.074705
1403	0.074630
4849	0.074606
5746	0.074587
85	0.074454
6127	0.074321
13945	0.074262
874	0.074120
14415	0.074117
9277	0.074117
12030	0.073962
5118	0.073865
498	0.073827
1734	0.073823
4105	0.073752
13850	0.073741
2951	0.073563
2542	0.073539
2979	0.073390
4671	0.073161
4669	0.073161
9192	0.073125
2990	0.073118
6895	0.072926
1889	0.072851
4670	0.072795
6896	0.072749
3193	0.072741
9237	0.072741
3736	0.072730
14290	0.072677
8530	0.072618
9220	0.072595
5829	0.072542
2110	0.072366
6528	0.072342
6101	0.072258
5830	0.072186
11679	0.072174
6530	0.072168
7767	0.071913
7453	0.071856
3774	0.071845
9706	0.071828
9202	0.071826
7676	0.071549
2064	0.071404
5045	0.071287
9613	0.071278
6102	0.071267
9361	0.071047
2109	0.070991
2116	0.070942
12069	0.070706
9170	0.070672
11988	0.070656
9098	0.070642
13932	0.070637
6295	0.070628
13999	0.070616
5005	0.070616
6157	0.070499
7082	0.070329
6598	0.070306
35	0.070208
74	0.070043
8621	0.070026
4093	0.070014
9775	0.069924
12785	0.069889
14004	0.069862
4866	0.069862
2902	0.069804
2281	0.069610
9612	0.069593
9152	0.069323
7699	0.069227
6149	0.069115
6576	0.069020
6677	0.068990
2117	0.068862
10748	0.068698
9834	0.068698
14214	0.068664
7379	0.068483
2458	0.068432
12784	0.068361
7700	0.068329
5697	0.068241
11298	0.068178
10994	0.068178
3287	0.068162
7131	0.068139
11556	0.068084
3786	0.068043
9704	0.068032
2452	0.068022
13462	0.068002
5305	0.067956
9099	0.067874
12530	0.067830
6473	0.067806
2816	0.067742
4165	0.067584
5062	0.067578
4416	0.067458
8625	0.067399
13676	0.067398
1458	0.067256
8090	0.067202
2847	0.067202
2843	0.067202
2839	0.067202
3984	0.067186
11739	0.067148
12204	0.067127
9578	0.067109
13664	0.067060
599	0.067022
2114	0.066931
2840	0.066892
4153	0.066822
2523	0.066791
13939	0.066776
3666	0.066665
3002	0.066634
4778	0.066625
12873	0.066611
3884	0.066553
2363	0.066461
404	0.066446
2541	0.066398
3388	0.066377
13396	0.066331
13338	0.066331
4853	0.066308
13012	0.066228
13004	0.066228
13394	0.066115
7491	0.066080
9347	0.066056
13889	0.066022
2821	0.065914
2453	0.065903
14101	0.065862
8365	0.065862
12636	0.065699
4087	0.065646
13910	0.065645
2283	0.065635
6731	0.065586
353	0.065524
4383	0.065380
5245	0.065362
2380	0.065327
2950	0.065270
4094	0.065259
7245	0.065250
4301	0.065220
9503	0.065147
14085	0.065082
1812	0.064988
1811	0.064988
12670	0.064986
6078	0.064851
1238	0.064817
2812	0.064783
243	0.064767
4624	0.064749
9741	0.064736
3310	0.064736
12275	0.064720
10943	0.064655
2424	0.064526
13319	0.064522
2477	0.064521
549	0.064329
1809	0.064324
13767	0.064312
13689	0.064306
13489	0.064306
8293	0.064286
8391	0.064267
3087	0.064267
13680	0.064266
9710	0.064244
4787	0.064239
10233	0.064230
4668	0.064215
1785	0.064169
2362	0.064080
11129	0.064079
12310	0.064044
11677	0.064006
4494	0.064006
4493	0.064006
9686	0.063982
4709	0.063976
3311	0.063971
12061	0.063947
8604	0.063836
9797	0.063807
1780	0.063760
1173	0.063717
2996	0.063685
9207	0.063662
9205	0.063662
8528	0.063662
370	0.063633
5591	0.063614
6303	0.063539
4834	0.063477
3507	0.063446
11467	0.063413
5926	0.063338
3960	0.063318
3956	0.063318
14120	0.063298
235	0.063212
3314	0.063157
1090	0.063097
5877	0.063086
14186	0.063007
11767	0.062853
7560	0.062687
3170	0.062559
4111	0.062557
2602	0.062451
5035	0.062394
9201	0.062305
3083	0.062166
3957	0.062143
1675	0.061927
861	0.061764
469	0.061759
1964	0.061737
7913	0.061722
5968	0.061722
470	0.061722
5354	0.061629
4476	0.061539
14071	0.061532
2119	0.061423
5967	0.061414
2522	0.061291
354	0.061231
1237	0.061201
3389	0.061190
2605	0.061132
8892	0.061119
11964	0.061034
4836	0.060946
2845	0.060945
5914	0.060937
11733	0.060915
7955	0.060908
10230	0.060899
6255	0.060892
3873	0.060832
6134	0.060778
11523	0.060759
9466	0.060692
1800	0.060656
9735	0.060651
1897	0.060611
11624	0.060572
92	0.060558
2263	0.060516
5006	0.060508
6851	0.060488
578	0.060481
8552	0.060452
12909	0.060442
2941	0.060412
9413	0.060349
8615	0.060296
351	0.060211
13374	0.060182
13373	0.060182
4511	0.060118
13116	0.060008
3973	0.059952
10229	0.059920
1400	0.059902
10337	0.059792
1835	0.059706
10559	0.059667
4160	0.059621
12263	0.059615
4682	0.059615
79	0.059598
1898	0.059511
9787	0.059432
9786	0.059432
9785	0.059432
9784	0.059432
9783	0.059432
9782	0.059432
9781	0.059432
9778	0.059432
9280	0.059432
8585	0.059432
8567	0.059432
8553	0.059432
11646	0.059415
10330	0.059367
6465	0.059322
2275	0.059320
5907	0.059317
7207	0.059179
6532	0.059176
13698	0.059124
13544	0.059124
2954	0.059097
9780	0.059057
12525	0.059001
9121	0.058947
9112	0.058947
888	0.058934
10127	0.058932
7182	0.058913
12915	0.058908
12914	0.058908
5650	0.058811
10916	0.058777
11394	0.058773
12041	0.058769
10582	0.058757
9840	0.058737
9870	0.058735
6587	0.058711
9415	0.058688
8851	0.058688
8850	0.058688
9438	0.058680
4113	0.058636
8168	0.058585
12462	0.058557
10685	0.058557
9307	0.058527
4112	0.058504
3773	0.058393
1833	0.058369
7394	0.058260
6044	0.058256
14269	0.058246
13456	0.058190
13342	0.058190
9460	0.058092
5451	0.058078
4116	0.058067
6631	0.058048
10723	0.057929
12188	0.057882
4692	0.057880
1956	0.057810
10589	0.057804
11678	0.057787
12311	0.057784
1030	0.057764
38	0.057723
3636	0.057636
9150	0.057596
9480	0.057569
8533	0.057569
5189	0.057567
9232	0.057557
3448	0.057535
2783	0.057265
1265	0.057218
4447	0.057199
609	0.057194
9195	0.057043
13355	0.056996
9484	0.056879
9483	0.056879
1132	0.056639
11019	0.056637
2828	0.056588
2174	0.056572
780	0.056466
4231	0.056445
6525	0.056395
685	0.056364
2980	0.056361
5790	0.056279
10739	0.056216
10788	0.056216
10777	0.056216
10759	0.056216
9957	0.056179
3837	0.056166
7977	0.056108
11798	0.056055
11365	0.056041
11270	0.056041
10957	0.056041
7144	0.056041
4758	0.056018
11297	0.055992
12403	0.055965
3654	0.055916
881	0.055911
2188	0.055889
1078	0.055823
11806	0.055810
11966	0.055761
10076	0.055756
4756	0.055711
12010	0.055693
10456	0.055687
6913	0.055684
1731	0.055676
10077	0.055659
6051	0.055632
9222	0.055529
9912	0.055456
9911	0.055456
9682	0.055429
7856	0.055428
6065	0.055372
8202	0.055346
5649	0.055344
9913	0.055237
5913	0.055229
13533	0.055215
13532	0.055215
13531	0.055215
4596	0.055126
6707	0.055088
2594	0.054992
13148	0.054953
13147	0.054953
7892	0.054953
6298	0.054953
6297	0.054953
14199	0.054936
8611	0.054927
5012	0.054924
2227	0.054924
11072	0.054916
6281	0.054909
6198	0.054883
9999	0.054865
9608	0.054812
12798	0.054703
13448	0.054698
2817	0.054639
12125	0.054634
6064	0.054620
4204	0.054566
9342	0.054525
12089	0.054519
2944	0.054482
5191	0.054362
6663	0.054348
6533	0.054249
9223	0.054237
1758	0.054197
3358	0.054134
7874	0.054086
13222	0.054078
12007	0.054074
13320	0.054065
5156	0.054031
2278	0.053991
4358	0.053908
5958	0.053902
977	0.053819
5044	0.053748
4349	0.053723
5635	0.053720
9727	0.053608
11300	0.053510
10378	0.053471
10377	0.053467
331	0.053461
2027	0.053427
7114	0.053365
3539	0.053351
80	0.053347
11977	0.053288
3557	0.053281
10389	0.053229
4520	0.053168
3588	0.053145
4426	0.053122
948	0.053098
6426	0.053034
13121	0.053022
4789	0.053022
4788	0.053022
8451	0.052947
9393	0.052919
6697	0.052914
14416	0.052869
225	0.052803
10556	0.052755
164	0.052738
7954	0.052707
3151	0.052703
10658	0.052696
5038	0.052627
6147	0.052619
1008	0.052606
5780	0.052591
11415	0.052565
6592	0.052408
5908	0.052400
2282	0.052379
10045	0.052303
8471	0.052273
10657	0.052219
155	0.052179
4348	0.052109
8028	0.052085
6251	0.052071
6249	0.052071
307	0.052056
8740	0.051979
7202	0.051957
2206	0.051880
1778	0.051867
5779	0.051834
9713	0.051823
5296	0.051770
239	0.051707
11996	0.051589
5778	0.051574
10557	0.051519
6291	0.051518
4664	0.051511
5748	0.051473
6072	0.051470
2208	0.051449
1236	0.051449
11715	0.051426
14250	0.051401
10558	0.051401
10555	0.051401
6968	0.051401
12955	0.051369
8042	0.051362
6204	0.051307
12274	0.051293
8236	0.051293
8235	0.051293
6980	0.051293
6953	0.051293
298	0.051293
3613	0.051289
9168	0.051283
2595	0.051253
679	0.051236
3128	0.051176
3121	0.051176
3048	0.051176
2624	0.051176
2303	0.051175
13131	0.051160
9673	0.051129
10523	0.051094
2175	0.051080
5832	0.051071
5289	0.051067
6746	0.051046
12425	0.051045
6081	0.050955
12502	0.050914
6292	0.050821
7203	0.050779
2201	0.050734
2666	0.050713
6171	0.050709
4683	0.050709
1925	0.050696
8711	0.050665
8710	0.050650
426	0.050618
8732	0.050616
11968	0.050537
949	0.050537
456	0.050424
3373	0.050363
8712	0.050354
8303	0.050354
8302	0.050354
7362	0.050354
6359	0.050354
6202	0.050258
11233	0.050232
9381	0.050232
11325	0.050221
4167	0.050220
10376	0.050190
12853	0.050188
13236	0.050164
9917	0.050150
8318	0.050015
12077	0.050013
6461	0.050013
3711	0.050013
13427	0.050009
10761	0.049988
119	0.049957
9717	0.049917
4582	0.049900
11840	0.049896
6277	0.049888
6035	0.049882
6501	0.049881
9244	0.049877
10356	0.049826
13235	0.049821
7178	0.049789
4495	0.049789
10776	0.049762
7200	0.049740
14249	0.049701
6170	0.049655
6138	0.049653
5492	0.049643
11813	0.049610
4595	0.049579
10028	0.049505
4154	0.049502
10762	0.049466
12872	0.049377
1483	0.049320
10740	0.049311
1131	0.049295
3071	0.049249
9709	0.049232
13095	0.049228
6969	0.049228
12442	0.049218
12431	0.049169
4693	0.049167
5243	0.049134
11211	0.049116
2394	0.049111
4958	0.049069
1097	0.049066
2411	0.049048
10701	0.049035
8180	0.049021
8928	0.049016
6055	0.048931
5101	0.048920
1747	0.048904
9770	0.048904
6680	0.048881
5142	0.048861
6007	0.048861
465	0.048805
1906	0.048794
5745	0.048785
3054	0.048776
82	0.048770
12237	0.048753
2046	0.048736
9861	0.048728
9819	0.048728
6605	0.048670
3700	0.048666
12250	0.048650
11626	0.048584
13574	0.048541
7089	0.048519
11992	0.048509
11237	0.048455
875	0.048439
4148	0.048435
14427	0.048406
5291	0.048377
2207	0.048302
9788	0.048282
10198	0.048280
9633	0.048246
9630	0.048246
9628	0.048246
9626	0.048246
9625	0.048246
