6857	0.162792
5868	0.145255
2114	0.144457
9462	0.142931
9623	0.140137
11858	0.139999
9439	0.139659
5347	0.137048
5642	0.136883
7774	0.136878
5641	0.136878
2052	0.133931
1673	0.132828
1419	0.132655
2820	0.130877
2958	0.129795
4106	0.128945
7872	0.128851
8352	0.128849
8351	0.128849
2957	0.128849
2956	0.128849
5433	0.128696
882	0.127553
4105	0.127313
6895	0.126997
6896	0.126539
13850	0.126445
2902	0.126266
2105	0.124596
1420	0.123806
6532	0.120875
4538	0.118443
6006	0.118296
11658	0.116553
13265	0.116534
4542	0.115225
1656	0.112735
414	0.112171
2954	0.112052
6361	0.106158
8531	0.106127
2952	0.105850
879	0.105599
9610	0.105545
5413	0.105472
6380	0.104744
3907	0.104637
13688	0.103827
1039	0.101570
1733	0.100606
3905	0.100212
6987	0.098828
4037	0.098435
7713	0.097766
2186	0.097291
9218	0.096847
3538	0.096828
2955	0.096797
2953	0.096797
13050	0.096768
11618	0.096692
1254	0.096642
7511	0.096526
6407	0.096407
5184	0.096325
11982	0.096027
5414	0.096027
5412	0.096027
1269	0.095964
903	0.095831
12296	0.094119
6244	0.094119
1654	0.093957
12295	0.093456
6243	0.093456
6102	0.093204
7880	0.093000
6623	0.091601
14342	0.091370
524	0.090735
2521	0.090475
8334	0.089680
823	0.089368
9518	0.089156
1882	0.088977
3539	0.088808
129	0.088745
11634	0.088371
9172	0.087579
13578	0.087308
13576	0.087308
13390	0.087308
9611	0.087268
8678	0.087189
5029	0.087115
4522	0.087039
3906	0.086466
5030	0.086168
268	0.086082
9578	0.085999
7560	0.085594
11635	0.085578
13498	0.085181
8676	0.084979
13497	0.084953
4256	0.084861
6049	0.084490
4721	0.084441
3841	0.084065
2276	0.083841
4147	0.083283
3283	0.082945
5898	0.082926
9633	0.082765
9630	0.082765
9628	0.082765
9626	0.082765
9625	0.082765
9624	0.082765
9622	0.082765
9621	0.082765
9620	0.082765
9619	0.082765
9618	0.082765
9615	0.082765
9482	0.082765
9449	0.082752
2970	0.082612
9503	0.082524
1231	0.082387
7420	0.082368
5031	0.081993
5032	0.081832
7830	0.081621
9062	0.081381
5893	0.081328
5892	0.081328
5891	0.081328
5890	0.081328
5889	0.081328
5902	0.081324
5901	0.081324
5900	0.081324
5899	0.081324
8464	0.080754
6008	0.080734
1078	0.080703
2418	0.080645
6060	0.080460
9692	0.080316
2168	0.080301
12201	0.080240
9606	0.080092
13442	0.080087
11212	0.079983
11863	0.079925
2732	0.079925
9455	0.079778
854	0.079716
2371	0.079666
3093	0.079499
7258	0.079447
2320	0.079443
2227	0.079427
7977	0.079386
13541	0.079277
5510	0.079164
13334	0.079153
4111	0.078914
13603	0.078906
13238	0.078906
9553	0.078906
2959	0.078906
12103	0.078906
9613	0.078774
14269	0.078750
4268	0.078727
4692	0.078491
4672	0.078176
9612	0.078072
730	0.077950
2979	0.077937
10664	0.077889
7295	0.077851
9338	0.077809
2960	0.077778
852	0.077639
11301	0.077285
9540	0.077252
9414	0.077240
2280	0.077204
13575	0.076917
2107	0.076869
6036	0.076576
12077	0.076464
6461	0.076464
3711	0.076464
6725	0.076421
13235	0.076361
2031	0.075931
4255	0.075866
8661	0.075844
5033	0.075815
6117	0.075798
4537	0.075644
7553	0.075512
1264	0.075405
7449	0.075247
2821	0.075101
13724	0.075069
7879	0.074987
13665	0.074932
4766	0.074893
10226	0.074873
5034	0.074723
9042	0.074722
8335	0.074470
2023	0.074403
9690	0.074363
1649	0.074360
9143	0.074333
6242	0.074333
7453	0.073757
7676	0.073672
9177	0.073638
1756	0.073508
8924	0.073497
8982	0.073431
981	0.073395
6804	0.073329
6913	0.073173
7710	0.073149
9232	0.073102
13533	0.073076
13532	0.073076
13531	0.073076
5953	0.072755
4767	0.072710
9152	0.072619
8953	0.072612
12909	0.072497
9413	0.072479
13417	0.072467
2666	0.072331
2128	0.072175
8604	0.072133
5954	0.072051
11838	0.071965
7283	0.071965
7284	0.071928
5896	0.071923
9226	0.071746
9217	0.071746
8534	0.071746
5059	0.071743
7827	0.071728
6880	0.071533
3004	0.071502
10780	0.071451
1885	0.071310
1884	0.071310
1883	0.071310
8419	0.071205
6971	0.071161
13027	0.071134
9049	0.071134
9048	0.071134
9046	0.071134
8420	0.071134
7027	0.071134
5216	0.071134
9043	0.071128
8135	0.071083
10694	0.070988
2768	0.070957
11143	0.070853
2159	0.070732
514	0.070693
1743	0.070674
8625	0.070335
4485	0.070327
2765	0.070145
1141	0.070102
13694	0.070029
8634	0.069814
9231	0.069777
9484	0.069747
9483	0.069747
5546	0.069637
1262	0.069624
13320	0.069621
9609	0.069596
9580	0.069596
1106	0.069533
2283	0.069523
6520	0.069337
9879	0.069245
1939	0.069120
889	0.069053
2278	0.069029
10227	0.069002
7526	0.069002
8864	0.068938
8863	0.068938
8583	0.068938
8124	0.068938
7904	0.068938
7903	0.068938
7902	0.068938
7901	0.068938
7900	0.068938
7899	0.068938
7897	0.068938
7896	0.068938
7895	0.068938
6806	0.068853
9047	0.068844
2	0.068698
7767	0.068529
12023	0.068297
2522	0.068287
2172	0.068137
3754	0.068117
2968	0.068112
6501	0.067944
8584	0.067844
1108	0.067701
8418	0.067577
13698	0.067130
13544	0.067130
2036	0.067085
1158	0.067080
9050	0.067002
9436	0.066959
10582	0.066893
6838	0.066885
11865	0.066853
1635	0.066818
13535	0.066783
9839	0.066779
13634	0.066749
5571	0.066711
5350	0.066711
3611	0.066708
5659	0.066581
10698	0.066457
8468	0.066432
2978	0.066432
2977	0.066432
5215	0.066382
7458	0.066380
3494	0.066181
3427	0.066162
8635	0.066157
8942	0.065894
4857	0.065686
3492	0.065365
13281	0.065310
13282	0.065296
9631	0.065183
12695	0.065174
12050	0.065060
13673	0.064879
13672	0.064879
13671	0.064879
10696	0.064835
1589	0.064732
10697	0.064606
9347	0.064601
11908	0.064598
13326	0.064593
4169	0.064533
11812	0.064521
8671	0.064502
1097	0.064492
9235	0.064491
9230	0.064491
9228	0.064491
9225	0.064491
9224	0.064491
9221	0.064491
9219	0.064491
9214	0.064491
9213	0.064491
9211	0.064491
9209	0.064491
9208	0.064491
9206	0.064491
9193	0.064491
8807	0.064491
8679	0.064491
8677	0.064491
8675	0.064491
8674	0.064491
8673	0.064491
8670	0.064491
8637	0.064491
8633	0.064491
8631	0.064491
8610	0.064491
8591	0.064491
8539	0.064491
8538	0.064491
8537	0.064491
8536	0.064491
8529	0.064491
8526	0.064491
8525	0.064491
8632	0.064491
9222	0.064491
9135	0.064409
6443	0.064400
9237	0.064399
387	0.064127
2275	0.063997
5627	0.063886
4722	0.063857
1442	0.063846
5035	0.063744
3067	0.063682
7730	0.063528
7445	0.063528
7444	0.063528
7175	0.063528
7080	0.063528
5346	0.063511
1486	0.063419
863	0.063408
1653	0.063167
5734	0.062952
3741	0.062892
8958	0.062740
2032	0.062735
12679	0.062718
4196	0.062707
11751	0.062642
1169	0.062633
3508	0.062601
3940	0.062578
6571	0.062551
155	0.062536
3837	0.062474
6192	0.062423
1768	0.062394
1893	0.062357
11806	0.062230
6482	0.062194
9713	0.062190
8619	0.062059
3569	0.062013
3710	0.061960
8524	0.061879
1349	0.061879
1293	0.061774
8231	0.061725
9204	0.061659
8592	0.061659
51	0.061655
3623	0.061530
391	0.061440
4301	0.061322
5123	0.061319
2450	0.061297
7680	0.061201
11733	0.061193
8530	0.061184
11226	0.061152
1265	0.061128
3442	0.061114
1315	0.061099
7642	0.060984
5245	0.060917
9460	0.060894
14290	0.060741
9702	0.060729
4693	0.060691
2272	0.060642
2914	0.060411
9699	0.060337
9711	0.060328
9708	0.060328
9707	0.060328
9705	0.060328
9703	0.060328
5459	0.060321
6889	0.060292
8636	0.060224
8845	0.060166
9395	0.060147
3333	0.060121
11881	0.060063
4144	0.059987
13321	0.059958
13994	0.059900
7931	0.059900
9045	0.059800
8837	0.059726
35	0.059663
4042	0.059633
12143	0.059560
12357	0.059517
881	0.059439
12046	0.059400
817	0.059380
9220	0.059373
105	0.059285
9170	0.059133
1941	0.059099
11883	0.059014
11882	0.059014
3781	0.059014
5289	0.058827
14415	0.058781
9277	0.058781
5989	0.058760
3597	0.058684
9207	0.058665
9205	0.058665
8528	0.058665
835	0.058657
10232	0.058651
4294	0.058593
4922	0.058509
8398	0.058365
13579	0.058221
11039	0.058221
12923	0.058214
9491	0.058214
2325	0.058214
2324	0.058214
3132	0.058195
13363	0.058177
5622	0.058108
948	0.058079
2594	0.058035
6464	0.058007
6463	0.058007
11242	0.057947
352	0.057909
3883	0.057852
9202	0.057838
14407	0.057755
4306	0.057740
12896	0.057705
4513	0.057705
6824	0.057681
5912	0.057657
4630	0.057623
426	0.057525
2950	0.057508
3780	0.057421
6081	0.057370
888	0.057263
6016	0.057184
11587	0.057140
14209	0.057122
2860	0.057092
824	0.057052
14226	0.057046
14225	0.057046
13873	0.057046
13872	0.057046
13871	0.057046
13870	0.057046
8437	0.057046
8435	0.057046
8434	0.057046
271	0.056997
10902	0.056997
10230	0.056974
1651	0.056958
2852	0.056922
9121	0.056918
9112	0.056918
9102	0.056874
6007	0.056744
4758	0.056731
12063	0.056722
1044	0.056662
534	0.056620
7752	0.056527
1480	0.056525
4032	0.056511
1942	0.056434
6910	0.056339
11362	0.056336
7152	0.056315
3299	0.056270
3777	0.056241
5206	0.056187
8711	0.056039
8732	0.056020
1243	0.055942
5720	0.055917
5500	0.055907
4231	0.055872
8710	0.055749
5623	0.055734
4753	0.055711
4520	0.055666
8436	0.055625
1735	0.055613
2542	0.055572
2851	0.055558
3889	0.055430
633	0.055364
1149	0.055350
11147	0.055316
2593	0.055310
12915	0.055257
12914	0.055257
3389	0.055160
6820	0.055136
5561	0.055136
115	0.055116
9021	0.055031
12300	0.054876
9539	0.054873
307	0.054849
2605	0.054767
11682	0.054665
3604	0.054519
12944	0.054493
10097	0.054471
8312	0.054377
14233	0.054369
1136	0.054369
13574	0.054328
9212	0.054324
5967	0.054261
2499	0.054209
63	0.054164
13585	0.054105
3783	0.054103
1163	0.054079
4334	0.054071
9700	0.054040
1854	0.054018
7913	0.053984
5968	0.053984
470	0.053984
5438	0.053959
469	0.053943
861	0.053937
3705	0.053916
10408	0.053810
5271	0.053714
2144	0.053634
169	0.053584
4571	0.053556
9704	0.053429
3784	0.053381
2501	0.053381
1479	0.053318
10186	0.053317
1574	0.053237
4713	0.053203
13400	0.053172
6603	0.053149
1052	0.053121
370	0.053117
3378	0.053109
8228	0.053106
14242	0.053070
13816	0.053070
2885	0.053070
6047	0.053053
11556	0.053002
792	0.052985
9531	0.052967
11252	0.052960
7037	0.052929
630	0.052828
883	0.052765
12126	0.052748
406	0.052683
12237	0.052668
11298	0.052652
10994	0.052652
7263	0.052650
6758	0.052647
855	0.052591
11307	0.052520
6188	0.052509
411	0.052380
5243	0.052341
6149	0.052255
170	0.052242
9438	0.052238
5434	0.052227
11944	0.052216
781	0.052191
12200	0.052188
2380	0.052175
11439	0.052118
6473	0.052116
5697	0.052111
2046	0.052095
1521	0.052089
4165	0.052087
1320	0.052066
5746	0.052055
4759	0.052015
13293	0.052001
12146	0.051977
8582	0.051977
7599	0.051977
3695	0.051977
3694	0.051977
3616	0.051977
586	0.051956
2856	0.051953
6818	0.051920
8712	0.051898
8303	0.051898
8302	0.051898
7362	0.051898
6359	0.051898
7379	0.051895
8422	0.051863
5737	0.051851
6202	0.051836
6587	0.051820
56	0.051805
13451	0.051803
13450	0.051803
13410	0.051803
10914	0.051797
11766	0.051750
4717	0.051735
2972	0.051716
14162	0.051693
1370	0.051682
13370	0.051643
8099	0.051638
7532	0.051629
7358	0.051629
1276	0.051597
13510	0.051590
8730	0.051589
6671	0.051488
11964	0.051467
2322	0.051444
1277	0.051407
1121	0.051348
5928	0.051330
2993	0.051327
8207	0.051300
8090	0.051207
2847	0.051207
2843	0.051207
2839	0.051207
4848	0.051198
3778	0.051130
2840	0.051122
13325	0.051086
2119	0.051067
351	0.051050
4582	0.051029
9726	0.051021
8168	0.050985
12115	0.050983
13456	0.050966
13342	0.050966
3373	0.050860
2303	0.050801
3128	0.050801
3121	0.050801
3048	0.050801
2624	0.050801
13261	0.050780
1609	0.050768
10233	0.050724
10409	0.050698
8348	0.050695
4488	0.050641
6689	0.050621
6967	0.050621
5908	0.050619
10149	0.050614
800	0.050603
3490	0.050570
11681	0.050535
4094	0.050533
8041	0.050520
3379	0.050515
3186	0.050512
9375	0.050509
1321	0.050492
2951	0.050448
5984	0.050443
2394	0.050436
1599	0.050413
9616	0.050409
4946	0.050408
6072	0.050407
12238	0.050338
6302	0.050310
6267	0.050310
4977	0.050293
6572	0.050292
3543	0.050272
5987	0.050265
6714	0.050260
11300	0.050175
1133	0.050138
6191	0.050093
4976	0.050088
8709	0.050079
686	0.050038
11032	0.050028
874	0.050005
11996	0.049968
13519	0.049963
4778	0.049962
8382	0.049951
6430	0.049948
1123	0.049948
2870	0.049899
156	0.049860
10542	0.049826
4589	0.049825
5026	0.049761
5027	0.049761
7659	0.049746
3054	0.049730
3493	0.049728
2917	0.049710
13651	0.049680
3487	0.049593
9200	0.049581
2365	0.049571
11151	0.049540
1642	0.049496
38	0.049467
7483	0.049441
2040	0.049425
10247	0.049422
2115	0.049357
4765	0.049317
9201	0.049301
10244	0.049301
7343	0.049296
1042	0.049248
4086	0.049241
7342	0.049215
9210	0.049193
10127	0.049119
8329	0.049039
1393	0.049007
11743	0.048987
3195	0.048979
7681	0.048962
10534	0.048955
1368	0.048926
2432	0.048923
6247	0.048918
1020	0.048866
221	0.048826
2279	0.048803
8324	0.048801
9142	0.048780
1905	0.048778
14248	0.048746
8047	0.048746
8862	0.048746
8861	0.048746
8860	0.048746
8859	0.048746
8858	0.048746
8857	0.048746
8844	0.048746
8843	0.048746
8842	0.048746
8841	0.048746
8840	0.048746
8839	0.048746
8838	0.048746
8834	0.048746
8824	0.048746
8823	0.048746
8822	0.048746
8820	0.048746
8818	0.048746
8817	0.048746
8803	0.048746
8798	0.048746
8737	0.048746
8639	0.048746
7682	0.048746
7677	0.048746
7382	0.048746
7247	0.048746
3292	0.048726
10050	0.048712
7981	0.048707
5795	0.048687
3633	0.048670
11368	0.048659
5688	0.048652
4541	0.048544
13567	0.048538
5731	0.048538
5730	0.048538
5726	0.048538
5723	0.048538
5722	0.048538
5721	0.048538
5681	0.048538
5913	0.048531
1850	0.048521
13592	0.048507
8928	0.048507
3151	0.048502
12141	0.048502
13863	0.048501
2888	0.048501
11609	0.048461
1376	0.048461
6304	0.048448
11522	0.048445
11097	0.048421
3951	0.048390
13449	0.048370
11621	0.048366
1731	0.048346
1119	0.048343
5229	0.048337
7400	0.048246
4480	0.048226
3071	0.048219
1801	0.048207
9117	0.048158
1120	0.048142
13942	0.048139
13247	0.048091
5963	0.048068
6557	0.048058
364	0.047944
8943	0.047919
9492	0.047908
2668	0.047908
13482	0.047888
12414	0.047884
3175	0.047881
9246	0.047861
5072	0.047818
9627	0.047798
8133	0.047775
2863	0.047767
7576	0.047747
9288	0.047746
10535	0.047704
739	0.047644
1252	0.047580
1319	0.047562
5170	0.047559
5219	0.047557
4557	0.047553
9195	0.047548
9587	0.047526
4121	0.047520
10966	0.047456
7616	0.047454
7145	0.047454
10229	0.047444
5268	0.047439
5491	0.047428
4671	0.047384
4669	0.047384
1310	0.047369
12259	0.047360
2990	0.047351
5322	0.047319
1118	0.047293
5407	0.047235
4667	0.047229
1540	0.047182
4646	0.047164
3203	0.047154
10088	0.047128
820	0.047069
9588	0.047067
5514	0.047066
8412	0.047063
11678	0.047061
599	0.047025
971	0.046998
11157	0.046981
10760	0.046961
6120	0.046955
9891	0.046886
3973	0.046885
10156	0.046882
2632	0.046872
13820	0.046793
3764	0.046772
12292	0.046741
7032	0.046732
