7774	0.141038
5641	0.141038
5642	0.141029
5347	0.140484
2105	0.138009
11858	0.133186
9439	0.133073
9462	0.132967
3389	0.131574
13265	0.124820
2952	0.124250
11658	0.123874
221	0.122893
2052	0.122701
1119	0.122264
1120	0.122072
13247	0.121682
5413	0.118060
1419	0.117865
1673	0.117324
2820	0.117068
2958	0.116600
1420	0.112757
9623	0.112651
4799	0.111753
4798	0.111442
2114	0.110359
698	0.108542
4538	0.107300
235	0.107122
5926	0.105673
3837	0.104975
4106	0.102922
9218	0.102876
7872	0.102444
8352	0.102439
8351	0.102439
2957	0.102439
2956	0.102439
14120	0.101591
4105	0.100885
2968	0.100630
3873	0.100622
7676	0.100164
6895	0.099822
7453	0.099746
4542	0.099137
13374	0.098506
13373	0.098506
1118	0.098324
10127	0.098213
6102	0.098026
13850	0.097329
2107	0.097206
4168	0.096907
6896	0.096902
1133	0.096133
8864	0.095119
8863	0.095119
8583	0.095119
8124	0.095119
7904	0.095119
7903	0.095119
7902	0.095119
7901	0.095119
7900	0.095119
7899	0.095119
7897	0.095119
7896	0.095119
7895	0.095119
7526	0.095092
8531	0.094902
2902	0.094873
14233	0.093578
1136	0.093578
2280	0.093431
9237	0.092188
2522	0.091450
6806	0.091095
115	0.090964
1121	0.090959
1115	0.090814
114	0.090740
6838	0.090484
11999	0.090240
4304	0.090235
4302	0.090235
9226	0.089791
9217	0.089791
8534	0.089791
9204	0.089790
8592	0.089790
7827	0.089752
11982	0.089612
5414	0.089612
5412	0.089612
11607	0.088969
5546	0.088745
5033	0.088693
7955	0.087635
6430	0.087385
1123	0.087385
12348	0.087323
2110	0.087306
5746	0.087292
1039	0.087247
13665	0.086988
6395	0.086873
2831	0.086786
6532	0.086724
823	0.086684
9207	0.086603
9205	0.086603
8528	0.086603
8634	0.086486
9231	0.086460
5433	0.086401
11733	0.086267
9201	0.086210
5034	0.085248
8615	0.084743
2128	0.084727
9177	0.084686
9222	0.083749
9200	0.083634
11147	0.083622
10232	0.083589
7977	0.083574
2954	0.083537
10694	0.083091
10226	0.082605
4537	0.082250
9347	0.082180
2227	0.082148
4671	0.081996
4669	0.081996
2108	0.081972
2990	0.081965
4670	0.081614
1882	0.081407
6754	0.081041
8635	0.080925
7400	0.080786
817	0.080478
9794	0.080442
5219	0.080309
6482	0.080172
13497	0.079985
4111	0.079631
4305	0.079606
13449	0.079518
12909	0.079143
9413	0.079094
4667	0.078827
4668	0.078819
8611	0.078663
11964	0.078439
2	0.078374
7767	0.078249
1400	0.078176
2097	0.078128
7295	0.078104
2996	0.078034
882	0.077965
13394	0.077928
12030	0.077781
35	0.077554
13498	0.077523
2600	0.077184
3940	0.077085
7757	0.077056
1952	0.076910
7131	0.076780
4169	0.076727
8671	0.076593
9235	0.076582
9230	0.076582
9228	0.076582
9225	0.076582
9224	0.076582
9221	0.076582
9219	0.076582
9214	0.076582
9213	0.076582
9211	0.076582
9209	0.076582
9208	0.076582
9206	0.076582
9193	0.076582
8807	0.076582
8679	0.076582
8677	0.076582
8675	0.076582
8674	0.076582
8673	0.076582
8670	0.076582
8637	0.076582
8633	0.076582
8631	0.076582
8610	0.076582
8591	0.076582
8539	0.076582
8538	0.076582
8537	0.076582
8536	0.076582
8529	0.076582
8526	0.076582
8525	0.076582
8632	0.076582
9168	0.076536
6443	0.076534
11634	0.076504
121	0.076492
4416	0.076425
8090	0.076260
2847	0.076260
2843	0.076260
2839	0.076260
8584	0.076082
4463	0.076032
2840	0.076024
1656	0.075945
4778	0.075915
6889	0.075620
874	0.075597
1117	0.075427
11298	0.075411
10994	0.075411
11989	0.075408
10227	0.075217
4721	0.075056
5346	0.074986
6812	0.074891
404	0.074770
119	0.074768
9152	0.074642
10045	0.074605
12182	0.074399
4464	0.074399
10050	0.074121
879	0.074121
7659	0.073973
2170	0.073840
2064	0.073763
4725	0.073529
10156	0.073295
10088	0.073289
2102	0.072937
11987	0.072796
11635	0.072587
9307	0.072477
2955	0.072363
2953	0.072363
2281	0.072317
7288	0.072244
4596	0.072190
4450	0.072159
11998	0.072064
4377	0.072039
9220	0.071958
8248	0.071952
268	0.071949
10233	0.071720
8636	0.071708
599	0.071446
14269	0.071438
7379	0.071428
9135	0.071267
12357	0.071263
3735	0.071209
1030	0.071194
4836	0.071048
10236	0.071045
8530	0.071002
14290	0.070935
14248	0.070856
8047	0.070856
633	0.070775
876	0.070765
51	0.070761
13942	0.070743
12229	0.070630
4294	0.070543
2821	0.070400
13325	0.070219
4383	0.070126
4692	0.070094
4163	0.069827
14418	0.069822
14417	0.069822
13284	0.069822
13152	0.069822
9795	0.069822
9793	0.069822
9792	0.069822
9791	0.069822
9789	0.069822
9745	0.069822
9163	0.069822
8614	0.069822
8613	0.069822
8177	0.069822
10661	0.069797
1114	0.069756
8076	0.069728
1836	0.069643
3320	0.069631
2109	0.069488
14370	0.069319
2111	0.069258
11646	0.069232
1885	0.069201
1884	0.069201
1883	0.069201
4922	0.069112
14367	0.068977
6278	0.068957
2605	0.068828
14266	0.068807
498	0.068795
9839	0.068744
3438	0.068737
370	0.068622
9248	0.068588
5403	0.068555
10403	0.068370
10795	0.068236
224	0.068211
8453	0.068189
14357	0.068186
7787	0.068186
2845	0.068160
1109	0.068068
6473	0.068032
12873	0.068004
12036	0.067858
1402	0.067855
9415	0.067665
8851	0.067665
8850	0.067665
6006	0.067575
9702	0.067468
2283	0.067386
12243	0.067374
877	0.067223
3778	0.067192
9484	0.067156
9483	0.067156
3539	0.067153
9438	0.067046
12979	0.066807
2188	0.066691
9711	0.066686
9708	0.066686
9707	0.066686
9705	0.066686
9703	0.066686
7642	0.066678
1930	0.066613
9699	0.066573
4595	0.066157
1833	0.065887
4465	0.065858
12093	0.065814
7782	0.065560
6987	0.065324
8565	0.065302
12915	0.065265
12914	0.065265
14358	0.065253
2660	0.065239
1135	0.065114
4800	0.065064
225	0.064961
6695	0.064913
10229	0.064881
14407	0.064620
13199	0.064582
13198	0.064582
38	0.064516
12252	0.064364
8892	0.064321
7752	0.064280
1141	0.064102
304	0.064079
10230	0.064071
4293	0.063952
9192	0.063925
2666	0.063893
2979	0.063668
6044	0.063637
4857	0.063604
3838	0.063591
10808	0.063540
3448	0.063521
1235	0.063391
7692	0.063138
12010	0.063045
5245	0.063029
1111	0.062975
2113	0.062961
4116	0.062908
2121	0.062869
12242	0.062862
14415	0.062855
9277	0.062855
9258	0.062775
4112	0.062490
8468	0.062488
2978	0.062488
2977	0.062488
3507	0.062438
3741	0.062387
4672	0.062359
11914	0.062326
4787	0.062287
2442	0.062206
13545	0.062036
7020	0.062016
8625	0.061978
4113	0.061974
2248	0.061835
7954	0.061714
1188	0.061674
8135	0.061614
5035	0.061596
11300	0.061557
861	0.061447
469	0.061435
2247	0.061404
5734	0.061377
13970	0.061371
7913	0.061343
5968	0.061343
470	0.061343
1756	0.061301
7686	0.061249
1734	0.061232
353	0.061231
9195	0.061182
6046	0.061055
2661	0.061016
1097	0.060976
6380	0.060958
426	0.060925
9210	0.060895
6938	0.060807
3427	0.060780
3906	0.060748
10085	0.060724
8606	0.060707
9775	0.060700
5967	0.060628
3907	0.060444
4231	0.060441
6376	0.060320
7917	0.060290
13156	0.060239
10176	0.060239
10087	0.060239
10086	0.060239
9174	0.060216
12756	0.060210
14375	0.060204
6127	0.060026
3144	0.060005
13557	0.059912
13556	0.059912
2475	0.059824
10191	0.059808
9385	0.059794
9176	0.059728
8809	0.059728
881	0.059717
12764	0.059622
8676	0.059481
2823	0.059409
14365	0.059399
2708	0.059392
118	0.059385
2846	0.059336
2844	0.059331
11806	0.059286
4205	0.059275
1110	0.059243
11818	0.059225
2185	0.059062
13574	0.058945
5321	0.058843
492	0.058762
13121	0.058493
4789	0.058493
4788	0.058493
13712	0.058403
5510	0.058372
14369	0.058371
14366	0.058322
14361	0.058322
14355	0.058322
8456	0.058322
9170	0.058208
10839	0.058163
2827	0.058081
14364	0.058074
14342	0.057969
1458	0.057866
7306	0.057831
385	0.057788
11739	0.057706
803	0.057703
10838	0.057609
6047	0.057565
2320	0.057523
13517	0.057482
10683	0.057445
2104	0.057397
8792	0.057390
9311	0.057384
2203	0.057347
9480	0.057313
8533	0.057313
6623	0.057299
12493	0.057160
11056	0.057136
8604	0.057121
3739	0.057070
13738	0.057040
13731	0.057040
13706	0.057038
4037	0.057025
13321	0.056994
6465	0.056974
613	0.056973
4722	0.056944
9787	0.056860
9786	0.056860
9785	0.056860
9784	0.056860
9783	0.056860
9782	0.056860
9781	0.056860
9778	0.056860
9280	0.056860
8585	0.056860
8567	0.056860
8553	0.056860
5322	0.056789
7918	0.056767
1232	0.056700
1229	0.056700
9202	0.056699
3745	0.056611
113	0.056605
12053	0.056584
13293	0.056561
7258	0.056467
2773	0.056441
854	0.056414
11988	0.056410
2521	0.056360
13707	0.056354
7479	0.056347
5378	0.056347
14351	0.056338
3536	0.056252
11556	0.056139
222	0.056127
1122	0.056045
7553	0.056005
1731	0.055987
5354	0.055909
9780	0.055860
14303	0.055813
14302	0.055813
14301	0.055813
14300	0.055813
14299	0.055813
2371	0.055747
10538	0.055736
1951	0.055726
9913	0.055686
7167	0.055630
9710	0.055589
13200	0.055582
9320	0.055582
9318	0.055582
9315	0.055582
9314	0.055582
9313	0.055582
9312	0.055582
9310	0.055582
9309	0.055582
9306	0.055582
9305	0.055582
8733	0.055582
8669	0.055582
8668	0.055582
8608	0.055582
8607	0.055582
8605	0.055582
8603	0.055582
7703	0.055582
7477	0.055582
7408	0.055582
12374	0.055578
11715	0.055519
7702	0.055498
3588	0.055487
13739	0.055472
13578	0.055220
13576	0.055220
13390	0.055220
1340	0.055148
3370	0.055138
11307	0.055077
11638	0.055048
9633	0.055008
9630	0.055008
9628	0.055008
9626	0.055008
9625	0.055008
9624	0.055008
9622	0.055008
9621	0.055008
9620	0.055008
9619	0.055008
9618	0.055008
9615	0.055008
9482	0.055008
7584	0.054981
13076	0.054941
1953	0.054938
1954	0.054938
3700	0.054929
4021	0.054883
6866	0.054729
8334	0.054702
596	0.054627
9709	0.054615
4873	0.054543
2962	0.054502
13036	0.054497
122	0.054467
6271	0.054397
5869	0.054269
6501	0.054244
9917	0.054242
11689	0.054236
1816	0.054211
8221	0.054182
4659	0.054176
3591	0.054141
4569	0.054017
6077	0.053976
2197	0.053948
11678	0.053935
2119	0.053911
713	0.053879
7457	0.053808
8708	0.053753
10553	0.053667
9706	0.053576
7880	0.053531
3638	0.053240
9215	0.053212
2182	0.053188
14374	0.053169
14363	0.053169
4824	0.053140
2980	0.053094
14368	0.053035
249	0.052956
5030	0.052884
9610	0.052795
6758	0.052792
383	0.052755
9717	0.052728
6725	0.052721
2124	0.052716
6378	0.052704
8813	0.052681
8661	0.052676
8451	0.052659
6836	0.052659
2204	0.052587
13320	0.052374
3736	0.052343
11686	0.052340
2199	0.052303
6393	0.052288
9460	0.052232
14219	0.052142
3371	0.052135
4865	0.052104
2523	0.052068
6472	0.052063
4094	0.052048
2123	0.052043
7420	0.052036
7202	0.051986
948	0.051939
1238	0.051935
9909	0.051912
5855	0.051749
13041	0.051719
6119	0.051719
586	0.051692
10534	0.051666
7511	0.051660
4693	0.051658
414	0.051632
3905	0.051627
7783	0.051623
4977	0.051544
9370	0.051515
7889	0.051503
4935	0.051490
14249	0.051483
6737	0.051394
2950	0.051315
5268	0.051241
4661	0.051182
2276	0.051181
14433	0.051113
3538	0.051092
12218	0.051061
2058	0.051061
250	0.051002
3431	0.050998
6447	0.050984
14410	0.050982
14409	0.050982
14408	0.050982
7919	0.050982
11618	0.050876
10491	0.050860
9796	0.050858
2286	0.050731
13326	0.050677
10499	0.050657
6118	0.050636
4646	0.050633
686	0.050624
13687	0.050623
4361	0.050586
2191	0.050566
8335	0.050540
6407	0.050521
8874	0.050477
4958	0.050473
7228	0.050470
5376	0.050448
14250	0.050432
10558	0.050432
10555	0.050432
6968	0.050432
10556	0.050392
352	0.050381
8042	0.050376
6101	0.050374
2595	0.050336
7606	0.050316
5177	0.050266
14416	0.050151
2195	0.050120
40	0.050109
12039	0.050106
1237	0.050101
12043	0.050019
9150	0.050016
9121	0.050005
9112	0.050005
5898	0.049999
1955	0.049983
6157	0.049932
7510	0.049931
888	0.049902
13698	0.049900
13544	0.049900
4541	0.049848
11212	0.049824
1403	0.049786
8180	0.049771
11439	0.049664
6149	0.049660
5352	0.049636
10582	0.049571
7890	0.049536
13095	0.049491
6969	0.049491
4520	0.049465
11211	0.049404
10376	0.049344
5377	0.049280
5032	0.049248
4976	0.049247
3706	0.049215
5829	0.049208
12431	0.049191
13462	0.049105
7856	0.049104
5451	0.049103
12204	0.049100
2192	0.049003
11930	0.048999
129	0.048939
9606	0.048906
5680	0.048899
1132	0.048806
9232	0.048756
5697	0.048719
11679	0.048643
7245	0.048637
8377	0.048611
7713	0.048608
7581	0.048570
10809	0.048480
7580	0.048480
4633	0.048471
12442	0.048435
13442	0.048408
7078	0.048391
5830	0.048389
2278	0.048369
5425	0.048340
9692	0.048240
5031	0.048220
6530	0.048202
2828	0.048184
14132	0.048165
6065	0.048160
2817	0.048139
855	0.048102
11703	0.048039
7276	0.048035
2186	0.047991
1265	0.047985
4855	0.047974
8503	0.047953
6179	0.047912
1113	0.047846
6064	0.047806
5221	0.047799
6528	0.047774
10097	0.047739
10557	0.047732
11681	0.047725
5541	0.047684
13541	0.047671
7206	0.047666
3093	0.047642
1809	0.047622
13603	0.047571
13238	0.047571
9553	0.047571
2959	0.047571
12103	0.047571
1780	0.047561
2594	0.047556
9317	0.047556
3209	0.047541
1228	0.047511
6747	0.047498
5106	0.047483
5104	0.047483
10664	0.047454
13319	0.047446
12201	0.047401
3598	0.047388
13689	0.047371
13489	0.047371
3142	0.047277
2202	0.047249
4053	0.047246
5696	0.047225
9609	0.047177
9580	0.047177
3870	0.047158
1346	0.047126
13490	0.047089
13632	0.047089
13631	0.047089
9485	0.047081
3506	0.047070
1812	0.047026
1811	0.047026
4457	0.046990
7866	0.046915
6017	0.046915
13680	0.046913
2960	0.046892
5902	0.046863
5901	0.046863
5900	0.046863
5899	0.046863
9145	0.046861
13633	0.046812
1300	0.046783
6742	0.046719
78	0.046684
11743	0.046674
5893	0.046643
5892	0.046643
5891	0.046643
5890	0.046643
5889	0.046643
3921	0.046581
5720	0.046565
7920	0.046508
7681	0.046484
9199	0.046348
2103	0.046280
9436	0.046260
7229	0.046246
3590	0.046241
9704	0.046233
8464	0.046196
12525	0.046179
5184	0.046138
6323	0.046100
777	0.045995
8382	0.045984
7014	0.045923
8250	0.045897
9244	0.045892
1231	0.045853
11782	0.045834
8041	0.045832
7730	0.045816
7445	0.045816
7444	0.045816
7175	0.045816
7080	0.045816
253	0.045797
5558	0.045782
9942	0.045782
9931	0.045782
9930	0.045782
9921	0.045782
9901	0.045782
9899	0.045782
9895	0.045782
9866	0.045782
9836	0.045782
9832	0.045782
9810	0.045782
9698	0.045782
9636	0.045782
9570	0.045782
9299	0.045782
4068	0.045640
10389	0.045621
9172	0.045611
5029	0.045584
4208	0.045580
11625	0.045572
3496	0.045560
117	0.045538
1006	0.045513
9223	0.045506
8609	0.045497
11718	0.045418
13334	0.045384
9273	0.045380
13427	0.045352
4281	0.045350
10497	0.045201
13026	0.045173
9673	0.045134
2524	0.045100
2737	0.045090
13948	0.045067
8862	0.045055
8861	0.045055
8860	0.045055
8859	0.045055
8858	0.045055
8857	0.045055
8844	0.045055
8843	0.045055
8842	0.045055
8841	0.045055
8840	0.045055
8839	0.045055
8838	0.045055
8834	0.045055
8824	0.045055
8823	0.045055
8822	0.045055
8820	0.045055
8818	0.045055
8817	0.045055
8803	0.045055
8798	0.045055
8737	0.045055
8639	0.045055
7682	0.045055
7677	0.045055
7382	0.045055
7247	0.045055
