114	0.178322
2105	0.169112
121	0.168376
1117	0.162261
9623	0.159034
221	0.158950
1135	0.155518
1119	0.153472
1120	0.153193
13247	0.152215
5347	0.148902
5642	0.148902
7774	0.148891
5641	0.148891
2108	0.147099
7020	0.146747
2097	0.145247
2827	0.137140
6117	0.136171
2104	0.134810
2110	0.134416
11914	0.133825
2102	0.132975
2600	0.132940
11989	0.132911
14233	0.131067
1136	0.131067
115	0.130851
9503	0.129929
1030	0.129908
2107	0.129673
1836	0.129655
876	0.129051
1121	0.128952
9633	0.128914
9630	0.128914
9628	0.128914
9626	0.128914
9625	0.128914
9624	0.128914
9622	0.128914
9621	0.128914
9620	0.128914
9619	0.128914
9618	0.128914
9615	0.128914
9482	0.128914
8531	0.127655
1132	0.127438
7420	0.126758
2828	0.126495
8661	0.125336
1122	0.124790
2121	0.124294
1231	0.123137
14342	0.122375
2182	0.122367
6971	0.122335
6623	0.121924
9613	0.121618
2123	0.121544
13394	0.121508
1113	0.121477
9612	0.121265
1114	0.120614
1118	0.119474
1109	0.118931
2109	0.117803
3841	0.117699
686	0.116630
5745	0.115842
699	0.115642
6430	0.115569
1123	0.115569
9609	0.115438
9580	0.115438
8615	0.114890
9578	0.114173
578	0.113678
12229	0.112365
2962	0.112217
4533	0.112155
9610	0.111851
14367	0.111663
14370	0.111479
1840	0.111348
1419	0.111244
10403	0.111206
9258	0.110743
11212	0.110683
8453	0.110284
10795	0.110283
14357	0.110278
7787	0.110278
12243	0.110214
5403	0.110154
9606	0.110128
498	0.109044
5059	0.109040
13707	0.108838
8864	0.108832
8863	0.108832
8583	0.108832
8124	0.108832
7904	0.108832
7903	0.108832
7902	0.108832
7901	0.108832
7900	0.108832
7899	0.108832
7897	0.108832
7896	0.108832
7895	0.108832
7526	0.108805
13738	0.108645
13731	0.108645
13706	0.108636
9436	0.108597
2103	0.108549
1930	0.108354
222	0.108325
3389	0.107956
2128	0.107843
7917	0.107704
7692	0.107582
7782	0.107319
11920	0.106538
3927	0.106538
3868	0.106538
2122	0.106315
2968	0.106311
6449	0.106223
7553	0.105979
7288	0.105572
12979	0.105556
1133	0.105212
2708	0.104968
13994	0.104917
7931	0.104917
9338	0.104545
5546	0.104457
3837	0.104439
8886	0.104374
4144	0.104241
1839	0.104031
2965	0.103420
3778	0.103166
11919	0.101874
716	0.101785
9248	0.101444
4538	0.101251
14375	0.100942
13970	0.100830
14369	0.100701
14366	0.100692
14361	0.100692
14355	0.100692
8456	0.100692
713	0.100533
2267	0.100462
6838	0.100440
2981	0.100222
414	0.100063
1115	0.100031
8792	0.099930
5123	0.099752
7261	0.099721
12242	0.099180
3934	0.098960
1116	0.098873
113	0.098830
9347	0.098724
4865	0.098711
4021	0.098324
6393	0.098264
5433	0.098150
14365	0.097991
14351	0.097879
11918	0.097821
1420	0.097681
5186	0.097481
7918	0.096967
13265	0.096710
3929	0.096678
3928	0.096678
14364	0.096666
877	0.096624
7468	0.096549
2967	0.096549
11658	0.096481
9794	0.095866
2111	0.095839
13721	0.095759
13709	0.095759
3431	0.095634
5905	0.095597
2052	0.095480
6208	0.095442
12036	0.095388
7864	0.095095
225	0.094988
633	0.094860
9462	0.094663
7560	0.094497
9611	0.094301
14368	0.094167
10097	0.093894
14374	0.093688
14363	0.093688
5684	0.093547
7479	0.093524
997	0.093182
286	0.093148
10098	0.093147
7866	0.092984
13281	0.092858
11858	0.092847
2114	0.092837
13282	0.092792
9439	0.092634
1837	0.092579
2188	0.092357
9631	0.092292
7783	0.092066
5746	0.092050
6447	0.091887
11930	0.091843
2192	0.091839
13739	0.091776
9415	0.091328
8851	0.091328
8850	0.091328
14219	0.090818
51	0.090803
11999	0.090773
4304	0.090768
4302	0.090768
5571	0.090749
1111	0.090637
3549	0.090492
12873	0.090362
10862	0.090083
9199	0.089967
3784	0.089898
492	0.089883
10863	0.089858
8207	0.089832
12041	0.089764
4832	0.089695
9413	0.089679
12909	0.089631
609	0.089608
7295	0.089595
11607	0.089587
9616	0.089392
118	0.089121
1829	0.089082
9176	0.089073
8809	0.089073
5855	0.088991
5183	0.088607
6482	0.088571
2113	0.088383
11646	0.088302
12030	0.088175
4154	0.088145
3706	0.087987
12348	0.087904
122	0.087795
4671	0.087767
4669	0.087767
2014	0.087761
2990	0.087734
4670	0.087650
2118	0.087577
820	0.087074
1260	0.086881
9174	0.086761
7999	0.086612
2106	0.086525
3213	0.086033
3867	0.085232
3504	0.085232
5696	0.085029
10018	0.084966
35	0.084846
14376	0.084635
14359	0.084635
7998	0.084635
9307	0.084635
9177	0.084614
2522	0.084597
3681	0.084571
1893	0.084490
13050	0.084429
13075	0.084353
1254	0.084263
12010	0.084250
2116	0.083964
874	0.083869
1126	0.083729
2117	0.083711
3116	0.083603
404	0.083528
7889	0.083045
38	0.082997
2954	0.082990
12218	0.082952
2058	0.082952
861	0.082942
469	0.082919
10236	0.082916
4667	0.082842
7913	0.082751
5968	0.082751
470	0.082751
2996	0.082596
6472	0.082214
7676	0.081975
2060	0.081974
117	0.081908
14433	0.081622
14410	0.081601
14409	0.081601
14408	0.081601
7919	0.081601
2820	0.081466
5967	0.081456
11902	0.081322
7453	0.081282
7947	0.081200
4668	0.080952
586	0.080907
11850	0.080866
11988	0.080812
5346	0.080733
11733	0.080583
4537	0.080498
8221	0.080402
4922	0.080339
235	0.080273
8604	0.080272
8625	0.080201
353	0.080186
224	0.080182
426	0.080157
8628	0.080144
11715	0.080091
6618	0.080049
2124	0.079946
1131	0.079841
11256	0.079827
8773	0.079777
6621	0.079777
2120	0.079724
4163	0.079659
14418	0.079621
14417	0.079621
13284	0.079621
13152	0.079621
9795	0.079621
9793	0.079621
9792	0.079621
9791	0.079621
9789	0.079621
9745	0.079621
9163	0.079621
8614	0.079621
8613	0.079621
8177	0.079621
9480	0.079438
8533	0.079438
8076	0.079367
14373	0.079137
14372	0.079137
14371	0.079137
14362	0.079137
14352	0.079137
14350	0.079137
8455	0.079137
7997	0.079137
7823	0.079137
2952	0.079039
1565	0.079038
9942	0.078746
9931	0.078746
9930	0.078746
9921	0.078746
9901	0.078746
9899	0.078746
9895	0.078746
9866	0.078746
9836	0.078746
9832	0.078746
9810	0.078746
9698	0.078746
9636	0.078746
9570	0.078746
9299	0.078746
2958	0.078665
4383	0.078659
879	0.078517
8468	0.078432
2978	0.078432
2977	0.078432
7872	0.078340
8352	0.078337
8351	0.078337
2957	0.078337
2956	0.078337
10760	0.078267
11679	0.078074
352	0.078061
2709	0.078038
8892	0.077906
4106	0.077788
1817	0.077769
3590	0.077611
370	0.077593
7089	0.077515
7887	0.077503
1400	0.077389
2845	0.077364
2190	0.077220
2955	0.077218
2953	0.077218
10045	0.077208
9201	0.077009
5413	0.076940
10661	0.076919
13850	0.076704
4105	0.076670
5354	0.076650
14393	0.076501
14377	0.076501
8090	0.076466
2847	0.076466
2843	0.076466
2839	0.076466
2181	0.076377
7276	0.076239
6376	0.076229
1673	0.076228
2840	0.076222
8618	0.076204
14360	0.076030
6896	0.075912
6351	0.075911
6895	0.075911
8611	0.075782
2199	0.075540
6519	0.075425
9168	0.075360
9481	0.075304
9479	0.075304
9478	0.075304
9476	0.075304
9475	0.075304
9473	0.075304
9472	0.075304
9471	0.075304
9470	0.075304
9468	0.075304
9345	0.075304
8667	0.075304
8665	0.075304
8664	0.075304
8663	0.075304
8662	0.075304
8630	0.075304
8629	0.075304
8627	0.075304
8626	0.075304
9477	0.075231
5187	0.075200
4778	0.075160
9269	0.075091
7888	0.075064
7784	0.074840
7960	0.074832
14398	0.074802
14383	0.074802
8454	0.074802
7916	0.074802
7083	0.074802
4262	0.074748
7211	0.074733
2064	0.074725
13712	0.074657
14395	0.074476
7891	0.074476
1001	0.074434
6149	0.074154
9198	0.074084
9121	0.074026
9112	0.074026
7807	0.074023
3636	0.074019
8392	0.073992
9024	0.073901
9023	0.073901
9022	0.073901
8949	0.073901
2195	0.073856
320	0.073791
611	0.073765
888	0.073731
7228	0.073728
5219	0.073722
2204	0.073616
9311	0.073320
2112	0.072994
4977	0.072775
3507	0.072749
14379	0.072596
119	0.072524
1097	0.072482
5570	0.072268
11737	0.072230
7890	0.072224
2902	0.072039
9102	0.072036
11678	0.071965
781	0.071769
4559	0.071707
7002	0.071704
339	0.071689
875	0.071569
6967	0.071522
6689	0.071522
9818	0.071463
9693	0.071463
8714	0.071410
3561	0.071408
13508	0.071288
1006	0.071133
11355	0.071123
4976	0.071095
4542	0.071063
2532	0.070897
8447	0.070776
882	0.070639
13485	0.070628
13468	0.070628
295	0.070581
1800	0.070360
4111	0.070310
13448	0.070307
7495	0.070216
6191	0.070109
4672	0.070105
6267	0.069955
6302	0.069955
2172	0.069822
3598	0.069635
8928	0.069474
6102	0.069340
13449	0.069275
7379	0.069259
10050	0.069078
6532	0.069046
14358	0.068852
10566	0.068799
2197	0.068773
10329	0.068737
6992	0.068730
11625	0.068527
6904	0.068339
9145	0.068300
3536	0.068269
6307	0.068235
12002	0.068205
6742	0.067935
4168	0.067843
6501	0.067769
2119	0.067658
9627	0.067512
3914	0.067430
4112	0.067373
8565	0.067171
11937	0.067099
2202	0.067002
1232	0.066917
1229	0.066917
9702	0.066864
9153	0.066833
43	0.066816
4113	0.066788
11712	0.066709
1228	0.066635
3817	0.066635
582	0.066324
1711	0.066294
12915	0.065992
12914	0.065992
13026	0.065874
8324	0.065702
1751	0.065655
14407	0.065524
1694	0.065522
7758	0.065481
1127	0.065463
4848	0.065332
2191	0.065288
5309	0.065159
13904	0.065002
40	0.064992
12039	0.064987
777	0.064800
1025	0.064798
14415	0.064777
9277	0.064777
6806	0.064664
8634	0.064566
9231	0.064539
7686	0.064514
10088	0.064459
14061	0.064420
5033	0.064361
10156	0.064344
1833	0.064306
2979	0.064294
8087	0.064148
6557	0.064031
9152	0.063973
13509	0.063963
6395	0.063929
3448	0.063848
13567	0.063675
5731	0.063675
5730	0.063675
5726	0.063675
5723	0.063675
5722	0.063675
5721	0.063675
5681	0.063675
7752	0.063602
4200	0.063601
10410	0.063501
3562	0.063420
9709	0.063191
2844	0.063154
9512	0.063103
9218	0.063092
9226	0.062885
9217	0.062885
8534	0.062885
977	0.062872
2280	0.062863
7827	0.062831
2246	0.062709
9711	0.062573
9708	0.062573
9707	0.062573
9705	0.062573
9703	0.062573
881	0.062552
3446	0.062527
10839	0.062526
9699	0.062490
11389	0.062481
10838	0.062480
6044	0.062456
4849	0.062367
11056	0.062334
13665	0.062326
4795	0.062164
5500	0.062154
7659	0.062150
4596	0.062044
269	0.062041
1125	0.062019
7131	0.062018
823	0.061909
5796	0.061834
5034	0.061717
2612	0.061672
786	0.061663
12430	0.061583
11226	0.061556
10411	0.061513
4416	0.061369
13082	0.061343
9133	0.061343
9129	0.061343
39	0.061319
1194	0.061313
4595	0.061308
6908	0.061261
671	0.061240
3741	0.061238
2510	0.061220
1892	0.061102
13418	0.061068
7409	0.061002
1402	0.060971
1265	0.060918
10497	0.060737
9135	0.060622
4143	0.060595
13032	0.060588
13031	0.060588
12429	0.060588
2509	0.060577
9361	0.060568
9787	0.060521
9786	0.060521
9785	0.060521
9784	0.060521
9783	0.060521
9782	0.060521
9781	0.060521
9778	0.060521
9280	0.060521
8585	0.060521
8567	0.060521
8553	0.060521
9207	0.060468
9205	0.060468
8528	0.060468
73	0.060467
6465	0.060465
2892	0.060237
8487	0.060142
5318	0.060097
8312	0.059943
683	0.059834
613	0.059791
1024	0.059773
9489	0.059730
4071	0.059730
4070	0.059730
4069	0.059730
9928	0.059696
1235	0.059594
5555	0.059523
9356	0.059389
8676	0.059259
10549	0.059186
3619	0.059166
2170	0.058989
9204	0.058860
8592	0.058860
4175	0.058837
3423	0.058835
8451	0.058826
4231	0.058733
8503	0.058678
11609	0.058581
304	0.058482
6304	0.058407
3705	0.058396
4305	0.058362
9263	0.058345
7767	0.058339
7757	0.058297
6151	0.058240
4541	0.058185
13363	0.058101
7920	0.058095
2966	0.058041
11243	0.058009
8584	0.057963
2094	0.057902
14416	0.057835
6217	0.057822
12670	0.057750
9913	0.057740
12276	0.057682
14263	0.057682
14002	0.057682
14001	0.057682
14000	0.057682
13998	0.057682
13996	0.057682
6666	0.057682
5064	0.057682
4854	0.057682
4852	0.057682
4176	0.057667
2189	0.057570
3592	0.057559
14003	0.057470
5407	0.057385
5062	0.057367
2821	0.057344
5695	0.057338
4998	0.057309
6017	0.057294
3805	0.057231
2203	0.057174
12414	0.057069
4281	0.057045
5035	0.057036
6695	0.057025
9780	0.057005
2446	0.056977
6077	0.056887
354	0.056866
9034	0.056834
12073	0.056785
9531	0.056730
5268	0.056708
3506	0.056654
4868	0.056622
2773	0.056621
5756	0.056546
7958	0.056483
10580	0.056200
5930	0.056200
9534	0.056122
9533	0.056122
9529	0.056122
9509	0.056122
6305	0.056100
13030	0.055962
1458	0.055888
5296	0.055840
1517	0.055687
2975	0.055655
11806	0.055653
7622	0.055610
9474	0.055482
6961	0.055482
7400	0.055467
2980	0.055466
7534	0.055444
116	0.055383
64	0.055293
1110	0.055117
12918	0.055106
8709	0.055074
2521	0.055043
8816	0.055034
8815	0.055034
8814	0.055034
8812	0.055034
8796	0.055034
8795	0.055034
8777	0.055034
7923	0.055034
4165	0.054963
3203	0.054956
13997	0.054918
3948	0.054863
588	0.054568
7115	0.054547
33	0.054533
251	0.054531
2972	0.054469
5477	0.054383
2442	0.054338
2599	0.054304
3427	0.054280
3654	0.054273
13326	0.054272
2472	0.054228
12069	0.054156
2286	0.054041
1768	0.053857
8258	0.053702
2245	0.053620
14266	0.053603
10800	0.053437
2846	0.053416
10110	0.053372
6278	0.053323
8891	0.053169
9064	0.053166
34	0.053120
9704	0.053057
8180	0.053037
316	0.053035
6072	0.052979
9488	0.052974
2881	0.052941
8712	0.052936
8303	0.052936
8302	0.052936
7362	0.052936
6359	0.052936
8204	0.052863
6202	0.052855
3588	0.052832
8875	0.052830
6081	0.052780
9729	0.052763
250	0.052751
8845	0.052667
12908	0.052581
9411	0.052581
9412	0.052579
6406	0.052540
351	0.052535
3360	0.052467
7101	0.052464
2174	0.052444
8711	0.052390
8710	0.052336
8732	0.052324
2248	0.052237
489	0.052128
4294	0.052111
12848	0.052000
5476	0.051989
6804	0.051973
2452	0.051863
3700	0.051787
5299	0.051691
2976	0.051678
6697	0.051579
9178	0.051534
4619	0.051524
5461	0.051523
13897	0.051447
13013	0.051372
12962	0.051372
2894	0.051281
488	0.051191
1952	0.051156
249	0.051142
5434	0.051106
817	0.051105
1889	0.051100
11903	0.051014
10642	0.051001
187	0.050966
4450	0.050936
8535	0.050897
14404	0.050893
14400	0.050893
8143	0.050893
8096	0.050893
4377	0.050868
11998	0.050859
5688	0.050841
7915	0.050774
9831	0.050594
6747	0.050577
2466	0.050557
123	0.050507
9081	0.050473
9078	0.050473
4401	0.050422
2831	0.050348
3751	0.050282
3750	0.050282
9308	0.050275
2247	0.050266
13621	0.050253
7614	0.050228
7613	0.050228
6405	0.050143
9244	0.050096
2546	0.050088
793	0.050084
3166	0.050076
7397	0.050054
13926	0.050047
10666	0.050005
698	0.050004
9028	0.050001
9200	0.049854
4078	0.049758
4216	0.049706
6316	0.049334
819	0.049286
6240	0.049263
4446	0.049232
307	0.049209
9770	0.049167
11566	0.049120
13421	0.048973
11307	0.048830
5862	0.048821
9416	0.048817
1743	0.048714
4148	0.048679
4306	0.048575
6616	0.048571
596	0.048523
5734	0.048376
1586	0.048367
782	0.048272
13224	0.048265
9673	0.048214
7954	0.048181
12721	0.048176
2092	0.048124
6179	0.048117
5541	0.048111
1457	0.048061
532	0.048057
3320	0.048048
6816	0.048044
2518	0.048035
6374	0.048009
4850	0.047995
456	0.047938
4476	0.047875
