12114	0.153377
3573	0.152708
11957	0.152548
3575	0.152548
10396	0.141364
5020	0.141135
2151	0.140577
4459	0.139464
3581	0.138549
1662	0.137230
9044	0.133752
7519	0.133316
3574	0.132352
2321	0.131644
6074	0.129139
5315	0.127478
1515	0.125389
11600	0.119426
784	0.119017
1518	0.117744
1562	0.117161
6360	0.116116
1075	0.113934
3562	0.112346
6413	0.112257
9115	0.112252
2680	0.110825
137	0.110595
7129	0.110278
5847	0.110278
7130	0.109794
7456	0.109659
5703	0.109360
7455	0.109355
3865	0.109304
9550	0.108920
11719	0.107575
7156	0.107444
6755	0.107250
6577	0.107245
4604	0.106623
4602	0.106623
2681	0.106153
13058	0.106068
7945	0.106068
5072	0.105975
9008	0.104784
3519	0.104765
12785	0.104328
12784	0.103815
12350	0.103775
12349	0.103638
2449	0.102774
2329	0.102645
10163	0.102631
4040	0.102610
9437	0.102415
5147	0.102347
9614	0.100412
12850	0.099860
12854	0.099440
135	0.099389
12852	0.099308
11047	0.099103
7745	0.098893
12107	0.098258
6991	0.098053
780	0.097227
5698	0.097108
2210	0.097067
2425	0.097042
3564	0.096701
2311	0.096430
9715	0.096004
2904	0.095859
6049	0.095226
4808	0.094406
5089	0.093997
12874	0.093233
12079	0.092005
3560	0.091689
2293	0.091661
12411	0.091659
157	0.091646
6929	0.091631
5196	0.091577
13261	0.091202
5416	0.091003
5415	0.090758
8207	0.090747
10824	0.090191
1914	0.089849
5073	0.089440
9881	0.089313
12929	0.089074
3155	0.089033
1163	0.088966
869	0.088903
4754	0.088797
4196	0.088781
1800	0.088601
2682	0.088454
10362	0.088382
11276	0.088349
10623	0.088349
5639	0.088282
6230	0.088214
7617	0.088194
7644	0.088129
1464	0.087825
11398	0.087194
5656	0.087180
13826	0.087148
4582	0.086981
1941	0.086974
371	0.086572
12891	0.086413
7951	0.086403
11888	0.086308
618	0.086294
13060	0.086208
13055	0.086208
13048	0.086208
13014	0.086208
13009	0.086208
12892	0.086208
8379	0.086208
11593	0.086066
2860	0.086020
5201	0.085981
2146	0.085888
6172	0.085640
1686	0.085587
2145	0.085435
13035	0.085420
8552	0.085331
1094	0.085244
1446	0.085197
7385	0.085191
1370	0.085031
13647	0.084729
2714	0.084719
8918	0.084716
6076	0.084490
1645	0.084433
1264	0.084425
12927	0.084267
2778	0.084254
12860	0.084237
12859	0.084223
11475	0.084212
3540	0.084071
5655	0.084025
783	0.084012
9726	0.083959
6122	0.083723
10780	0.083671
12122	0.083647
2684	0.083647
2040	0.083644
12406	0.083506
12930	0.083482
12928	0.083482
7146	0.083477
12080	0.083391
12926	0.083385
2125	0.083340
4579	0.083261
2127	0.083212
5699	0.083071
10682	0.083055
781	0.083032
9542	0.082982
774	0.082805
6354	0.082769
13254	0.082730
12934	0.082730
12933	0.082730
12932	0.082730
12081	0.082730
8996	0.082730
8994	0.082730
8992	0.082730
12935	0.082719
1042	0.082502
8928	0.081958
4086	0.081839
952	0.081734
11786	0.081691
4255	0.081609
6992	0.081553
1459	0.081510
6252	0.081437
5229	0.081154
11226	0.081096
951	0.081066
3561	0.080909
1175	0.080785
3572	0.080586
1564	0.080582
13322	0.080421
8954	0.080343
2168	0.080183
10983	0.080113
11257	0.080100
4822	0.080003
5700	0.079904
7664	0.079836
7663	0.079836
4261	0.079711
9395	0.079605
2722	0.079598
12864	0.079234
13061	0.079196
4455	0.079195
1650	0.079124
5021	0.079107
5019	0.079107
2135	0.078719
5931	0.078665
6102	0.078617
9029	0.078459
2789	0.078446
12130	0.078442
9522	0.078128
7619	0.078105
1079	0.078105
6724	0.078066
12793	0.077969
9028	0.077852
2416	0.077700
5134	0.077340
5769	0.077101
5135	0.077031
5203	0.076933
12306	0.076908
6369	0.076908
6368	0.076908
9081	0.076897
9078	0.076897
8425	0.076775
12329	0.076670
5023	0.076384
955	0.076286
6805	0.076169
6130	0.076160
6467	0.076107
12931	0.076074
1247	0.075760
2456	0.075643
1274	0.075639
1196	0.075614
3102	0.075555
12169	0.075515
8917	0.075515
6296	0.075448
9559	0.075296
7153	0.075272
1251	0.075196
11502	0.074696
12343	0.074539
7589	0.074539
6136	0.074494
1311	0.074374
2255	0.074333
9610	0.074213
1491	0.074086
11019	0.074055
8056	0.074014
6025	0.073994
412	0.073977
6355	0.073939
1077	0.073729
10505	0.073719
5627	0.073717
8919	0.073659
1726	0.073648
6267	0.073600
6302	0.073600
138	0.073588
6191	0.073545
7620	0.073453
12919	0.073370
6648	0.073286
7560	0.073235
3623	0.073166
2263	0.073096
6967	0.073037
6689	0.073037
13825	0.072965
1392	0.072940
4179	0.072934
11737	0.072917
12089	0.072910
4815	0.072908
14269	0.072873
4692	0.072835
5191	0.072681
1516	0.072646
9375	0.072639
5299	0.072571
6649	0.072563
6647	0.072563
6646	0.072563
5610	0.072563
11407	0.072330
11670	0.072271
787	0.072209
6412	0.072152
10501	0.072138
7820	0.072047
1040	0.072040
7625	0.071921
13255	0.071847
8931	0.071769
5740	0.071701
903	0.071468
2630	0.071394
2310	0.071272
12102	0.071266
2313	0.071222
12345	0.071222
12344	0.071222
8095	0.071222
11851	0.071192
6927	0.071192
2432	0.071147
2314	0.071074
2312	0.071074
7558	0.071070
7557	0.071070
6303	0.071069
6957	0.071036
5459	0.070938
4693	0.070843
4256	0.070770
2316	0.070769
1445	0.070749
6342	0.070748
6510	0.070748
4052	0.070731
11723	0.070652
2252	0.070559
6901	0.070531
12435	0.070408
3047	0.070376
9608	0.070267
2970	0.069533
10859	0.069451
8418	0.069326
2455	0.069280
8993	0.069275
1442	0.069218
5608	0.069069
10666	0.069015
5328	0.068970
7911	0.068960
358	0.068909
9019	0.068803
3568	0.068794
5543	0.068786
782	0.068722
579	0.068659
1328	0.068597
620	0.068563
10982	0.068552
990	0.068536
4165	0.068531
7879	0.068494
9042	0.068367
9493	0.068324
4976	0.068235
11252	0.068161
2857	0.068068
534	0.068055
11469	0.068005
3335	0.067917
1028	0.067860
12853	0.067848
6411	0.067829
9043	0.067771
13027	0.067763
9049	0.067763
9048	0.067763
9046	0.067763
8420	0.067763
7027	0.067763
5216	0.067763
11671	0.067763
7488	0.067747
6305	0.067739
960	0.067699
13030	0.067652
4977	0.067636
4629	0.067557
3277	0.067437
11210	0.067237
10892	0.067209
1480	0.067186
9047	0.067155
499	0.067098
2114	0.067082
1483	0.067066
10186	0.067050
4710	0.067030
4909	0.067027
2339	0.067006
12720	0.066962
7666	0.066962
10092	0.066905
728	0.066808
11036	0.066801
2266	0.066794
11609	0.066770
8953	0.066767
10939	0.066709
6525	0.066694
5659	0.066619
6304	0.066615
275	0.066606
4056	0.066556
2892	0.066532
3408	0.066485
11151	0.066478
2079	0.066441
183	0.066439
3521	0.066434
4630	0.066353
5087	0.066340
9333	0.066330
13639	0.066271
3175	0.066269
9552	0.066221
10926	0.066167
992	0.066118
11368	0.066113
4118	0.066097
8983	0.066068
1793	0.066020
10200	0.065844
11597	0.065785
5542	0.065724
5548	0.065591
9859	0.065564
13965	0.065562
565	0.065541
1728	0.065517
9020	0.065449
10076	0.065411
4268	0.065323
10077	0.065301
9050	0.065289
12679	0.065275
391	0.065271
2851	0.065230
5500	0.065222
12060	0.065178
5751	0.065147
10914	0.065134
6281	0.065117
5065	0.065100
8419	0.065063
8942	0.064933
4237	0.064849
12940	0.064604
2949	0.064581
12071	0.064520
175	0.064520
12208	0.064512
953	0.064493
7134	0.064453
11072	0.064452
12749	0.064433
12748	0.064433
4704	0.064422
1376	0.064413
13116	0.064229
2052	0.064221
3608	0.064199
12950	0.064148
171	0.064124
10918	0.064081
10226	0.064050
372	0.064029
11890	0.064027
11889	0.064027
8139	0.064027
2149	0.064027
2148	0.064027
2147	0.064027
10284	0.063902
10140	0.063862
8231	0.063790
4262	0.063780
5088	0.063777
5111	0.063760
919	0.063739
10694	0.063739
4598	0.063687
2005	0.063676
6021	0.063483
8934	0.063419
12415	0.063397
13788	0.063374
12872	0.063285
12391	0.063261
12031	0.063211
387	0.063105
2541	0.063105
12524	0.063089
12046	0.063037
10318	0.062980
11878	0.062975
7337	0.062960
10493	0.062952
3633	0.062871
3593	0.062833
11400	0.062817
9149	0.062795
10542	0.062769
2973	0.062740
623	0.062719
12412	0.062719
7394	0.062719
3221	0.062708
6631	0.062637
10323	0.062626
4753	0.062587
5391	0.062557
1939	0.062535
4042	0.062465
10040	0.062436
12219	0.062422
6373	0.062414
6703	0.062413
3863	0.062405
12143	0.062388
6902	0.062240
12530	0.062209
11392	0.062114
6217	0.062101
5086	0.062096
12434	0.062087
12390	0.062087
9578	0.062072
12941	0.062045
13135	0.062042
11682	0.062039
7390	0.062037
10709	0.062023
12276	0.062013
14263	0.062013
14002	0.062013
14001	0.062013
14000	0.062013
13998	0.062013
13996	0.062013
6666	0.062013
5064	0.062013
4854	0.062013
4852	0.062013
4176	0.061969
1074	0.061919
849	0.061853
9790	0.061818
2520	0.061794
10516	0.061734
10495	0.061725
8929	0.061720
12858	0.061669
7388	0.061627
5985	0.061623
4126	0.061601
3445	0.061538
6717	0.061470
3494	0.061469
6072	0.061430
13019	0.061421
2167	0.061396
6418	0.061273
10722	0.061273
5697	0.061169
96	0.061161
2754	0.061134
6436	0.061134
1321	0.061109
11529	0.060923
4175	0.060918
4691	0.060894
4194	0.060862
8229	0.060825
5455	0.060717
4612	0.060694
12301	0.060632
6174	0.060615
1044	0.060594
13750	0.060594
10802	0.060495
9316	0.060454
11358	0.060453
11207	0.060425
13664	0.060412
9400	0.060365
6539	0.060364
2150	0.060354
11992	0.060352
5183	0.060347
1460	0.060326
13081	0.060303
13080	0.060303
13079	0.060303
13078	0.060303
13074	0.060303
13071	0.060303
13057	0.060303
13049	0.060303
13047	0.060303
13045	0.060303
13043	0.060303
13017	0.060303
12959	0.060303
12904	0.060303
7936	0.060303
4478	0.060274
12458	0.060244
11431	0.060238
1362	0.060236
9396	0.060236
4481	0.060236
6922	0.060172
13676	0.060117
10928	0.060025
10322	0.060025
3475	0.060016
1010	0.060013
5057	0.059977
3758	0.059908
9567	0.059906
8490	0.059790
7030	0.059743
2743	0.059703
7964	0.059679
6868	0.059672
11769	0.059665
2214	0.059647
11027	0.059619
12899	0.059615
10476	0.059585
13040	0.059538
2623	0.059526
8599	0.059513
8312	0.059347
13997	0.059307
1924	0.059287
2755	0.059244
4017	0.059233
12146	0.059073
8582	0.059073
7599	0.059073
3695	0.059073
3694	0.059073
3616	0.059073
10693	0.058999
3625	0.058973
13430	0.058918
2453	0.058906
3508	0.058880
6594	0.058880
11493	0.058872
9613	0.058847
3843	0.058810
10227	0.058804
9076	0.058786
884	0.058781
13724	0.058759
9540	0.058730
826	0.058692
5215	0.058553
4917	0.058551
4077	0.058436
10455	0.058416
9389	0.058382
730	0.058296
6007	0.058287
14162	0.058272
6632	0.058230
8232	0.058213
9343	0.058145
11548	0.058127
13539	0.058123
343	0.058094
8678	0.058087
11546	0.058081
12266	0.058008
7830	0.057986
13438	0.057977
11676	0.057970
9923	0.057947
10441	0.057882
4222	0.057861
5038	0.057820
7710	0.057812
2096	0.057812
881	0.057799
569	0.057786
11551	0.057736
3983	0.057701
11301	0.057645
11540	0.057595
140	0.057515
13492	0.057504
367	0.057499
1277	0.057489
11253	0.057482
2961	0.057469
12952	0.057469
12951	0.057469
9612	0.057440
2209	0.057435
3763	0.057427
423	0.057420
14068	0.057402
6371	0.057385
6389	0.057364
12521	0.057358
4093	0.057310
11818	0.057280
1017	0.057263
2889	0.057185
10373	0.057138
8465	0.057125
4690	0.057118
7028	0.057118
13235	0.057116
12287	0.057116
8515	0.057116
5182	0.057056
1722	0.057053
862	0.057042
10028	0.057041
1901	0.057019
14274	0.056963
12077	0.056962
6461	0.056962
3711	0.056962
11722	0.056946
3492	0.056942
12593	0.056909
3203	0.056884
12457	0.056808
12456	0.056808
12450	0.056808
12443	0.056808
9798	0.056808
10841	0.056747
9646	0.056717
13897	0.056683
3050	0.056650
5570	0.056567
12615	0.056525
2813	0.056491
9599	0.056473
12165	0.056464
1419	0.056455
3661	0.056450
9611	0.056386
3341	0.056383
13388	0.056374
13387	0.056374
7961	0.056362
11321	0.056324
4921	0.056324
11545	0.056314
11001	0.056302
1186	0.056256
7090	0.056210
525	0.056198
2257	0.056161
10139	0.056155
3530	0.056123
936	0.056101
958	0.056076
13038	0.056066
13037	0.056066
4568	0.056047
1391	0.056035
3759	0.056032
5259	0.056014
6131	0.055986
12408	0.055965
10827	0.055952
1735	0.055950
14108	0.055928
4745	0.055928
959	0.055911
6497	0.055902
11908	0.055871
968	0.055852
3535	0.055794
6662	0.055776
6110	0.055756
1903	0.055746
5904	0.055740
8132	0.055703
2942	0.055694
12741	0.055673
4744	0.055620
3505	0.055578
12836	0.055575
12824	0.055575
11134	0.055544
6523	0.055454
3531	0.055454
14167	0.055445
1574	0.055425
10953	0.055416
10657	0.055403
6563	0.055251
578	0.055225
12851	0.055210
10658	0.055204
8381	0.055188
8854	0.055182
12164	0.055168
7922	0.055168
7035	0.055160
5952	0.055149
10475	0.055120
1412	0.055117
7037	0.055105
11539	0.055099
11328	0.055082
12638	0.055075
11378	0.055069
9844	0.055047
2115	0.055045
9455	0.055045
6880	0.055017
7278	0.054981
8956	0.054930
8955	0.054930
5912	0.054899
3242	0.054888
13397	0.054846
8423	0.054783
11848	0.054758
9128	0.054746
5835	0.054732
3027	0.054732
12803	0.054728
977	0.054727
6954	0.054711
2359	0.054710
11099	0.054684
11362	0.054669
8734	0.054650
9769	0.054624
9185	0.054612
11401	0.054576
11399	0.054576
2292	0.054565
6460	0.054468
8496	0.054467
5563	0.054442
5951	0.054429
3378	0.054413
2116	0.054396
2036	0.054383
2137	0.054303
13181	0.054295
10902	0.054227
9674	0.054214
10212	0.054210
13926	0.054137
7372	0.054131
11575	0.054130
10627	0.054120
10392	0.054082
11681	0.054060
2881	0.054017
717	0.054007
957	0.053977
954	0.053977
10991	0.053964
5779	0.053960
101	0.053954
10142	0.053891
1169	0.053881
11679	0.053881
12744	0.053879
2157	0.053816
1510	0.053814
1461	0.053812
12304	0.053806
3819	0.053798
12670	0.053735
2597	0.053720
997	0.053711
5950	0.053709
5778	0.053706
1425	0.053700
10228	0.053672
10278	0.053622
3177	0.053569
2132	0.053564
5006	0.053563
11509	0.053480
6656	0.053427
2095	0.053420
158	0.053406
7252	0.053362
3748	0.053282
5727	0.053272
642	0.053271
3151	0.053236
8933	0.053147
154	0.053146
14071	0.053138
6472	0.053129
7306	0.053128
4561	0.053097
6322	0.053091
11642	0.053089
2357	0.053066
4159	0.053065
11096	0.053055
9961	0.053042
7707	0.053035
1078	0.053007
11474	0.052937
4848	0.052936
3162	0.052911
4858	0.052897
3639	0.052879
4480	0.052872
10678	0.052852
2458	0.052804
13153	0.052802
10171	0.052802
10170	0.052802
1420	0.052753
11035	0.052682
5780	0.052681
11506	0.052670
10572	0.052667
10970	0.052651
3910	0.052651
7973	0.052473
126	0.052439
13088	0.052398
12654	0.052371
5118	0.052320
2576	0.052317
2907	0.052283
12141	0.052268
9561	0.052264
5745	0.052203
4998	0.052185
14003	0.052123
5150	0.052081
10748	0.052060
9834	0.052060
3691	0.052008
7758	0.051963
8019	0.051938
10303	0.051903
12588	0.051898
3499	0.051883
12539	0.051872
2060	0.051863
10437	0.051859
1502	0.051852
834	0.051786
10915	0.051785
8660	0.051778
8659	0.051778
8658	0.051778
5571	0.051776
2599	0.051721
3900	0.051665
5323	0.051658
9346	0.051642
3186	0.051642
9503	0.051641
13142	0.051633
7430	0.051633
13675	0.051608
1052	0.051608
3351	0.051529
1481	0.051524
10544	0.051495
13767	0.051472
8092	0.051463
2665	0.051440
278	0.051431
11013	0.051424
4128	0.051420
2207	0.051406
1958	0.051358
1363	0.051347
