2039	0.153203
11554	0.145085
11351	0.145047
7337	0.141369
11486	0.139589
9835	0.138544
4819	0.138092
1669	0.136921
9830	0.136742
1779	0.136047
12710	0.135836
1466	0.135598
12773	0.135176
10069	0.132761
11487	0.129198
12801	0.129073
10647	0.127130
6499	0.125619
10318	0.124392
12426	0.124343
24	0.123349
12235	0.122786
3678	0.121968
3673	0.121968
12621	0.121486
3163	0.120990
1538	0.120608
12638	0.119814
12623	0.119690
12508	0.119547
1433	0.119393
3342	0.119149
6810	0.118801
11510	0.118444
8622	0.118201
10903	0.118197
10450	0.117551
9016	0.117421
232	0.116174
542	0.115876
10671	0.115821
12597	0.115547
10203	0.115186
7055	0.115123
3764	0.114848
11419	0.114529
12567	0.114438
11010	0.114208
12658	0.113953
11116	0.113953
2795	0.113953
2794	0.113953
10042	0.113907
2800	0.113788
8762	0.113122
9486	0.112929
11218	0.112703
12409	0.112515
7523	0.112405
277	0.112275
12516	0.111795
12536	0.111762
9691	0.111464
9596	0.111434
14072	0.111294
12322	0.111144
12630	0.111115
13089	0.111097
3664	0.111038
8794	0.110859
12270	0.110686
12628	0.110076
12148	0.109846
7411	0.109846
3822	0.109444
5856	0.109203
3363	0.109199
7875	0.109154
703	0.108687
12015	0.108450
3826	0.108289
9169	0.108145
10104	0.107811
9915	0.107700
12109	0.107629
5948	0.107629
10860	0.107346
9986	0.107181
9865	0.106716
11539	0.106660
7166	0.106503
4712	0.105586
1963	0.105097
10033	0.104945
11555	0.104911
5937	0.104290
1018	0.104270
12774	0.104177
8835	0.104049
4064	0.103591
4063	0.103591
4061	0.103591
4058	0.103591
4057	0.103591
2644	0.103591
13165	0.103540
11556	0.103524
10674	0.102483
12708	0.101882
12795	0.101880
11491	0.101857
9857	0.101804
3217	0.101518
4322	0.101436
2798	0.101404
4059	0.101372
1507	0.101091
12662	0.101067
12804	0.100972
5897	0.100896
7555	0.100867
9927	0.100777
9896	0.100777
7208	0.100777
6451	0.100707
12505	0.100506
9987	0.100337
724	0.100275
5703	0.100252
11790	0.100156
10844	0.099855
10859	0.099818
12787	0.099541
5041	0.099389
9961	0.098914
323	0.098881
11853	0.098826
4786	0.098679
4514	0.098605
12792	0.098603
10857	0.098564
12698	0.098420
9872	0.098360
12791	0.098223
12788	0.098223
11173	0.098195
11102	0.097765
10212	0.097711
10531	0.097680
12753	0.097385
5491	0.097101
9950	0.097095
14165	0.097091
12578	0.097084
10816	0.097001
14321	0.096998
14311	0.096998
14307	0.096998
14114	0.096998
10393	0.096998
8406	0.096998
8368	0.096998
3158	0.096998
13361	0.096930
12500	0.096904
12650	0.096726
566	0.096664
11474	0.096523
10526	0.096512
13087	0.096502
10654	0.096370
11037	0.096276
4083	0.095983
12607	0.095921
6733	0.095555
4189	0.095483
12797	0.095193
1555	0.095180
5534	0.095136
11511	0.095099
8907	0.094865
10655	0.094854
12579	0.094841
12832	0.094710
11542	0.093850
723	0.093838
5894	0.093832
12704	0.093602
6001	0.093574
1406	0.093534
5212	0.093286
10349	0.092879
10858	0.092805
11404	0.092709
10922	0.092709
12818	0.092596
12625	0.092478
11342	0.092362
10746	0.092362
12633	0.092265
10263	0.092145
6614	0.092001
11118	0.091721
10090	0.091600
10842	0.091594
11421	0.091594
11345	0.091594
11335	0.091594
12776	0.091501
5957	0.091351
10597	0.091347
4484	0.091339
11551	0.091333
9747	0.091213
3250	0.091164
8089	0.091156
6700	0.091078
12502	0.090982
12145	0.090853
10515	0.090853
5956	0.090853
12587	0.090759
12438	0.090746
5249	0.090732
6613	0.090580
12512	0.090524
3825	0.090269
12548	0.090249
9392	0.090110
5567	0.090067
7645	0.089793
4060	0.089778
1188	0.089770
244	0.089628
10747	0.089507
11456	0.089191
11290	0.089058
12726	0.089028
11009	0.088858
9450	0.088844
5707	0.088800
12660	0.088685
6809	0.088600
9084	0.088570
3668	0.088503
7229	0.088384
11007	0.088352
10856	0.088303
9351	0.088240
9350	0.088240
7401	0.088240
5250	0.088187
12576	0.088161
4279	0.088128
10394	0.088078
9964	0.087956
5670	0.087860
14277	0.087833
5558	0.087784
10871	0.087768
12187	0.087693
9800	0.087683
5112	0.087627
3987	0.087542
9951	0.087454
8003	0.087438
13183	0.087417
11008	0.087417
14043	0.087239
12636	0.087116
319	0.087102
2465	0.087062
13146	0.087048
11544	0.087002
570	0.086956
11359	0.086865
5129	0.086856
12202	0.086781
3988	0.086781
10435	0.086591
6808	0.086547
5040	0.086546
7439	0.086434
7121	0.086434
12552	0.086397
14037	0.086351
7268	0.086347
10174	0.086287
5254	0.086284
10583	0.086266
9926	0.086212
9925	0.086212
9924	0.086212
9852	0.086212
7773	0.086212
7447	0.086212
3232	0.086210
3872	0.086190
5613	0.086137
6946	0.086122
5495	0.085823
8401	0.085713
11477	0.085635
10441	0.085594
5926	0.085540
12554	0.085452
9989	0.085407
3230	0.085359
13654	0.085316
13129	0.085300
6061	0.085300
8445	0.085138
11583	0.084965
11085	0.084931
12590	0.084926
5218	0.084901
10784	0.084770
1053	0.084745
11262	0.084736
4898	0.084718
7507	0.084643
10852	0.084547
10640	0.084537
10670	0.084515
2586	0.084388
3103	0.084332
4729	0.084281
13028	0.084175
11349	0.084101
11492	0.084084
11529	0.084038
10907	0.084036
10530	0.083956
6500	0.083911
1593	0.083902
9971	0.083859
10313	0.083801
10048	0.083693
9790	0.083647
12637	0.083646
9229	0.083613
13123	0.083468
10034	0.083468
4062	0.083425
12707	0.083367
8557	0.083302
8555	0.083302
8547	0.083302
11818	0.083267
5343	0.083200
1418	0.083058
2536	0.083029
9904	0.082959
12711	0.082802
6988	0.082776
3680	0.082557
6123	0.082481
778	0.082445
11164	0.082392
10714	0.082376
3312	0.082322
10462	0.082257
9718	0.081960
13529	0.081880
1554	0.081823
12594	0.081611
8314	0.081600
7094	0.081503
7139	0.081445
11497	0.081405
12571	0.081317
8252	0.081311
3796	0.081281
11485	0.081245
11217	0.081205
14120	0.080863
11343	0.080816
6098	0.080708
2485	0.080707
897	0.080615
14063	0.080559
13405	0.080534
8040	0.080533
11337	0.080418
7010	0.080379
5039	0.080369
11312	0.080273
4217	0.080187
12730	0.080137
2731	0.080077
3873	0.080069
8081	0.080016
10195	0.080014
12808	0.080010
13015	0.080009
12595	0.079917
9917	0.079880
11053	0.079879
10052	0.079871
13624	0.079865
13623	0.079865
3797	0.079844
8821	0.079838
4349	0.079829
12312	0.079771
1278	0.079624
7926	0.079601
11534	0.079557
11490	0.079473
11440	0.079466
11341	0.079466
11494	0.079394
11464	0.079320
477	0.079202
10339	0.079153
8461	0.079114
10508	0.079082
3726	0.079080
6758	0.078909
2251	0.078726
7114	0.078617
6062	0.078554
4820	0.078468
5109	0.078421
12709	0.078374
12336	0.078360
7994	0.078331
10492	0.078304
11175	0.078199
7535	0.078166
12725	0.078151
12581	0.078102
5115	0.078008
3316	0.077990
11495	0.077915
8021	0.077814
8900	0.077803
13682	0.077638
13487	0.077638
13345	0.077638
10772	0.077609
3630	0.077573
9918	0.077547
5176	0.077519
10822	0.077291
13530	0.077166
2487	0.076972
12236	0.076896
12401	0.076830
12617	0.076813
13070	0.076699
14222	0.076666
13866	0.076666
9717	0.076653
12666	0.076601
10412	0.076334
3838	0.076292
5181	0.076276
10314	0.076275
543	0.075999
10315	0.075943
1552	0.075911
7201	0.075887
11532	0.075838
1355	0.075793
2567	0.075768
3229	0.075758
10771	0.075729
11132	0.075721
5457	0.075660
10319	0.075641
13359	0.075553
14077	0.075538
10974	0.075529
8797	0.075523
11595	0.075437
9170	0.075399
13716	0.075387
5887	0.075324
11518	0.075285
13737	0.075204
11213	0.075057
12551	0.075042
7553	0.075019
1427	0.074992
9944	0.074972
10949	0.074935
3210	0.074864
12689	0.074843
3824	0.074830
11455	0.074754
11426	0.074754
4295	0.074709
12812	0.074639
4933	0.074627
11283	0.074556
11467	0.074517
12756	0.074514
12820	0.074506
10667	0.074489
6334	0.074373
7789	0.074210
10457	0.074056
12803	0.074042
2582	0.074024
8128	0.074014
13305	0.073971
3656	0.073842
10609	0.073831
8138	0.073803
5446	0.073766
2581	0.073726
770	0.073679
11728	0.073644
7306	0.073607
10486	0.073413
10095	0.073400
2497	0.073378
10424	0.073333
6114	0.073153
1737	0.073134
11729	0.073117
5398	0.073075
5276	0.073030
12712	0.073016
10739	0.073005
10788	0.073005
10777	0.073005
10759	0.073005
12525	0.073002
9015	0.072988
10683	0.072984
2780	0.072978
5673	0.072938
5675	0.072826
10773	0.072799
1608	0.072795
12602	0.072786
9389	0.072679
5674	0.072631
10573	0.072592
6527	0.072499
12654	0.072497
10933	0.072456
12764	0.072354
11795	0.072253
8593	0.072251
11576	0.072171
11394	0.072122
7611	0.072047
12659	0.071979
10840	0.071977
4193	0.071953
8325	0.071927
11533	0.071896
8703	0.071860
3182	0.071842
10941	0.071831
10574	0.071647
779	0.071584
2933	0.071534
5728	0.071501
8237	0.071388
4490	0.071376
7463	0.071322
6066	0.071322
12692	0.070979
3422	0.070963
4489	0.070859
10534	0.070829
6887	0.070743
8054	0.070740
8190	0.070727
6450	0.070694
9485	0.070691
3795	0.070540
12557	0.070523
11528	0.070466
13504	0.070436
10600	0.070276
9295	0.070231
11496	0.070088
7397	0.070064
12513	0.070005
7070	0.069916
10692	0.069866
13416	0.069821
11025	0.069780
4841	0.069779
1599	0.069772
9002	0.069744
3451	0.069743
11476	0.069676
12743	0.069651
10499	0.069619
11526	0.069569
13122	0.069514
1619	0.069427
9966	0.069415
10552	0.069368
13449	0.069363
11868	0.069351
5346	0.069335
12815	0.069321
4673	0.069320
8051	0.069253
11524	0.069126
11570	0.069112
6877	0.069088
9026	0.069020
12826	0.068995
11502	0.068990
11536	0.068859
11186	0.068809
11442	0.068799
11396	0.068799
7028	0.068730
7160	0.068676
11577	0.068446
11869	0.068426
6134	0.068345
10851	0.068282
3676	0.068249
10353	0.068209
3231	0.068182
4327	0.068144
10940	0.068096
10428	0.068074
10636	0.067985
2258	0.067951
11519	0.067903
6516	0.067895
3505	0.067817
7137	0.067784
1618	0.067735
5565	0.067728
5344	0.067723
2546	0.067706
4711	0.067695
12729	0.067689
10068	0.067660
9946	0.067617
8328	0.067605
9377	0.067513
7961	0.067510
1815	0.067507
11543	0.067499
4731	0.067436
4675	0.067436
13404	0.067433
12719	0.067433
4957	0.067405
13598	0.067293
8001	0.067280
6660	0.067232
5695	0.067146
7959	0.067095
8209	0.067082
11169	0.067081
7500	0.067042
5936	0.066982
6326	0.066971
12734	0.066942
14017	0.066913
7914	0.066913
10496	0.066814
7341	0.066769
13154	0.066711
9769	0.066681
13186	0.066645
11433	0.066559
6512	0.066517
7135	0.066479
6283	0.066479
11574	0.066359
8430	0.066327
10528	0.066298
5478	0.066266
8017	0.066238
6947	0.066233
2739	0.066161
4872	0.066161
1041	0.066107
12550	0.066078
10304	0.066049
12529	0.066047
9929	0.065998
10158	0.065974
10005	0.065906
6624	0.065899
12317	0.065886
3808	0.065822
8338	0.065757
4085	0.065743
6919	0.065737
1337	0.065675
3633	0.065625
10836	0.065607
9990	0.065595
1643	0.065591
12618	0.065584
13560	0.065581
1613	0.065512
6002	0.065481
10181	0.065449
10153	0.065403
8141	0.065327
12096	0.065282
1512	0.065242
13164	0.065199
13185	0.065196
366	0.065175
10141	0.065058
10035	0.065058
6643	0.064967
12782	0.064938
12673	0.064929
4033	0.064823
12093	0.064816
12750	0.064815
11176	0.064802
10796	0.064769
2738	0.064766
5512	0.064696
10604	0.064672
12827	0.064638
5522	0.064616
5080	0.064613
10973	0.064605
5858	0.064593
12526	0.064589
10025	0.064562
11695	0.064561
1807	0.064542
4051	0.064540
8696	0.064537
4532	0.064487
11463	0.064483
8284	0.064461
3263	0.064442
7898	0.064439
13401	0.064424
9720	0.064404
8472	0.064284
1547	0.064272
11759	0.064268
10547	0.064243
7260	0.064211
11755	0.064186
5514	0.064160
12592	0.064136
2031	0.064128
11154	0.064112
5030	0.064048
4192	0.064032
12604	0.063969
4221	0.063901
11043	0.063779
9847	0.063774
2087	0.063726
8362	0.063707
12880	0.063695
7814	0.063688
8094	0.063684
14245	0.063662
6800	0.063645
12577	0.063604
12802	0.063574
345	0.063526
5143	0.063522
7438	0.063510
7123	0.063510
3669	0.063479
11507	0.063479
7031	0.063436
12510	0.063429
5521	0.063386
12747	0.063375
8513	0.063345
1560	0.063310
13182	0.063250
5692	0.063216
6121	0.063166
11082	0.063143
3178	0.063140
12794	0.063138
9694	0.063123
13167	0.063099
10122	0.063099
2033	0.063097
5690	0.063095
4816	0.063070
3489	0.063068
13550	0.062983
4259	0.062959
5691	0.062916
364	0.062877
6556	0.062857
6555	0.062857
5075	0.062838
7762	0.062834
4588	0.062822
11553	0.062815
12610	0.062789
8579	0.062781
3224	0.062766
10843	0.062750
9227	0.062730
11405	0.062725
8747	0.062678
8725	0.062678
11500	0.062652
11101	0.062644
3120	0.062641
12408	0.062638
8654	0.062633
8653	0.062633
4655	0.062616
10477	0.062602
4330	0.062597
5355	0.062567
11019	0.062554
9867	0.062496
5214	0.062493
12214	0.062415
7595	0.062334
11166	0.062329
9416	0.062321
9082	0.062240
690	0.062224
13652	0.062210
12757	0.062183
10500	0.062156
12200	0.062120
1886	0.062074
11225	0.062073
10909	0.062073
12561	0.062055
10658	0.062011
6363	0.062007
10593	0.061961
12419	0.061944
10135	0.061923
7505	0.061893
12589	0.061892
6811	0.061886
7530	0.061842
12262	0.061775
5220	0.061743
12897	0.061711
10831	0.061704
3168	0.061699
13375	0.061691
13558	0.061680
11410	0.061668
11516	0.061582
747	0.061580
10365	0.061573
12238	0.061549
13491	0.061492
10783	0.061473
12537	0.061457
12562	0.061452
10834	0.061418
4326	0.061387
3242	0.061375
13094	0.061342
7482	0.061299
11649	0.061288
8943	0.061288
11488	0.061236
13137	0.061210
4723	0.061106
12341	0.061086
4425	0.061066
10722	0.061064
12514	0.061055
11522	0.061017
2503	0.060992
13972	0.060962
4748	0.060922
5106	0.060911
5104	0.060911
8239	0.060881
11501	0.060872
7033	0.060865
7819	0.060827
4452	0.060782
10366	0.060771
10401	0.060756
9179	0.060754
2301	0.060713
10385	0.060708
3662	0.060700
654	0.060694
12833	0.060667
7118	0.060644
10402	0.060620
8699	0.060559
5010	0.060525
9949	0.060510
7034	0.060509
9879	0.060491
3111	0.060466
8701	0.060458
8500	0.060432
4685	0.060431
10684	0.060421
8336	0.060417
10731	0.060409
6483	0.060401
5569	0.060396
5520	0.060381
13597	0.060380
13596	0.060380
13595	0.060380
13583	0.060380
13554	0.060380
13402	0.060380
7990	0.060380
12535	0.060379
7855	0.060377
8724	0.060343
8723	0.060343
8722	0.060343
8721	0.060343
8720	0.060343
8719	0.060343
8702	0.060343
8698	0.060343
8695	0.060343
8694	0.060343
8693	0.060343
8692	0.060343
8691	0.060343
8690	0.060343
8689	0.060343
8688	0.060343
8687	0.060343
8686	0.060343
8685	0.060343
8684	0.060343
8683	0.060343
8682	0.060343
8681	0.060343
8680	0.060343
8649	0.060343
8648	0.060343
8647	0.060343
8646	0.060343
8645	0.060343
8644	0.060343
8643	0.060343
8642	0.060343
8640	0.060343
8554	0.060343
7577	0.060343
11156	0.060329
10545	0.060285
9349	0.060213
12494	0.060082
7502	0.060048
10514	0.060035
10024	0.060014
4790	0.060012
13610	0.060010
10657	0.059970
10732	0.059948
6124	0.059932
2900	0.059720
3982	0.059706
12124	0.059663
10119	0.059646
8192	0.059503
4975	0.059432
9876	0.059417
7628	0.059417
7627	0.059417
10463	0.059352
10074	0.059265
12538	0.059253
4889	0.059217
11839	0.059210
10613	0.059162
12601	0.059094
12203	0.059079
8580	0.059079
8575	0.059079
8546	0.059079
7122	0.059079
8718	0.059066
12606	0.059042
13537	0.059014
11395	0.059010
10386	0.059003
11216	0.058963
10793	0.058958
12690	0.058953
5028	0.058943
5131	0.058931
