2052	0.156771
1419	0.152601
11858	0.152211
9439	0.151901
9462	0.151755
1420	0.149641
3389	0.147579
7774	0.139823
5641	0.139823
5642	0.139810
5347	0.139315
13076	0.139265
13036	0.139001
6695	0.138460
3739	0.137399
2952	0.136712
3745	0.136676
12053	0.136631
2958	0.133390
304	0.133379
1673	0.132930
2820	0.132855
2105	0.132592
3837	0.131264
3921	0.125966
13265	0.124637
11658	0.123615
4538	0.119823
4537	0.119012
3209	0.115231
6395	0.115188
2280	0.113953
4542	0.113328
4304	0.113064
4302	0.113064
11999	0.113051
8615	0.111400
4106	0.110691
7872	0.110295
8352	0.110289
8351	0.110289
2957	0.110289
2956	0.110289
4105	0.109710
235	0.109601
5033	0.108945
13054	0.108910
12348	0.108735
6895	0.108699
11607	0.108031
13665	0.107517
13850	0.107232
1133	0.107058
1115	0.106356
6896	0.106224
3212	0.106060
5034	0.106000
2114	0.103464
2902	0.102999
3438	0.102348
4305	0.102299
3738	0.102296
7757	0.100845
6838	0.100748
8611	0.100722
1756	0.099285
1346	0.099173
268	0.098777
7526	0.098699
8864	0.098661
8863	0.098661
8583	0.098661
8124	0.098661
7904	0.098661
7903	0.098661
7902	0.098661
7901	0.098661
7900	0.098661
7899	0.098661
7897	0.098661
7896	0.098661
7895	0.098661
6017	0.098456
6102	0.098371
1119	0.097855
1120	0.097626
7920	0.097314
2968	0.097300
13247	0.096996
221	0.096872
9623	0.096589
13449	0.096473
4216	0.095224
9192	0.095045
4168	0.094062
1285	0.093261
5555	0.093103
7955	0.092902
9794	0.092621
6127	0.092218
4111	0.092089
2831	0.091792
13545	0.090669
9248	0.089955
6532	0.089857
11968	0.089822
949	0.089822
9150	0.089629
11739	0.089307
2064	0.088791
4463	0.088788
9438	0.088471
7288	0.088251
2281	0.087965
4163	0.087905
14418	0.087837
14417	0.087837
13284	0.087837
13152	0.087837
9795	0.087837
9793	0.087837
9792	0.087837
9791	0.087837
9789	0.087837
9745	0.087837
9163	0.087837
8614	0.087837
8613	0.087837
8177	0.087837
8076	0.087831
11733	0.087147
5219	0.086984
1121	0.086914
2522	0.086905
5035	0.086696
5546	0.086536
10661	0.086523
51	0.086482
224	0.086021
14233	0.085303
1136	0.085303
5413	0.084988
5433	0.084675
2109	0.084476
5346	0.084109
12030	0.084105
6754	0.084029
1232	0.083984
1229	0.083984
12182	0.083969
4464	0.083969
4667	0.083899
9218	0.083646
7379	0.083253
9226	0.082845
9217	0.082845
8534	0.082845
6430	0.082845
1123	0.082845
7827	0.082809
4671	0.082769
4669	0.082769
2990	0.082736
14358	0.082285
4670	0.082136
7659	0.081869
4112	0.081824
2277	0.081750
4113	0.081557
6806	0.081538
9415	0.081534
8851	0.081534
8850	0.081534
2110	0.081215
6482	0.081131
115	0.081073
9201	0.081037
7295	0.081033
11989	0.080445
2185	0.080120
13394	0.080117
1118	0.079991
7131	0.079966
12909	0.079582
9413	0.079473
1816	0.079369
404	0.079328
1265	0.079128
4416	0.078898
2097	0.078731
14266	0.078625
2600	0.078605
6278	0.078419
4668	0.078093
5918	0.077983
2996	0.077878
9207	0.077800
9205	0.077800
8528	0.077800
2107	0.077678
9174	0.077536
1030	0.077482
9796	0.077174
2283	0.077145
14248	0.076908
8047	0.076908
13942	0.076906
9200	0.076769
874	0.076563
5746	0.076353
8584	0.076337
1400	0.076311
4839	0.075991
225	0.075590
876	0.075468
7686	0.075127
9307	0.075001
5424	0.074913
3507	0.074890
861	0.074688
469	0.074662
12873	0.074583
4294	0.074560
1952	0.074540
7913	0.074474
5968	0.074474
470	0.074474
4383	0.074147
7676	0.073953
392	0.073865
3539	0.073619
7453	0.073501
9176	0.073400
8809	0.073400
5423	0.073362
5500	0.073321
9480	0.073040
8533	0.073040
5967	0.073033
8892	0.072962
12069	0.072754
3007	0.072715
11987	0.072209
4465	0.072022
9231	0.071931
8634	0.071924
12403	0.071867
6077	0.071800
7767	0.071744
2170	0.071522
8792	0.071476
12252	0.071417
5476	0.071310
2708	0.071046
11818	0.070966
11988	0.070822
4377	0.070732
11998	0.070728
4450	0.070706
12764	0.070405
12756	0.070367
1228	0.070225
6938	0.070020
4231	0.069739
5177	0.069737
1458	0.069725
9787	0.069639
9786	0.069639
9785	0.069639
9784	0.069639
9783	0.069639
9782	0.069639
9781	0.069639
9778	0.069639
9280	0.069639
8585	0.069639
8567	0.069639
8553	0.069639
353	0.069634
6465	0.069583
2182	0.069552
3736	0.069243
9780	0.069242
2521	0.069208
6889	0.069082
1402	0.068933
3437	0.068829
12915	0.068815
12914	0.068815
9177	0.068611
2980	0.068576
2950	0.068481
4175	0.068473
7400	0.068393
9913	0.068356
5354	0.068238
10694	0.068229
4306	0.068010
9702	0.067996
7114	0.067740
4977	0.067701
13462	0.067682
14407	0.067489
12572	0.067360
2128	0.067328
11147	0.067258
2188	0.067237
12010	0.067050
11646	0.066995
1132	0.066993
6473	0.066987
10226	0.066957
2828	0.066795
11737	0.066763
370	0.066610
10232	0.066556
4176	0.066424
6217	0.066361
12276	0.066323
14263	0.066323
14002	0.066323
14001	0.066323
14000	0.066323
13998	0.066323
13996	0.066323
6666	0.066323
5064	0.066323
4854	0.066323
4852	0.066323
9347	0.066266
10839	0.065856
4922	0.065722
5697	0.065615
1656	0.065392
6689	0.065351
6967	0.065351
9775	0.065348
14052	0.065243
10065	0.065243
10838	0.065120
3588	0.065041
8312	0.064919
9135	0.064872
4976	0.064855
2892	0.064804
14303	0.064779
14302	0.064779
14301	0.064779
14300	0.064779
14299	0.064779
4466	0.064774
7167	0.064676
7752	0.064644
498	0.064635
12036	0.064334
13517	0.064235
1919	0.064231
4778	0.064213
13557	0.064168
13556	0.064168
9385	0.064166
8090	0.063822
2847	0.063822
2843	0.063822
2839	0.063822
331	0.063679
633	0.063650
586	0.063502
2840	0.063433
3320	0.063377
10683	0.063178
38	0.063143
8319	0.063110
6191	0.062981
6305	0.062937
7245	0.062924
2423	0.062920
13030	0.062900
11226	0.062780
9711	0.062683
9708	0.062683
9707	0.062683
9705	0.062683
9703	0.062683
9699	0.062621
4855	0.062596
6302	0.062581
6267	0.062581
8740	0.062488
8565	0.062456
8714	0.062399
2773	0.062319
5477	0.062111
6393	0.062086
12219	0.061949
4865	0.061829
6747	0.061759
524	0.061705
9861	0.061644
9819	0.061644
2523	0.061511
8180	0.061489
8635	0.061447
8451	0.061377
10538	0.061212
4169	0.061211
4118	0.061203
5375	0.061191
14416	0.061160
6443	0.061153
8671	0.061119
9235	0.061118
9230	0.061118
9228	0.061118
9225	0.061118
9224	0.061118
9221	0.061118
9219	0.061118
9214	0.061118
9213	0.061118
9211	0.061118
9209	0.061118
9208	0.061118
9206	0.061118
9193	0.061118
8807	0.061118
8679	0.061118
8677	0.061118
8675	0.061118
8674	0.061118
8673	0.061118
8670	0.061118
8637	0.061118
8633	0.061118
8631	0.061118
8610	0.061118
8591	0.061118
8539	0.061118
8538	0.061118
8537	0.061118
8536	0.061118
8529	0.061118
8526	0.061118
8525	0.061118
8632	0.061118
3914	0.061069
11937	0.061033
14415	0.061022
9277	0.061022
2881	0.061000
7954	0.060961
8531	0.060913
9686	0.060903
2979	0.060884
2	0.060815
12077	0.060803
6461	0.060803
3711	0.060803
13997	0.060747
352	0.060637
9237	0.060627
13235	0.060599
3741	0.060522
6758	0.060483
9244	0.060308
11679	0.060277
2954	0.060270
8503	0.060175
10227	0.060136
9942	0.060085
9931	0.060085
9930	0.060085
9921	0.060085
9901	0.060085
9899	0.060085
9895	0.060085
9866	0.060085
9836	0.060085
9832	0.060085
9810	0.060085
9698	0.060085
9636	0.060085
9570	0.060085
9299	0.060085
114	0.060084
781	0.059985
4850	0.059983
8875	0.059898
10127	0.059891
11178	0.059834
7306	0.059758
35	0.059698
1694	0.059638
9840	0.059552
12908	0.059544
9411	0.059544
9412	0.059543
4559	0.059537
1785	0.059532
6406	0.059484
12462	0.059473
10685	0.059473
9870	0.059449
3360	0.059444
13374	0.059262
13373	0.059262
2955	0.059250
2953	0.059250
14162	0.059244
9152	0.059169
3142	0.059168
6616	0.059164
4672	0.059059
2845	0.059038
11798	0.059006
7655	0.058869
7101	0.058828
7654	0.058826
10233	0.058667
11298	0.058661
10994	0.058661
73	0.058558
12442	0.058398
4042	0.058338
13633	0.058324
13490	0.058269
13632	0.058269
13631	0.058269
12143	0.058267
991	0.058203
3388	0.058194
4824	0.058160
9215	0.058128
9717	0.058124
86	0.058041
9170	0.058008
7510	0.057996
13456	0.057946
13342	0.057946
6587	0.057945
1097	0.057942
3940	0.057890
6378	0.057863
730	0.057759
2542	0.057724
492	0.057691
10723	0.057668
9788	0.057504
879	0.057442
599	0.057376
8636	0.057366
12357	0.057232
9145	0.057098
12281	0.057051
6619	0.057051
9909	0.056986
9204	0.056976
8592	0.056976
14003	0.056926
6742	0.056859
4998	0.056857
4849	0.056835
9311	0.056828
8468	0.056668
2978	0.056668
2977	0.056668
2817	0.056629
8171	0.056416
9761	0.056314
9484	0.056171
9483	0.056171
6405	0.056124
456	0.055855
1117	0.055847
7856	0.055737
5299	0.055736
9361	0.055682
4848	0.055608
4836	0.055565
4469	0.055510
11681	0.055460
823	0.055412
9520	0.055362
1812	0.055342
1811	0.055342
3922	0.055281
2111	0.055153
13319	0.055137
13689	0.055058
13489	0.055058
1809	0.055002
7530	0.054986
1905	0.054910
12101	0.054821
5695	0.054800
7258	0.054758
10045	0.054752
5712	0.054571
5711	0.054571
5710	0.054571
9673	0.054566
11019	0.054423
7182	0.054379
13680	0.054353
4799	0.054335
2276	0.054332
12093	0.054308
251	0.054293
6663	0.054215
13448	0.054209
9220	0.054201
11715	0.054187
3710	0.054078
10230	0.053992
1273	0.053927
6761	0.053880
698	0.053842
14290	0.053684
11556	0.053589
4262	0.053558
6834	0.053549
249	0.053540
4204	0.053489
4958	0.053444
11678	0.053430
817	0.053412
8530	0.053338
3144	0.053297
7200	0.053125
1780	0.053090
3906	0.053077
1889	0.053050
5038	0.053036
9706	0.052996
4798	0.052968
4121	0.052936
7642	0.052912
6044	0.052889
3505	0.052875
9210	0.052808
6770	0.052770
11682	0.052706
11781	0.052605
2821	0.052600
12636	0.052414
6065	0.052405
14186	0.052341
2962	0.052285
3700	0.052237
9704	0.052222
679	0.052209
13435	0.052189
2059	0.052189
5591	0.052110
4659	0.052062
3448	0.052059
9495	0.052015
9147	0.052015
2067	0.052003
13427	0.052000
4838	0.051957
12338	0.051957
1114	0.051925
4281	0.051918
1953	0.051897
1954	0.051897
9770	0.051835
2057	0.051829
9202	0.051785
11638	0.051769
11677	0.051744
4494	0.051744
4493	0.051744
10097	0.051741
5451	0.051740
11964	0.051722
121	0.051677
11566	0.051661
11813	0.051631
3383	0.051560
4787	0.051547
9709	0.051508
6064	0.051503
13500	0.051491
12954	0.051433
6055	0.051398
13131	0.051380
10229	0.051358
7606	0.051332
6598	0.051255
9168	0.051253
683	0.051248
6920	0.051226
7381	0.051226
10648	0.051225
9199	0.051188
2267	0.050995
2841	0.050911
2588	0.050729
14004	0.050710
4866	0.050710
2118	0.050616
5777	0.050594
10330	0.050588
9253	0.050548
13897	0.050495
459	0.050449
457	0.050435
7414	0.050416
12125	0.050390
8625	0.050365
1094	0.050323
9917	0.050310
1951	0.050221
11467	0.050185
12798	0.050049
6134	0.049982
8606	0.049973
12204	0.049909
6317	0.049815
10642	0.049790
4116	0.049762
2363	0.049737
10836	0.049727
782	0.049647
5748	0.049589
4509	0.049588
3977	0.049517
3638	0.049502
1300	0.049501
13355	0.049463
10739	0.049460
10788	0.049460
10777	0.049460
10759	0.049460
2453	0.049451
10776	0.049391
5142	0.049381
1135	0.049363
2809	0.049281
6179	0.049256
11982	0.049100
5414	0.049100
5412	0.049100
5245	0.048980
5541	0.048978
6576	0.048969
14427	0.048918
4087	0.048895
9869	0.048840
5291	0.048825
119	0.048820
12141	0.048805
5779	0.048778
9831	0.048777
2944	0.048743
11233	0.048734
9381	0.048734
2964	0.048716
11065	0.048661
3604	0.048629
700	0.048610
1039	0.048593
6908	0.048517
2037	0.048511
6699	0.048506
13928	0.048486
7581	0.048481
2113	0.048472
13698	0.048423
13544	0.048423
10809	0.048410
7580	0.048410
3870	0.048406
4511	0.048363
4873	0.048327
12250	0.048323
9109	0.048292
8329	0.048289
5778	0.048286
2666	0.048264
2282	0.048221
13293	0.048151
3636	0.048112
2174	0.048081
10748	0.048066
9834	0.048066
10582	0.048029
10356	0.047976
3666	0.047903
5221	0.047876
3428	0.047806
4661	0.047757
9108	0.047697
1734	0.047682
12296	0.047645
6244	0.047645
8207	0.047640
14214	0.047631
10456	0.047606
6255	0.047593
13687	0.047580
6636	0.047578
1403	0.047557
2458	0.047464
12279	0.047425
11825	0.047425
6270	0.047425
6269	0.047425
250	0.047375
2605	0.047371
2168	0.047335
6051	0.047332
3934	0.047329
13926	0.047306
2452	0.047275
3311	0.047268
6147	0.047267
14199	0.047237
8204	0.047188
1238	0.047151
6533	0.047116
7202	0.047014
8773	0.047008
6621	0.047008
1291	0.047005
6035	0.047004
10511	0.046998
6277	0.046956
13999	0.046921
5005	0.046921
5189	0.046918
3287	0.046870
11129	0.046869
4363	0.046824
4349	0.046683
3952	0.046681
227	0.046673
10943	0.046667
4361	0.046642
877	0.046568
2062	0.046558
1109	0.046541
10377	0.046541
6618	0.046516
10378	0.046505
4750	0.046416
4205	0.046354
5118	0.046329
2189	0.046323
9986	0.046205
4160	0.046129
2274	0.046061
10749	0.045958
4541	0.045953
3314	0.045941
2660	0.045937
10512	0.045931
9579	0.045930
5268	0.045908
13199	0.045878
13198	0.045878
243	0.045849
12275	0.045832
314	0.045831
6472	0.045829
9741	0.045823
3310	0.045823
10050	0.045817
11439	0.045815
5815	0.045803
4624	0.045802
2286	0.045756
3425	0.045753
118	0.045744
7830	0.045723
4739	0.045686
12648	0.045660
771	0.045648
10098	0.045629
6149	0.045628
9538	0.045616
5829	0.045608
13360	0.045598
7699	0.045598
2659	0.045594
11314	0.045539
12502	0.045523
10186	0.045481
7201	0.045450
311	0.045448
7020	0.045352
6731	0.045293
6303	0.045273
8621	0.045225
7981	0.045220
1122	0.045210
10286	0.045205
9912	0.045163
9911	0.045163
4834	0.045142
2731	0.045096
11394	0.045084
8676	0.045013
2970	0.044994
6561	0.044988
6251	0.044960
6249	0.044960
8432	0.044945
8431	0.044945
10658	0.044900
239	0.044888
6841	0.044877
11300	0.044823
6101	0.044724
5830	0.044717
7700	0.044696
4660	0.044693
613	0.044628
596	0.044604
6741	0.044577
12229	0.044524
11977	0.044498
6530	0.044497
7932	0.044494
6835	0.044493
4619	0.044482
5747	0.044476
3193	0.044454
685	0.044451
6157	0.044446
6707	0.044429
13200	0.044428
9320	0.044428
9318	0.044428
9315	0.044428
9314	0.044428
9313	0.044428
9312	0.044428
9310	0.044428
9309	0.044428
9306	0.044428
9305	0.044428
8733	0.044428
8669	0.044428
8668	0.044428
8608	0.044428
8607	0.044428
8605	0.044428
8603	0.044428
7703	0.044428
7477	0.044428
7408	0.044428
10475	0.044357
8833	0.044347
4693	0.044327
2278	0.044294
13121	0.044292
4789	0.044292
4788	0.044292
1778	0.044287
1535	0.044272
7702	0.044222
385	0.044186
14370	0.044164
13939	0.044161
10657	0.044133
9232	0.044128
13552	0.044115
13511	0.044115
13507	0.044115
9928	0.044107
13396	0.044060
13338	0.044060
2102	0.044050
2844	0.044040
2186	0.043983
6851	0.043951
6528	0.043935
4972	0.043867
2380	0.043780
7082	0.043774
330	0.043757
10203	0.043743
9926	0.043743
9925	0.043743
9924	0.043743
9852	0.043743
7773	0.043743
7447	0.043743
5780	0.043739
329	0.043728
10671	0.043687
4935	0.043649
13285	0.043593
14367	0.043540
7888	0.043508
5958	0.043485
2117	0.043455
11112	0.043382
