9462	0.227481
11858	0.227311
2105	0.227035
9439	0.226827
3389	0.223819
7774	0.219157
5641	0.219157
5642	0.219144
5347	0.219104
2958	0.215303
2820	0.215243
1673	0.214678
1419	0.211175
3837	0.206517
2052	0.204480
4538	0.202941
1420	0.202701
4542	0.199776
13265	0.188370
11658	0.187776
8352	0.184631
8351	0.184631
2957	0.184631
2956	0.184631
7872	0.184631
4106	0.184439
4105	0.182822
6895	0.181924
13850	0.178076
2902	0.177389
6896	0.176769
4304	0.175921
4302	0.175921
11999	0.175919
2952	0.174689
11607	0.172961
12348	0.170004
4537	0.169167
221	0.164962
6532	0.164743
1119	0.163369
1756	0.162970
1120	0.162800
13247	0.162252
2128	0.155928
2280	0.153204
9623	0.152830
5433	0.152467
6102	0.150196
5033	0.148741
2968	0.148573
4305	0.148540
13665	0.147343
5034	0.146410
2109	0.146248
7288	0.145422
8615	0.145395
7757	0.145057
235	0.143205
304	0.142647
13076	0.142469
2831	0.141564
2110	0.140169
1118	0.139721
12909	0.138394
9413	0.138368
2111	0.136428
1109	0.136259
9218	0.136239
877	0.136059
13394	0.135453
268	0.135328
6838	0.135256
9177	0.134863
6695	0.133027
11989	0.132797
6754	0.132121
9775	0.131746
7526	0.131646
8864	0.131560
8863	0.131560
8583	0.131560
8124	0.131560
7904	0.131560
7903	0.131560
7902	0.131560
7901	0.131560
7900	0.131560
7899	0.131560
7897	0.131560
7896	0.131560
7895	0.131560
876	0.130517
9438	0.130462
1836	0.129321
9794	0.129021
1115	0.128914
11739	0.128832
5268	0.128415
2113	0.128170
2097	0.128157
2114	0.127192
51	0.127191
5219	0.126539
1121	0.126253
4667	0.126122
2107	0.125757
9135	0.125754
2523	0.125511
4306	0.124073
5035	0.123944
1133	0.123772
12873	0.123168
9152	0.123154
12030	0.122949
9248	0.122645
4671	0.122261
4669	0.122261
2990	0.122231
2277	0.122221
3438	0.121902
713	0.121894
9711	0.121375
9708	0.121375
9707	0.121375
9705	0.121375
9703	0.121375
7955	0.121354
9699	0.121325
4670	0.121278
8892	0.121227
295	0.121183
2600	0.121115
5546	0.120995
9226	0.120855
9217	0.120855
8534	0.120855
7827	0.120817
4168	0.120551
404	0.119517
524	0.119021
4111	0.119014
2064	0.118681
12252	0.118625
9201	0.118461
224	0.118204
2954	0.117419
9174	0.117406
6806	0.117140
1656	0.117015
8792	0.116992
2283	0.116935
879	0.116573
861	0.116416
10661	0.116407
469	0.116405
2996	0.116361
7913	0.116324
5968	0.116324
470	0.116324
14418	0.116313
14417	0.116313
13284	0.116313
13152	0.116313
9795	0.116313
9793	0.116313
9792	0.116313
9791	0.116313
9789	0.116313
9745	0.116313
9163	0.116313
8614	0.116313
8613	0.116313
8177	0.116313
4163	0.116313
6430	0.116218
1123	0.116218
8076	0.116048
353	0.115932
13036	0.115866
5967	0.115650
2521	0.115353
3507	0.115243
3739	0.115145
2102	0.115103
2955	0.114986
2953	0.114986
2108	0.114974
4383	0.114665
3745	0.114606
12053	0.114563
1232	0.114366
1229	0.114366
4294	0.114244
2170	0.113814
4668	0.113706
12296	0.113488
6244	0.113488
7295	0.113328
7659	0.113185
9702	0.113031
4865	0.113018
1816	0.112821
9176	0.112773
8809	0.112773
9415	0.112709
8851	0.112709
8850	0.112709
6393	0.112617
12915	0.112360
12914	0.112360
9207	0.112341
9205	0.112341
8528	0.112341
8604	0.112276
2124	0.112233
14407	0.111946
6747	0.111484
3778	0.111379
7752	0.111362
225	0.111031
1117	0.110987
1400	0.110778
14358	0.110697
6472	0.110693
9480	0.110491
8533	0.110491
7767	0.110453
3209	0.109917
9385	0.109224
8625	0.109183
13557	0.109147
13556	0.109147
2104	0.109053
8634	0.108604
9231	0.108598
11914	0.108199
874	0.108096
823	0.107628
370	0.107482
9199	0.107083
1097	0.106755
7606	0.106603
8676	0.106149
8584	0.105991
7379	0.105988
8611	0.105735
1228	0.105479
3741	0.105373
11646	0.105189
6378	0.104746
6889	0.104612
3921	0.104337
14233	0.104149
1136	0.104149
14415	0.104126
9277	0.104126
2276	0.103949
1458	0.103853
9787	0.103726
9786	0.103726
9785	0.103726
9784	0.103726
9783	0.103726
9782	0.103726
9781	0.103726
9778	0.103726
9280	0.103726
8585	0.103726
8567	0.103726
8553	0.103726
6465	0.103620
7131	0.103032
115	0.102960
1952	0.102812
13706	0.102811
13738	0.102805
13731	0.102805
6278	0.102721
11715	0.102706
14266	0.102678
6482	0.102506
4416	0.102433
13707	0.102419
498	0.102411
9709	0.102314
38	0.102146
5746	0.102107
2281	0.101657
2708	0.101656
352	0.101591
2112	0.101513
13545	0.101362
11147	0.101340
13054	0.101283
9150	0.101111
4935	0.101073
1111	0.101025
9913	0.100902
12036	0.100838
2980	0.100829
10232	0.100708
5452	0.100616
1135	0.100131
9710	0.100080
8090	0.100069
2847	0.100069
2843	0.100069
2839	0.100069
121	0.100028
4778	0.099940
2840	0.099791
9780	0.099655
35	0.099513
13448	0.099376
13621	0.099229
12295	0.099077
6243	0.099077
9347	0.099023
6473	0.098788
11678	0.098449
11987	0.098340
3437	0.098304
6149	0.098253
12721	0.098096
6501	0.098084
3539	0.098044
1285	0.097998
2522	0.097700
14248	0.097392
8047	0.097392
11733	0.097310
3212	0.097305
13942	0.097190
7880	0.096946
3588	0.096493
9145	0.096438
9024	0.096398
9023	0.096398
9022	0.096398
8949	0.096398
4559	0.096284
2274	0.096244
6127	0.096069
6742	0.096006
8180	0.095944
1265	0.095887
6295	0.095813
2979	0.095567
5413	0.095293
9704	0.095228
1402	0.094979
8468	0.094974
2978	0.094974
2977	0.094974
4231	0.094825
1269	0.094734
8451	0.094573
4672	0.094442
5354	0.094359
12069	0.094339
4465	0.094278
1132	0.094219
14416	0.094212
4922	0.094149
4466	0.094120
9192	0.093846
7020	0.093539
2828	0.093297
129	0.093140
1919	0.092919
114	0.092649
2845	0.092605
4281	0.092559
1346	0.092490
3636	0.092436
9706	0.092433
11298	0.092330
10994	0.092330
10227	0.092191
9713	0.091768
13442	0.091707
2621	0.091645
9244	0.091542
8464	0.091213
5500	0.091154
5745	0.090973
13603	0.090841
13238	0.090841
9553	0.090841
2959	0.090841
12103	0.090841
6587	0.090813
13541	0.090686
10664	0.090511
10030	0.090403
3093	0.090393
13456	0.090385
13342	0.090385
2103	0.090300
4112	0.090279
8503	0.090256
1837	0.090149
4175	0.089967
4113	0.089909
7676	0.089759
1300	0.089659
4595	0.089359
7453	0.089321
12201	0.089175
6255	0.089126
2892	0.088972
141	0.088929
2960	0.088769
6557	0.088725
11998	0.088457
4450	0.088455
4377	0.088415
3142	0.088382
5296	0.088369
13698	0.088299
13544	0.088299
679	0.088174
2185	0.088145
10582	0.087912
3914	0.087846
11937	0.087798
1694	0.087700
3906	0.087657
4176	0.087603
73	0.087563
13334	0.087514
6217	0.087330
14263	0.087304
14002	0.087304
14001	0.087304
14000	0.087304
13998	0.087304
13996	0.087304
6666	0.087304
5064	0.087304
4854	0.087304
4852	0.087304
12276	0.087304
5476	0.087008
7258	0.086918
8845	0.086893
1235	0.086775
8711	0.086698
10233	0.086682
8732	0.086618
3751	0.086578
3750	0.086578
1114	0.086575
8710	0.086547
7400	0.086526
307	0.086411
11566	0.086336
4596	0.086334
6078	0.086307
9258	0.086226
11988	0.086137
2542	0.086057
13997	0.085963
9869	0.085962
8531	0.085867
4977	0.085722
4463	0.085659
9302	0.085630
8712	0.085547
8303	0.085547
8302	0.085547
7362	0.085547
6359	0.085547
7029	0.085507
6202	0.085481
9062	0.085471
599	0.085107
786	0.085052
2092	0.085023
3283	0.085019
6725	0.084887
1001	0.084806
2821	0.084777
7954	0.084720
6081	0.084665
1833	0.084451
8709	0.084448
2509	0.084387
9942	0.084353
9931	0.084353
9930	0.084353
9921	0.084353
9901	0.084353
9899	0.084353
9895	0.084353
9866	0.084353
9836	0.084353
9832	0.084353
9810	0.084353
9698	0.084353
9636	0.084353
9570	0.084353
9299	0.084353
9484	0.084185
9483	0.084185
4849	0.083972
981	0.083844
2510	0.083821
4485	0.083811
9673	0.083431
1030	0.083266
9307	0.083215
4958	0.083050
2	0.082735
4976	0.082701
817	0.082435
9686	0.082375
9237	0.082362
3320	0.082218
9788	0.081492
5510	0.081206
8204	0.081171
2423	0.081159
2881	0.081069
86	0.081034
4836	0.081024
12182	0.080963
4464	0.080963
9818	0.080927
9693	0.080927
8312	0.080710
2275	0.080565
6395	0.080363
9455	0.080332
9361	0.080287
1711	0.080200
4850	0.080066
9232	0.080063
6305	0.079994
13030	0.079969
3973	0.079851
414	0.079660
6689	0.079588
6967	0.079588
9700	0.079333
730	0.079320
5918	0.079203
316	0.079073
14365	0.079015
1	0.078871
489	0.078791
9414	0.078645
13325	0.078615
11930	0.078449
2192	0.078435
11737	0.078357
13293	0.078297
9200	0.078252
683	0.078243
2666	0.078093
2844	0.077959
2964	0.077957
14052	0.077917
10065	0.077917
12219	0.077879
12077	0.077768
6461	0.077768
3711	0.077768
3448	0.077661
13235	0.077560
14364	0.077559
6044	0.077551
6077	0.077491
4118	0.077485
6913	0.077377
4169	0.077361
6443	0.077349
8671	0.077336
9235	0.077334
9230	0.077334
9228	0.077334
9225	0.077334
9224	0.077334
9221	0.077334
9219	0.077334
9214	0.077334
9213	0.077334
9211	0.077334
9209	0.077334
9208	0.077334
9206	0.077334
9193	0.077334
8807	0.077334
8679	0.077334
8677	0.077334
8675	0.077334
8674	0.077334
8673	0.077334
8670	0.077334
8637	0.077334
8633	0.077334
8631	0.077334
8610	0.077334
8591	0.077334
8539	0.077334
8538	0.077334
8537	0.077334
8536	0.077334
8529	0.077334
8526	0.077334
8525	0.077334
8632	0.077334
8041	0.077286
2981	0.077239
13533	0.077084
13532	0.077084
13531	0.077084
6191	0.077083
426	0.077025
7261	0.076967
6197	0.076819
6302	0.076790
6267	0.076790
8714	0.076624
8910	0.076465
4848	0.076438
13449	0.076362
2660	0.076160
7655	0.075953
2190	0.075851
7654	0.075694
12050	0.075693
8319	0.075675
11968	0.075668
949	0.075668
6598	0.075632
997	0.075622
8635	0.075420
6317	0.075107
6616	0.074936
1044	0.074869
4855	0.074843
4692	0.074759
14269	0.074750
14162	0.074632
11279	0.074582
4693	0.074525
2278	0.074525
9121	0.074476
9112	0.074476
8207	0.074475
8773	0.074443
6621	0.074443
3604	0.074439
5177	0.074392
8636	0.074356
6618	0.074273
888	0.074256
10286	0.074252
1122	0.074236
10694	0.073971
10230	0.073719
2186	0.073673
14404	0.073639
14400	0.073639
8143	0.073639
8096	0.073639
3738	0.073566
781	0.073555
12357	0.073508
2950	0.073362
9729	0.073336
613	0.073314
6576	0.073272
10229	0.073267
4053	0.073233
8530	0.073061
7510	0.072962
9220	0.072958
10549	0.072761
14290	0.072717
3934	0.072600
5790	0.072481
2827	0.072365
5423	0.072342
9269	0.072305
3144	0.072290
10231	0.072228
5442	0.072208
11806	0.072177
3940	0.072113
3176	0.072081
10226	0.071964
1113	0.071719
1237	0.071597
5299	0.071499
7999	0.071411
4216	0.071337
716	0.071285
633	0.070986
2450	0.070888
2188	0.070827
2182	0.070816
7642	0.070788
11300	0.070616
7281	0.070579
14368	0.070538
6017	0.070499
8171	0.070347
1025	0.070263
8928	0.069889
7917	0.069882
1238	0.069845
5183	0.069772
13928	0.069757
10748	0.069689
9834	0.069689
2458	0.069673
11964	0.069554
13926	0.069530
9210	0.069439
3654	0.069409
6065	0.069316
12141	0.069270
4262	0.069265
6007	0.069213
9143	0.069202
6242	0.069202
8009	0.069113
7830	0.069050
6064	0.068973
7920	0.068969
2106	0.068966
6151	0.068854
5118	0.068843
9796	0.068686
1905	0.068678
12010	0.068414
492	0.068402
4042	0.068393
12143	0.068329
1024	0.068134
7089	0.067968
385	0.067840
2014	0.067531
14374	0.067475
14363	0.067475
6051	0.067441
578	0.067418
5346	0.067277
4148	0.067200
13970	0.067179
13320	0.067126
7227	0.067024
14375	0.066981
13687	0.066951
5245	0.066938
782	0.066761
12234	0.066727
6605	0.066631
14004	0.066605
4866	0.066605
3002	0.066602
7263	0.066560
2282	0.066477
11425	0.066467
10379	0.066467
9460	0.066303
4853	0.066278
11226	0.066239
586	0.066186
13517	0.066141
4301	0.066131
13889	0.066093
4361	0.066087
4511	0.066029
13651	0.066024
9928	0.065862
13999	0.065828
5005	0.065828
7783	0.065785
5302	0.065761
6036	0.065760
392	0.065718
5555	0.065710
3613	0.065639
4541	0.065591
591	0.065574
9912	0.065454
9911	0.065454
9761	0.065433
5424	0.065416
7468	0.065402
2967	0.065402
10800	0.065396
3431	0.065380
10110	0.065371
354	0.065356
6380	0.065271
13417	0.065257
2846	0.065151
2658	0.065136
14003	0.065126
2962	0.065108
4998	0.065098
6179	0.065085
2199	0.065084
5541	0.065033
4165	0.065006
6707	0.064942
2965	0.064723
3870	0.064535
11681	0.064530
7686	0.064487
3907	0.064481
1951	0.064477
7569	0.064471
9993	0.064307
1953	0.064230
1954	0.064230
331	0.064125
14303	0.064113
14302	0.064113
14301	0.064113
14300	0.064113
14299	0.064113
2286	0.064062
3736	0.064044
2195	0.064012
7167	0.063990
12116	0.063970
2657	0.063886
3007	0.063807
2204	0.063795
4873	0.063792
2661	0.063791
10642	0.063693
2197	0.063637
2605	0.063606
2442	0.063536
6841	0.063468
4121	0.063347
2659	0.063260
6741	0.063219
6835	0.063156
222	0.063104
5123	0.063087
11798	0.063080
1904	0.063070
311	0.062883
11781	0.062874
1291	0.062827
13535	0.062803
11638	0.062789
13634	0.062759
9831	0.062758
2119	0.062671
2046	0.062544
882	0.062355
1293	0.062329
10698	0.062325
13285	0.062320
14360	0.062045
13673	0.061857
13672	0.061857
13671	0.061857
792	0.061840
1731	0.061823
3536	0.061815
10696	0.061793
8740	0.061767
4205	0.061744
12039	0.061715
40	0.061713
10697	0.061712
13462	0.061666
3710	0.061662
13694	0.061592
13467	0.061544
8412	0.061457
14351	0.061433
14085	0.061417
3977	0.061415
5696	0.061360
14367	0.061315
9861	0.061298
9819	0.061298
8329	0.061248
9215	0.061192
4838	0.061186
881	0.061168
4824	0.061136
10538	0.061083
1598	0.061017
4334	0.060963
3383	0.060924
12338	0.060915
13321	0.060885
3638	0.060857
4021	0.060778
7918	0.060747
10403	0.060659
9120	0.060547
758	0.060520
14342	0.060424
6920	0.060370
7381	0.060370
312	0.060320
11625	0.060237
6623	0.060236
3427	0.060199
3749	0.060068
12979	0.059999
5461	0.059924
4974	0.059907
7414	0.059773
14406	0.059677
14405	0.059677
9512	0.059662
685	0.059641
12954	0.059586
12243	0.059533
9540	0.059510
1457	0.059403
5777	0.059312
2172	0.059307
13400	0.059293
4160	0.059172
1078	0.059166
13767	0.059148
239	0.059119
8922	0.059103
314	0.059057
2202	0.058989
303	0.058954
3681	0.058942
11686	0.058919
4142	0.058906
2062	0.058751
6908	0.058728
5588	0.058687
9520	0.058681
14370	0.058663
5348	0.058601
12229	0.058589
456	0.058551
6767	0.058435
6765	0.058435
6764	0.058435
1006	0.058410
351	0.058337
2191	0.058276
4094	0.058232
4758	0.058219
2773	0.058084
8565	0.058083
6677	0.058025
310	0.058018
9202	0.058009
1734	0.057995
251	0.057991
8447	0.057970
2179	0.057870
8392	0.057826
13578	0.057766
13576	0.057766
13390	0.057766
13910	0.057755
10097	0.057754
4520	0.057746
5403	0.057731
3729	0.057707
12043	0.057691
12572	0.057532
8334	0.057424
14357	0.057414
7787	0.057414
8453	0.057411
2027	0.057391
9195	0.057382
10795	0.057361
9610	0.057358
825	0.057267
1930	0.057264
9198	0.057072
13050	0.057053
9770	0.056880
335	0.056851
334	0.056851
327	0.056851
305	0.056851
302	0.056851
6303	0.056825
1254	0.056805
1589	0.056543
2411	0.056533
187	0.056514
332	0.056362
1780	0.056350
