3230	0.161329
3678	0.160020
3673	0.160020
1669	0.158249
9830	0.156624
4064	0.156337
4063	0.156337
4061	0.156337
4058	0.156337
4057	0.156337
2644	0.156337
9026	0.155874
1779	0.155700
4059	0.153847
723	0.153335
6451	0.152705
11790	0.152109
724	0.146138
3363	0.145983
482	0.145787
4898	0.144902
3232	0.144326
5937	0.143313
10654	0.142711
9084	0.141687
10655	0.141486
8835	0.140728
7166	0.140480
1552	0.139371
6556	0.139136
6555	0.139136
9094	0.139057
9093	0.139057
9092	0.139057
9065	0.139057
5858	0.137456
8947	0.136616
4060	0.136398
9718	0.135235
9351	0.135022
9350	0.135022
7401	0.135022
13405	0.134930
6001	0.133684
1278	0.133457
14165	0.133304
14321	0.133086
14311	0.133086
14307	0.133086
14114	0.133086
10393	0.133086
8406	0.133086
8368	0.133086
3158	0.133086
13654	0.131939
4062	0.131846
1406	0.131304
2406	0.131108
13624	0.131016
13623	0.131016
12312	0.130914
13529	0.130637
1188	0.128233
3229	0.127878
10314	0.126618
10315	0.126491
10394	0.125184
8557	0.125127
8555	0.125127
8547	0.125127
13359	0.125013
10090	0.124867
10842	0.124820
11421	0.124820
11345	0.124820
11335	0.124820
8252	0.124422
8089	0.124339
1553	0.124100
6810	0.122930
13504	0.122623
8328	0.122440
1355	0.122254
5936	0.120873
14037	0.120521
1560	0.120485
3163	0.120315
3796	0.120221
11262	0.118945
12710	0.118761
1593	0.118569
9392	0.118555
3103	0.118540
13682	0.118316
13487	0.118316
13345	0.118316
12773	0.118226
4723	0.118029
11695	0.117998
3872	0.117896
10796	0.117785
9485	0.117777
688	0.117376
14157	0.117272
6187	0.116638
14043	0.116566
14277	0.116541
8338	0.116462
11440	0.116375
11341	0.116375
13598	0.115869
12148	0.115674
7411	0.115674
3231	0.115433
7438	0.115278
7123	0.115278
13972	0.114941
5115	0.114935
9867	0.114757
4816	0.113571
9089	0.113351
373	0.113282
2780	0.113240
6363	0.113171
4975	0.112973
3963	0.112349
8579	0.112342
6121	0.112137
7943	0.112086
3961	0.111957
4189	0.111847
3797	0.111698
5728	0.111675
12203	0.111460
8580	0.111460
8575	0.111460
8546	0.111460
7122	0.111460
13070	0.111374
11337	0.111108
6314	0.110889
3656	0.110321
443	0.110152
5218	0.109646
8493	0.109241
2383	0.108934
1350	0.108410
8577	0.108309
8576	0.108309
8574	0.108309
8556	0.108309
3962	0.108270
1053	0.107548
448	0.107509
1990	0.107424
446	0.107388
447	0.107387
9331	0.107386
12181	0.107307
1815	0.106834
441	0.106722
5707	0.106382
453	0.106140
10181	0.106018
3723	0.105450
8762	0.105342
9677	0.105168
439	0.105087
5080	0.104983
5966	0.104696
244	0.104677
5701	0.104488
6114	0.103894
9595	0.103464
8255	0.103257
3680	0.103083
573	0.103062
7259	0.102868
2053	0.102764
5241	0.102231
6258	0.102202
10069	0.102064
7809	0.101698
6254	0.101514
2475	0.101398
7813	0.101272
7805	0.101272
5181	0.101191
7812	0.101147
8821	0.100837
7160	0.100809
1203	0.100748
4083	0.100603
3676	0.100567
1394	0.100186
217	0.100167
9865	0.100105
4410	0.100068
2519	0.100004
13305	0.099965
2537	0.099832
2224	0.099811
13491	0.099804
6381	0.099480
8799	0.099369
4506	0.099369
4502	0.099369
1947	0.099369
1140	0.098930
1418	0.098821
2401	0.098793
1821	0.098779
3669	0.098739
1773	0.098723
13560	0.098646
3650	0.098624
5176	0.098182
9694	0.097871
13877	0.097437
9236	0.097021
770	0.096966
4841	0.096859
10597	0.096802
8307	0.096748
1204	0.096662
5374	0.096565
1547	0.096503
13526	0.096236
2914	0.096152
10640	0.096134
5249	0.095904
14098	0.095795
1613	0.095779
8373	0.095700
8240	0.095700
11780	0.095570
13189	0.095558
13187	0.095558
11839	0.095547
703	0.095495
506	0.095429
12051	0.095153
6947	0.095004
725	0.094898
6004	0.094859
3668	0.094749
7010	0.094556
4425	0.094426
9507	0.094359
12409	0.094311
6362	0.094284
508	0.094236
2933	0.093887
2497	0.093862
2998	0.093548
210	0.093525
13192	0.093502
3605	0.093446
5307	0.093400
7884	0.093298
970	0.093297
418	0.093184
420	0.093089
1353	0.093055
5982	0.093040
13762	0.093012
6627	0.092876
4484	0.092808
1885	0.092804
1884	0.092804
1883	0.092804
9617	0.092742
13613	0.092655
1610	0.092585
14073	0.092415
5344	0.092245
7463	0.092129
6066	0.092129
1770	0.092114
2930	0.092067
6031	0.092025
6030	0.092025
5992	0.092025
7418	0.091972
3220	0.091723
10164	0.091717
1189	0.091688
600	0.091498
1554	0.091486
8304	0.091319
854	0.091239
11922	0.091213
4807	0.091011
538	0.091003
13650	0.090941
11956	0.090823
5673	0.090734
432	0.090707
707	0.090599
1585	0.090402
4503	0.090331
13550	0.090197
421	0.089877
3959	0.089859
4330	0.089773
13185	0.089680
3182	0.089665
5674	0.089622
14006	0.089543
14154	0.089386
14152	0.089386
14150	0.089386
14145	0.089386
14131	0.089386
14062	0.089386
8310	0.089366
8237	0.089211
5828	0.089165
14059	0.089145
6028	0.089140
1141	0.089103
1139	0.089097
10717	0.089088
14048	0.089083
8276	0.089068
14339	0.089025
14338	0.089025
14312	0.089025
14272	0.089025
14259	0.089025
14160	0.089025
14159	0.089025
14158	0.089025
14156	0.089025
14144	0.089025
14133	0.089025
14123	0.089025
14110	0.089025
14102	0.089025
14053	0.089025
13501	0.089025
8311	0.089025
8309	0.089025
8308	0.089025
8306	0.089025
8288	0.089025
8286	0.089025
8285	0.089025
8283	0.089025
8282	0.089025
8280	0.089025
8278	0.089025
8277	0.089025
8046	0.089025
4603	0.089025
4505	0.088998
4501	0.088998
1503	0.088998
2536	0.088992
14141	0.088960
1347	0.088933
13542	0.088823
3405	0.088818
2474	0.088616
2479	0.088608
11582	0.088449
9721	0.088410
7948	0.088410
7778	0.088410
7618	0.088410
7113	0.088410
12567	0.088269
9229	0.088202
6343	0.088179
1504	0.088179
4217	0.088163
13716	0.088157
8728	0.088084
14313	0.088022
14296	0.088022
5939	0.087777
10052	0.087776
5490	0.087722
7236	0.087596
14058	0.087482
12098	0.087434
3958	0.087434
8155	0.087426
8154	0.087426
8153	0.087426
8151	0.087426
8150	0.087426
3617	0.087421
547	0.087363
4007	0.087203
5675	0.087160
11933	0.087145
6194	0.086933
9295	0.086888
4329	0.086775
11674	0.086723
1561	0.086720
384	0.086673
5398	0.086512
11735	0.086389
11932	0.086238
7220	0.086237
9016	0.086040
490	0.085976
13461	0.085973
1618	0.085759
1715	0.085692
10907	0.085640
6516	0.085591
7071	0.085451
1858	0.085449
13956	0.085356
4628	0.085356
527	0.085209
1427	0.085137
10054	0.085068
6534	0.085003
5802	0.085000
10647	0.084707
13186	0.084573
828	0.084560
13392	0.084520
6589	0.084319
7248	0.084314
7058	0.084286
7059	0.084283
4859	0.084233
11542	0.084225
13191	0.084104
3316	0.084058
3606	0.083938
11963	0.083737
9564	0.083693
3566	0.083693
19	0.083675
11333	0.083658
8461	0.083574
12255	0.083554
3738	0.083404
13146	0.083354
7959	0.083351
3058	0.083249
690	0.083196
12302	0.083160
4773	0.083160
4772	0.083160
2408	0.083156
2039	0.083153
13793	0.083110
8136	0.083110
2163	0.082926
13033	0.082904
2033	0.082803
13530	0.082666
11544	0.082632
6588	0.082397
10104	0.082289
7592	0.082279
9806	0.082251
9805	0.082251
9802	0.082251
9801	0.082251
7172	0.082202
442	0.082157
4771	0.082013
4475	0.081946
3675	0.081685
7317	0.081646
7316	0.081646
7174	0.081646
6338	0.081646
8488	0.081562
1607	0.081540
7176	0.081369
14254	0.081334
10702	0.081331
12341	0.081281
13138	0.081240
3406	0.081196
7341	0.081169
4647	0.081125
1587	0.080977
2337	0.080879
24	0.080864
3188	0.080804
4913	0.080787
8121	0.080564
12801	0.080559
1279	0.080552
7238	0.080532
10543	0.080477
1405	0.080462
5938	0.080384
7364	0.080186
4804	0.080056
7419	0.080048
1600	0.080015
1595	0.080015
1590	0.080015
5692	0.080003
11583	0.079977
5690	0.079943
445	0.079890
8040	0.079880
801	0.079781
1605	0.079765
10450	0.079505
10840	0.079497
13292	0.079253
9835	0.079211
1684	0.079205
10583	0.079203
7107	0.079196
1191	0.079192
8593	0.079161
13250	0.079156
11532	0.079040
13317	0.079013
13686	0.078957
13670	0.078957
13704	0.078955
13702	0.078955
13652	0.078853
13137	0.078838
8852	0.078745
11958	0.078692
4085	0.078641
2927	0.078528
14291	0.078522
1604	0.078460
4895	0.078439
10531	0.078399
12516	0.078370
13620	0.078370
13759	0.078353
5154	0.078064
7376	0.078019
7377	0.078016
696	0.077971
1938	0.077845
4193	0.077818
11529	0.077801
7543	0.077752
1399	0.077741
4724	0.077724
4359	0.077614
8259	0.077575
5443	0.077575
10933	0.077522
13294	0.077519
2796	0.077469
8704	0.077439
6189	0.077409
9222	0.077346
12262	0.077342
13431	0.077327
5514	0.077309
6500	0.077201
6643	0.077172
2081	0.077170
9169	0.077161
4224	0.077151
5131	0.077114
3576	0.077080
4504	0.077068
10498	0.077060
9915	0.077004
4439	0.076938
11351	0.076929
3821	0.076909
2076	0.076898
798	0.076873
10603	0.076815
4498	0.076782
8128	0.076750
3256	0.076685
1626	0.076650
3681	0.076634
9227	0.076486
8703	0.076483
8105	0.076460
2948	0.076425
2946	0.076425
3664	0.076382
6069	0.076376
7439	0.076333
7121	0.076333
7641	0.076232
6341	0.076232
3822	0.076159
419	0.075995
10435	0.075971
1599	0.075968
345	0.075919
3178	0.075891
13369	0.075676
8253	0.075655
5174	0.075618
1408	0.075603
14349	0.075480
14344	0.075480
14316	0.075480
14309	0.075480
14306	0.075480
14260	0.075480
14240	0.075480
14216	0.075480
14168	0.075480
14077	0.075424
393	0.075417
5864	0.075406
8763	0.075383
8761	0.075383
377	0.075379
13094	0.075374
1687	0.075290
5129	0.075065
6578	0.074992
3111	0.074952
11490	0.074879
13597	0.074839
13596	0.074839
13595	0.074839
13583	0.074839
13554	0.074839
13402	0.074839
7990	0.074839
7855	0.074825
4889	0.074819
444	0.074749
3227	0.074684
11419	0.074629
13540	0.074617
1041	0.074423
8051	0.074295
8578	0.074277
6963	0.074213
4259	0.074191
11595	0.074083
8900	0.074020
12730	0.074015
13029	0.073986
9738	0.073986
9737	0.073986
8060	0.073986
12638	0.073889
1680	0.073877
6010	0.073863
6002	0.073734
2344	0.073668
4711	0.073646
1183	0.073615
6899	0.073567
4507	0.073566
11186	0.073465
3648	0.073333
4819	0.073322
6098	0.073322
428	0.072958
232	0.072944
3217	0.072941
7985	0.072894
6958	0.072874
3040	0.072840
5532	0.072793
2551	0.072762
13674	0.072645
13411	0.072645
8284	0.072638
1688	0.072591
8081	0.072553
1337	0.072510
2016	0.072501
12382	0.072413
1677	0.072407
5512	0.072348
416	0.072289
1568	0.072254
11118	0.072149
8654	0.072139
8653	0.072139
12658	0.072128
11116	0.072128
2795	0.072128
2794	0.072128
7505	0.072033
5192	0.072002
2800	0.071967
12707	0.071956
9501	0.071919
12202	0.071834
3988	0.071834
4999	0.071795
8336	0.071785
5845	0.071586
12317	0.071551
12590	0.071498
2559	0.071476
9800	0.071470
2799	0.071385
5079	0.071305
11218	0.071279
12426	0.071198
5212	0.071174
8802	0.071128
8325	0.071069
11359	0.071003
10835	0.070920
5260	0.070920
4332	0.070911
8069	0.070788
10042	0.070741
5917	0.070706
12578	0.070684
12096	0.070680
4805	0.070672
10860	0.070641
1167	0.070632
12662	0.070615
12508	0.070576
1462	0.070570
8377	0.070522
7611	0.070432
8780	0.070354
9596	0.070340
693	0.070337
12630	0.070332
3732	0.070307
1555	0.070271
5513	0.070202
1633	0.070173
7078	0.070165
7729	0.070140
11801	0.070075
7165	0.069964
11130	0.069891
7337	0.069878
10463	0.069810
10252	0.069766
9951	0.069683
12636	0.069656
11507	0.069640
1359	0.069532
7212	0.069486
8053	0.069457
11511	0.069431
452	0.069381
3857	0.069320
8657	0.069300
5856	0.069273
3987	0.069229
8190	0.069173
615	0.069162
12650	0.069162
12607	0.069123
11213	0.069118
6229	0.069026
8484	0.068943
4227	0.068923
7806	0.068883
1086	0.068859
11349	0.068824
8138	0.068813
11539	0.068802
11455	0.068798
11426	0.068798
357	0.068782
4727	0.068680
7857	0.068653
11685	0.068642
10949	0.068594
14034	0.068505
4752	0.068492
9187	0.068459
8305	0.068440
8548	0.068439
1683	0.068389
8152	0.068376
323	0.068366
10318	0.068341
4107	0.068324
2260	0.068286
13416	0.068275
614	0.068193
10033	0.068175
11145	0.068084
8430	0.068066
11172	0.068052
13092	0.068043
2343	0.068009
9828	0.068009
10670	0.067957
11342	0.067934
10746	0.067934
10674	0.067904
5550	0.067877
1761	0.067848
11265	0.067796
2341	0.067792
12725	0.067784
7077	0.067756
1767	0.067751
1580	0.067699
3085	0.067636
6733	0.067634
8289	0.067621
702	0.067618
13973	0.067596
8024	0.067570
3353	0.067555
10530	0.067537
8718	0.067484
11486	0.067480
1559	0.067428
4790	0.067415
12536	0.067401
5155	0.067401
6452	0.067362
4456	0.067328
2929	0.067289
3982	0.067258
6700	0.067237
3489	0.067147
2558	0.067135
12698	0.067095
8696	0.067078
607	0.067058
12736	0.066986
4279	0.066974
10750	0.066836
4024	0.066802
5250	0.066800
9876	0.066794
7628	0.066794
7627	0.066794
11698	0.066689
3662	0.066637
3006	0.066618
11553	0.066613
1538	0.066613
8362	0.066603
7814	0.066598
4084	0.066423
2106	0.066397
6766	0.066383
6312	0.066304
10600	0.066280
12753	0.066243
3808	0.066233
12628	0.066206
6403	0.066148
8836	0.066122
553	0.066070
2258	0.066070
4902	0.066061
3888	0.066034
245	0.065995
434	0.065979
9811	0.065882
2703	0.065823
9739	0.065787
11456	0.065759
11021	0.065735
2798	0.065720
3627	0.065718
542	0.065715
4049	0.065691
5010	0.065673
5478	0.065640
455	0.065631
449	0.065631
7645	0.065565
12109	0.065556
5948	0.065556
10858	0.065539
11132	0.065535
10714	0.065521
8739	0.065498
1545	0.065491
985	0.065477
12433	0.065428
13452	0.065421
566	0.065420
10747	0.065387
2555	0.065378
4108	0.065367
1485	0.065338
5602	0.065315
13653	0.065281
13555	0.065281
13316	0.065281
10602	0.065281
11404	0.065237
10922	0.065237
7529	0.065191
818	0.065135
3224	0.065053
9696	0.065052
8700	0.065046
12719	0.064965
11433	0.064945
7093	0.064944
277	0.064933
4962	0.064911
6582	0.064862
5583	0.064853
5159	0.064831
2739	0.064806
6635	0.064794
11221	0.064792
9500	0.064781
8327	0.064773
9450	0.064767
3038	0.064765
14100	0.064727
8907	0.064678
7331	0.064620
1967	0.064618
2552	0.064617
2731	0.064600
6994	0.064571
7332	0.064564
6365	0.064564
9898	0.064559
2560	0.064489
11104	0.064438
11818	0.064427
2553	0.064412
3422	0.064375
11413	0.064372
7399	0.064269
1184	0.064245
1619	0.064226
3976	0.064225
12704	0.064196
6222	0.064187
10119	0.064184
11543	0.064167
7340	0.064165
1329	0.064159
13708	0.064158
1566	0.064114
6760	0.064102
4027	0.064102
3965	0.064077
9643	0.064055
10057	0.063960
6224	0.063929
2554	0.063925
7875	0.063912
7739	0.063906
5267	0.063892
13475	0.063853
1920	0.063847
1822	0.063834
1588	0.063831
13876	0.063776
8061	0.063776
3646	0.063730
5682	0.063711
11528	0.063699
11576	0.063680
5251	0.063658
6584	0.063611
6581	0.063611
11551	0.063606
2738	0.063577
9330	0.063572
6052	0.063569
7631	0.063539
5308	0.063517
7475	0.063496
12231	0.063466
8401	0.063441
7544	0.063426
7437	0.063414
9487	0.063409
5551	0.063403
7492	0.063368
10606	0.063362
9502	0.063315
5979	0.063299
14041	0.063282
5600	0.063276
3228	0.063261
6396	0.063258
10212	0.063250
1443	0.063228
2465	0.063223
4190	0.063204
2567	0.063176
8239	0.063175
6993	0.063165
13219	0.063161
9290	0.063161
