2817	0.205981
9840	0.205805
1889	0.205690
12462	0.205384
10685	0.205384
9870	0.203882
2809	0.197096
2452	0.192083
2815	0.183828
1997	0.174001
7101	0.171763
10518	0.171198
12136	0.168794
13716	0.166772
5345	0.158744
5456	0.155551
2453	0.154675
2461	0.149775
2783	0.135046
1897	0.127997
7207	0.125251
5287	0.122555
2812	0.121972
2451	0.121485
12530	0.119448
10559	0.118705
9623	0.116141
9462	0.112989
6592	0.112257
11858	0.111916
9439	0.111602
2952	0.111409
2105	0.109923
8584	0.109914
10383	0.108443
13449	0.107947
6838	0.107466
9218	0.107427
7654	0.106136
8531	0.105663
5347	0.105624
5642	0.105619
7774	0.105618
5641	0.105618
7655	0.105174
11019	0.104719
9704	0.104043
5413	0.103613
8864	0.103323
8863	0.103323
8583	0.103323
8124	0.103323
7904	0.103323
7903	0.103323
7902	0.103323
7901	0.103323
7900	0.103323
7899	0.103323
7897	0.103323
7896	0.103323
7895	0.103323
7526	0.103308
12252	0.103055
10511	0.103053
13265	0.102669
11658	0.102028
7072	0.099924
6806	0.098984
6482	0.098725
2052	0.098602
9839	0.098409
7073	0.098013
11556	0.097981
9674	0.097928
11531	0.097183
13396	0.097165
13338	0.097165
9226	0.096541
9217	0.096541
8534	0.096541
7827	0.096501
9135	0.095919
4116	0.095909
9702	0.095182
2968	0.095181
6278	0.094896
7202	0.094887
5546	0.094660
6102	0.094477
7659	0.094133
7203	0.093747
14266	0.093598
7686	0.093569
9909	0.093360
9706	0.093089
7306	0.093047
14415	0.093030
9277	0.093030
14407	0.092763
6395	0.092748
8615	0.092483
3505	0.092047
2816	0.091980
2522	0.091567
235	0.091427
7767	0.091403
5346	0.091261
11733	0.091210
9682	0.091148
4538	0.090935
7453	0.090927
7752	0.090857
11989	0.090832
5697	0.090571
1893	0.090234
7676	0.090199
2773	0.090066
1419	0.089710
9202	0.089547
2114	0.089488
2064	0.089386
7295	0.089277
1979	0.089249
9170	0.088917
1673	0.088788
11111	0.088449
2097	0.088421
9711	0.088035
9708	0.088035
9707	0.088035
9705	0.088035
9703	0.088035
9699	0.087961
11226	0.087847
5123	0.087579
6889	0.087386
1133	0.087280
2820	0.087016
2958	0.086965
6866	0.086945
2813	0.086850
7584	0.086649
3741	0.086622
7856	0.086239
1119	0.085940
9957	0.085848
1120	0.085698
1232	0.085661
1229	0.085661
8611	0.085581
13247	0.085449
9761	0.085408
1458	0.085172
221	0.085002
876	0.084684
4416	0.084476
11289	0.084279
7131	0.084226
9307	0.084028
10949	0.084004
1420	0.083865
8892	0.083806
13633	0.083728
11818	0.083702
9436	0.083679
13490	0.083554
13632	0.083554
13631	0.083554
9201	0.083545
8714	0.083439
5650	0.083341
4787	0.083156
11455	0.083093
11426	0.083093
2107	0.083002
13500	0.082997
2110	0.082971
9177	0.082959
2600	0.082591
304	0.082359
51	0.082265
10658	0.082237
4542	0.082031
9200	0.081884
5746	0.081822
268	0.081465
11178	0.081131
10240	0.081104
12030	0.080667
9480	0.080647
8533	0.080647
2594	0.080633
9319	0.080485
5649	0.080439
9985	0.080196
9207	0.079828
9205	0.079828
8528	0.079828
12352	0.079670
12636	0.079503
5038	0.079485
404	0.079434
12566	0.079324
10657	0.079313
7400	0.079198
12525	0.079154
1118	0.079090
3837	0.078996
10701	0.078867
7954	0.078814
9796	0.078808
13545	0.078731
5625	0.078429
4671	0.078360
4669	0.078360
2990	0.078314
1768	0.078287
323	0.078271
2	0.078155
10127	0.077989
9231	0.077900
8634	0.077886
11626	0.077821
6149	0.077742
4670	0.077659
10186	0.077526
9780	0.077523
10226	0.077276
1377	0.077254
1905	0.077186
9610	0.077147
2188	0.077123
6473	0.077089
9347	0.077073
6465	0.077045
9787	0.077024
9786	0.077024
9785	0.077024
9784	0.077024
9783	0.077024
9782	0.077024
9781	0.077024
9778	0.077024
9280	0.077024
8585	0.077024
8567	0.077024
8553	0.077024
8625	0.076937
4667	0.076925
8451	0.076835
12238	0.076795
10389	0.076522
9152	0.076490
8092	0.076348
9794	0.076283
11803	0.076266
1400	0.076220
633	0.076216
4231	0.076045
2523	0.075871
1228	0.075721
4922	0.075626
492	0.075509
9775	0.075306
4668	0.075245
1115	0.075240
9244	0.075130
12010	0.075013
861	0.074955
469	0.074948
7913	0.074899
5968	0.074899
470	0.074899
8565	0.074870
13517	0.074841
4106	0.074754
14416	0.074680
5062	0.074598
10694	0.074522
5967	0.074491
10838	0.074408
6671	0.074364
7872	0.074243
8352	0.074241
8351	0.074241
2957	0.074241
2956	0.074241
11982	0.074186
5414	0.074186
5412	0.074186
7981	0.074172
4168	0.074124
10042	0.074038
13850	0.074024
9913	0.073896
9311	0.073849
10049	0.073846
6896	0.073711
4105	0.073591
9168	0.073521
10045	0.073488
2996	0.073356
11507	0.073343
3786	0.073332
9710	0.073244
8676	0.073208
10920	0.073105
8180	0.073102
11681	0.072873
331	0.072837
7553	0.072766
6895	0.072730
4169	0.072724
1039	0.072709
2954	0.072706
6443	0.072675
8671	0.072635
9235	0.072610
9230	0.072610
9228	0.072610
9225	0.072610
9224	0.072610
9221	0.072610
9219	0.072610
9214	0.072610
9213	0.072610
9211	0.072610
9209	0.072610
9208	0.072610
9206	0.072610
9193	0.072610
8807	0.072610
8679	0.072610
8677	0.072610
8675	0.072610
8674	0.072610
8673	0.072610
8670	0.072610
8637	0.072610
8633	0.072610
8631	0.072610
8610	0.072610
8591	0.072610
8539	0.072610
8538	0.072610
8537	0.072610
8536	0.072610
8529	0.072610
8526	0.072610
8525	0.072610
8632	0.072610
2542	0.072589
370	0.072540
6035	0.072517
5177	0.072457
6277	0.072452
4383	0.072426
9150	0.072371
13820	0.072338
8635	0.072321
224	0.072305
12710	0.072278
3700	0.072275
13945	0.072135
6695	0.072119
9248	0.071995
10839	0.071887
11394	0.071773
9237	0.071604
6098	0.071524
119	0.071515
1906	0.071455
3940	0.071214
7114	0.071151
9539	0.071122
9709	0.071029
10542	0.071002
6295	0.070855
13427	0.070782
13374	0.070770
13373	0.070770
9222	0.070744
9512	0.070721
10852	0.070679
11132	0.070653
9633	0.070584
9630	0.070584
9628	0.070584
9626	0.070584
9625	0.070584
9624	0.070584
9622	0.070584
9621	0.070584
9620	0.070584
9619	0.070584
9618	0.070584
9615	0.070584
9482	0.070584
5500	0.070559
12773	0.070388
4824	0.070325
9215	0.070321
10534	0.070314
11646	0.070252
2810	0.070214
14342	0.070178
6623	0.070158
13815	0.070063
8207	0.070063
10538	0.069991
3588	0.069989
12069	0.069924
115	0.069881
1030	0.069716
14233	0.069688
1136	0.069688
14283	0.069604
10859	0.069592
9700	0.069541
4532	0.069523
13026	0.069506
9673	0.069489
12873	0.069488
2962	0.069429
12502	0.069425
11679	0.069284
2950	0.069278
13144	0.069250
3277	0.069239
4305	0.069157
353	0.069133
10318	0.069095
13394	0.069028
2605	0.068996
6138	0.068932
1402	0.068905
6291	0.068893
6737	0.068865
1656	0.068801
10031	0.068693
12720	0.068678
7666	0.068678
4294	0.068616
38	0.068562
9788	0.068540
9713	0.068537
92	0.068497
12093	0.068481
3952	0.068394
3388	0.068370
3061	0.068301
9192	0.068268
2902	0.068267
1078	0.068263
7379	0.068175
9769	0.068089
889	0.068083
8530	0.068048
12792	0.068047
503	0.068044
6255	0.068022
12273	0.067996
8076	0.067953
10497	0.067822
3604	0.067810
12791	0.067732
12788	0.067732
10648	0.067729
2380	0.067723
7420	0.067712
3507	0.067684
3209	0.067628
4349	0.067490
7642	0.067441
6034	0.067433
4163	0.067336
596	0.067335
14290	0.067334
1952	0.067332
14418	0.067319
14417	0.067319
13284	0.067319
13152	0.067319
9795	0.067319
9793	0.067319
9792	0.067319
9791	0.067319
9789	0.067319
9745	0.067319
9163	0.067319
8614	0.067319
8613	0.067319
8177	0.067319
1231	0.067285
2283	0.067251
2286	0.067188
12237	0.067176
12915	0.067053
12914	0.067053
5219	0.067041
4301	0.066830
11212	0.066749
2363	0.066745
11467	0.066710
532	0.066588
7955	0.066587
1958	0.066562
823	0.066556
9606	0.066538
12565	0.066499
9220	0.066462
3764	0.066457
6501	0.066436
8636	0.066407
2128	0.066402
352	0.066293
4977	0.066290
5591	0.066233
888	0.066131
5888	0.066128
5712	0.066066
5711	0.066066
5710	0.066066
11987	0.065951
14004	0.065941
4866	0.065941
1097	0.065919
6731	0.065892
13121	0.065879
4789	0.065879
4788	0.065879
4537	0.065845
10556	0.065791
2251	0.065790
10222	0.065775
7879	0.065769
1489	0.065687
2621	0.065627
9121	0.065612
9112	0.065612
169	0.065608
2889	0.065597
5779	0.065544
2020	0.065480
6587	0.065470
7245	0.065444
14249	0.065423
5354	0.065382
10943	0.065378
12357	0.065348
1882	0.065300
5778	0.065268
11999	0.065257
4304	0.065257
4302	0.065257
9613	0.065234
4976	0.065203
10376	0.065195
879	0.065188
13326	0.065178
11529	0.065170
9797	0.065161
12909	0.065145
9413	0.065076
3170	0.065030
9964	0.065023
2595	0.064918
3539	0.064911
2424	0.064891
1777	0.064795
12310	0.064786
9143	0.064782
6242	0.064782
1121	0.064770
10554	0.064760
14250	0.064750
10558	0.064750
10555	0.064750
6968	0.064750
8042	0.064747
7757	0.064637
3389	0.064572
8661	0.064539
13456	0.064481
13342	0.064481
11607	0.064405
1936	0.064392
6127	0.064369
5059	0.064286
8604	0.064260
12403	0.064198
6117	0.064195
11129	0.064185
4855	0.064148
991	0.063904
11033	0.063863
4128	0.063863
2521	0.063824
10212	0.063801
12549	0.063796
3427	0.063718
11007	0.063711
1937	0.063684
3169	0.063616
6913	0.063615
1991	0.063485
1986	0.063484
685	0.063458
5720	0.063441
6781	0.063431
2814	0.063419
10661	0.063412
6317	0.063379
3536	0.063369
13552	0.063353
13511	0.063353
13507	0.063353
4511	0.063328
7560	0.063310
2109	0.063309
5158	0.063232
7993	0.063220
9612	0.063191
155	0.063189
10725	0.063176
4361	0.063168
13165	0.063162
11634	0.063154
11322	0.063138
11682	0.063135
12348	0.063079
79	0.063046
11678	0.063017
13687	0.063013
4612	0.062964
6294	0.062933
2955	0.062830
2953	0.062830
9210	0.062788
8312	0.062737
10724	0.062704
13533	0.062667
13532	0.062667
13531	0.062667
7263	0.062661
9989	0.062655
9520	0.062639
4758	0.062568
4447	0.062566
9415	0.062564
8851	0.062564
8850	0.062564
12570	0.062527
8468	0.062515
2978	0.062515
2977	0.062515
5734	0.062485
11739	0.062425
10557	0.062421
5245	0.062399
683	0.062385
4946	0.062347
6252	0.062337
9609	0.062303
9580	0.062303
10475	0.062264
2979	0.062238
11798	0.062220
9102	0.062146
11237	0.062098
3934	0.062067
3712	0.061958
3773	0.061952
13076	0.061891
1265	0.061823
9578	0.061821
9338	0.061810
3341	0.061770
8619	0.061746
4660	0.061717
2280	0.061623
3666	0.061621
11176	0.061615
4530	0.061586
1800	0.061582
7337	0.061503
678	0.061502
9611	0.061479
8929	0.061459
5296	0.061454
12707	0.061390
13497	0.061342
13199	0.061315
13198	0.061315
5090	0.061312
9223	0.061283
14358	0.061259
4672	0.061234
6464	0.061211
6463	0.061211
1722	0.061198
6967	0.061156
6689	0.061156
12699	0.061071
10241	0.061068
1403	0.061056
13110	0.061048
8398	0.061044
4581	0.061022
3168	0.061020
12183	0.061005
11988	0.060981
7874	0.060941
11491	0.060863
5243	0.060835
6430	0.060807
1123	0.060807
586	0.060693
12442	0.060671
2182	0.060632
3320	0.060548
12581	0.060519
350	0.060515
13910	0.060494
6191	0.060488
3774	0.060475
726	0.060463
9686	0.060439
5913	0.060434
1885	0.060415
1884	0.060415
1883	0.060415
9098	0.060414
4045	0.060406
8336	0.060399
5909	0.060351
71	0.060306
239	0.060285
5558	0.060227
4175	0.060216
5433	0.060145
13955	0.060086
6267	0.060077
6302	0.060077
6299	0.060047
4176	0.060045
1132	0.060026
11211	0.059964
6217	0.059963
2174	0.059948
13164	0.059945
11737	0.059931
10739	0.059887
10788	0.059887
10777	0.059887
10759	0.059887
12276	0.059880
14263	0.059880
14002	0.059880
14001	0.059880
14000	0.059880
13998	0.059880
13996	0.059880
6666	0.059880
5064	0.059880
4854	0.059880
4852	0.059880
5908	0.059879
314	0.059875
9503	0.059872
9195	0.059867
9179	0.059860
13095	0.059844
6969	0.059844
2964	0.059803
948	0.059798
12431	0.059721
406	0.059700
14209	0.059699
13462	0.059690
6886	0.059677
2828	0.059671
2438	0.059643
7229	0.059540
225	0.059482
1022	0.059477
3596	0.059476
10790	0.059464
13498	0.059394
11715	0.059370
10836	0.059352
5780	0.059337
10921	0.059258
11964	0.059257
2892	0.059254
6663	0.059222
4053	0.059142
329	0.059106
330	0.059092
4541	0.059091
5442	0.059053
14162	0.059031
13200	0.059011
9320	0.059011
9318	0.059011
9315	0.059011
9314	0.059011
9313	0.059011
9312	0.059011
9310	0.059011
9309	0.059011
9306	0.059011
9305	0.059011
8733	0.059011
8669	0.059011
8668	0.059011
8608	0.059011
8607	0.059011
8605	0.059011
8603	0.059011
7703	0.059011
7477	0.059011
7408	0.059011
2281	0.059000
311	0.058986
1346	0.058984
9942	0.058976
9931	0.058976
9930	0.058976
9921	0.058976
9901	0.058976
9899	0.058976
9895	0.058976
9866	0.058976
9836	0.058976
9832	0.058976
9810	0.058976
9698	0.058976
9636	0.058976
9570	0.058976
9299	0.058976
4664	0.058971
14226	0.058945
14225	0.058945
13873	0.058945
13872	0.058945
13871	0.058945
13870	0.058945
8437	0.058945
8435	0.058945
8434	0.058945
7606	0.058943
8734	0.058910
243	0.058831
4624	0.058826
12275	0.058820
9741	0.058816
3310	0.058816
6938	0.058814
5045	0.058784
7239	0.058702
498	0.058662
5344	0.058656
4160	0.058654
3311	0.058641
4596	0.058564
6732	0.058509
874	0.058483
3662	0.058483
9375	0.058393
12300	0.058388
5156	0.058372
7288	0.058341
2881	0.058309
7530	0.058287
3957	0.058280
5289	0.058249
5622	0.058218
5221	0.058204
4111	0.058161
3669	0.058134
1785	0.058124
4857	0.058114
2460	0.058103
10264	0.058103
6881	0.058037
11896	0.058031
12795	0.058010
4661	0.058004
8503	0.057995
5747	0.057967
8772	0.057950
4450	0.057944
10523	0.057938
11998	0.057891
10433	0.057879
4377	0.057874
4721	0.057827
10809	0.057724
7580	0.057724
2755	0.057713
6616	0.057694
4619	0.057685
7581	0.057657
7702	0.057629
6533	0.057624
8609	0.057590
4463	0.057511
6532	0.057501
1981	0.057469
882	0.057465
1968	0.057446
8026	0.057441
4834	0.057419
4486	0.057381
2754	0.057325
4659	0.057306
4262	0.057277
6016	0.057271
3884	0.057260
10238	0.057256
1993	0.057256
10382	0.057188
2274	0.057161
781	0.057124
6145	0.057105
1692	0.057086
13926	0.057054
3390	0.057014
13838	0.056997
227	0.056983
11996	0.056950
312	0.056938
11415	0.056869
2442	0.056852
10640	0.056843
10723	0.056840
5268	0.056836
5534	0.056782
6851	0.056770
5651	0.056765
9438	0.056736
8436	0.056720
1890	0.056664
782	0.056567
13997	0.056543
9735	0.056536
338	0.056528
4337	0.056515
11447	0.056492
10286	0.056373
3314	0.056359
3591	0.056279
5401	0.056274
3142	0.056260
9726	0.056121
1008	0.056120
4559	0.056118
13054	0.056086
3342	0.056015
8622	0.055980
80	0.055952
2925	0.055942
1094	0.055942
690	0.055900
12679	0.055859
2599	0.055851
8606	0.055841
3839	0.055827
9764	0.055817
9943	0.055802
2054	0.055800
12182	0.055778
4464	0.055778
4193	0.055775
4121	0.055737
11548	0.055711
4032	0.055707
1141	0.055670
597	0.055640
10499	0.055617
2123	0.055601
9466	0.055599
4873	0.055598
7206	0.055564
10050	0.055562
13659	0.055530
13658	0.055530
5063	0.055519
4848	0.055501
4531	0.055473
1980	0.055411
1925	0.055409
10097	0.055401
2697	0.055393
307	0.055386
5914	0.055384
5299	0.055376
2214	0.055374
310	0.055359
