12063	0.148477
5514	0.129378
4147	0.122993
11145	0.119948
5512	0.119795
5881	0.119136
1733	0.118894
10985	0.118336
10988	0.110034
11094	0.109508
11764	0.107928
5513	0.105414
11175	0.103543
11556	0.102401
11387	0.102170
10791	0.102170
10792	0.100840
12408	0.100709
10990	0.100650
10986	0.100056
10987	0.099956
10989	0.099861
6234	0.097701
2473	0.096692
11485	0.096658
11190	0.096649
14063	0.096173
10740	0.095679
9375	0.095235
4818	0.094891
12525	0.093645
1215	0.093074
5650	0.092664
9992	0.092647
10682	0.090733
7898	0.090407
2594	0.090148
11522	0.089942
11140	0.089565
10658	0.089136
11375	0.088511
10657	0.088507
9989	0.088303
11346	0.088233
11498	0.088033
11354	0.087856
11189	0.087577
11188	0.087493
11187	0.087493
5491	0.087384
12153	0.087238
4702	0.087238
12499	0.087214
11394	0.086976
6887	0.086967
8054	0.086934
9946	0.086307
11101	0.085957
12832	0.085915
4401	0.085820
1824	0.085458
12562	0.085332
10046	0.083983
3931	0.083900
10389	0.083888
10547	0.083882
575	0.083814
12426	0.083425
11474	0.083401
4226	0.083273
5570	0.083128
7762	0.083111
1037	0.082943
11162	0.082929
6273	0.082925
6138	0.082810
13838	0.082691
3633	0.082620
11312	0.082538
11502	0.082424
4729	0.082380
12500	0.082271
5649	0.082058
4664	0.082052
10852	0.081937
10916	0.081778
8329	0.081579
9849	0.081576
7070	0.081574
11626	0.081341
1108	0.081295
3451	0.081174
3163	0.081154
5271	0.081097
12695	0.081070
5885	0.081021
8794	0.080938
3845	0.080621
7395	0.080615
10511	0.079723
3883	0.079711
12351	0.079655
6478	0.079655
11163	0.079483
10781	0.079269
387	0.079253
10927	0.078944
7962	0.078938
12627	0.078858
1217	0.078716
7137	0.078614
5350	0.078307
533	0.078225
12594	0.078203
1214	0.078091
5571	0.078066
12457	0.077849
12456	0.077849
12450	0.077849
12443	0.077849
9798	0.077849
11486	0.077831
6272	0.077700
14111	0.077530
14080	0.077530
5434	0.077391
5178	0.077103
3146	0.076952
9747	0.076823
7425	0.076738
8622	0.076731
887	0.076605
12552	0.076598
323	0.076204
9604	0.076202
7825	0.076179
13257	0.076159
13221	0.076159
9648	0.076159
9647	0.076159
9340	0.076159
11019	0.076097
12597	0.076027
12803	0.075820
391	0.075788
10500	0.075595
11467	0.075493
9847	0.075079
1015	0.075055
11491	0.074976
12148	0.074769
7411	0.074769
9405	0.074766
12776	0.074751
10263	0.074672
5608	0.074544
12743	0.074468
6237	0.074452
4339	0.074295
7826	0.074192
11475	0.074163
232	0.074058
11473	0.073931
10523	0.073812
10903	0.073787
12238	0.073717
12497	0.073464
6477	0.073458
11343	0.073456
11457	0.073335
6289	0.073316
10130	0.073168
5092	0.073139
569	0.073082
4786	0.072974
7673	0.072940
6180	0.072801
12502	0.072710
11297	0.072672
12701	0.072568
2634	0.072525
11572	0.072511
1746	0.072152
10548	0.072089
10051	0.071961
10313	0.071925
11365	0.071855
11270	0.071855
10957	0.071855
7144	0.071855
2778	0.071830
6655	0.071795
11571	0.071682
1925	0.071578
9990	0.071487
7337	0.071477
10970	0.071365
4221	0.071355
3323	0.071181
3746	0.071102
4349	0.071067
1218	0.071034
11154	0.071026
2906	0.071006
9169	0.070987
3630	0.070776
9417	0.070770
11468	0.070677
3726	0.070667
3062	0.070637
1924	0.070542
10129	0.070528
10305	0.070522
12494	0.070486
10859	0.070444
10318	0.070344
11476	0.070338
3764	0.070333
8513	0.070324
10264	0.070296
6236	0.070293
6235	0.070293
6233	0.070293
3324	0.070276
1219	0.070255
10376	0.070154
12626	0.069978
10212	0.069977
12621	0.069964
6649	0.069928
6647	0.069928
6646	0.069928
5610	0.069928
12237	0.069895
10042	0.069866
13105	0.069826
11492	0.069796
8133	0.069795
714	0.069795
2471	0.069749
9915	0.069735
11415	0.069604
960	0.069524
9971	0.069343
10735	0.069340
10483	0.069325
11964	0.069315
1017	0.069250
5250	0.069150
6371	0.069114
592	0.069095
10920	0.068972
14109	0.068931
10736	0.068931
9020	0.068921
563	0.068900
10556	0.068883
1807	0.068873
3346	0.068823
12792	0.068820
6240	0.068749
1470	0.068741
10428	0.068667
12589	0.068536
10186	0.068482
11033	0.068392
12769	0.068294
11309	0.068258
13151	0.068241
3552	0.068223
10482	0.068207
6826	0.068075
12791	0.068005
12788	0.068005
12807	0.067911
12606	0.067892
2800	0.067851
9857	0.067777
12658	0.067718
11116	0.067718
2795	0.067718
2794	0.067718
3851	0.067603
14060	0.067555
11405	0.067382
6442	0.067375
4327	0.067369
5670	0.067315
11151	0.067234
7268	0.067218
11226	0.067172
10557	0.067151
12576	0.067104
9520	0.067062
10687	0.067055
9262	0.067032
3217	0.067028
5229	0.066966
10140	0.066944
12580	0.066923
12496	0.066915
1941	0.066819
11368	0.066810
10692	0.066754
10023	0.066695
7505	0.066668
8654	0.066574
8653	0.066574
10982	0.066561
12679	0.066423
567	0.066389
10686	0.066350
5430	0.066256
10722	0.066223
2154	0.066215
2667	0.066155
9237	0.066049
2595	0.066043
13848	0.066017
14250	0.065940
10558	0.065940
10555	0.065940
6968	0.065940
8042	0.065874
10485	0.065859
12336	0.065851
971	0.065850
6628	0.065841
1212	0.065783
3203	0.065760
12745	0.065715
10739	0.065673
10788	0.065673
10777	0.065673
10759	0.065673
2816	0.065650
11513	0.065539
12301	0.065528
12530	0.065480
11878	0.065472
10141	0.065428
10035	0.065428
2315	0.065369
94	0.065354
12804	0.065321
10028	0.065286
6809	0.065171
9451	0.065043
4787	0.065018
10149	0.064928
8297	0.064918
12798	0.064896
3266	0.064879
14249	0.064822
14199	0.064794
4086	0.064779
10606	0.064587
12551	0.064579
7912	0.064578
9964	0.064439
13121	0.064357
4789	0.064357
4788	0.064357
10622	0.064326
12440	0.064261
1507	0.064246
2972	0.064230
10349	0.064116
11301	0.064067
11575	0.064066
1216	0.064061
6804	0.064058
7879	0.064045
7535	0.064039
11529	0.063910
12441	0.063880
1008	0.063804
10491	0.063800
2949	0.063799
12546	0.063795
12795	0.063758
5447	0.063727
8091	0.063691
3312	0.063658
12492	0.063645
12660	0.063644
12532	0.063588
12754	0.063533
1213	0.063501
11510	0.063474
11159	0.063472
12835	0.063364
2390	0.063350
13165	0.063301
6945	0.063158
10499	0.063026
9950	0.062900
10049	0.062888
10486	0.062838
10758	0.062780
7730	0.062641
7445	0.062641
7444	0.062641
7175	0.062641
7080	0.062641
11651	0.062624
5575	0.062624
10357	0.062618
9756	0.062602
13122	0.062587
11497	0.062551
11537	0.062513
5433	0.062492
7022	0.062459
11353	0.062443
10715	0.062443
6290	0.062430
6737	0.062401
8144	0.062398
11477	0.062390
11434	0.062343
10139	0.062227
11012	0.062179
5221	0.062155
11539	0.062098
1211	0.062095
10809	0.061957
7580	0.061957
8264	0.061949
7581	0.061928
3367	0.061922
10811	0.061815
10351	0.061811
10091	0.061683
10081	0.061683
1923	0.061535
11970	0.061479
12708	0.061476
10921	0.061474
12401	0.061437
1113	0.061413
14091	0.061397
4194	0.061389
7139	0.061367
1161	0.061354
11237	0.061331
3345	0.061283
12512	0.061200
8887	0.061199
5426	0.061192
10048	0.061188
4530	0.061121
10574	0.061103
12554	0.061098
5870	0.061098
5455	0.061071
10573	0.060958
9961	0.060950
11211	0.060948
10033	0.060927
4532	0.060909
5022	0.060899
705	0.060893
10127	0.060859
5994	0.060823
10032	0.060713
388	0.060696
11173	0.060670
6564	0.060646
10992	0.060645
5989	0.060643
12624	0.060632
6783	0.060591
3939	0.060589
10889	0.060532
11176	0.060435
10226	0.060411
6239	0.060405
6730	0.060379
3152	0.060368
2944	0.060364
12431	0.060356
9519	0.060337
2947	0.060321
3303	0.060305
13095	0.060275
6969	0.060275
3585	0.060272
4980	0.060241
7013	0.060218
6785	0.060204
10554	0.060192
11072	0.060166
11464	0.060127
8797	0.060070
10484	0.060043
10911	0.060042
9029	0.059999
10077	0.059976
5719	0.059973
10076	0.059945
11007	0.059909
12413	0.059902
13162	0.059858
10123	0.059858
12654	0.059820
13861	0.059801
13860	0.059801
8191	0.059801
10464	0.059781
8405	0.059728
10029	0.059646
1934	0.059620
10336	0.059613
1572	0.059599
12362	0.059593
12797	0.059421
738	0.059379
6541	0.059359
5627	0.059346
11523	0.059253
11550	0.059229
11637	0.059227
11547	0.059223
5751	0.059200
10956	0.059163
5502	0.059153
5391	0.059127
4177	0.059105
4738	0.059093
10542	0.059092
1033	0.059071
999	0.059013
7140	0.058952
10465	0.058939
12694	0.058871
1186	0.058772
10720	0.058755
54	0.058723
11160	0.058698
12666	0.058650
9958	0.058647
10841	0.058591
8070	0.058549
736	0.058549
11495	0.058542
520	0.058513
10615	0.058462
565	0.058452
12661	0.058418
1209	0.058415
6808	0.058403
2541	0.058301
2453	0.058172
10476	0.058164
5921	0.058146
6241	0.058109
11744	0.058062
11494	0.058052
10998	0.057962
10997	0.057962
11371	0.057901
11370	0.057901
10955	0.057901
11496	0.057843
12524	0.057842
12414	0.057789
11521	0.057743
7177	0.057679
5061	0.057663
4819	0.057649
11691	0.057649
12710	0.057627
1426	0.057586
12821	0.057510
12718	0.057502
11121	0.057497
10609	0.057412
9349	0.057326
5213	0.057312
9894	0.057281
11721	0.057186
12744	0.057173
3151	0.057162
6970	0.057129
4589	0.057062
12773	0.057051
12553	0.056960
14348	0.056876
12415	0.056858
958	0.056857
10926	0.056805
13820	0.056744
6124	0.056738
1901	0.056717
13664	0.056695
12741	0.056671
5659	0.056656
11463	0.056645
13676	0.056638
11431	0.056583
11509	0.056527
10691	0.056363
11026	0.056311
6629	0.056307
10961	0.056256
6238	0.056236
12412	0.056227
9949	0.056209
10475	0.056202
13484	0.056139
8943	0.056092
9021	0.056062
10545	0.056002
5651	0.055993
10969	0.055961
10741	0.055959
10095	0.055930
2813	0.055920
10907	0.055887
12328	0.055844
1370	0.055826
7560	0.055770
10694	0.055740
3390	0.055734
12768	0.055719
5888	0.055688
3169	0.055591
12521	0.055570
8477	0.055568
8092	0.055556
10810	0.055542
3763	0.055515
3442	0.055498
11088	0.055494
10388	0.055494
11453	0.055493
11452	0.055493
11451	0.055493
11449	0.055493
11445	0.055493
11427	0.055493
11391	0.055493
11388	0.055493
11331	0.055493
11327	0.055493
11268	0.055493
4933	0.055483
11555	0.055467
5995	0.055396
6252	0.055372
1506	0.055341
11472	0.055319
6871	0.055308
6710	0.055308
14093	0.055247
6922	0.055159
6525	0.055128
1295	0.055126
9047	0.055094
9988	0.055068
12605	0.055064
12698	0.054975
11400	0.054971
6100	0.054943
4964	0.054914
11016	0.054823
13027	0.054818
9049	0.054818
9048	0.054818
9046	0.054818
8420	0.054818
7027	0.054818
5216	0.054818
9043	0.054801
8346	0.054792
8345	0.054792
5957	0.054767
13566	0.054716
774	0.054701
4568	0.054685
11969	0.054651
13144	0.054562
7368	0.054538
9535	0.054532
9530	0.054532
9527	0.054532
9526	0.054532
9525	0.054532
9524	0.054532
9523	0.054532
9521	0.054532
9517	0.054532
9516	0.054532
9515	0.054532
9513	0.054532
9511	0.054532
9510	0.054532
9243	0.054532
9161	0.054532
6099	0.054532
12638	0.054497
1735	0.054487
13794	0.054475
398	0.054470
8953	0.054468
959	0.054464
7101	0.054445
9532	0.054414
3608	0.054405
11977	0.054394
11479	0.054390
12767	0.054384
10538	0.054369
10423	0.054364
1459	0.054360
7819	0.054279
1106	0.054258
10837	0.054224
7306	0.054175
11447	0.054160
6497	0.054153
13116	0.054104
9917	0.054075
5287	0.054023
3341	0.053997
3569	0.053954
11512	0.053945
12560	0.053938
4808	0.053934
5446	0.053918
12200	0.053834
11379	0.053831
9948	0.053809
8909	0.053791
13120	0.053774
6660	0.053767
9080	0.053763
3848	0.053734
9952	0.053700
11584	0.053646
3841	0.053632
1737	0.053569
9050	0.053546
12515	0.053533
12444	0.053475
2023	0.053443
2789	0.053435
3175	0.053434
12445	0.053429
6123	0.053389
5638	0.053374
7094	0.053357
543	0.053332
13374	0.053321
13373	0.053321
12000	0.053319
4593	0.053319
4592	0.053319
11225	0.053318
10909	0.053318
2860	0.053252
8678	0.053214
5346	0.053187
10007	0.053152
10853	0.053080
4434	0.053060
12653	0.053046
10138	0.053045
1848	0.053018
4536	0.053011
1889	0.053005
6768	0.052990
12779	0.052987
2301	0.052986
7388	0.052968
10496	0.052948
853	0.052942
9982	0.052926
5732	0.052923
12145	0.052871
10515	0.052871
5956	0.052871
9983	0.052853
9608	0.052819
7929	0.052804
4531	0.052757
11795	0.052715
6481	0.052699
10854	0.052696
3349	0.052653
5492	0.052648
11506	0.052566
13166	0.052541
12458	0.052524
10505	0.052513
6563	0.052507
11419	0.052482
7409	0.052464
6518	0.052418
10478	0.052404
6697	0.052400
8107	0.052398
13396	0.052391
13338	0.052391
13082	0.052341
9133	0.052341
9129	0.052341
7553	0.052335
13058	0.052324
7945	0.052324
5030	0.052313
9944	0.052299
3113	0.052250
9503	0.052249
13812	0.052195
8265	0.052195
10441	0.052179
4480	0.052174
9504	0.052157
8418	0.052145
12816	0.052144
14242	0.052139
13816	0.052139
2885	0.052139
2668	0.052077
9674	0.052032
6021	0.052028
10537	0.052020
12781	0.051947
3621	0.051946
10802	0.051928
5697	0.051911
10339	0.051886
12647	0.051873
10833	0.051868
13575	0.051841
2705	0.051805
8008	0.051794
6527	0.051750
10373	0.051746
13579	0.051728
11039	0.051728
13717	0.051706
10321	0.051702
6173	0.051695
12593	0.051659
7710	0.051643
3037	0.051592
11478	0.051572
3408	0.051507
531	0.051498
3369	0.051495
13593	0.051476
12709	0.051371
45	0.051362
12393	0.051348
4535	0.051348
7964	0.051177
12749	0.051161
12748	0.051161
9534	0.051041
9533	0.051041
9529	0.051041
9509	0.051041
5254	0.051011
2889	0.050978
13019	0.050937
12787	0.050907
1957	0.050839
7041	0.050787
11315	0.050766
10221	0.050730
12704	0.050714
11551	0.050694
4611	0.050630
7668	0.050486
3625	0.050484
9170	0.050477
6613	0.050437
4590	0.050427
10111	0.050414
11186	0.050330
7028	0.050309
634	0.050301
10027	0.050262
6880	0.050189
4983	0.050178
5135	0.050172
2812	0.050147
3543	0.050142
5652	0.050137
13724	0.050103
10392	0.050072
5114	0.050064
12503	0.050062
9632	0.049994
11111	0.049993
13675	0.049971
12941	0.049956
3824	0.049937
10901	0.049907
2251	0.049885
5041	0.049875
7452	0.049860
11132	0.049837
11257	0.049825
2327	0.049802
13117	0.049796
12396	0.049796
11723	0.049689
8419	0.049672
11487	0.049665
3593	0.049663
6626	0.049643
10784	0.049591
10375	0.049564
581	0.049560
11079	0.049558
11078	0.049558
10999	0.049558
8650	0.049558
10780	0.049533
3661	0.049505
12940	0.049481
3562	0.049476
2153	0.049475
3332	0.049468
3023	0.049365
8135	0.049350
7114	0.049338
10995	0.049324
5562	0.049323
13038	0.049274
13037	0.049274
10495	0.049270
13749	0.049261
6560	0.049226
737	0.049155
7961	0.049137
5049	0.049093
11313	0.049070
1363	0.049030
4588	0.048998
6281	0.048938
11574	0.048917
12526	0.048892
5134	0.048842
12510	0.048825
1283	0.048816
11671	0.048795
9682	0.048758
4271	0.048715
5576	0.048671
5854	0.048664
10433	0.048646
10319	0.048641
12789	0.048630
277	0.048629
2503	0.048600
7467	0.048587
12109	0.048577
5948	0.048577
2642	0.048489
869	0.048487
12628	0.048468
3623	0.048465
12727	0.048460
2894	0.048453
12872	0.048402
10937	0.048366
8320	0.048344
2877	0.048343
3587	0.048335
10790	0.048286
6087	0.048269
1963	0.048200
9614	0.048185
10167	0.048147
320	0.048129
10757	0.048103
7245	0.048100
9827	0.048075
10816	0.048048
4492	0.048045
5215	0.048026
4077	0.048021
9720	0.047995
3492	0.047993
3505	0.047976
7672	0.047954
8896	0.047926
10010	0.047915
6232	0.047899
10050	0.047874
6411	0.047861
8321	0.047861
1939	0.047830
11351	0.047815
12822	0.047765
