1728	0.166440
919	0.158313
1362	0.156749
9396	0.156748
4481	0.156748
4478	0.156740
1363	0.148400
484	0.146820
960	0.143088
3171	0.142528
11902	0.141532
592	0.139980
10506	0.138038
1045	0.138038
2181	0.137661
7053	0.136657
1935	0.133890
3517	0.132752
2830	0.131380
1924	0.131094
2580	0.129974
12381	0.127365
2829	0.126217
734	0.125904
267	0.125782
388	0.125360
9070	0.123576
1046	0.123283
6250	0.120664
3350	0.120523
740	0.120498
2949	0.120353
12162	0.118976
9503	0.118914
3841	0.118253
611	0.117364
264	0.115863
9190	0.115538
1108	0.115144
9395	0.114970
1387	0.114661
288	0.112451
616	0.111981
4194	0.111399
5725	0.111342
12948	0.111121
2575	0.110936
2710	0.110304
2153	0.109522
12073	0.108921
2709	0.108759
12428	0.108490
2579	0.108005
3848	0.107494
10802	0.107390
10473	0.106620
617	0.106259
282	0.106056
3446	0.105892
5350	0.105735
7003	0.105631
963	0.105078
2267	0.104836
165	0.104109
11906	0.103965
4775	0.103811
11959	0.103722
2182	0.103469
194	0.103348
6117	0.103111
293	0.103107
292	0.103107
291	0.103107
290	0.103107
287	0.103107
4776	0.102759
4777	0.102615
286	0.102433
1570	0.102415
5349	0.102279
8661	0.102187
12910	0.101915
6971	0.101890
733	0.101578
14119	0.101474
10472	0.101236
4586	0.100966
998	0.100851
3541	0.100219
496	0.099988
2577	0.099820
535	0.099672
4233	0.099365
9091	0.099267
462	0.098714
7553	0.098694
9111	0.098385
9090	0.098184
739	0.098173
1378	0.098023
483	0.097997
2642	0.097968
12245	0.097651
7434	0.097508
9436	0.097000
906	0.096729
6878	0.096679
9958	0.096405
4144	0.096085
9531	0.095996
3203	0.095981
1030	0.095953
580	0.095630
294	0.095495
3593	0.095479
2368	0.095263
13994	0.095189
7931	0.095189
741	0.095168
13339	0.095158
1040	0.095149
3665	0.094902
11657	0.094889
173	0.094812
481	0.094495
265	0.094275
1738	0.093983
1439	0.093842
1594	0.093821
11878	0.093812
4523	0.093724
167	0.093663
1447	0.093629
6842	0.093621
11934	0.093331
13174	0.093264
999	0.092980
12178	0.092886
738	0.092781
3273	0.092686
11829	0.092520
4525	0.092520
8070	0.092425
736	0.092425
9613	0.092287
967	0.092243
7420	0.091908
1007	0.091853
11887	0.091851
969	0.091717
737	0.091509
5921	0.091469
908	0.091372
913	0.091339
6600	0.091140
11985	0.091036
8147	0.091036
8100	0.091036
8086	0.091036
8085	0.091036
8084	0.091036
4738	0.090961
3298	0.090897
2361	0.090877
276	0.090448
1934	0.090445
9497	0.090410
9612	0.090393
3542	0.090157
2360	0.090126
10675	0.089902
2696	0.089491
1857	0.089419
1208	0.088941
11475	0.088767
13524	0.088727
277	0.088703
505	0.088441
3805	0.088368
5127	0.088292
1179	0.087935
9505	0.087891
6618	0.087890
1932	0.087886
12290	0.087810
6331	0.087810
12919	0.087726
4151	0.087586
8773	0.087551
6621	0.087551
6660	0.087212
11920	0.087192
3927	0.087192
3868	0.087192
3784	0.087191
6449	0.087091
1424	0.086583
562	0.086500
758	0.086480
11919	0.086287
289	0.086208
280	0.086104
11293	0.085924
5511	0.085865
995	0.085762
9992	0.085671
820	0.085647
905	0.085454
517	0.085412
2094	0.085341
5801	0.085294
6479	0.085153
7560	0.085021
12109	0.084918
5948	0.084918
2297	0.084865
732	0.084797
3721	0.084622
486	0.084560
13570	0.084476
13228	0.084476
731	0.084476
882	0.084254
498	0.084114
4932	0.083901
3923	0.083899
8886	0.083898
1739	0.083694
665	0.083619
581	0.083582
2116	0.083374
49	0.083316
1551	0.082975
7779	0.082902
2667	0.082881
9664	0.082809
272	0.082347
6638	0.082165
1829	0.082153
904	0.082145
1231	0.081996
630	0.081913
13482	0.081907
13222	0.081858
3929	0.081784
3928	0.081784
9578	0.081764
6690	0.081557
1578	0.081509
1442	0.081455
519	0.081454
9401	0.081224
5427	0.081222
10451	0.080795
565	0.080789
10364	0.080663
13567	0.080583
5731	0.080583
5730	0.080583
5726	0.080583
5723	0.080583
5722	0.080583
5721	0.080583
5681	0.080583
2535	0.080564
8324	0.080502
1000	0.080498
14014	0.080484
9324	0.080272
9265	0.080177
2563	0.080005
686	0.080003
8558	0.079991
4832	0.079820
4048	0.079784
4047	0.079784
4046	0.079784
4044	0.079784
3628	0.079784
3622	0.079784
3202	0.079536
2778	0.079524
7614	0.079471
7613	0.079471
488	0.079469
907	0.079429
6626	0.079348
138	0.079341
2144	0.079322
706	0.079261
1332	0.079193
12154	0.078986
5688	0.078892
1059	0.078818
7991	0.078779
2530	0.078757
4213	0.078567
2120	0.078441
504	0.078378
1721	0.078268
1004	0.077935
1003	0.077935
996	0.077935
757	0.077935
2668	0.077884
6983	0.077878
6982	0.077878
2600	0.077824
227	0.077776
13995	0.077703
9689	0.077629
12301	0.077582
3867	0.077576
11918	0.077524
9434	0.077495
711	0.077495
710	0.077495
518	0.077495
4230	0.077277
1826	0.077226
3280	0.077207
12553	0.077168
9633	0.077162
9630	0.077162
9628	0.077162
9626	0.077162
9625	0.077162
9624	0.077162
9622	0.077162
9621	0.077162
9620	0.077162
9619	0.077162
9618	0.077162
9615	0.077162
9482	0.077162
13719	0.077085
10588	0.077085
7547	0.077085
13314	0.077068
9960	0.077007
13111	0.076880
13109	0.076880
9959	0.076880
494	0.076879
2987	0.076878
917	0.076853
3332	0.076820
2986	0.076793
10125	0.076575
10970	0.076573
7864	0.076559
4827	0.076490
3903	0.076409
11901	0.076395
3340	0.076378
957	0.076376
954	0.076376
3373	0.076326
1712	0.076270
9034	0.076210
387	0.076170
11724	0.076170
12253	0.076160
7004	0.076152
9646	0.075984
1923	0.075933
6471	0.075930
9599	0.075927
13363	0.075923
13721	0.075899
13709	0.075899
13580	0.075794
2187	0.075756
6759	0.075743
5905	0.075740
2298	0.075692
5059	0.075530
10290	0.075525
5854	0.075520
10291	0.075516
2886	0.075487
3804	0.075473
2935	0.075400
2578	0.075356
1453	0.075262
5488	0.075237
5803	0.075185
5670	0.075043
2913	0.075038
3636	0.075029
1828	0.075023
1925	0.074973
3490	0.074938
2665	0.074912
14167	0.074723
3342	0.074681
4300	0.074533
12408	0.074477
2576	0.074320
697	0.074274
7091	0.074233
56	0.074193
1407	0.074014
559	0.074003
11019	0.073911
12458	0.073827
9519	0.073796
4318	0.073781
634	0.073654
881	0.073629
4585	0.073629
1106	0.073590
2944	0.073589
11215	0.073427
13340	0.073408
11893	0.073394
6208	0.073319
10456	0.073299
3543	0.073293
1008	0.073219
5989	0.073214
4664	0.073056
2873	0.072986
2545	0.072808
5739	0.072750
3597	0.072737
876	0.072717
4226	0.072670
583	0.072480
10841	0.072368
558	0.072321
3062	0.072161
4765	0.072076
9610	0.071897
12597	0.071890
7368	0.071863
2164	0.071802
5912	0.071773
5736	0.071755
3625	0.071726
9080	0.071665
3207	0.071641
1005	0.071602
9535	0.071574
9530	0.071574
9527	0.071574
9526	0.071574
9525	0.071574
9524	0.071574
9523	0.071574
9521	0.071574
9517	0.071574
9516	0.071574
9515	0.071574
9513	0.071574
9511	0.071574
9510	0.071574
9243	0.071574
9161	0.071574
6099	0.071574
9532	0.071508
10478	0.071369
1720	0.071353
2097	0.071313
714	0.071291
3113	0.071258
25	0.071241
12744	0.071182
2663	0.071149
774	0.071136
13606	0.071057
6100	0.071057
5022	0.070999
5426	0.070933
511	0.070924
11989	0.070921
10863	0.070809
10862	0.070721
1871	0.070708
379	0.070703
699	0.070644
5150	0.070622
11894	0.070336
2747	0.070336
1729	0.070306
574	0.070301
8343	0.070298
10830	0.070270
11877	0.070195
8660	0.070185
8659	0.070185
8658	0.070185
556	0.070179
2189	0.070160
278	0.070148
1031	0.070066
12414	0.070052
3485	0.069991
9074	0.069814
3369	0.069810
10098	0.069713
8208	0.069707
5447	0.069572
9518	0.069439
9606	0.069428
11121	0.069424
11669	0.069269
6375	0.069269
4716	0.069157
9541	0.069133
1102	0.069102
6550	0.068972
9102	0.068873
2531	0.068869
13034	0.068847
7006	0.068847
9701	0.068843
6435	0.068828
10474	0.068819
13385	0.068806
46	0.068752
7005	0.068732
3268	0.068662
270	0.068601
8963	0.068592
6623	0.068573
5708	0.068559
12156	0.068522
8201	0.068522
3501	0.068522
3502	0.068484
11432	0.068483
10616	0.068483
9130	0.068443
9113	0.068443
3746	0.068382
11212	0.068352
12668	0.068301
10617	0.068294
13324	0.068245
12027	0.068169
7730	0.068151
7445	0.068151
7444	0.068151
7175	0.068151
7080	0.068151
501	0.068146
397	0.068052
8778	0.067958
10586	0.067952
958	0.067716
3652	0.067696
7315	0.067672
10682	0.067621
14342	0.067619
10432	0.067513
6676	0.067442
13909	0.067435
3486	0.067415
3828	0.067387
10130	0.067313
1251	0.067311
8563	0.067236
8562	0.067236
8561	0.067236
8559	0.067236
7582	0.067236
2989	0.067236
10356	0.067167
2621	0.067123
8560	0.067111
9504	0.067023
8935	0.067012
2532	0.066991
911	0.066931
1579	0.066924
8779	0.066880
4480	0.066859
5296	0.066851
9440	0.066762
2126	0.066755
5709	0.066676
8816	0.066673
8815	0.066673
8814	0.066673
8812	0.066673
8796	0.066673
8795	0.066673
8777	0.066673
7923	0.066673
233	0.066642
2988	0.066529
2725	0.066468
587	0.066467
3557	0.066427
11575	0.066410
5748	0.066337
5750	0.066247
4031	0.066186
12314	0.066159
8749	0.066150
8748	0.066150
1969	0.066094
7026	0.066062
993	0.066047
2415	0.066015
10097	0.066002
3757	0.065977
1234	0.065961
4458	0.065922
12836	0.065913
12824	0.065913
3304	0.065876
7534	0.065855
4401	0.065833
1986	0.065809
331	0.065696
7132	0.065670
6525	0.065661
2250	0.065599
12129	0.065560
11233	0.065558
9381	0.065558
13020	0.065526
2767	0.065515
1082	0.065458
4684	0.065319
7583	0.065207
3899	0.065050
687	0.064984
9356	0.064965
13735	0.064962
13728	0.064962
13726	0.064962
10580	0.064929
5930	0.064929
9426	0.064777
7182	0.064695
4143	0.064662
2118	0.064570
994	0.064554
10221	0.064494
1044	0.064492
9534	0.064454
9533	0.064454
9529	0.064454
9509	0.064454
10475	0.064330
3504	0.064313
7388	0.064232
1893	0.064225
10657	0.064189
1827	0.064084
3827	0.064078
12031	0.064051
7958	0.064040
4755	0.064007
2774	0.063994
11924	0.063975
10658	0.063927
546	0.063893
101	0.063857
2464	0.063811
13559	0.063791
11385	0.063739
6252	0.063733
8730	0.063729
3341	0.063710
2210	0.063695
5369	0.063675
14326	0.063674
13992	0.063520
4265	0.063478
10587	0.063444
3549	0.063408
12071	0.063290
175	0.063290
5190	0.063248
493	0.063235
5183	0.063227
13052	0.063216
13010	0.063216
12879	0.063216
3635	0.063188
567	0.063129
275	0.063129
2891	0.063091
6234	0.063067
11977	0.063025
10859	0.063023
1218	0.063004
744	0.062997
2315	0.062883
10727	0.062867
285	0.062716
4566	0.062699
2694	0.062699
1584	0.062668
13131	0.062647
2172	0.062639
7947	0.062567
6954	0.062567
92	0.062437
12956	0.062425
13640	0.062403
526	0.062364
10198	0.062233
5459	0.062201
9417	0.062198
2941	0.062123
4444	0.062087
487	0.062029
846	0.062015
10542	0.061996
12304	0.061964
5470	0.061955
2122	0.061917
1259	0.061889
4980	0.061849
5444	0.061845
1391	0.061814
3173	0.061790
7158	0.061672
9827	0.061667
997	0.061538
1390	0.061469
11256	0.061446
575	0.061385
6149	0.061289
2713	0.061286
7807	0.061095
8930	0.061024
12856	0.060985
9490	0.060963
7933	0.060915
347	0.060915
2671	0.060889
3197	0.060800
2889	0.060730
1852	0.060728
10722	0.060672
8132	0.060651
12191	0.060638
8168	0.060623
6714	0.060587
5482	0.060585
9146	0.060570
3516	0.060561
11243	0.060555
41	0.060471
2761	0.060468
9338	0.060354
2132	0.060350
4159	0.060300
1033	0.060219
126	0.060181
12496	0.060172
9059	0.060103
5502	0.060082
3551	0.060045
6055	0.059970
3984	0.059951
10927	0.059834
9631	0.059817
7501	0.059813
499	0.059687
2311	0.059667
13331	0.059642
2572	0.059634
10867	0.059615
3146	0.059594
10138	0.059567
9424	0.059559
5697	0.059557
10776	0.059535
11028	0.059524
11092	0.059498
2237	0.059482
10186	0.059475
2670	0.059463
10723	0.059438
8854	0.059415
391	0.059391
2446	0.059384
6315	0.059335
2355	0.059305
989	0.059289
9029	0.059263
13282	0.059243
959	0.059226
1209	0.059201
13281	0.059165
4568	0.059121
4524	0.059097
137	0.059078
10866	0.059052
13011	0.058988
12816	0.058967
9538	0.058955
11789	0.058911
2290	0.058824
4417	0.058745
7881	0.058648
12028	0.058605
12025	0.058583
2893	0.058583
965	0.058569
2115	0.058494
5608	0.058489
6636	0.058459
7373	0.058385
12250	0.058380
10253	0.058313
557	0.058298
8000	0.058298
2755	0.058234
134	0.058184
3518	0.058155
11650	0.058098
12125	0.058096
5836	0.058081
12237	0.058076
283	0.058073
2362	0.058048
1376	0.058042
12560	0.058033
6497	0.058023
3189	0.058004
6366	0.057991
13839	0.057978
9953	0.057960
10459	0.057952
9734	0.057932
9732	0.057932
9730	0.057932
8868	0.057932
8866	0.057932
11909	0.057875
5237	0.057835
2151	0.057794
11813	0.057777
7929	0.057762
2896	0.057708
5142	0.057667
4028	0.057659
1214	0.057652
502	0.057631
5782	0.057613
7333	0.057567
2655	0.057547
6649	0.057535
6647	0.057535
6646	0.057535
5610	0.057535
14427	0.057528
12135	0.057511
2995	0.057408
8439	0.057368
7435	0.057368
7180	0.057368
8279	0.057310
8144	0.057308
8438	0.057276
9416	0.057215
13112	0.057168
7290	0.057120
532	0.057101
269	0.057096
7336	0.057079
1169	0.057068
3589	0.057061
3198	0.057031
5234	0.056979
11084	0.056947
11083	0.056947
9380	0.056947
9378	0.056947
9376	0.056947
9374	0.056947
7339	0.056947
7338	0.056947
7335	0.056947
7334	0.056947
728	0.056945
12862	0.056938
11642	0.056912
11637	0.056891
1892	0.056875
10740	0.056872
3065	0.056870
1693	0.056852
2299	0.056776
4797	0.056764
2261	0.056763
10458	0.056701
7911	0.056691
2241	0.056641
10192	0.056572
10184	0.056572
14045	0.056558
351	0.056539
1081	0.056537
8853	0.056532
2448	0.056530
886	0.056484
4796	0.056475
279	0.056443
9733	0.056394
1444	0.056375
485	0.056367
11007	0.056362
2947	0.056359
3303	0.056319
569	0.056313
3741	0.056311
888	0.056306
10337	0.056305
1017	0.056288
6856	0.056272
9425	0.056246
4786	0.056231
1126	0.056225
11065	0.056213
6371	0.056175
10981	0.056148
3519	0.056098
7089	0.056080
9917	0.056032
7037	0.055991
14238	0.055958
14175	0.055958
14044	0.055958
806	0.055952
9008	0.055950
11258	0.055946
11875	0.055925
7221	0.055897
10018	0.055883
10382	0.055853
180	0.055732
12584	0.055709
12350	0.055612
2378	0.055604
9611	0.055592
9522	0.055585
14327	0.055552
14325	0.055552
14324	0.055552
14323	0.055552
14314	0.055552
14305	0.055552
14293	0.055552
14286	0.055552
14261	0.055552
14244	0.055552
14208	0.055552
14136	0.055552
14104	0.055552
14092	0.055552
14086	0.055552
14082	0.055552
14079	0.055552
13968	0.055552
13857	0.055552
10726	0.055552
12349	0.055544
9121	0.055519
9112	0.055519
7327	0.055505
6116	0.055487
11506	0.055486
2726	0.055479
10383	0.055475
6485	0.055475
1724	0.055468
3632	0.055432
4363	0.055413
3763	0.055374
307	0.055318
160	0.055294
513	0.055292
9614	0.055282
6316	0.055270
4043	0.055259
956	0.055250
3705	0.055240
7870	0.055167
11374	0.055159
12026	0.055150
3630	0.055137
13179	0.055125
13178	0.055125
7344	0.055125
9009	0.055112
8260	0.055112
256	0.055106
2300	0.055046
750	0.055033
9268	0.055023
510	0.054995
