12286	0.188342
2174	0.187525
5582	0.181405
589	0.175425
5583	0.173069
2175	0.166472
4497	0.162942
5584	0.154257
5585	0.153270
4204	0.149693
3428	0.141991
2695	0.137182
10898	0.133815
11677	0.133575
4494	0.133575
4493	0.133575
11178	0.127513
2828	0.126505
1132	0.126072
10624	0.125974
991	0.125482
4947	0.125049
221	0.124690
11280	0.124666
6205	0.124621
472	0.124556
5586	0.123092
6938	0.122873
10899	0.122740
1120	0.122421
8137	0.122299
13247	0.122286
1119	0.122133
7615	0.120889
3005	0.119832
475	0.119347
10976	0.119195
10977	0.118917
23	0.118774
3001	0.117456
6147	0.116899
10361	0.115913
13657	0.114235
1719	0.114235
11112	0.114128
7348	0.113500
7690	0.113500
7349	0.113500
13649	0.112027
5185	0.111411
1707	0.111408
7224	0.109387
6574	0.109387
5527	0.109387
4463	0.108354
474	0.107373
5493	0.106785
7321	0.106271
14224	0.106214
13391	0.106214
11110	0.106214
1115	0.106162
13303	0.105789
6340	0.105393
7468	0.104777
2967	0.104777
4235	0.104598
10089	0.103893
12182	0.103751
4464	0.103751
11818	0.103694
2965	0.102946
2173	0.102776
10984	0.102711
10308	0.102289
11073	0.101650
9198	0.101608
11402	0.101250
10307	0.101250
13638	0.100829
14335	0.100234
9883	0.100234
716	0.100130
3429	0.099933
13265	0.099487
4618	0.099462
2382	0.099327
2871	0.099098
3986	0.099035
11658	0.098774
9197	0.098638
11202	0.096699
29	0.096512
12244	0.096027
26	0.095971
296	0.095488
677	0.095178
13167	0.094737
10122	0.094737
11091	0.094561
8134	0.094373
3425	0.093914
7261	0.093733
5679	0.093704
10507	0.092838
2981	0.092345
3441	0.091693
11136	0.091564
10634	0.091259
1118	0.089894
10638	0.089758
28	0.089363
1133	0.089286
3440	0.088974
12527	0.088818
9317	0.088809
7036	0.088371
10025	0.088358
11904	0.087978
10550	0.087727
2486	0.087670
2532	0.087485
14431	0.087407
8148	0.087407
5815	0.086787
7544	0.086663
11989	0.086222
14073	0.086109
14128	0.085528
3714	0.085516
487	0.085291
11852	0.085138
8307	0.085112
5205	0.084788
2170	0.084637
1838	0.084595
6680	0.084455
5293	0.084293
7670	0.084273
8432	0.083887
8431	0.083887
876	0.083761
11903	0.083486
11591	0.083299
3753	0.083282
11592	0.082843
1109	0.082838
9909	0.082546
2206	0.081848
465	0.081710
7328	0.081503
8276	0.081451
2208	0.081430
1236	0.081430
5747	0.081404
14006	0.081317
14339	0.081315
14338	0.081315
14312	0.081315
14272	0.081315
14259	0.081315
14160	0.081315
14159	0.081315
14158	0.081315
14156	0.081315
14144	0.081315
14133	0.081315
14123	0.081315
14110	0.081315
14102	0.081315
14053	0.081315
13501	0.081315
8311	0.081315
8309	0.081315
8308	0.081315
8306	0.081315
8288	0.081315
8286	0.081315
8285	0.081315
8283	0.081315
8282	0.081315
8280	0.081315
8278	0.081315
8277	0.081315
8046	0.081315
4603	0.081315
13542	0.081256
4087	0.081236
8310	0.081080
2207	0.080988
2097	0.080804
27	0.080508
7626	0.080383
10275	0.080286
3438	0.080162
6254	0.079949
11587	0.079796
10751	0.079693
638	0.079669
11940	0.079481
2600	0.079382
5745	0.079287
2269	0.079082
6963	0.078846
5270	0.078723
683	0.078458
4	0.078139
6421	0.078096
8140	0.078093
13490	0.077995
13632	0.077995
13631	0.077995
13942	0.077959
12861	0.077904
14254	0.077793
2203	0.077699
13633	0.077463
14248	0.077416
8047	0.077416
115	0.077292
1121	0.077107
9123	0.077054
1835	0.076984
14233	0.076932
1136	0.076932
4895	0.076866
14291	0.076682
10060	0.076549
4365	0.076549
11123	0.076465
12636	0.076408
5269	0.076378
5	0.075854
10274	0.075849
5487	0.075635
1535	0.075579
4366	0.075173
11109	0.075009
10214	0.074775
11416	0.074639
4784	0.074608
6430	0.074529
1123	0.074529
9086	0.074391
9085	0.074300
4783	0.074278
12315	0.074132
10038	0.073433
4465	0.073421
10663	0.072986
10962	0.072840
4662	0.072808
6935	0.072633
13805	0.072625
5132	0.072625
10427	0.072460
12949	0.072444
12947	0.072444
12946	0.072444
12945	0.072444
12943	0.072444
12942	0.072444
1177	0.072418
14317	0.072389
6763	0.072320
10767	0.072138
2185	0.071807
7943	0.071739
4782	0.071663
10182	0.071508
4090	0.071432
13551	0.071120
5484	0.071031
10245	0.070671
7007	0.070519
5177	0.070488
10255	0.069636
3576	0.069587
3789	0.069333
10454	0.069309
3617	0.069251
8255	0.069101
10801	0.068838
11915	0.068797
10641	0.068722
2521	0.068693
1111	0.068675
8407	0.068565
9168	0.068411
2823	0.068385
4495	0.068225
3505	0.068150
1952	0.067837
13557	0.067708
13556	0.067708
2107	0.067658
2105	0.067607
9385	0.067572
11240	0.067571
4319	0.067570
2381	0.067543
2099	0.067287
119	0.067094
9796	0.067000
5212	0.066883
10546	0.066772
5846	0.066320
4392	0.066212
12241	0.066210
12240	0.066210
8074	0.066210
7294	0.066210
6054	0.066210
4336	0.066210
3506	0.066128
3434	0.066072
2110	0.066024
3715	0.065986
8775	0.065856
13331	0.065800
2281	0.065619
10625	0.065519
7273	0.065404
13068	0.065304
13067	0.065304
13066	0.065304
13065	0.065304
13064	0.065304
13063	0.065304
13062	0.065304
13056	0.065304
13053	0.065304
13046	0.065304
13044	0.065304
12971	0.065304
12921	0.065304
8057	0.065291
9716	0.065259
5392	0.065217
3256	0.065055
7200	0.065004
2096	0.064885
22	0.064710
6664	0.064418
4469	0.064100
5879	0.064097
1708	0.064042
7774	0.063941
5641	0.063941
5642	0.063932
11987	0.063914
8178	0.063842
11988	0.063756
4367	0.063735
7272	0.063714
11793	0.063714
8259	0.063646
5347	0.063554
7359	0.063362
377	0.063315
1419	0.063313
5441	0.063169
8197	0.063162
574	0.063132
5292	0.063108
5712	0.063020
5711	0.063020
5710	0.063020
11752	0.063004
11808	0.062786
6009	0.062700
4742	0.062700
689	0.062628
11800	0.062538
13293	0.062486
4537	0.062437
8836	0.062274
13126	0.062263
6187	0.062116
4482	0.061944
5863	0.061913
4180	0.061692
3388	0.061623
14157	0.061572
11137	0.061560
10273	0.061254
10343	0.061173
6718	0.061173
2111	0.061109
6378	0.060952
3389	0.060929
8289	0.060885
13598	0.060834
6719	0.060785
14034	0.060740
8305	0.060687
7857	0.060644
6498	0.060507
9764	0.060473
6010	0.060468
498	0.060281
1420	0.060224
7207	0.060192
1785	0.060052
4743	0.059960
9763	0.059901
9759	0.059901
9758	0.059901
8717	0.059901
8716	0.059901
8715	0.059901
90	0.059856
9433	0.059762
9916	0.059722
9880	0.059722
9842	0.059722
9838	0.059722
9822	0.059722
9372	0.059722
8791	0.059722
8790	0.059722
8768	0.059722
6838	0.059653
295	0.059561
2113	0.059512
13449	0.059205
3370	0.059078
5116	0.059076
2084	0.059045
5729	0.059044
3553	0.059030
10135	0.058769
11129	0.058628
3426	0.058555
1685	0.058497
9870	0.058396
14	0.058217
7729	0.057836
10701	0.057775
2124	0.057536
9120	0.057448
1172	0.057299
9840	0.057220
10943	0.057162
11689	0.057062
12036	0.057037
10887	0.057018
10415	0.056983
2109	0.056974
6415	0.056955
13054	0.056883
1405	0.056810
2184	0.056792
12462	0.056683
10685	0.056683
3135	0.056514
1778	0.056484
2966	0.056470
12044	0.056411
499	0.056266
2098	0.056224
12358	0.056158
3591	0.055965
257	0.055628
13602	0.055599
2827	0.055573
8922	0.055507
8041	0.055444
13322	0.055379
3810	0.055160
5376	0.055095
13394	0.054975
10888	0.054831
12682	0.054797
9196	0.054785
3209	0.054752
10920	0.054730
10416	0.054692
713	0.054659
13534	0.054529
7205	0.054428
1587	0.054316
5704	0.054127
11266	0.054117
10249	0.054008
13384	0.053906
10605	0.053891
5672	0.053781
2831	0.053722
3	0.053707
2822	0.053577
8295	0.053532
8242	0.053494
7676	0.053446
11023	0.053424
11024	0.053424
4542	0.053406
5248	0.053290
3371	0.053204
7526	0.053150
8864	0.053148
8863	0.053148
8583	0.053148
8124	0.053148
7904	0.053148
7903	0.053148
7902	0.053148
7901	0.053148
7900	0.053148
7899	0.053148
7897	0.053148
7896	0.053148
7895	0.053148
693	0.053144
11606	0.052947
11605	0.052947
6386	0.052885
230	0.052882
8416	0.052759
1836	0.052756
7453	0.052636
5671	0.052619
5680	0.052594
13685	0.052536
13684	0.052536
13683	0.052536
13565	0.052536
2674	0.052476
9943	0.052451
13609	0.052448
6480	0.052445
314	0.052346
2526	0.052319
700	0.052286
4376	0.052285
2267	0.052162
8877	0.052006
6053	0.051936
875	0.051880
5157	0.051819
2102	0.051749
14404	0.051747
14400	0.051747
8143	0.051747
8096	0.051747
1110	0.051741
9	0.051651
5843	0.051592
5110	0.051575
10330	0.051531
11616	0.051503
4648	0.051503
4643	0.051503
8595	0.051443
473	0.051414
6056	0.051291
2529	0.051282
114	0.051271
877	0.051231
14275	0.051211
14039	0.051211
14036	0.051211
14030	0.051211
14029	0.051211
14026	0.051211
8415	0.051211
8400	0.051211
8378	0.051211
8375	0.051211
8363	0.051211
8360	0.051211
8350	0.051211
8294	0.051211
8218	0.051211
13764	0.051211
4351	0.051211
1759	0.051157
2442	0.051132
14033	0.051125
11753	0.051123
8430	0.051078
12074	0.051057
12198	0.051044
10236	0.051038
10639	0.050996
8376	0.050927
8241	0.050927
13858	0.050903
7802	0.050903
11887	0.050879
5175	0.050833
13836	0.050703
12214	0.050652
3212	0.050643
11742	0.050640
5226	0.050640
14028	0.050634
297	0.050470
881	0.050325
11728	0.050174
5403	0.050124
1234	0.050039
698	0.050013
11916	0.049967
6974	0.049958
3778	0.049943
13090	0.049557
11289	0.049452
7127	0.049321
5705	0.049170
14370	0.049167
8453	0.049074
14357	0.049039
7787	0.049039
10795	0.049016
9202	0.048928
4787	0.048776
11729	0.048679
3030	0.048659
12229	0.048655
13360	0.048573
8615	0.048519
2268	0.048510
7745	0.048498
11448	0.048480
190	0.048431
10462	0.048425
5009	0.048382
6741	0.048353
5885	0.048297
7692	0.048224
9849	0.048198
7128	0.048186
6841	0.047932
6835	0.047773
7977	0.047766
4608	0.047710
13075	0.047664
12680	0.047565
12222	0.047455
8267	0.047413
14337	0.047412
13990	0.047412
8266	0.047408
14054	0.047392
11111	0.047390
3623	0.047330
7395	0.047298
9497	0.047191
5650	0.047184
7306	0.047155
9528	0.047150
2108	0.047113
13285	0.047088
14243	0.047050
9030	0.047046
6906	0.047030
7984	0.046947
6754	0.046902
633	0.046877
10978	0.046869
13855	0.046825
5217	0.046768
4205	0.046618
4693	0.046538
13121	0.046518
4789	0.046518
4788	0.046518
684	0.046454
4836	0.046443
5141	0.046359
4517	0.046246
2183	0.046118
14297	0.046076
8714	0.045970
4974	0.045966
4799	0.045949
4841	0.045888
5883	0.045856
607	0.045834
12089	0.045818
2117	0.045812
6176	0.045790
8221	0.045768
5191	0.045715
2227	0.045652
9388	0.045596
13365	0.045553
5934	0.045549
5933	0.045549
9596	0.045534
5546	0.045506
7962	0.045367
13374	0.045338
13373	0.045338
1083	0.045320
11447	0.045268
2132	0.045254
14393	0.045111
14377	0.045111
11675	0.045057
7784	0.044987
13697	0.044966
13364	0.044966
332	0.044962
1603	0.044945
14398	0.044933
14383	0.044933
8454	0.044933
7916	0.044933
7083	0.044933
7960	0.044931
3496	0.044906
7211	0.044890
13369	0.044878
8322	0.044863
14366	0.044849
14361	0.044849
14355	0.044849
8456	0.044849
5880	0.044838
14369	0.044816
7268	0.044786
5043	0.044764
11064	0.044728
7101	0.044709
9383	0.044694
1930	0.044618
6747	0.044594
2052	0.044537
3319	0.044526
8225	0.044520
1182	0.044447
11781	0.044438
4646	0.044410
12525	0.044393
9844	0.044237
5154	0.044217
10921	0.044104
5635	0.044103
118	0.044051
3066	0.043967
8611	0.043964
335	0.043962
334	0.043962
327	0.043962
305	0.043962
302	0.043962
2612	0.043960
8044	0.043921
14269	0.043879
14032	0.043838
303	0.043726
316	0.043717
10031	0.043701
10584	0.043612
12367	0.043572
1403	0.043541
13011	0.043541
4740	0.043502
8327	0.043500
874	0.043415
12681	0.043298
13448	0.043284
4798	0.043225
311	0.043219
1951	0.043166
6519	0.043121
6732	0.043096
11858	0.043090
6482	0.042986
9439	0.042984
13875	0.042914
8038	0.042812
3107	0.042726
12356	0.042687
13900	0.042652
7861	0.042652
6472	0.042598
3320	0.042587
11754	0.042582
3638	0.042547
11033	0.042537
9462	0.042492
13568	0.042473
11177	0.042429
2817	0.042406
24	0.042358
14052	0.042282
10065	0.042282
3806	0.042247
12001	0.042152
5516	0.042152
333	0.042142
11423	0.042123
2958	0.042092
4692	0.042017
2118	0.041975
5876	0.041968
6051	0.041907
1950	0.041834
2114	0.041766
14004	0.041591
4866	0.041591
8059	0.041585
13966	0.041578
2119	0.041572
1734	0.041512
11070	0.041430
12979	0.041429
11071	0.041351
7712	0.041351
2129	0.041289
1117	0.041283
3813	0.041273
3372	0.041149
10661	0.041078
6395	0.041042
10471	0.040896
8319	0.040889
6728	0.040874
12855	0.040865
10283	0.040803
10936	0.040798
11666	0.040798
10935	0.040798
10934	0.040798
10931	0.040798
4794	0.040798
2820	0.040779
3812	0.040772
2128	0.040770
10932	0.040756
7412	0.040752
592	0.040746
8827	0.040727
10491	0.040726
5071	0.040655
10050	0.040618
6599	0.040527
4045	0.040512
8245	0.040485
9222	0.040447
14040	0.040439
312	0.040389
10480	0.040325
11638	0.040268
2709	0.040239
5178	0.040210
2952	0.040188
2191	0.040177
4105	0.040175
6216	0.040149
3136	0.040090
5942	0.040038
2525	0.040030
5108	0.040020
1436	0.039994
6393	0.039989
7782	0.039938
10389	0.039936
12249	0.039912
5008	0.039912
329	0.039908
2176	0.039904
7872	0.039880
8352	0.039868
8351	0.039868
2957	0.039868
2956	0.039868
14402	0.039853
14392	0.039853
14387	0.039853
1953	0.039846
1954	0.039846
330	0.039845
3326	0.039824
7475	0.039812
11298	0.039795
10994	0.039795
4106	0.039778
14367	0.039767
13736	0.039758
13052	0.039738
13010	0.039738
12879	0.039738
12119	0.039727
14207	0.039712
14206	0.039712
13824	0.039712
7646	0.039693
14432	0.039693
14430	0.039693
14403	0.039693
14397	0.039693
14396	0.039693
14394	0.039693
14391	0.039693
14390	0.039693
14389	0.039693
14384	0.039693
14381	0.039693
14378	0.039693
14356	0.039693
8448	0.039693
8244	0.039693
8198	0.039693
8195	0.039693
8071	0.039693
7788	0.039693
7786	0.039693
8457	0.039693
10589	0.039657
120	0.039652
6981	0.039639
6220	0.039593
1091	0.039575
9494	0.039529
12279	0.039509
11825	0.039509
6270	0.039509
6269	0.039509
3996	0.039462
5151	0.039459
25	0.039410
4760	0.039409
1124	0.039344
306	0.039264
6895	0.039231
5225	0.039225
1184	0.039214
4865	0.039213
310	0.039193
6987	0.039148
1673	0.039098
5649	0.039068
11022	0.038975
4823	0.038886
7295	0.038885
2104	0.038866
11679	0.038848
4051	0.038781
1938	0.038746
3211	0.038695
122	0.038607
12242	0.038606
14031	0.038606
6035	0.038545
6277	0.038545
6934	0.038537
1359	0.038447
10127	0.038404
10403	0.038391
2112	0.038378
12243	0.038310
7399	0.038254
4529	0.038244
14322	0.038227
14135	0.038227
6376	0.038181
13500	0.038115
10549	0.038103
4155	0.038103
6101	0.038047
5829	0.038029
12277	0.038022
8073	0.038022
6150	0.038022
5944	0.038022
5943	0.038022
3418	0.037996
639	0.037969
116	0.037930
11487	0.037831
10933	0.037804
7158	0.037799
5830	0.037758
14410	0.037746
14409	0.037746
14408	0.037746
7919	0.037746
304	0.037732
14433	0.037658
3940	0.037657
6625	0.037623
5007	0.037619
8076	0.037452
7889	0.037426
1185	0.037402
222	0.037380
6530	0.037366
5940	0.037349
8623	0.037304
328	0.037297
9775	0.037276
10512	0.037273
13599	0.037215
13850	0.037203
4163	0.037200
14418	0.037169
