3837	0.164832
9462	0.156586
1673	0.154413
11858	0.153489
9439	0.153300
4304	0.152379
4302	0.152379
11999	0.152370
4305	0.152104
11607	0.149949
2958	0.149726
7757	0.149523
2820	0.149060
12348	0.148707
235	0.143812
2052	0.143314
1419	0.140199
1420	0.135628
4168	0.134702
2114	0.134238
9218	0.132298
4106	0.129602
4105	0.129526
7872	0.129338
8352	0.129336
8351	0.129336
2957	0.129336
2956	0.129336
6895	0.128806
2952	0.127958
1885	0.127427
1884	0.127427
1883	0.127427
1656	0.126550
5413	0.126042
1882	0.124678
2902	0.124009
4538	0.123687
11634	0.123328
13850	0.122333
2105	0.122326
1141	0.122281
6896	0.122143
4306	0.118860
854	0.118230
13497	0.117670
4721	0.117176
13498	0.117050
6532	0.116624
7774	0.116512
5641	0.116512
5642	0.116508
5347	0.116182
3389	0.115398
2320	0.114094
9207	0.113843
9205	0.113843
8528	0.113843
4542	0.111827
11635	0.111030
9204	0.109638
8592	0.109638
9177	0.109330
13265	0.108832
11658	0.107939
9623	0.107567
11982	0.107452
5414	0.107452
5412	0.107452
2521	0.106834
5433	0.106698
6806	0.105854
1039	0.105490
9226	0.105484
9217	0.105484
8534	0.105484
7827	0.105455
9201	0.105302
4857	0.105231
2371	0.104954
4537	0.102495
6102	0.101551
8584	0.100761
2914	0.100382
4294	0.099308
9839	0.099267
9222	0.099195
8615	0.097856
9152	0.097447
9135	0.096925
2283	0.096358
10538	0.096205
3142	0.095539
9231	0.095185
8634	0.095159
7767	0.094228
2605	0.093871
9438	0.093607
6889	0.093111
9711	0.092385
9708	0.092385
9707	0.092385
9705	0.092385
9703	0.092385
9699	0.092280
4169	0.091676
8671	0.091572
9235	0.091550
9230	0.091550
9228	0.091550
9225	0.091550
9224	0.091550
9221	0.091550
9219	0.091550
9214	0.091550
9213	0.091550
9211	0.091550
9209	0.091550
9208	0.091550
9206	0.091550
9193	0.091550
8807	0.091550
8679	0.091550
8677	0.091550
8675	0.091550
8674	0.091550
8673	0.091550
8670	0.091550
8637	0.091550
8633	0.091550
8631	0.091550
8610	0.091550
8591	0.091550
8539	0.091550
8538	0.091550
8537	0.091550
8536	0.091550
8529	0.091550
8526	0.091550
8525	0.091550
8632	0.091549
6443	0.091495
6098	0.090998
2	0.090832
6473	0.089461
1816	0.088825
8635	0.088801
7955	0.088505
3940	0.088365
3906	0.087736
9794	0.087309
8611	0.087127
2159	0.086831
3427	0.086430
8530	0.086304
14290	0.086239
7288	0.086099
723	0.086076
9200	0.086049
7642	0.085372
2280	0.085129
10661	0.084972
9220	0.084915
3539	0.084841
8076	0.084349
4722	0.084313
2968	0.084215
8636	0.084204
14418	0.084203
14417	0.084203
13284	0.084203
13152	0.084203
9795	0.084203
9793	0.084203
9792	0.084203
9791	0.084203
9789	0.084203
9745	0.084203
9163	0.084203
8614	0.084203
8613	0.084203
8177	0.084203
4163	0.084161
14358	0.084116
12357	0.084003
855	0.083628
63	0.083312
9202	0.083231
9704	0.083035
9237	0.083018
4922	0.082684
4361	0.081934
8676	0.081439
13687	0.081121
7400	0.081086
6913	0.080975
7258	0.080965
224	0.080911
13533	0.080884
13532	0.080884
13531	0.080884
524	0.080859
10808	0.080593
882	0.080227
5245	0.080227
11739	0.079954
9174	0.079894
6725	0.079692
8531	0.079573
3320	0.079374
12909	0.079166
9413	0.079154
2031	0.078978
1756	0.078796
5033	0.078777
9143	0.078766
6242	0.078766
5423	0.078669
6482	0.078475
12296	0.078366
6244	0.078366
13665	0.077996
2954	0.077737
6838	0.077710
7526	0.077498
8864	0.077496
8863	0.077496
8583	0.077496
8124	0.077496
7904	0.077496
7903	0.077496
7902	0.077496
7901	0.077496
7900	0.077496
7899	0.077496
7897	0.077496
7896	0.077496
7895	0.077496
514	0.077484
4807	0.077279
10534	0.077270
9879	0.077098
9176	0.076764
8809	0.076764
9170	0.076584
7880	0.076429
5034	0.076397
268	0.076201
4111	0.075596
13417	0.075442
5514	0.075199
404	0.075054
7659	0.074566
9210	0.074499
4758	0.074270
9195	0.074164
2276	0.074139
3007	0.073843
11681	0.073631
5424	0.073482
13688	0.073349
9796	0.073201
12030	0.073181
12295	0.073064
6243	0.073064
392	0.072775
2660	0.072726
4377	0.072617
11998	0.072603
4450	0.072565
13325	0.072367
2064	0.072234
3283	0.072124
11145	0.071875
13442	0.071738
6671	0.071382
1632	0.071277
2817	0.071223
8464	0.071180
9248	0.070937
8625	0.070684
4416	0.070620
8604	0.070586
7453	0.070583
9710	0.070561
7676	0.070514
3678	0.070466
3673	0.070466
7131	0.070429
6866	0.070327
7584	0.070304
10664	0.070258
13541	0.070256
2423	0.070194
12103	0.070186
13603	0.070186
13238	0.070186
9553	0.070186
2959	0.070186
879	0.070079
5546	0.069984
9700	0.069984
4946	0.069873
5513	0.069774
4541	0.069711
1653	0.069568
6501	0.069531
7954	0.069445
2286	0.069405
13694	0.069233
7510	0.069221
364	0.068924
13334	0.068770
3681	0.068612
2960	0.068494
13545	0.068324
11756	0.068220
6888	0.068220
1654	0.068149
1269	0.068032
3093	0.067922
1651	0.067742
9690	0.067647
9706	0.067603
6047	0.067599
9702	0.067476
1400	0.067262
11556	0.067102
5928	0.066740
2996	0.066732
5030	0.066718
1402	0.066631
6643	0.066460
12201	0.066398
9215	0.066296
4824	0.066279
12873	0.066244
12050	0.066210
12252	0.066200
4667	0.066191
5219	0.066164
2106	0.066143
9172	0.065951
690	0.065907
9232	0.065883
4671	0.065793
4669	0.065793
2990	0.065775
9307	0.065467
2322	0.065423
2962	0.065397
6278	0.065393
12923	0.065342
9491	0.065342
2325	0.065342
2324	0.065342
852	0.065299
5512	0.065205
9709	0.065158
7507	0.065119
981	0.065116
3144	0.065084
14266	0.065030
4670	0.064963
78	0.064920
13326	0.064919
14407	0.064915
8762	0.064861
6812	0.064757
129	0.064615
13320	0.064574
6036	0.064513
13716	0.064405
7166	0.064030
9414	0.064020
12055	0.063982
9233	0.063899
9199	0.063791
6050	0.063699
3669	0.063658
7752	0.063652
2955	0.063520
2953	0.063520
6042	0.063471
6041	0.063471
6040	0.063471
6039	0.063471
9779	0.063437
13530	0.063312
13449	0.063302
5707	0.063227
12063	0.063178
1773	0.063134
13598	0.063112
9713	0.063039
5029	0.062958
5177	0.062932
2281	0.062683
2039	0.062677
4522	0.062640
3316	0.062610
5898	0.062604
4559	0.062588
3741	0.062518
9229	0.062487
5346	0.062430
1118	0.062358
6038	0.062354
12023	0.062350
4668	0.062167
9692	0.062103
7343	0.062057
5476	0.062028
221	0.062012
7879	0.061980
13560	0.061945
2659	0.061942
6587	0.061938
1458	0.061851
9840	0.061835
5734	0.061641
13456	0.061635
13342	0.061635
11964	0.061625
1119	0.061620
3363	0.061611
6465	0.061585
9913	0.061571
861	0.061535
469	0.061527
9787	0.061493
9786	0.061493
9785	0.061493
9784	0.061493
9783	0.061493
9782	0.061493
9781	0.061493
9778	0.061493
9280	0.061493
8585	0.061493
8567	0.061493
8553	0.061493
5893	0.061480
5892	0.061480
5891	0.061480
5890	0.061480
5889	0.061480
7913	0.061471
5968	0.061471
470	0.061471
8171	0.061448
9520	0.061419
9828	0.061382
1120	0.061334
1133	0.061270
13247	0.061245
5032	0.061214
9062	0.061206
8099	0.061204
12462	0.061163
10685	0.061163
5967	0.061020
5902	0.060874
5901	0.060874
5900	0.060874
5899	0.060874
9673	0.060861
51	0.060844
2170	0.060617
11437	0.060542
12170	0.060538
6323	0.060522
874	0.060458
2809	0.060424
9780	0.060416
8656	0.060402
370	0.060401
11226	0.060389
9788	0.060182
6325	0.060112
1991	0.060103
1599	0.059895
13698	0.059892
13544	0.059892
7014	0.059784
6048	0.059730
8250	0.059681
8929	0.059673
2661	0.059665
2128	0.059659
12679	0.059651
10582	0.059596
5123	0.059567
12414	0.059567
10097	0.059542
12799	0.059500
1106	0.059372
9870	0.059352
5031	0.059337
7915	0.059291
11686	0.059194
5755	0.059153
1779	0.059109
13321	0.059052
4193	0.058987
8892	0.058882
7342	0.058811
7606	0.058773
8180	0.058711
9989	0.058687
1115	0.058639
9830	0.058617
5131	0.058582
12303	0.058428
1589	0.058407
7295	0.058401
2418	0.058380
14100	0.058333
4291	0.058312
3111	0.057968
13597	0.057947
13596	0.057947
13595	0.057947
13583	0.057947
13554	0.057947
13402	0.057947
7990	0.057947
8040	0.057942
2634	0.057870
7855	0.057854
6572	0.057822
13094	0.057780
888	0.057773
3838	0.057743
10655	0.057717
9121	0.057693
9112	0.057693
11439	0.057646
1893	0.057541
1	0.057511
350	0.057497
11325	0.057389
1768	0.057371
9484	0.057302
9483	0.057302
5604	0.057294
1767	0.057292
9993	0.057208
14415	0.057199
9277	0.057199
4383	0.057189
7307	0.057143
13600	0.057131
4873	0.057018
11715	0.056912
11429	0.056787
11324	0.056787
10654	0.056669
10840	0.056551
2748	0.056458
11034	0.056426
2770	0.056423
3908	0.056409
9674	0.056368
4774	0.056366
2666	0.056343
10940	0.056308
10531	0.056295
414	0.056209
2739	0.056163
13810	0.056023
2452	0.056009
8348	0.055965
4116	0.055944
2278	0.055835
11433	0.055816
3815	0.055810
5936	0.055799
1955	0.055734
3588	0.055724
14004	0.055695
4866	0.055695
1979	0.055688
2282	0.055632
3668	0.055599
7206	0.055554
1862	0.055546
13504	0.055522
13535	0.055492
6046	0.055484
10698	0.055460
13634	0.055446
271	0.055276
12043	0.055215
3738	0.055181
7654	0.055112
6656	0.055111
6049	0.055079
12694	0.055078
4581	0.055042
9223	0.055039
6810	0.054953
2738	0.054835
11678	0.054813
4761	0.054759
14073	0.054743
8067	0.054729
1042	0.054672
8835	0.054652
4485	0.054650
7730	0.054650
7445	0.054650
7444	0.054650
7175	0.054650
7080	0.054650
4281	0.054639
2542	0.054618
7920	0.054556
6307	0.054487
1408	0.054446
7655	0.054433
12636	0.054413
6361	0.054381
1661	0.054371
1347	0.054258
6598	0.054163
5035	0.054127
7569	0.054115
5026	0.054048
5027	0.054048
3507	0.054044
2401	0.054034
9588	0.054026
9194	0.053979
9082	0.053911
1346	0.053890
7238	0.053885
13673	0.053736
13672	0.053736
13671	0.053736
10696	0.053732
11587	0.053715
4387	0.053687
13519	0.053651
14404	0.053606
14400	0.053606
8143	0.053606
8096	0.053606
6017	0.053598
5442	0.053547
4042	0.053498
10697	0.053490
12704	0.053460
7263	0.053457
12143	0.053446
10530	0.053359
14342	0.053307
9480	0.053174
8533	0.053174
4279	0.053092
6760	0.053086
4027	0.053086
9761	0.053085
7101	0.053033
6623	0.053010
14349	0.052918
14344	0.052918
14316	0.052918
14309	0.052918
14306	0.052918
14260	0.052918
14240	0.052918
14216	0.052918
14168	0.052918
11491	0.052917
14077	0.052887
3930	0.052844
9361	0.052834
11198	0.052830
8503	0.052812
7942	0.052805
11244	0.052797
9818	0.052777
9693	0.052777
1113	0.052768
14126	0.052753
14125	0.052753
352	0.052741
7379	0.052697
8253	0.052657
5290	0.052610
10770	0.052578
3676	0.052549
11077	0.052529
12573	0.052488
13146	0.052480
801	0.052463
11380	0.052454
11361	0.052443
1121	0.052408
2093	0.052398
4026	0.052366
14043	0.052336
10714	0.052305
12352	0.052268
304	0.052244
14277	0.052219
9192	0.052200
244	0.052178
9319	0.052168
6576	0.052142
11646	0.052115
12525	0.052103
7239	0.052096
385	0.052025
4958	0.051997
7993	0.051950
8329	0.051891
5743	0.051739
6758	0.051708
38	0.051707
11132	0.051700
7160	0.051672
11989	0.051671
4216	0.051664
4231	0.051636
1278	0.051583
5354	0.051580
1770	0.051551
12710	0.051537
10480	0.051468
3237	0.051464
10659	0.051401
7530	0.051313
4121	0.051297
11019	0.051177
12093	0.051121
12551	0.051114
225	0.051095
2351	0.051064
2350	0.051064
2348	0.051064
2346	0.051064
11565	0.050972
10304	0.050952
9460	0.050890
5302	0.050862
4059	0.050855
4064	0.050850
4063	0.050850
4061	0.050850
4058	0.050850
4057	0.050850
2644	0.050850
8041	0.050849
4142	0.050736
5555	0.050716
9616	0.050644
13822	0.050586
10836	0.050573
5558	0.050568
7149	0.050560
13884	0.050559
6151	0.050541
803	0.050540
4205	0.050515
8312	0.050515
2802	0.050509
7229	0.050444
3163	0.050413
14162	0.050411
2107	0.050395
3227	0.050358
11532	0.050295
1057	0.050244
7856	0.050241
8259	0.050236
8451	0.050227
4037	0.050185
10037	0.050150
5720	0.050104
5321	0.050099
800	0.050076
353	0.050038
9415	0.050006
8851	0.050006
8850	0.050006
1992	0.049997
2522	0.049991
12773	0.049902
5491	0.049871
9485	0.049860
11016	0.049832
1030	0.049771
10098	0.049751
3232	0.049704
9961	0.049690
6258	0.049663
6326	0.049623
13451	0.049594
13450	0.049594
13410	0.049594
2376	0.049585
7195	0.049567
7193	0.049567
11379	0.049539
7715	0.049530
3168	0.049483
770	0.049450
13293	0.049409
10104	0.049394
2933	0.049376
11100	0.049368
11056	0.049365
3279	0.049347
10069	0.049317
8032	0.049311
10358	0.049295
8606	0.049286
596	0.049260
5322	0.049254
11685	0.049241
4839	0.049136
6430	0.049132
1123	0.049132
5937	0.049122
13621	0.049117
7772	0.049097
8928	0.049081
5673	0.049061
9150	0.049054
3977	0.049014
11566	0.048884
5674	0.048877
8068	0.048841
13910	0.048829
2498	0.048792
6987	0.048778
12493	0.048753
8334	0.048727
6380	0.048699
9718	0.048665
1863	0.048656
6747	0.048654
4425	0.048641
7463	0.048636
6066	0.048636
426	0.048635
817	0.048623
10838	0.048589
1689	0.048581
12209	0.048563
5875	0.048563
8792	0.048538
4569	0.048505
5496	0.048494
13585	0.048403
1633	0.048390
11733	0.048336
7236	0.048332
1669	0.048322
6395	0.048312
5038	0.048259
12721	0.048193
3907	0.048181
214	0.048129
5996	0.048128
6001	0.048079
3000	0.048072
2450	0.048034
8217	0.048014
7578	0.048014
13394	0.047932
14416	0.047922
3662	0.047871
10901	0.047849
2018	0.047809
13818	0.047777
10839	0.047764
13305	0.047762
5344	0.047740
11767	0.047735
1936	0.047724
323	0.047707
12374	0.047705
8335	0.047684
5987	0.047651
5622	0.047649
1937	0.047636
1695	0.047633
8238	0.047618
9691	0.047616
13155	0.047590
3390	0.047584
12832	0.047524
8612	0.047510
2812	0.047502
9244	0.047498
9912	0.047488
9911	0.047488
1785	0.047474
125	0.047470
13578	0.047431
13576	0.047431
13390	0.047431
2119	0.047427
1647	0.047423
8207	0.047219
2790	0.047126
13517	0.047109
6707	0.047098
5352	0.047047
4334	0.047026
9357	0.046970
889	0.046970
6127	0.046964
3677	0.046954
9843	0.046941
2950	0.046914
5156	0.046901
9212	0.046835
9864	0.046833
798	0.046783
8026	0.046763
6271	0.046749
2453	0.046743
492	0.046729
12547	0.046709
2892	0.046686
5500	0.046679
4324	0.046661
876	0.046655
1976	0.046652
9227	0.046649
7588	0.046554
9560	0.046554
8078	0.046554
7995	0.046554
7587	0.046553
7548	0.046553
6547	0.046553
11750	0.046542
6793	0.046542
7155	0.046536
1243	0.046512
11749	0.046510
11748	0.046510
6796	0.046510
6795	0.046510
6792	0.046510
6791	0.046510
6358	0.046510
9942	0.046509
9931	0.046509
9930	0.046509
9921	0.046509
9901	0.046509
9899	0.046509
9895	0.046509
9866	0.046509
9836	0.046509
9832	0.046509
9810	0.046509
9698	0.046509
9636	0.046509
9570	0.046509
9299	0.046509
6508	0.046506
11914	0.046501
6548	0.046485
5869	0.046468
6546	0.046426
11104	0.046409
9276	0.046362
9275	0.046362
9166	0.046362
7173	0.046362
7138	0.046362
7133	0.046362
7069	0.046362
572	0.046355
1041	0.046322
9900	0.046317
9165	0.046317
7387	0.046317
10030	0.046302
948	0.046282
9295	0.046276
13199	0.046239
13198	0.046239
14254	0.046226
2821	0.046207
6667	0.046191
2347	0.046190
11542	0.046169
1889	0.046142
9908	0.046082
9164	0.046082
10660	0.046082
3315	0.046054
