2174	0.245203
2175	0.202530
12286	0.149548
2695	0.146889
5582	0.140320
10898	0.139388
5583	0.131784
11280	0.131012
10361	0.130210
4497	0.130152
6205	0.130090
8137	0.129986
10624	0.129951
10899	0.128865
5584	0.128620
3005	0.128468
5585	0.127777
7615	0.127374
10977	0.126772
11677	0.126609
4494	0.126609
4493	0.126609
10976	0.126319
3594	0.124890
2207	0.122848
13657	0.120962
1719	0.120962
13649	0.120839
11818	0.119812
6340	0.117872
2173	0.117641
1707	0.117389
2096	0.117172
2206	0.116210
2208	0.115756
1236	0.115756
5586	0.115266
11852	0.114796
465	0.113936
4158	0.113366
3001	0.112475
1838	0.110741
7745	0.110330
13303	0.108124
7321	0.107720
2828	0.106934
1132	0.106568
2622	0.106280
1234	0.105846
11761	0.105793
6097	0.105793
5547	0.105793
3595	0.105793
2569	0.105459
1835	0.104762
13167	0.104318
10122	0.104318
7348	0.104249
7690	0.104249
7349	0.104249
6147	0.103868
2382	0.103613
7385	0.101861
3934	0.100331
2132	0.100112
876	0.099669
11137	0.098548
6763	0.098491
11989	0.097740
11957	0.097602
3575	0.097602
23	0.097522
4204	0.096728
10025	0.096453
5879	0.095775
13058	0.094693
7945	0.094693
3933	0.094157
2097	0.093423
4180	0.093089
4784	0.090243
4783	0.090168
14431	0.089797
8148	0.089797
4782	0.089522
7468	0.089402
2967	0.089402
2118	0.088992
5392	0.088207
2965	0.088112
12114	0.087727
3564	0.087329
2600	0.087245
881	0.087079
3573	0.086513
716	0.086118
6498	0.085947
12949	0.085926
12947	0.085926
12946	0.085926
12945	0.085926
12943	0.085926
12942	0.085926
2117	0.085513
2099	0.085178
9028	0.085116
9081	0.084963
9078	0.084963
12089	0.084885
4495	0.084849
5191	0.084609
3810	0.084509
1541	0.084396
7328	0.084273
638	0.083724
10182	0.083699
8933	0.083498
10751	0.083439
5863	0.082990
10060	0.082703
4365	0.082703
11679	0.082611
12222	0.082551
9844	0.082468
4366	0.082379
13126	0.082336
296	0.082324
13638	0.082027
3553	0.081745
9388	0.081379
12041	0.081122
351	0.080854
5727	0.080816
11915	0.080744
1115	0.080487
14335	0.079906
9883	0.079906
9198	0.079686
2084	0.079542
2098	0.079328
2269	0.079245
11793	0.079194
7272	0.079189
11146	0.078973
1125	0.078911
3806	0.078886
1708	0.078640
12244	0.078512
26	0.078481
12182	0.078467
4464	0.078467
609	0.078436
13534	0.078074
8134	0.077696
9764	0.077544
9763	0.077189
9759	0.077189
9758	0.077189
8717	0.077189
8716	0.077189
8715	0.077189
4087	0.077006
3753	0.076969
9916	0.076889
9880	0.076889
9842	0.076889
9838	0.076889
9822	0.076889
9372	0.076889
8791	0.076889
8790	0.076889
8768	0.076889
1685	0.076886
11448	0.076566
787	0.076317
4463	0.076300
7670	0.076247
3177	0.076058
7273	0.076040
3370	0.075963
633	0.075809
10978	0.075692
3819	0.075555
11136	0.075494
12861	0.075474
977	0.075210
5493	0.075195
4921	0.075147
6680	0.074957
8726	0.074516
14224	0.074478
13391	0.074478
11110	0.074478
13365	0.074139
2107	0.074030
4886	0.073877
6664	0.073858
13697	0.073734
13364	0.073734
8661	0.073628
5745	0.073574
1034	0.073529
11689	0.073480
9909	0.073466
13322	0.073379
10092	0.073319
2532	0.073263
10641	0.073029
1714	0.072718
13490	0.072671
13632	0.072670
13631	0.072670
10200	0.072622
9044	0.072496
6074	0.072493
13633	0.072426
4367	0.072319
11112	0.072319
12636	0.072318
8775	0.072298
1542	0.072049
3505	0.071978
1133	0.071944
3371	0.071931
8057	0.071887
13068	0.071882
13067	0.071882
13066	0.071882
13065	0.071882
13064	0.071882
13063	0.071882
13062	0.071882
13056	0.071882
13053	0.071882
13046	0.071882
13044	0.071882
12971	0.071882
12921	0.071882
875	0.071824
9716	0.071742
8407	0.071712
3306	0.071502
5679	0.071348
2629	0.071327
1131	0.071219
3581	0.071181
12670	0.071167
9168	0.070996
7909	0.070834
8233	0.070808
3591	0.070800
2116	0.070724
6076	0.070678
1010	0.070534
7388	0.070398
9497	0.070173
2617	0.070103
352	0.070058
13852	0.070004
13639	0.069970
6421	0.069969
119	0.069930
4	0.069905
2210	0.069881
1436	0.069749
578	0.069469
2619	0.069347
2266	0.069228
12223	0.069216
12851	0.069140
499	0.068952
13894	0.068911
7261	0.068635
10625	0.068380
13899	0.067916
13892	0.067916
7965	0.067916
7967	0.067794
2981	0.067789
3476	0.067668
11902	0.067441
3574	0.067267
11358	0.067258
6974	0.067232
5487	0.067064
11207	0.066953
27	0.066591
9943	0.066585
2682	0.066550
9197	0.066463
498	0.066103
5650	0.066080
8934	0.065915
1562	0.065853
8931	0.065820
3714	0.065805
9402	0.065793
6413	0.065702
10666	0.065573
9115	0.065544
9393	0.065423
13449	0.065423
13602	0.065398
5315	0.065322
13609	0.065262
1083	0.065001
11988	0.064968
8295	0.064659
8242	0.064613
503	0.064524
7519	0.064496
10462	0.064372
13005	0.064209
1251	0.064204
10038	0.064029
13858	0.063938
7802	0.063938
4787	0.063843
10214	0.063697
11903	0.063681
14275	0.063650
14039	0.063650
14036	0.063650
14030	0.063650
14029	0.063650
14026	0.063650
8415	0.063650
8400	0.063650
8378	0.063650
8375	0.063650
8363	0.063650
8360	0.063650
8350	0.063650
8294	0.063650
8218	0.063650
13764	0.063650
4351	0.063650
14033	0.063622
10767	0.063574
11129	0.063483
6277	0.063430
6035	0.063428
5110	0.063414
8376	0.063305
8241	0.063305
10943	0.063076
1952	0.063074
6360	0.063041
12525	0.063027
4482	0.062941
13836	0.062879
14028	0.062873
7966	0.062619
13011	0.062371
11808	0.062332
5482	0.062314
2151	0.062286
10454	0.062245
5729	0.062068
13003	0.062068
12869	0.062068
6378	0.061709
1793	0.061685
12944	0.061555
10722	0.061493
2618	0.061451
10330	0.061450
12198	0.061395
1515	0.061201
11987	0.061154
8432	0.061115
8431	0.061115
4662	0.060905
29	0.060773
5116	0.060714
7007	0.060681
2526	0.060556
13557	0.060531
13556	0.060531
3047	0.060513
9385	0.060378
7156	0.060302
10308	0.059968
10984	0.059933
1245	0.059746
9338	0.059720
14291	0.059712
3496	0.059640
11111	0.059588
3562	0.059558
5147	0.059484
11402	0.059449
10307	0.059449
28	0.059268
9123	0.059191
11289	0.059181
5705	0.059170
8140	0.059156
5747	0.059127
4517	0.059057
13444	0.059052
12214	0.058983
6886	0.058876
6034	0.058793
10135	0.058733
7984	0.058624
6176	0.058526
14297	0.058439
9980	0.058436
13685	0.058245
13684	0.058245
13683	0.058245
13565	0.058245
6599	0.058227
5183	0.058115
10824	0.058111
7729	0.058102
1075	0.058093
9870	0.058073
997	0.057921
1778	0.057910
8186	0.057882
2119	0.057857
13855	0.057845
3636	0.057585
11096	0.057532
10663	0.057520
6727	0.057447
7644	0.057438
10887	0.057260
8310	0.057191
14339	0.057179
14338	0.057179
14312	0.057179
14272	0.057179
14259	0.057179
14160	0.057179
14159	0.057179
14158	0.057179
14156	0.057179
14144	0.057179
14133	0.057179
14123	0.057179
14110	0.057179
14102	0.057179
14053	0.057179
13501	0.057179
8311	0.057179
8309	0.057179
8308	0.057179
8306	0.057179
8288	0.057179
8286	0.057179
8285	0.057179
8283	0.057179
8282	0.057179
8280	0.057179
8278	0.057179
8277	0.057179
8046	0.057179
4603	0.057179
12306	0.057172
6369	0.057172
6368	0.057172
11276	0.057168
10623	0.057168
13542	0.057157
8276	0.057135
6230	0.057115
5430	0.056940
11064	0.056886
14006	0.056883
13875	0.056840
3623	0.056826
2110	0.056733
9840	0.056617
13695	0.056498
10888	0.056299
10921	0.056278
12462	0.056169
10685	0.056169
12854	0.056129
13778	0.055940
473	0.055865
5020	0.055761
487	0.055754
1535	0.055695
11423	0.055693
12502	0.055662
3699	0.055535
1120	0.055491
90	0.055473
3434	0.055421
3372	0.055361
2122	0.055355
12267	0.055279
5126	0.055279
2612	0.055268
13247	0.055256
7200	0.055236
8773	0.055219
6621	0.055219
10193	0.055204
22	0.055204
11916	0.055191
1119	0.055182
10283	0.055118
9059	0.055093
6026	0.055088
115	0.055079
3497	0.055027
12850	0.055016
2321	0.054891
415	0.054870
9578	0.054720
6618	0.054713
11606	0.054623
11605	0.054623
1121	0.054617
1518	0.054617
13090	0.054602
10194	0.054497
11447	0.054479
5212	0.054461
3107	0.054398
5072	0.054378
3197	0.054373
4823	0.054363
12356	0.054341
6032	0.054333
5704	0.054187
10634	0.054163
11266	0.054143
13942	0.054087
9512	0.054037
10605	0.053900
9596	0.053890
10511	0.053817
11023	0.053804
11024	0.053804
9613	0.053753
2976	0.053670
13965	0.053667
2452	0.053527
6260	0.053519
9726	0.053479
6254	0.053462
14248	0.053433
8047	0.053433
10920	0.053302
13898	0.053295
3813	0.053230
5323	0.053162
3812	0.053140
5712	0.053097
5711	0.053097
5710	0.053097
7544	0.052988
5	0.052765
12956	0.052749
221	0.052732
5201	0.052510
13052	0.052482
13010	0.052482
12879	0.052482
8322	0.052481
6389	0.052477
14294	0.052231
13699	0.052231
3719	0.052143
10162	0.052059
12926	0.052016
3369	0.051990
14233	0.051986
1136	0.051986
12680	0.051967
24	0.051907
8225	0.051901
8307	0.051883
1128	0.051788
1732	0.051627
6728	0.051619
10491	0.051603
6281	0.051447
8413	0.051414
12082	0.051407
6100	0.051348
2599	0.051319
14032	0.051270
14040	0.051246
9612	0.051242
6906	0.051183
9080	0.051172
10718	0.051159
9633	0.051158
9630	0.051158
9628	0.051158
9626	0.051158
9625	0.051158
9624	0.051158
9622	0.051158
9621	0.051158
9620	0.051158
9619	0.051158
9618	0.051158
9615	0.051158
9482	0.051158
12371	0.051127
7612	0.051127
7008	0.051127
13121	0.051075
4789	0.051075
4788	0.051075
12530	0.051049
10701	0.050997
11551	0.050991
11033	0.050937
9079	0.050926
9437	0.050896
12682	0.050879
12001	0.050848
5516	0.050848
1889	0.050744
9030	0.050721
10546	0.050702
1040	0.050666
6390	0.050629
14254	0.050629
9333	0.050615
9532	0.050593
2040	0.050549
9535	0.050438
9530	0.050438
9527	0.050438
9526	0.050438
9525	0.050438
9524	0.050438
9523	0.050438
9521	0.050438
9517	0.050438
9516	0.050438
9515	0.050438
9513	0.050438
9511	0.050438
9510	0.050438
9243	0.050438
9161	0.050438
6099	0.050438
12024	0.050434
5390	0.050434
6392	0.050411
12889	0.050393
10779	0.050393
9132	0.050393
9110	0.050393
9101	0.050393
8512	0.050393
6388	0.050393
12855	0.050393
2170	0.050353
7368	0.050348
10855	0.050324
6391	0.050244
3576	0.050200
689	0.050022
8065	0.049984
9504	0.049977
9614	0.049952
4608	0.049939
13427	0.049840
7101	0.049837
10007	0.049787
3	0.049722
7420	0.049680
1094	0.049666
1941	0.049642
6430	0.049614
1123	0.049614
9610	0.049599
5459	0.049597
8066	0.049557
13897	0.049497
10471	0.049420
5073	0.049363
3506	0.049100
4469	0.049007
14073	0.048977
6412	0.048951
2115	0.048911
3438	0.048768
12929	0.048735
2185	0.048725
10739	0.048702
10788	0.048702
10777	0.048702
10759	0.048702
14034	0.048690
8305	0.048641
7857	0.048610
12852	0.048500
13162	0.048487
10123	0.048487
8289	0.048427
6838	0.048327
5415	0.048309
7969	0.048304
3617	0.048253
1231	0.048230
10889	0.048230
10032	0.048204
5108	0.048190
7380	0.048137
5089	0.048085
12107	0.047890
7513	0.047888
2453	0.047817
1798	0.047667
9286	0.047596
1759	0.047588
9849	0.047497
2811	0.047467
5885	0.047408
7817	0.047396
2812	0.047394
9534	0.047283
9533	0.047283
9529	0.047283
9509	0.047283
14317	0.047280
12864	0.047144
11434	0.047103
10482	0.047080
9040	0.047076
4810	0.047070
11353	0.047061
10715	0.047061
7032	0.047053
10389	0.046917
7395	0.046910
11431	0.046893
12079	0.046854
6418	0.046845
7526	0.046721
11231	0.046699
5294	0.046619
8864	0.046602
8863	0.046602
8583	0.046602
8124	0.046602
7904	0.046602
7903	0.046602
7902	0.046602
7901	0.046602
7900	0.046602
7899	0.046602
7897	0.046602
7896	0.046602
7895	0.046602
472	0.046591
5649	0.046583
11232	0.046543
11230	0.046543
11229	0.046543
11228	0.046543
6935	0.046521
13805	0.046516
5132	0.046516
4998	0.046431
14003	0.046356
2041	0.046316
1785	0.046315
10053	0.046251
13023	0.046191
4465	0.046185
6117	0.046111
12856	0.046105
5200	0.046101
2293	0.046003
5639	0.045991
9611	0.045975
5059	0.045973
5199	0.045943
12681	0.045928
7295	0.045878
13551	0.045806
5416	0.045788
13868	0.045739
952	0.045728
683	0.045687
13900	0.045668
7861	0.045668
5042	0.045657
6072	0.045635
10476	0.045603
13994	0.045506
7931	0.045506
10852	0.045471
12785	0.045457
4358	0.045441
2146	0.045378
11992	0.045367
951	0.045339
377	0.045251
11609	0.045247
10859	0.045183
2594	0.045166
4144	0.045099
6304	0.045095
14004	0.045088
4866	0.045088
8430	0.045082
3841	0.045052
2904	0.045036
2529	0.045032
8044	0.045013
2521	0.044978
4349	0.044964
12136	0.044950
3854	0.044894
12411	0.044860
190	0.044859
1327	0.044724
9522	0.044694
11022	0.044676
2771	0.044638
7031	0.044608
3256	0.044594
4696	0.044579
10427	0.044534
7033	0.044445
9528	0.044437
10900	0.044425
5683	0.044319
9503	0.044299
13254	0.044273
12934	0.044273
12933	0.044273
12932	0.044273
12081	0.044273
8996	0.044273
8994	0.044273
8992	0.044273
11955	0.044264
3540	0.044259
6354	0.044237
14243	0.044234
12935	0.044229
1073	0.044216
1126	0.044193
3869	0.043962
13265	0.043955
7941	0.043933
618	0.043909
2268	0.043902
11888	0.043889
12931	0.043884
1464	0.043820
10757	0.043799
11658	0.043771
7962	0.043740
11502	0.043711
14342	0.043693
1151	0.043691
12784	0.043612
9383	0.043579
10758	0.043564
3661	0.043554
14187	0.043547
7146	0.043468
12930	0.043468
12928	0.043468
12406	0.043468
2613	0.043464
9623	0.043428
10226	0.043426
7943	0.043375
10396	0.043341
6623	0.043328
11013	0.043137
13441	0.043135
2531	0.043125
13819	0.043104
5157	0.043077
5880	0.043063
5934	0.043058
5933	0.043058
9774	0.043014
6965	0.043014
12237	0.042988
8918	0.042950
5876	0.042947
5178	0.042918
12172	0.042887
12421	0.042840
10269	0.042840
10266	0.042840
10262	0.042840
10261	0.042840
8255	0.042833
5351	0.042830
10259	0.042808
634	0.042794
8836	0.042787
7034	0.042762
13157	0.042731
10267	0.042722
11047	0.042703
5043	0.042663
13286	0.042660
2152	0.042645
7306	0.042628
5883	0.042611
2109	0.042606
5958	0.042586
1129	0.042564
6938	0.042556
7415	0.042474
13547	0.042447
13546	0.042447
13368	0.042447
2263	0.042373
11212	0.042354
9859	0.042321
5993	0.042268
589	0.042209
2421	0.042202
13341	0.042193
958	0.042174
1403	0.042161
5203	0.042114
10557	0.042088
10694	0.042086
959	0.042053
639	0.042040
6497	0.042010
4568	0.041988
500	0.041974
12208	0.041964
12927	0.041885
762	0.041869
8178	0.041846
9606	0.041842
5087	0.041804
8197	0.041798
3184	0.041782
13760	0.041762
2203	0.041725
9436	0.041664
3717	0.041650
7268	0.041631
12455	0.041493
7158	0.041463
9354	0.041455
9514	0.041437
2461	0.041432
4455	0.041413
2709	0.041389
11143	0.041363
5141	0.041301
3388	0.041273
8327	0.041268
10028	0.041266
10983	0.041221
6138	0.041208
4261	0.041176
3548	0.041157
12238	0.041032
5026	0.041017
5027	0.041017
11027	0.040984
11626	0.040967
12036	0.040942
887	0.040928
2114	0.040908
955	0.040871
12080	0.040865
12874	0.040856
10559	0.040706
12853	0.040701
13932	0.040686
2817	0.040646
2197	0.040558
4459	0.040343
1550	0.040334
957	0.040306
954	0.040306
8595	0.040280
12581	0.040280
10212	0.040252
2228	0.040195
9400	0.040163
784	0.040137
10268	0.040113
10518	0.040007
3626	0.039936
12778	0.039935
6583	0.039926
6580	0.039926
6373	0.039893
5123	0.039832
