772	0.194364
1369	0.186385
805	0.181277
45	0.129889
4457	0.127492
11699	0.123036
7417	0.123036
4663	0.114518
7177	0.114065
9894	0.113731
3672	0.106301
8884	0.106234
1452	0.104131
5833	0.103127
10979	0.100401
9948	0.099363
11510	0.098710
5765	0.098516
13166	0.098380
11554	0.097419
3075	0.096415
5766	0.095993
10852	0.095446
5764	0.095349
10195	0.093814
9944	0.092943
6485	0.092607
13086	0.092479
13085	0.092479
7674	0.092456
12787	0.092389
4786	0.092365
11218	0.091933
12792	0.091797
7062	0.091229
12791	0.091210
12788	0.091210
11069	0.091163
5475	0.090502
5314	0.090482
8622	0.089860
10069	0.088146
11486	0.087755
6195	0.087733
5041	0.087565
7061	0.086604
12804	0.086146
11533	0.086054
6201	0.085754
1407	0.085665
13288	0.085421
4551	0.085229
8883	0.084688
10074	0.084283
12574	0.083886
4068	0.083769
13333	0.083752
54	0.083590
10075	0.082712
11744	0.082705
12711	0.082661
12551	0.082113
10520	0.082042
12807	0.081940
11161	0.081874
10188	0.081874
379	0.081742
11352	0.081502
5208	0.081502
3304	0.081396
1507	0.081137
5881	0.080925
4908	0.080675
5733	0.080490
9689	0.080476
12595	0.080342
12098	0.080161
3958	0.080161
8522	0.080027
2877	0.079894
803	0.079853
9762	0.079631
8003	0.079563
3861	0.079102
6045	0.078931
3959	0.078812
7222	0.078810
567	0.078809
12328	0.078336
10198	0.078191
5352	0.077541
13845	0.077385
8371	0.077385
8797	0.077221
3690	0.077209
13861	0.077091
13860	0.077091
8191	0.077091
12525	0.077081
2983	0.077080
11463	0.076741
778	0.076618
2635	0.076544
9328	0.076237
7486	0.076237
3654	0.076180
6839	0.076054
12555	0.075853
7268	0.075792
4460	0.075663
477	0.075227
6785	0.074907
8794	0.074889
9327	0.074868
5832	0.074700
6660	0.074671
6783	0.074605
10350	0.074400
11419	0.074381
2362	0.074104
3918	0.074022
10875	0.074013
10904	0.073908
7650	0.073848
7096	0.073848
3630	0.073778
5313	0.073694
3791	0.073664
12673	0.073603
2582	0.073423
10768	0.073376
3851	0.073262
2581	0.073166
13383	0.073050
12510	0.072981
6972	0.072959
12362	0.072880
5887	0.072861
11556	0.072781
12001	0.072579
5516	0.072579
397	0.072483
13023	0.072452
10033	0.072247
2984	0.072227
808	0.072138
779	0.072087
2944	0.071983
12638	0.071937
12666	0.071677
12628	0.071193
12571	0.071005
11502	0.070789
4185	0.070648
9971	0.070646
12795	0.070584
10647	0.070467
2878	0.070432
5188	0.070393
9036	0.070375
2607	0.070282
6118	0.070256
7801	0.070215
14017	0.070020
7914	0.070020
93	0.069893
12675	0.069709
6367	0.069699
13832	0.069582
13041	0.069538
6119	0.069538
5350	0.069511
10477	0.069490
9835	0.069436
11511	0.069209
10674	0.068929
12351	0.068923
6478	0.068923
2606	0.068893
11977	0.068825
1679	0.068581
12095	0.068338
12142	0.068319
10927	0.068273
12336	0.068267
10778	0.068194
9850	0.068125
11516	0.068111
4907	0.068097
6477	0.067965
13697	0.067949
13364	0.067949
13365	0.067872
12676	0.067848
1140	0.067825
5570	0.067778
10784	0.067670
1436	0.067573
463	0.067536
11970	0.067351
12542	0.067342
13551	0.067219
11343	0.067212
6877	0.067133
853	0.067080
10687	0.066965
12697	0.066877
2642	0.066824
2480	0.066751
5567	0.066728
12526	0.066652
11553	0.066545
12733	0.066527
7337	0.066368
7319	0.066275
10686	0.066269
13151	0.066046
10650	0.065983
11764	0.065961
12745	0.065928
12492	0.065868
2526	0.065851
6372	0.065807
554	0.065718
4271	0.065702
2196	0.065519
3323	0.065130
11697	0.065085
10521	0.065022
13737	0.064811
11694	0.064809
11626	0.064798
13619	0.064711
11094	0.064646
16	0.064596
12056	0.064592
5116	0.064562
3200	0.064380
2663	0.064309
12803	0.064284
13441	0.064238
11312	0.064158
3324	0.064084
8882	0.064079
4201	0.064079
3266	0.064078
464	0.064071
13635	0.063980
13548	0.063980
12557	0.063899
12496	0.063850
8043	0.063831
12213	0.063809
7139	0.063789
10483	0.063767
12630	0.063726
13547	0.063703
13546	0.063703
13368	0.063703
12808	0.063685
4633	0.063645
7275	0.063507
8045	0.063382
10985	0.063378
2664	0.063377
13848	0.063233
12622	0.063009
12823	0.062888
4780	0.062836
9857	0.062832
550	0.062807
3752	0.062726
12552	0.062713
2251	0.062647
13856	0.062636
552	0.062517
10389	0.062509
10988	0.062493
134	0.062405
1506	0.062404
13838	0.062393
5859	0.062356
6366	0.062356
3811	0.062333
12812	0.062226
8957	0.062214
10649	0.062177
13765	0.062070
11217	0.062003
9451	0.061945
9917	0.061878
3342	0.061835
11518	0.061740
244	0.061729
946	0.061708
3151	0.061659
3060	0.061618
12587	0.061560
2594	0.061546
4171	0.061406
11915	0.061402
6133	0.061343
11969	0.061184
11585	0.061116
2471	0.060977
5649	0.060933
9186	0.060847
6535	0.060776
8513	0.060775
8356	0.060723
11731	0.060681
466	0.060629
10706	0.060604
3626	0.060553
7462	0.060511
7460	0.060511
6132	0.060506
1161	0.060494
7313	0.060492
12633	0.060441
7984	0.060430
10884	0.060323
4819	0.060235
10064	0.060126
11237	0.060038
6063	0.060004
5491	0.059952
7218	0.059852
10885	0.059844
11175	0.059751
887	0.059736
5143	0.059656
6138	0.059536
5994	0.059523
14245	0.059519
6614	0.059477
12408	0.059335
14340	0.059311
323	0.059287
11037	0.059281
13841	0.059259
9989	0.059238
283	0.059230
12832	0.059171
8397	0.059070
12605	0.059046
743	0.059031
1538	0.058992
11496	0.058975
11405	0.058971
11629	0.058935
14343	0.058933
14341	0.058933
14304	0.058933
14292	0.058933
14278	0.058933
14273	0.058933
14164	0.058933
7461	0.058933
167	0.058919
13794	0.058903
4206	0.058868
10658	0.058854
967	0.058822
7285	0.058702
11691	0.058695
12606	0.058692
11494	0.058622
13743	0.058593
12579	0.058548
6290	0.058432
10762	0.058401
6047	0.058299
3546	0.058250
12956	0.058119
2894	0.058101
11495	0.058101
10657	0.058083
12610	0.058082
7819	0.058054
12816	0.058035
3859	0.057986
10990	0.057951
12700	0.057903
11662	0.057891
10761	0.057882
10324	0.057850
13154	0.057790
4935	0.057701
4327	0.057699
12536	0.057608
4492	0.057598
4744	0.057498
6871	0.057428
6710	0.057428
10068	0.057371
10027	0.057268
10894	0.057236
7154	0.057228
2435	0.057179
5877	0.057124
5995	0.057081
12538	0.057050
6414	0.057010
2099	0.057002
2539	0.056986
8359	0.056972
8358	0.056972
3313	0.056929
9756	0.056889
3552	0.056873
12567	0.056780
4354	0.056739
10986	0.056738
10989	0.056733
10987	0.056713
6012	0.056688
7975	0.056653
14111	0.056635
14080	0.056635
14252	0.056554
3718	0.056554
13573	0.056512
10545	0.056483
3631	0.056473
14108	0.056460
4745	0.056460
11497	0.056441
10974	0.056382
12833	0.056229
8476	0.056206
3217	0.056158
4172	0.056028
12609	0.056027
7388	0.055947
4221	0.055918
2906	0.055824
3262	0.055801
13488	0.055726
4531	0.055719
10484	0.055657
12589	0.055635
10465	0.055551
10464	0.055493
10598	0.055487
5435	0.055481
7001	0.055440
10522	0.055438
12726	0.055412
13891	0.055383
6333	0.055320
3152	0.055309
2947	0.055253
3303	0.055243
12500	0.055237
9099	0.055171
4964	0.055158
2636	0.055118
12556	0.055115
3012	0.055113
9847	0.055089
3305	0.055075
3302	0.055075
14242	0.055069
13816	0.055069
2885	0.055069
9967	0.054969
6453	0.054959
2268	0.054945
245	0.054938
9262	0.054917
11351	0.054882
4174	0.054846
10130	0.054789
7070	0.054735
4787	0.054723
5719	0.054712
8656	0.054708
3010	0.054657
7898	0.054655
3810	0.054649
10153	0.054562
3201	0.054524
5399	0.054500
5860	0.054480
12822	0.054359
6911	0.054351
10485	0.054327
5958	0.054322
11387	0.054296
10791	0.054296
10599	0.054292
10816	0.054272
5651	0.054262
11637	0.054257
12802	0.054256
12789	0.054176
4530	0.054153
7982	0.054075
10783	0.053972
12770	0.053952
14091	0.053932
1283	0.053915
4536	0.053882
12674	0.053866
8162	0.053843
13608	0.053785
13409	0.053785
13408	0.053785
10197	0.053775
5250	0.053701
1209	0.053668
3009	0.053652
14063	0.053588
10705	0.053575
4999	0.053564
11485	0.053553
12629	0.053481
7290	0.053455
12704	0.053428
11121	0.053413
9519	0.053397
6564	0.053379
12537	0.053280
10271	0.053200
10434	0.053169
6664	0.053161
6184	0.053159
13839	0.053100
11354	0.053095
11535	0.053073
10792	0.053018
10523	0.053010
3189	0.053004
8103	0.052981
5349	0.052785
1763	0.052749
10556	0.052696
5321	0.052683
10941	0.052660
9546	0.052651
10610	0.052627
10318	0.052615
11019	0.052614
8326	0.052597
8387	0.052581
7356	0.052571
3418	0.052561
11743	0.052487
11515	0.052419
10646	0.052419
3086	0.052354
7681	0.052347
10066	0.052249
7306	0.052229
2770	0.052191
10740	0.052188
12509	0.052147
10357	0.052117
11403	0.052107
6148	0.052107
13121	0.052064
4789	0.052064
4788	0.052064
6499	0.052025
9555	0.051963
5650	0.051929
10264	0.051910
13813	0.051906
11651	0.051901
5575	0.051901
10067	0.051875
12649	0.051803
6334	0.051803
12577	0.051793
7759	0.051744
7357	0.051744
7355	0.051744
10426	0.051723
2084	0.051710
8329	0.051692
12505	0.051681
3163	0.051618
14038	0.051583
1020	0.051547
5576	0.051527
12576	0.051457
7344	0.051451
13178	0.051451
13179	0.051451
3951	0.051424
6116	0.051401
6498	0.051381
10435	0.051368
12709	0.051318
11415	0.051314
10376	0.051306
8382	0.051287
8862	0.051276
8861	0.051276
8860	0.051276
8859	0.051276
8858	0.051276
8857	0.051276
8844	0.051276
8843	0.051276
8842	0.051276
8841	0.051276
8840	0.051276
8839	0.051276
8838	0.051276
8834	0.051276
8824	0.051276
8823	0.051276
8822	0.051276
8820	0.051276
8818	0.051276
8817	0.051276
8803	0.051276
8798	0.051276
8737	0.051276
8639	0.051276
7682	0.051276
7677	0.051276
7382	0.051276
7247	0.051276
5795	0.051250
12710	0.051239
12773	0.051225
4590	0.051196
4613	0.051187
10937	0.051184
1532	0.051149
10325	0.051131
7041	0.051131
8173	0.051047
5522	0.051019
13103	0.051004
13102	0.051004
13101	0.051004
13100	0.051004
13098	0.050982
13834	0.050935
10059	0.050892
10554	0.050888
12727	0.050822
13099	0.050820
468	0.050818
12829	0.050799
1737	0.050761
5521	0.050718
3939	0.050656
13091	0.050638
10682	0.050598
12594	0.050550
6639	0.050538
12000	0.050529
4593	0.050529
4592	0.050529
7977	0.050424
3079	0.050419
11574	0.050402
7088	0.050400
10138	0.050397
12515	0.050355
10848	0.050354
10704	0.050354
8135	0.050326
227	0.050320
9992	0.050204
8444	0.050170
2595	0.050163
8080	0.050034
6613	0.050010
10481	0.050010
7300	0.050010
9909	0.049994
10723	0.049975
12654	0.049959
6544	0.049943
10456	0.049914
11550	0.049902
13209	0.049840
13206	0.049840
13205	0.049840
13203	0.049840
6977	0.049840
12539	0.049750
5565	0.049743
9710	0.049715
3120	0.049705
12513	0.049698
12698	0.049606
2751	0.049559
11477	0.049550
12597	0.049534
10199	0.049504
6730	0.049493
7055	0.049453
11195	0.049424
14250	0.049373
10558	0.049373
10555	0.049373
6968	0.049373
3451	0.049360
6655	0.049360
9747	0.049357
8042	0.049330
6052	0.049308
6418	0.049295
2777	0.049250
8370	0.049246
4451	0.049187
2227	0.049169
5748	0.049088
1925	0.049004
5534	0.048995
4823	0.048940
1572	0.048933
10141	0.048887
10035	0.048887
5836	0.048851
473	0.048836
8596	0.048834
8837	0.048821
10526	0.048817
11564	0.048796
11916	0.048715
8657	0.048674
4439	0.048617
12708	0.048602
7114	0.048594
10510	0.048550
543	0.048503
9632	0.048428
11522	0.048403
971	0.048387
12636	0.048338
5291	0.048321
5037	0.048305
8890	0.048260
9960	0.048258
5076	0.048224
2638	0.048184
6140	0.048177
6139	0.048177
12607	0.048171
4933	0.048168
11492	0.048127
5957	0.048114
13111	0.048110
13109	0.048110
9959	0.048110
1826	0.048097
4363	0.048047
13615	0.048020
13614	0.048020
12664	0.048016
10125	0.047992
11255	0.047984
12161	0.047955
11870	0.047955
11794	0.047955
11204	0.047955
11203	0.047955
6144	0.047955
6143	0.047955
6142	0.047955
6141	0.047955
12145	0.047864
10515	0.047864
5956	0.047864
12696	0.047863
12149	0.047832
6622	0.047806
8297	0.047799
10859	0.047795
11528	0.047770
12535	0.047754
9988	0.047751
10146	0.047735
10145	0.047735
4420	0.047733
5040	0.047731
12554	0.047714
9958	0.047677
10129	0.047666
14249	0.047642
8543	0.047562
11519	0.047521
6864	0.047516
6863	0.047516
5888	0.047489
10508	0.047468
4436	0.047446
5562	0.047427
5112	0.047427
10772	0.047411
6636	0.047383
12604	0.047345
12621	0.047314
10242	0.047251
12436	0.047242
2778	0.047237
7875	0.047227
7166	0.047219
13105	0.047164
11575	0.047152
388	0.047104
12637	0.047028
947	0.047014
11185	0.046976
12147	0.046946
12524	0.046897
11475	0.046879
9528	0.046874
9716	0.046857
13131	0.046829
11233	0.046825
9381	0.046825
11474	0.046813
10499	0.046786
4534	0.046783
11450	0.046779
8057	0.046729
13068	0.046722
13067	0.046722
13066	0.046722
13065	0.046722
13064	0.046722
13063	0.046722
13062	0.046722
13056	0.046722
13053	0.046722
13046	0.046722
13044	0.046722
12971	0.046722
12921	0.046722
11173	0.046696
13744	0.046696
8775	0.046639
9956	0.046608
7907	0.046508
7311	0.046484
10921	0.046477
2028	0.046462
3633	0.046413
12561	0.046357
10339	0.046273
4520	0.046266
13600	0.046252
13329	0.046234
9877	0.046228
12716	0.046225
6055	0.046217
6218	0.046178
6182	0.046088
10356	0.046074
3037	0.046045
8908	0.046001
11797	0.045983
5663	0.045974
11211	0.045947
11490	0.045871
11009	0.045820
11101	0.045801
4278	0.045760
542	0.045683
12431	0.045679
12779	0.045636
13095	0.045628
6969	0.045628
7672	0.045580
3764	0.045570
9349	0.045565
10776	0.045549
1920	0.045451
11754	0.045451
11135	0.045448
5519	0.045399
7073	0.045389
12707	0.045358
4885	0.045342
9490	0.045320
8887	0.045312
6733	0.045292
10636	0.045274
3023	0.045273
8081	0.045267
12211	0.045248
13183	0.045211
11008	0.045211
11513	0.045170
12148	0.045153
7411	0.045153
10492	0.045148
9720	0.045121
7246	0.045116
4664	0.045107
10113	0.045104
10531	0.045080
48	0.045066
4260	0.045036
10916	0.045030
2515	0.045007
11491	0.044990
4535	0.044985
5608	0.044970
5467	0.044967
2529	0.044923
5870	0.044906
12250	0.044905
7072	0.044894
7230	0.044861
2390	0.044848
6123	0.044845
738	0.044799
2507	0.044768
11521	0.044757
5142	0.044708
7273	0.044705
12378	0.044694
12562	0.044684
7762	0.044662
47	0.044630
10011	0.044622
13322	0.044601
10037	0.044595
3413	0.044546
10911	0.044538
12580	0.044528
3908	0.044485
14427	0.044472
10552	0.044460
11538	0.044438
10136	0.044382
3207	0.044376
6559	0.044345
11025	0.044333
1294	0.044319
10722	0.044294
9497	0.044282
11319	0.044241
11318	0.044241
11317	0.044241
11316	0.044241
10206	0.044232
12949	0.044181
12947	0.044181
12946	0.044181
12945	0.044181
12943	0.044181
12942	0.044181
2886	0.044151
3852	0.044124
7523	0.044110
12198	0.044106
11698	0.044095
9037	0.044095
9035	0.044095
8821	0.044063
10367	0.044046
2315	0.043973
4326	0.043953
11045	0.043921
5075	0.043918
9982	0.043887
9983	0.043861
11565	0.043838
12460	0.043781
14348	0.043765
12608	0.043740
11891	0.043663
10735	0.043659
6272	0.043654
12265	0.043648
11500	0.043643
5039	0.043641
6320	0.043639
4920	0.043583
2938	0.043583
2934	0.043583
6809	0.043519
8652	0.043513
6403	0.043486
4589	0.043460
13626	0.043459
13425	0.043459
8070	0.043456
736	0.043456
5193	0.043448
10548	0.043443
10478	0.043407
8477	0.043405
4295	0.043400
11065	0.043387
1934	0.043371
5884	0.043344
10820	0.043343
3113	0.043328
