9835	0.152860
8794	0.148959
12638	0.143170
12551	0.143038
3163	0.142294
11554	0.142121
11486	0.138821
10483	0.138110
12666	0.136995
10325	0.135869
10521	0.135124
10531	0.134834
4819	0.134782
5491	0.134565
12148	0.133348
7411	0.133348
1538	0.133029
12832	0.132699
1507	0.131023
3217	0.130687
10647	0.129694
6499	0.128686
10324	0.128472
10706	0.128355
12710	0.127285
7166	0.127238
12773	0.126889
12500	0.126095
11419	0.125987
12704	0.125756
10522	0.125513
11556	0.124576
12426	0.123111
12628	0.122511
2933	0.122020
12708	0.121027
12536	0.120944
11351	0.120320
4279	0.119875
7070	0.119822
7463	0.118780
6066	0.118780
8003	0.118481
10069	0.118013
11094	0.117648
8797	0.117367
542	0.117133
10903	0.117049
7055	0.115543
12804	0.115142
12595	0.114925
7523	0.114506
11343	0.114072
10530	0.113563
12505	0.113350
8054	0.113312
6887	0.113277
12630	0.113253
12607	0.113186
11491	0.113143
13329	0.113056
8476	0.112960
10714	0.112954
11474	0.112347
13794	0.112315
10318	0.112292
11010	0.112270
12654	0.111899
12508	0.111862
7337	0.111853
12526	0.111570
9857	0.111484
11502	0.111416
10674	0.111364
12621	0.110748
6660	0.110743
12559	0.110622
323	0.109879
12597	0.109662
5041	0.109622
9989	0.109530
1963	0.109312
11518	0.109267
8622	0.108950
7875	0.108947
3451	0.108570
11037	0.108528
11175	0.108215
5250	0.108180
12711	0.108103
3630	0.108087
12554	0.107567
11510	0.107532
12812	0.107164
9747	0.107120
11485	0.107118
778	0.106905
12336	0.106863
12401	0.106618
14063	0.106188
11283	0.106126
10024	0.106003
12552	0.105595
10852	0.105433
1554	0.105420
9950	0.105393
10313	0.105376
9971	0.105258
13361	0.105049
3726	0.105005
11101	0.104854
10816	0.104739
11533	0.104582
12567	0.104190
10033	0.104182
3764	0.103895
12807	0.103590
12897	0.103420
13375	0.103313
11218	0.103076
12587	0.103029
11173	0.102638
12562	0.102565
11496	0.102526
10687	0.102089
7236	0.101938
7898	0.101917
12610	0.101770
11405	0.101755
11312	0.101645
11516	0.101605
2471	0.101167
1555	0.101089
8513	0.100781
6123	0.100749
10859	0.100689
12707	0.100652
9961	0.100593
11009	0.100561
12774	0.100228
12606	0.100098
12745	0.100019
11163	0.099977
11162	0.099969
10686	0.099825
244	0.099595
7139	0.099533
12525	0.099320
5957	0.099265
13183	0.099263
11008	0.099263
11185	0.098835
10450	0.098584
10042	0.098508
12145	0.098460
10515	0.098460
5956	0.098460
12809	0.098222
12594	0.098109
232	0.098043
12589	0.098009
11463	0.097856
10367	0.097592
3342	0.097496
12571	0.097465
11045	0.097307
12792	0.097274
10784	0.097224
11319	0.097213
11318	0.097213
11317	0.097213
11316	0.097213
1669	0.097111
12580	0.097093
4933	0.097086
11522	0.097077
12801	0.097029
9944	0.096952
9948	0.096791
779	0.096685
3641	0.096372
1552	0.096321
8081	0.096081
12791	0.095927
12788	0.095927
12408	0.095882
13737	0.095871
12650	0.095779
1599	0.095773
11464	0.095661
10995	0.095593
10485	0.095446
1408	0.095426
4786	0.095277
11186	0.095232
11555	0.095113
10860	0.095083
11154	0.095009
3250	0.094891
12659	0.094879
2251	0.094830
7268	0.094754
12548	0.094614
10195	0.094530
13166	0.094474
9967	0.094447
9691	0.094214
10048	0.094135
4712	0.093963
12808	0.093936
9946	0.093895
4221	0.093752
10486	0.093672
7762	0.093585
10778	0.093478
11492	0.093451
7238	0.093296
8397	0.093242
6809	0.093228
1560	0.093227
5567	0.093054
10141	0.093023
10035	0.093023
12833	0.092969
12803	0.092935
8040	0.092734
10153	0.092691
10349	0.092668
5887	0.092508
4729	0.092401
11490	0.092176
6613	0.092112
12557	0.092100
10658	0.091888
13288	0.091866
12609	0.091864
6810	0.091794
9790	0.091672
3266	0.091494
6124	0.091488
12513	0.091340
5897	0.091241
10927	0.091172
10212	0.091056
7062	0.090885
12733	0.090828
3312	0.090662
7094	0.090662
10974	0.090287
12409	0.090136
10657	0.089987
12502	0.089953
12517	0.089949
11539	0.089926
10941	0.089912
10907	0.089906
9964	0.089866
7137	0.089765
12660	0.089641
2739	0.089609
11433	0.089500
12658	0.089439
11116	0.089439
2795	0.089439
2794	0.089439
11190	0.089382
2800	0.089376
1737	0.089349
11007	0.089297
12787	0.089244
3845	0.089231
12537	0.089201
2586	0.088989
2738	0.088987
12649	0.088983
6334	0.088958
11354	0.088917
2798	0.088912
13416	0.088896
8656	0.088844
11551	0.088798
13151	0.088795
1605	0.088664
12608	0.088554
12496	0.088545
8654	0.088288
8653	0.088288
12512	0.087902
2770	0.087822
5894	0.087770
11565	0.087733
13165	0.087663
7505	0.087641
12200	0.087626
4611	0.087541
12701	0.087514
10111	0.087491
12637	0.087314
7030	0.087181
463	0.086962
10046	0.086646
464	0.086570
9720	0.086500
10304	0.086444
12576	0.086398
9094	0.086121
9093	0.086121
9092	0.086121
9065	0.086121
11439	0.086098
12592	0.086075
10263	0.085875
10636	0.085805
11290	0.085792
2983	0.085790
8947	0.085779
10435	0.085641
10489	0.085606
4451	0.085515
12776	0.085421
4349	0.085221
567	0.085181
11477	0.085158
11520	0.085149
277	0.085022
477	0.084933
4655	0.084929
7010	0.084841
12238	0.084824
10970	0.084814
12662	0.084720
4289	0.084658
10490	0.084646
12499	0.084585
10500	0.084554
1433	0.084449
12187	0.084388
5254	0.084272
9904	0.084207
10319	0.084160
10609	0.084102
756	0.084096
6614	0.084074
11568	0.084005
12605	0.083956
11528	0.083916
8080	0.083898
5276	0.083864
5143	0.083846
14245	0.083824
6535	0.083818
10682	0.083799
12538	0.083781
12109	0.083755
5948	0.083755
12629	0.083749
11542	0.083740
2473	0.083665
543	0.083594
12604	0.083534
11019	0.083489
9992	0.083380
11495	0.083369
11053	0.083194
1807	0.083145
11529	0.083043
9830	0.083032
12555	0.083011
6808	0.082881
10026	0.082881
10547	0.082850
10037	0.082835
6289	0.082822
7535	0.082801
1779	0.082777
11574	0.082764
10843	0.082631
9872	0.082611
9847	0.082546
11139	0.082435
6290	0.082432
9026	0.082406
12795	0.082390
11515	0.082382
3822	0.082376
11494	0.082299
11536	0.082276
11511	0.082153
6733	0.082002
12509	0.081931
13530	0.081815
11497	0.081787
6012	0.081706
5650	0.081644
6988	0.081574
7135	0.081525
8522	0.081485
12579	0.081460
13838	0.081440
7975	0.081431
12516	0.081417
11564	0.081406
12542	0.081318
3316	0.081269
12624	0.081267
4327	0.081007
12636	0.080861
12743	0.080850
10722	0.080822
9389	0.080722
5529	0.080691
5936	0.080669
5514	0.080588
11102	0.080569
12829	0.080566
8326	0.080337
10441	0.080241
11575	0.080206
10104	0.080065
6877	0.079929
13765	0.079900
11189	0.079888
12153	0.079754
4702	0.079754
6418	0.079739
9169	0.079729
12535	0.079692
11188	0.079663
11187	0.079663
1407	0.079660
10689	0.079654
10688	0.079654
5670	0.079548
11487	0.079530
9565	0.079418
3824	0.079361
7275	0.079277
5129	0.079275
3668	0.079210
8638	0.079148
10484	0.078975
3633	0.078872
9016	0.078856
12633	0.078782
9990	0.078782
4295	0.078722
10464	0.078713
12623	0.078618
12783	0.078519
10215	0.078519
10875	0.078487
6628	0.078456
4588	0.078361
9915	0.078258
6911	0.077922
570	0.077783
12510	0.077696
10857	0.077673
9596	0.077641
11132	0.077599
12573	0.077519
10836	0.077359
5534	0.077209
10339	0.077168
3242	0.077074
11519	0.077068
10654	0.076984
11500	0.076871
3825	0.076825
13122	0.076790
5112	0.076787
2594	0.076659
13133	0.076593
3664	0.076574
11475	0.076561
12799	0.076560
3690	0.076522
8141	0.076416
7061	0.076329
7819	0.076314
12492	0.076279
10465	0.076271
5512	0.076242
9179	0.076218
11069	0.076173
24	0.076072
11145	0.075996
10781	0.075967
9089	0.075936
10692	0.075891
6098	0.075868
12769	0.075782
1967	0.075781
5492	0.075650
10851	0.075616
12789	0.075505
10904	0.075496
11213	0.075432
4189	0.075404
10492	0.075299
12695	0.075293
13086	0.075262
13085	0.075262
11320	0.075162
11217	0.075080
10735	0.075054
1161	0.075015
11585	0.075000
10499	0.074933
13117	0.074865
10655	0.074832
5109	0.074790
1018	0.074748
6062	0.074584
12822	0.074580
10388	0.074491
12779	0.074401
11534	0.074220
13333	0.074135
13383	0.074073
5475	0.074066
5513	0.074004
569	0.074003
11512	0.073888
12712	0.073815
12494	0.073714
11082	0.073516
10526	0.073473
9349	0.073397
13155	0.073303
9015	0.073298
14109	0.073290
10736	0.073290
12237	0.073259
10358	0.073150
10517	0.073146
5751	0.073102
11498	0.073097
8329	0.073090
12561	0.072940
10068	0.072940
6234	0.072936
6700	0.072923
10739	0.072909
10788	0.072909
10777	0.072909
10759	0.072909
12574	0.072874
10783	0.072780
12602	0.072743
9951	0.072683
13154	0.072635
5660	0.072582
6622	0.072482
13451	0.072388
13450	0.072388
13410	0.072388
8336	0.072384
14017	0.072364
7914	0.072364
4751	0.072272
6245	0.072179
10412	0.072165
12652	0.072116
12617	0.072093
7818	0.072027
9927	0.072021
9896	0.072021
7208	0.072021
10095	0.072019
3678	0.072017
3673	0.072017
10552	0.071954
9988	0.071937
11544	0.071897
7073	0.071843
4064	0.071818
4063	0.071818
4061	0.071818
4058	0.071818
4057	0.071818
2644	0.071818
10671	0.071703
8461	0.071683
12626	0.071600
1957	0.071557
10921	0.071508
7072	0.071450
14111	0.071417
14080	0.071417
10203	0.071411
11513	0.071350
6138	0.071251
1763	0.071248
12590	0.071089
13856	0.071005
167	0.070981
10353	0.070969
9917	0.070962
12015	0.070811
11476	0.070734
1466	0.070698
6512	0.070692
12726	0.070530
12625	0.070514
7311	0.070476
10542	0.070339
6485	0.070278
5663	0.070276
7028	0.070178
10684	0.070116
2796	0.069924
7530	0.069871
10844	0.069760
6800	0.069640
2301	0.069576
12823	0.069553
5542	0.069542
12734	0.069536
4339	0.069482
12341	0.069424
10772	0.069387
11553	0.069376
366	0.069284
9949	0.069117
2039	0.068969
10993	0.068902
11626	0.068872
5447	0.068837
7961	0.068836
12515	0.068798
10172	0.068742
11352	0.068740
6120	0.068723
10841	0.068718
2778	0.068684
4059	0.068668
5135	0.068654
4060	0.068590
12577	0.068550
6451	0.068502
10166	0.068495
7595	0.068441
12729	0.068379
6283	0.068356
11790	0.068288
12744	0.068272
13716	0.068256
4188	0.068100
10389	0.068044
10667	0.068015
9486	0.068002
12820	0.067916
1619	0.067910
12709	0.067790
2984	0.067769
11375	0.067703
11156	0.067702
8401	0.067668
11543	0.067614
7114	0.067562
4354	0.067526
10074	0.067367
7313	0.067343
12730	0.067337
9351	0.067296
9350	0.067296
7401	0.067296
8496	0.067229
8237	0.067171
3918	0.067133
12063	0.067105
12322	0.067085
10545	0.067035
11124	0.066955
10305	0.066928
8359	0.066815
8358	0.066815
11509	0.066772
4744	0.066763
5134	0.066733
11455	0.066686
11426	0.066686
12613	0.066672
12270	0.066651
10949	0.066648
14340	0.066630
11342	0.066617
10746	0.066617
12514	0.066545
10475	0.066520
929	0.066514
11552	0.066513
13089	0.066469
1032	0.066430
14072	0.066316
10139	0.066229
10428	0.066200
6569	0.066107
3169	0.066095
5649	0.066038
11315	0.066012
11394	0.066001
604	0.065931
12705	0.065913
10508	0.065874
6564	0.065846
9986	0.065805
10402	0.065647
10401	0.065556
12553	0.065516
3341	0.065390
11225	0.065344
10909	0.065344
8943	0.065304
4206	0.065293
10528	0.065274
13832	0.065249
11583	0.065214
7289	0.065160
12444	0.065142
4322	0.065117
12445	0.065095
11085	0.064988
12627	0.064938
4663	0.064916
12797	0.064913
12813	0.064858
13123	0.064794
10034	0.064794
10510	0.064783
7674	0.064732
4434	0.064716
7926	0.064712
10520	0.064670
10985	0.064615
12593	0.064580
10225	0.064537
9450	0.064520
10373	0.064485
2705	0.064465
10264	0.064454
5969	0.064265
10476	0.064244
10747	0.064242
10136	0.064241
3262	0.064207
10365	0.064048
8802	0.063977
11447	0.063967
11561	0.063915
11456	0.063910
4062	0.063860
566	0.063817
12402	0.063800
11493	0.063771
11301	0.063737
8069	0.063727
3323	0.063713
8465	0.063592
10738	0.063591
10496	0.063568
1506	0.063552
13820	0.063520
10075	0.063483
10831	0.063441
3363	0.063381
14108	0.063377
4745	0.063377
5937	0.063366
12782	0.063366
11675	0.063354
11530	0.063341
11535	0.063275
8405	0.063235
7032	0.063227
11582	0.063116
8017	0.063075
10029	0.063053
12410	0.063028
12827	0.063022
5483	0.062974
11025	0.062925
9756	0.062923
11467	0.062902
4514	0.062840
3826	0.062835
7506	0.062811
703	0.062789
4177	0.062733
10992	0.062719
12696	0.062684
1848	0.062662
5346	0.062578
10649	0.062557
11524	0.062516
4945	0.062492
13654	0.062445
11431	0.062409
1053	0.062373
13841	0.062328
12438	0.062277
10548	0.062277
10140	0.062265
11179	0.062235
724	0.062165
10538	0.062161
5040	0.062137
4532	0.062097
11068	0.062091
13799	0.062018
3075	0.061989
1017	0.061987
11853	0.061931
10091	0.061928
10081	0.061928
10482	0.061882
9662	0.061849
4889	0.061836
2799	0.061807
6371	0.061800
10537	0.061798
1618	0.061763
12747	0.061719
7165	0.061697
8445	0.061656
14238	0.061610
14175	0.061610
14044	0.061610
705	0.061605
12503	0.061581
10613	0.061551
2465	0.061527
12794	0.061521
11915	0.061498
11201	0.061498
7319	0.061493
13404	0.061475
12753	0.061366
10926	0.061357
12757	0.061353
9056	0.061282
3324	0.061214
1925	0.061207
2889	0.061198
10149	0.061176
10186	0.061144
12588	0.061143
3390	0.061088
7529	0.061069
13182	0.060996
11086	0.060974
12697	0.060951
10961	0.060933
5970	0.060931
5856	0.060924
6850	0.060918
10152	0.060910
16	0.060902
7645	0.060881
10573	0.060870
5562	0.060865
10650	0.060850
10911	0.060844
12524	0.060817
10376	0.060797
11176	0.060773
9555	0.060716
6326	0.060708
5528	0.060540
12598	0.060520
7403	0.060468
12781	0.060426
10574	0.060402
5457	0.060390
5350	0.060338
10598	0.060260
10593	0.060256
8909	0.060117
6919	0.060100
14045	0.060087
11184	0.060076
10834	0.060022
1015	0.060004
11571	0.059992
7140	0.059866
10869	0.059856
10357	0.059849
3713	0.059849
14347	0.059846
3505	0.059809
10190	0.059784
7672	0.059783
12601	0.059782
12668	0.059693
10023	0.059636
10556	0.059610
11728	0.059599
11729	0.059517
6655	0.059469
10366	0.059445
10833	0.059436
5613	0.059435
8908	0.059383
9952	0.059357
10468	0.059238
6559	0.059222
5707	0.059126
8023	0.059114
14200	0.059099
13804	0.059099
13803	0.059099
13800	0.059099
13797	0.059099
13701	0.059099
12292	0.059088
10717	0.058963
7118	0.058958
12679	0.058909
10856	0.058891
10583	0.058868
9966	0.058835
13129	0.058827
6061	0.058827
5994	0.058820
11140	0.058819
6450	0.058809
10523	0.058805
12458	0.058754
10626	0.058729
6414	0.058696
6163	0.058642
2497	0.058631
11060	0.058569
387	0.058510
853	0.058504
6954	0.058451
4780	0.058436
8043	0.058408
3625	0.058404
8957	0.058388
11526	0.058375
12698	0.058362
7930	0.058344
10020	0.058307
12816	0.058305
12578	0.058170
11332	0.058142
11629	0.058134
12262	0.058110
9865	0.058079
7555	0.058078
9909	0.058017
10005	0.058000
10610	0.057967
12393	0.057961
12675	0.057959
10049	0.057943
9170	0.057939
11457	0.057918
10822	0.057916
723	0.057842
10554	0.057822
12818	0.057804
8045	0.057787
10599	0.057772
10336	0.057759
11916	0.057734
12386	0.057731
10600	0.057700
12235	0.057668
13398	0.057667
2582	0.057666
971	0.057648
12400	0.057643
11586	0.057643
10433	0.057585
10019	0.057582
10768	0.057544
12413	0.057511
12806	0.057500
12528	0.057488
5495	0.057469
13275	0.057432
5608	0.057429
7982	0.057365
11540	0.057338
3752	0.057262
12866	0.057247
12713	0.057217
6758	0.057209
3661	0.057178
11508	0.057157
10597	0.057097
3963	0.057083
2099	0.057077
5221	0.057074
11161	0.057062
3961	0.057044
10924	0.057039
