114	0.184530
9258	0.183454
121	0.176606
14374	0.172267
14363	0.172267
3431	0.172152
7783	0.171755
8221	0.166937
14368	0.166756
1117	0.165793
14365	0.162833
14364	0.162719
7002	0.161481
1135	0.160748
14376	0.160536
14359	0.160536
7998	0.160536
10329	0.155560
12218	0.154898
2058	0.154898
7020	0.154555
12979	0.152120
11355	0.152006
1565	0.150446
14373	0.150368
14372	0.150368
14371	0.150368
14362	0.150368
14352	0.150368
14350	0.150368
8455	0.150368
7997	0.150368
7823	0.150368
14370	0.148109
10795	0.147800
12229	0.147754
14357	0.147705
7787	0.147705
8453	0.147683
5403	0.146968
14367	0.146189
10403	0.145007
12243	0.144876
10410	0.141341
11389	0.140671
10411	0.140482
8891	0.139325
7782	0.139186
3837	0.138867
3706	0.136929
1116	0.135270
1122	0.134618
8895	0.134575
11611	0.134092
8894	0.134092
8893	0.134092
6339	0.134092
3439	0.134092
1121	0.133824
7692	0.133383
1930	0.133291
12242	0.133261
14369	0.131512
14366	0.131432
14361	0.131432
14355	0.131432
8456	0.131432
6430	0.131346
1123	0.131346
11999	0.131030
4304	0.131016
4302	0.131016
11607	0.130622
7866	0.130595
9248	0.129960
14233	0.129386
1136	0.129386
3415	0.128870
12348	0.128706
1114	0.128491
115	0.128365
7917	0.126943
7479	0.126434
2827	0.124911
13739	0.123777
1694	0.123267
3389	0.123191
7999	0.122989
13970	0.122600
3914	0.122499
11937	0.122309
7918	0.121989
10236	0.121983
14375	0.121889
4021	0.121680
14351	0.121467
9176	0.120638
8809	0.120638
187	0.120322
14360	0.120243
8392	0.119792
221	0.117386
6747	0.117107
12036	0.116868
14219	0.116488
8447	0.116118
6447	0.115972
7495	0.114806
73	0.114754
1119	0.114303
1120	0.113912
13247	0.113661
4559	0.113299
7228	0.112852
9174	0.112760
2764	0.111999
5855	0.111925
3423	0.110670
3116	0.110612
3680	0.110403
7065	0.110168
8114	0.110001
11850	0.109587
6376	0.108963
7288	0.108300
1113	0.107956
9794	0.106811
1133	0.106770
4163	0.106723
14418	0.106717
14417	0.106717
13284	0.106717
13152	0.106717
9795	0.106717
9793	0.106717
9792	0.106717
9791	0.106717
9789	0.106717
9745	0.106717
9163	0.106717
8614	0.106717
8613	0.106717
8177	0.106717
8076	0.106456
235	0.106437
3955	0.105656
224	0.105639
5696	0.104911
2567	0.104781
7966	0.104693
1419	0.104193
3166	0.103402
4868	0.102950
113	0.102516
1115	0.102328
2052	0.101766
10661	0.101518
5176	0.101321
6695	0.100849
9480	0.100439
8533	0.100439
14358	0.100000
1427	0.099888
5756	0.099708
1839	0.099479
304	0.098709
1420	0.098543
4731	0.097559
4675	0.097559
1840	0.097184
13704	0.096798
13702	0.096798
9806	0.096015
9805	0.096015
9802	0.096015
9801	0.096015
7317	0.095859
7316	0.095859
7174	0.095859
6338	0.095859
7172	0.095485
4168	0.095312
4305	0.095189
13508	0.094487
2105	0.094039
7757	0.094009
10540	0.093934
3548	0.093089
9201	0.092962
5452	0.092896
7606	0.092725
3821	0.092491
4452	0.092400
4200	0.092336
3306	0.092247
2566	0.091893
13418	0.090494
1118	0.089567
8792	0.088839
2060	0.088388
2479	0.088328
8611	0.088241
2014	0.087960
8304	0.087904
9177	0.087876
13076	0.087466
4294	0.087417
8615	0.087216
9439	0.086422
11858	0.086376
6896	0.086374
13850	0.086090
5309	0.086023
9462	0.086015
7872	0.085766
8352	0.085765
8351	0.085765
2957	0.085765
2956	0.085765
11922	0.085674
10286	0.085518
5347	0.085518
4106	0.085427
13509	0.085181
3619	0.085030
5642	0.084931
7774	0.084918
5641	0.084918
9178	0.084897
5476	0.084858
4105	0.084556
8628	0.084407
6895	0.084044
4836	0.083606
9199	0.083097
1285	0.083072
6151	0.083070
11566	0.082990
6351	0.082800
2170	0.082441
9477	0.082241
9481	0.082224
9479	0.082224
9478	0.082224
9476	0.082224
9475	0.082224
9473	0.082224
9472	0.082224
9471	0.082224
9470	0.082224
9468	0.082224
9345	0.082224
8667	0.082224
8665	0.082224
8664	0.082224
8663	0.082224
8662	0.082224
8630	0.082224
8629	0.082224
8627	0.082224
8626	0.082224
8180	0.082157
8535	0.082095
4537	0.081484
225	0.081475
2902	0.081416
11339	0.081208
8871	0.081198
2064	0.080861
5433	0.080801
10045	0.080612
9331	0.080420
13666	0.080029
13424	0.080028
6806	0.079948
1458	0.079535
6465	0.079469
9787	0.079395
9786	0.079395
9785	0.079395
9784	0.079395
9783	0.079395
9782	0.079395
9781	0.079395
9778	0.079395
9280	0.079395
8585	0.079395
8567	0.079395
8553	0.079395
11146	0.079390
13807	0.079322
1673	0.079230
573	0.079193
14107	0.079011
7758	0.078773
4281	0.078712
3091	0.078643
3089	0.078643
3088	0.078643
14147	0.078637
3090	0.078637
14148	0.078602
2820	0.078590
9780	0.078568
2616	0.078525
3421	0.078407
6395	0.078345
14146	0.078256
3416	0.078083
2958	0.078040
7223	0.078011
7569	0.077989
10413	0.077908
6228	0.077885
10050	0.077836
222	0.077722
10564	0.077678
10914	0.077352
9913	0.077298
8604	0.077211
9818	0.077125
9693	0.077125
9415	0.077032
8851	0.077032
8850	0.077032
1189	0.076840
4382	0.076659
1836	0.076620
13421	0.076233
7078	0.076228
8377	0.076214
11307	0.075977
13460	0.075661
14404	0.075566
14400	0.075566
8143	0.075566
8096	0.075566
10030	0.075563
9244	0.075467
879	0.075397
4306	0.075333
1011	0.075278
10971	0.075097
3220	0.075039
10538	0.074905
2955	0.074897
2953	0.074897
2286	0.074867
9413	0.074772
8726	0.074737
8892	0.074717
12909	0.074716
6532	0.074689
10354	0.074676
7954	0.074590
10341	0.074523
2108	0.074318
2128	0.074306
8882	0.074302
4201	0.074302
123	0.074033
11224	0.074031
9207	0.073890
9205	0.073890
8528	0.073890
13325	0.073664
9623	0.073654
9673	0.073511
7510	0.073372
5791	0.073067
8451	0.072952
10404	0.072856
10497	0.072736
2121	0.072488
3588	0.072268
1128	0.072254
1656	0.072208
3333	0.072106
10156	0.072062
8625	0.071936
9796	0.071787
6197	0.071619
3948	0.071605
2173	0.071535
3953	0.071456
2248	0.071399
10088	0.071281
9145	0.071044
6742	0.070886
9912	0.070472
9911	0.070472
2204	0.070424
4111	0.070384
6707	0.070369
2247	0.070281
14416	0.070198
4538	0.070086
9709	0.070063
9980	0.070008
7659	0.070005
9226	0.069980
9217	0.069980
8534	0.069980
7827	0.069953
823	0.069836
578	0.069740
2199	0.069535
2954	0.069409
3243	0.069308
11034	0.068974
11429	0.068876
11324	0.068876
11625	0.068770
7654	0.068755
7655	0.068731
4231	0.068652
1006	0.068094
11930	0.068070
2192	0.068055
2952	0.068045
3954	0.068009
1509	0.067986
2190	0.067969
2195	0.067639
4154	0.067587
9702	0.067552
14266	0.067301
9729	0.067297
6278	0.067191
7752	0.067141
9081	0.067138
9078	0.067138
10355	0.067054
9028	0.067008
2102	0.066826
3178	0.066805
4795	0.066630
6501	0.066484
7622	0.066483
8008	0.066220
11407	0.066157
1847	0.066122
1010	0.066084
5796	0.066026
11193	0.065791
11192	0.065791
3739	0.065736
2622	0.065432
7029	0.065111
11761	0.065097
6097	0.065097
5547	0.065097
3595	0.065097
14407	0.065022
1837	0.064991
2114	0.064967
4748	0.064946
2280	0.064916
11014	0.064884
2569	0.064865
3745	0.064804
12053	0.064766
3504	0.064720
5164	0.064613
5163	0.064613
4112	0.064589
3590	0.064587
2682	0.064571
2941	0.064543
1125	0.064542
9474	0.064520
6961	0.064520
1327	0.064505
1025	0.064487
2509	0.064292
1346	0.064086
10337	0.064035
2510	0.064001
4113	0.063930
1853	0.063890
7115	0.063792
7227	0.063596
2123	0.063524
13036	0.063376
9135	0.063348
2202	0.063329
11425	0.063291
10379	0.063291
12663	0.063269
9788	0.063254
13394	0.063085
5033	0.062987
5544	0.062922
3536	0.062893
14415	0.062879
9277	0.062879
8487	0.062565
11079	0.062410
11078	0.062410
10999	0.062410
8650	0.062410
14395	0.062184
7891	0.062184
9711	0.062102
9708	0.062102
9707	0.062102
9705	0.062102
9703	0.062102
4542	0.062063
11243	0.062060
9699	0.062055
9710	0.061818
13665	0.061718
1019	0.061709
2246	0.061495
7767	0.061307
3741	0.061205
4414	0.061112
5453	0.061099
14052	0.061067
10065	0.061067
4412	0.061041
10251	0.060990
2619	0.060944
9579	0.060864
10953	0.060859
12226	0.060854
3969	0.060854
4520	0.060852
8874	0.060771
2197	0.060769
5545	0.060721
9152	0.060582
12306	0.060462
6369	0.060462
6368	0.060462
5034	0.060422
6566	0.060219
2629	0.060185
3934	0.060180
8319	0.060126
7887	0.060090
698	0.060083
11401	0.060070
11399	0.060070
7888	0.059984
13706	0.059978
13738	0.059974
13731	0.059974
10594	0.059926
6102	0.059844
1024	0.059793
5604	0.059770
7176	0.059543
7939	0.059538
9239	0.059450
6557	0.059448
13707	0.059423
82	0.059363
5734	0.059213
777	0.059101
9153	0.059078
118	0.059054
6473	0.058931
2104	0.058810
6756	0.058755
2617	0.058398
5413	0.058317
11681	0.058280
13444	0.058258
1798	0.058180
34	0.058057
9168	0.058045
10805	0.057928
2831	0.057784
2372	0.057589
13652	0.057584
3667	0.057421
12511	0.057282
6889	0.057149
13077	0.057098
12895	0.057098
582	0.057090
10888	0.057065
5496	0.057002
122	0.056946
119	0.056941
6149	0.056458
7890	0.056422
104	0.056377
10887	0.056314
8810	0.056153
7079	0.056015
13819	0.055796
3376	0.055641
4763	0.055633
1340	0.055440
5555	0.055311
9362	0.055227
9237	0.055189
1132	0.055134
13938	0.055087
9761	0.054973
3549	0.054965
679	0.054836
3921	0.054804
1780	0.054730
6904	0.054723
8772	0.054693
12041	0.054592
8584	0.054577
2828	0.054541
14379	0.054497
9218	0.054495
8833	0.054414
6731	0.054377
5155	0.054329
5851	0.054035
9311	0.054031
4293	0.054011
4799	0.053956
1245	0.053951
6799	0.053945
2174	0.053891
609	0.053839
2522	0.053702
12252	0.053684
5296	0.053656
13423	0.053634
3933	0.053622
8531	0.053617
5442	0.053605
13538	0.053481
7502	0.053438
13545	0.053406
3751	0.053201
3750	0.053201
792	0.053188
4798	0.053088
6745	0.052933
6077	0.052663
1517	0.052645
5177	0.052594
12626	0.052555
9322	0.052495
6017	0.052444
141	0.052365
11964	0.052328
9993	0.052328
1022	0.052229
4093	0.052202
7920	0.052064
3388	0.052048
8827	0.051964
4485	0.051872
7276	0.051827
7915	0.051798
6704	0.051769
13293	0.051768
13712	0.051760
10965	0.051530
3430	0.051484
675	0.051442
12868	0.051440
9242	0.051440
9241	0.051440
9240	0.051440
6696	0.051440
882	0.051094
8634	0.050932
2179	0.050917
9231	0.050897
1511	0.050847
5012	0.050794
4679	0.050745
9804	0.050724
9302	0.050705
9204	0.050683
8592	0.050683
5035	0.050681
2825	0.050655
7676	0.050572
2824	0.050563
2929	0.050540
6754	0.050353
414	0.050347
12030	0.050331
3677	0.050284
6587	0.050216
7450	0.050164
12915	0.050107
12914	0.050107
13456	0.050016
13342	0.050016
2968	0.049899
7330	0.049889
2446	0.049880
3662	0.049866
11914	0.049774
4595	0.049763
4596	0.049749
404	0.049706
4205	0.049678
3185	0.049561
7453	0.049553
12918	0.049349
4216	0.049273
7889	0.049198
1647	0.049155
11733	0.049141
1109	0.049129
8468	0.048969
2978	0.048969
2977	0.048969
6256	0.048897
1260	0.048739
322	0.048710
2092	0.048674
4511	0.048533
12332	0.048456
3209	0.048437
13026	0.048399
764	0.048352
13075	0.048208
11231	0.048195
1097	0.048165
10667	0.048159
2708	0.048094
2281	0.048091
13521	0.048080
8709	0.048035
12820	0.047976
7400	0.047873
9303	0.047861
3414	0.047809
1339	0.047787
1235	0.047776
11232	0.047764
11230	0.047764
11229	0.047764
11228	0.047764
6784	0.047719
13830	0.047708
6032	0.047591
14433	0.047566
4307	0.047507
3391	0.047485
5484	0.047459
14410	0.047458
14409	0.047458
14408	0.047458
7919	0.047458
5042	0.047408
12204	0.047308
629	0.047283
4877	0.047270
1131	0.047231
8116	0.047163
6571	0.047141
6867	0.047134
3803	0.047073
1358	0.047004
7561	0.046945
9675	0.046907
4650	0.046878
1979	0.046833
6938	0.046741
2122	0.046719
14393	0.046620
14377	0.046620
13294	0.046610
10666	0.046586
13550	0.046367
2500	0.046320
9370	0.046241
4958	0.046134
6429	0.046127
7960	0.046105
5227	0.046050
5123	0.046024
14398	0.046004
14383	0.046004
8454	0.046004
7916	0.046004
7083	0.046004
6098	0.046003
10001	0.045991
7784	0.045990
7211	0.045966
6725	0.045944
9175	0.045914
9173	0.045914
8831	0.045914
8830	0.045914
7688	0.045914
71	0.045884
4839	0.045819
9453	0.045803
4521	0.045800
2797	0.045784
1586	0.045758
4330	0.045728
12764	0.045638
9181	0.045627
4569	0.045578
3700	0.045534
13271	0.045498
1856	0.045453
13224	0.045396
678	0.045390
9920	0.045339
5344	0.045325
7554	0.045315
9598	0.045302
7015	0.045302
5044	0.045179
11358	0.045114
11207	0.045084
7937	0.045044
6519	0.045043
1477	0.045002
11646	0.044957
9150	0.044950
8793	0.044876
8771	0.044876
8770	0.044876
8769	0.044876
8746	0.044876
8745	0.044876
8396	0.044876
837	0.044874
5712	0.044857
5711	0.044857
5710	0.044857
12212	0.044807
4533	0.044714
6156	0.044663
6586	0.044654
3142	0.044598
5330	0.044550
7380	0.044535
14011	0.044496
14010	0.044496
1476	0.044496
1474	0.044496
9885	0.044346
9851	0.044346
8828	0.044346
8826	0.044346
8825	0.044346
8811	0.044346
7781	0.044346
2103	0.044316
13050	0.044311
10839	0.044239
8064	0.044183
1535	0.044131
1254	0.044104
5461	0.044095
6417	0.044086
12756	0.044070
776	0.044066
2949	0.044037
11968	0.043984
949	0.043984
6252	0.043938
259	0.043927
10838	0.043919
5790	0.043908
7178	0.043868
9222	0.043861
3599	0.043851
8000	0.043844
1457	0.043754
10782	0.043736
9064	0.043706
2203	0.043601
6013	0.043593
3539	0.043576
6169	0.043526
713	0.043525
10566	0.043460
7852	0.043449
10085	0.043431
5378	0.043402
1755	0.043386
5684	0.043241
14089	0.043175
14084	0.043175
1665	0.043155
8041	0.043146
9358	0.043118
11982	0.043019
5414	0.043019
5412	0.043019
11219	0.042981
10570	0.042977
1486	0.042955
7941	0.042928
8473	0.042919
8226	0.042919
8224	0.042919
6071	0.042919
1039	0.042866
1726	0.042794
5213	0.042770
1110	0.042759
2609	0.042725
6582	0.042618
4486	0.042616
7323	0.042585
65	0.042555
5261	0.042519
4078	0.042480
230	0.042465
1129	0.042461
14406	0.042430
14405	0.042430
10895	0.042425
7492	0.042417
8714	0.042416
117	0.042404
3736	0.042357
8140	0.042308
8432	0.042230
8431	0.042230
10902	0.042159
9713	0.042115
3613	0.042096
10549	0.042086
10642	0.042065
10210	0.042032
2228	0.042026
4116	0.042007
6976	0.041994
11362	0.041988
9295	0.041977
9831	0.041976
7631	0.041934
9330	0.041918
1711	0.041910
6584	0.041895
6581	0.041895
4484	0.041882
268	0.041848
12064	0.041781
13300	0.041759
8416	0.041752
8246	0.041752
2377	0.041737
5376	0.041729
3738	0.041728
6986	0.041692
9442	0.041671
2298	0.041661
5844	0.041633
5240	0.041630
13156	0.041598
10176	0.041598
10087	0.041598
10086	0.041598
10287	0.041536
239	0.041447
9748	0.041414
14382	0.041367
4668	0.041362
5187	0.041301
10683	0.041253
14380	0.041202
8075	0.041202
2423	0.041172
7480	0.041157
13491	0.041133
1696	0.041109
4671	0.041097
4669	0.041097
1690	0.041090
2990	0.041058
7500	0.040944
10663	0.040873
6836	0.040803
5495	0.040776
7880	0.040756
11815	0.040744
6260	0.040729
4561	0.040713
4670	0.040695
2660	0.040692
2191	0.040687
64	0.040680
1164	0.040640
3461	0.040626
2980	0.040621
5613	0.040613
3240	0.040592
7077	0.040525
5192	0.040504
11166	0.040504
7959	0.040503
9200	0.040478
