2622	0.199019
2569	0.194561
11761	0.194443
6097	0.194443
5547	0.194443
3595	0.194443
2613	0.185617
1541	0.180156
3306	0.173407
9028	0.170633
9081	0.169876
9078	0.169876
2682	0.160180
2616	0.156884
1125	0.150336
12306	0.148353
6369	0.148353
6368	0.148353
12041	0.147050
1542	0.146676
3933	0.146616
609	0.145679
2614	0.145459
13444	0.142509
7966	0.141435
1327	0.140617
1798	0.140422
1034	0.139604
1131	0.139555
1245	0.131222
6032	0.130128
3548	0.127655
9402	0.123969
780	0.121036
3934	0.114646
1509	0.113451
1128	0.111027
1459	0.110690
9645	0.110684
1781	0.110463
1446	0.110216
1511	0.109435
7939	0.109293
7450	0.108957
13035	0.108140
12891	0.107916
2449	0.107713
4754	0.107598
5655	0.107470
259	0.107346
891	0.107133
2904	0.106823
12058	0.105856
2623	0.104953
13252	0.104734
13251	0.104734
9980	0.104069
1129	0.103935
3825	0.103891
2425	0.103878
11719	0.103767
2329	0.103528
3560	0.102287
5637	0.101968
578	0.101903
11786	0.101779
5581	0.101740
12631	0.101730
9503	0.101604
1959	0.101327
3549	0.101219
5656	0.101092
2680	0.100994
5698	0.100221
2416	0.100185
5196	0.099642
2293	0.099219
12850	0.099181
11877	0.099146
1914	0.098954
12854	0.098298
13341	0.097771
9715	0.097476
4153	0.097360
12122	0.097325
2684	0.097325
13582	0.097039
5410	0.097039
5409	0.097039
5408	0.097039
5356	0.097039
4808	0.096555
13647	0.096548
11873	0.096402
1645	0.096371
6074	0.095590
9358	0.095481
6126	0.094809
6125	0.094809
5375	0.094704
9437	0.094681
6929	0.094508
13874	0.094468
5881	0.094415
2116	0.094251
2339	0.094217
1714	0.093550
8726	0.093280
2755	0.093058
5407	0.093043
2618	0.093021
9986	0.092989
13298	0.092764
3772	0.092749
4040	0.092679
4086	0.092638
2615	0.092164
12070	0.092008
5229	0.091972
1445	0.091878
3504	0.091575
11764	0.091520
10362	0.091486
1650	0.091440
14310	0.091321
1247	0.091316
875	0.091305
3826	0.091250
4471	0.091151
5627	0.090916
200	0.090817
2619	0.090680
6577	0.090518
1889	0.090482
12411	0.090447
1897	0.089941
2014	0.089877
12351	0.089798
6478	0.089798
10203	0.089664
5699	0.089441
9542	0.089419
2531	0.089347
10871	0.089281
3494	0.089259
1520	0.089247
12623	0.089227
1433	0.088846
13847	0.088784
1163	0.088751
10671	0.088743
3378	0.088704
9627	0.088580
137	0.088551
6026	0.088443
6592	0.088302
12046	0.088180
13089	0.088020
14253	0.087791
7560	0.087685
14072	0.087587
5125	0.087583
12270	0.087524
11491	0.087409
13	0.087398
936	0.087386
5287	0.087183
4322	0.087150
4017	0.087139
8223	0.087130
9469	0.087124
12267	0.087005
5126	0.087005
12107	0.086870
9614	0.086852
10559	0.086762
12874	0.086541
12322	0.086518
4719	0.086084
10163	0.086012
1151	0.085905
825	0.085874
5089	0.085240
1126	0.085127
7491	0.085093
10589	0.084911
7894	0.084813
9881	0.084792
3579	0.084774
3854	0.084699
3519	0.084658
9008	0.084571
346	0.084555
3567	0.084528
9477	0.084496
9481	0.084484
9479	0.084484
9478	0.084484
9476	0.084484
9475	0.084484
9473	0.084484
9472	0.084484
9471	0.084484
9470	0.084484
9468	0.084484
9345	0.084484
8667	0.084484
8665	0.084484
8664	0.084484
8663	0.084484
8662	0.084484
8630	0.084484
8629	0.084484
8627	0.084484
8626	0.084484
6351	0.084323
6018	0.084317
1941	0.084110
2681	0.084100
9486	0.084099
12350	0.083973
8628	0.083915
12349	0.083877
6199	0.083873
1483	0.083749
1778	0.083554
9304	0.083438
11474	0.083333
11027	0.083186
5459	0.083086
2824	0.082916
12015	0.082707
9578	0.082695
1175	0.082267
3081	0.082177
2452	0.082112
7968	0.082039
6702	0.081810
1454	0.081587
2453	0.081397
6942	0.081355
9610	0.081318
13914	0.081173
8296	0.081173
13897	0.080907
13581	0.080866
2789	0.080578
1075	0.080499
11231	0.080416
3841	0.080289
11232	0.080197
11230	0.080197
11229	0.080197
11228	0.080197
10883	0.080185
438	0.080162
2825	0.080156
1186	0.080072
9514	0.080067
7820	0.079952
507	0.079949
12415	0.079947
2813	0.079917
2228	0.079750
9512	0.079700
6631	0.079667
2451	0.079545
7394	0.079534
3545	0.079463
4179	0.079424
3008	0.079404
5456	0.079360
12412	0.079300
6117	0.079256
10167	0.079186
869	0.079136
5042	0.079117
9613	0.078967
14230	0.078931
14229	0.078931
13886	0.078931
13060	0.078890
13055	0.078890
13048	0.078890
13014	0.078890
13009	0.078890
12892	0.078890
8379	0.078890
11047	0.078843
12530	0.078680
2714	0.078523
2838	0.078501
8983	0.078485
3581	0.078414
11257	0.078404
3379	0.078388
9612	0.078178
2122	0.078140
2812	0.078046
2118	0.078005
6761	0.077747
8092	0.077611
7433	0.077521
12497	0.077501
3639	0.077487
13058	0.077466
7945	0.077466
9608	0.077456
1751	0.077447
774	0.077397
3850	0.077394
2976	0.077303
12136	0.077211
10939	0.077021
3493	0.076971
4358	0.076913
10719	0.076773
5183	0.076727
1997	0.076541
2841	0.076523
5359	0.076395
11577	0.076206
13261	0.076064
6360	0.076007
11443	0.075958
11369	0.075958
3594	0.075935
4093	0.075933
3562	0.075879
6650	0.075773
3759	0.075637
997	0.075575
3822	0.075518
5299	0.075491
9019	0.075399
7694	0.075300
12860	0.075298
12859	0.075280
13299	0.075206
2973	0.074973
5182	0.074924
977	0.074901
9923	0.074872
9343	0.074778
13512	0.074771
13144	0.074710
7909	0.074670
7090	0.074670
10892	0.074649
9122	0.074510
3487	0.074437
922	0.074373
7893	0.074250
11992	0.074189
5072	0.074133
6413	0.074108
12435	0.073885
9115	0.073871
9790	0.073856
3564	0.073838
3544	0.073825
10682	0.073756
10788	0.073753
10777	0.073753
10759	0.073753
10739	0.073753
96	0.073748
12692	0.073677
6439	0.073601
11398	0.073587
9550	0.073497
12844	0.073429
12843	0.073429
12841	0.073429
12840	0.073429
6400	0.073372
588	0.073338
10263	0.073245
12853	0.073207
10644	0.073105
5179	0.073036
5180	0.072987
12784	0.072949
4579	0.072899
1396	0.072620
13301	0.072612
1800	0.072581
5391	0.072561
6680	0.072523
2626	0.072381
1510	0.072380
13315	0.072335
12967	0.072301
12785	0.072300
12208	0.072174
5328	0.071989
12776	0.071919
2729	0.071867
2860	0.071740
540	0.071695
13894	0.071660
7758	0.071656
9726	0.071651
12391	0.071506
14127	0.071452
2502	0.071408
11094	0.071334
4052	0.071282
5111	0.071282
13061	0.071198
9044	0.071143
3915	0.071142
4056	0.071130
7310	0.071113
7309	0.071113
12754	0.071050
6130	0.071014
12434	0.070958
12390	0.070958
3018	0.070905
8907	0.070889
13135	0.070786
1686	0.070730
10982	0.070727
2432	0.070595
6477	0.070320
10455	0.070214
2060	0.070192
9042	0.070138
11769	0.070127
12726	0.070097
10985	0.069901
9733	0.069881
10040	0.069762
1563	0.069598
11593	0.069598
4349	0.069580
2783	0.069565
431	0.069489
8230	0.069313
5259	0.069285
5066	0.069277
1127	0.069054
6172	0.068930
534	0.068914
7062	0.068704
3204	0.068700
8022	0.068661
1514	0.068624
6436	0.068588
11578	0.068585
13913	0.068491
8298	0.068491
2816	0.068430
4087	0.068383
2174	0.068357
10518	0.068338
782	0.068296
3492	0.068167
11523	0.068095
10139	0.068068
11394	0.068034
7385	0.067973
11683	0.067972
3026	0.067936
9837	0.067919
1735	0.067798
5904	0.067686
7528	0.067637
13300	0.067576
10918	0.067486
5343	0.067390
12164	0.067175
7922	0.067175
1094	0.067153
3939	0.067074
4097	0.067029
11159	0.067027
8247	0.066984
1574	0.066954
11671	0.066840
81	0.066836
14162	0.066789
12851	0.066665
9611	0.066615
12852	0.066611
640	0.066594
2931	0.066505
1079	0.066430
831	0.066408
1037	0.066310
6025	0.066303
6303	0.066231
4255	0.066171
8312	0.066076
11908	0.066053
12670	0.066017
12807	0.065973
10028	0.065955
11531	0.065929
497	0.065907
10140	0.065792
11679	0.065715
1274	0.065670
11851	0.065667
6927	0.065667
1442	0.065660
12803	0.065653
12235	0.065523
12795	0.065450
890	0.065348
2117	0.065306
11210	0.065227
1040	0.065209
2011	0.065197
787	0.065167
9061	0.065140
9060	0.065140
5715	0.065140
2565	0.065140
4619	0.065003
2145	0.065003
2210	0.064999
2255	0.064798
2166	0.064776
2892	0.064764
5700	0.064716
12927	0.064711
4888	0.064710
13076	0.064535
342	0.064488
9311	0.064481
12872	0.064371
12502	0.064365
13030	0.064259
2932	0.064252
6305	0.064235
13676	0.064226
3155	0.064218
6563	0.064191
11494	0.064172
12079	0.064156
10511	0.064142
4886	0.064111
11861	0.064051
6318	0.064051
2972	0.064025
6021	0.063997
1223	0.063928
4262	0.063907
4154	0.063803
1264	0.063772
7967	0.063760
12354	0.063697
9371	0.063674
13899	0.063668
13892	0.063668
7965	0.063668
1226	0.063648
13826	0.063638
2040	0.063588
9674	0.063519
13019	0.063511
1028	0.063485
9344	0.063465
7951	0.063446
11469	0.063446
814	0.063361
11545	0.063354
2503	0.063341
13664	0.063305
1077	0.063284
8132	0.063249
12101	0.063158
12940	0.063151
11207	0.063150
934	0.063083
3705	0.062988
3292	0.062932
5147	0.062829
7061	0.062822
4824	0.062796
8207	0.062794
2120	0.062762
4818	0.062753
2722	0.062748
2062	0.062742
7301	0.062694
9215	0.062689
11358	0.062687
423	0.062668
7617	0.062563
11036	0.062562
13815	0.062560
10278	0.062531
11670	0.062514
563	0.062449
13028	0.062394
2335	0.062293
9522	0.062218
13038	0.062197
13037	0.062197
3569	0.062179
11467	0.062128
5654	0.062063
9341	0.062008
11252	0.061924
9405	0.061894
1249	0.061742
1391	0.061668
12800	0.061644
11320	0.061586
1370	0.061583
611	0.061541
7619	0.061541
12642	0.061511
14283	0.061476
9604	0.061442
13257	0.061357
13221	0.061357
9648	0.061357
9647	0.061357
9340	0.061357
11127	0.061350
7670	0.061232
1219	0.061081
5020	0.061049
2809	0.060998
13656	0.060952
13655	0.060952
13378	0.060952
9071	0.060952
11099	0.060937
797	0.060936
3737	0.060921
13302	0.060886
7933	0.060871
347	0.060871
1010	0.060785
343	0.060773
9076	0.060753
10614	0.060723
4629	0.060268
6695	0.060252
6313	0.060245
11548	0.060226
12929	0.060224
13006	0.060221
10666	0.060186
1214	0.060124
10318	0.060088
6250	0.059908
9029	0.059830
2982	0.059825
1901	0.059816
1376	0.059802
6652	0.059796
3967	0.059781
781	0.059705
8496	0.059677
11601	0.059656
147	0.059592
565	0.059564
13025	0.059533
13024	0.059533
13022	0.059533
8486	0.059533
3432	0.059481
5639	0.059421
5087	0.059420
8232	0.059390
1470	0.059374
10294	0.059332
11497	0.059325
5357	0.059283
13438	0.059277
1929	0.059273
12936	0.059263
6694	0.059246
10405	0.059230
5006	0.059220
1768	0.059165
6653	0.059107
10990	0.059071
11537	0.059040
9859	0.059022
4691	0.058972
6539	0.058972
5059	0.058966
8490	0.058953
2907	0.058935
3824	0.058935
7932	0.058925
7630	0.058881
1788	0.058871
9087	0.058839
10928	0.058831
10322	0.058831
12146	0.058794
8582	0.058794
7599	0.058794
3695	0.058794
3694	0.058794
3616	0.058794
10674	0.058773
6411	0.058772
2079	0.058764
1231	0.058762
10339	0.058748
11096	0.058731
5047	0.058727
14071	0.058702
5736	0.058698
3758	0.058690
3949	0.058683
1487	0.058669
12080	0.058646
2045	0.058631
2115	0.058626
11384	0.058619
12950	0.058591
503	0.058567
10333	0.058558
12165	0.058538
12413	0.058521
1130	0.058515
7425	0.058502
13945	0.058487
10749	0.058447
8599	0.058439
2332	0.058407
2881	0.058406
3608	0.058397
5088	0.058397
10338	0.058377
3521	0.058306
484	0.058199
1534	0.058196
10822	0.058190
182	0.058155
13602	0.058097
13007	0.058097
5221	0.058062
6573	0.058031
6281	0.058024
10336	0.057997
9047	0.057981
2214	0.057939
7523	0.057929
6587	0.057868
8923	0.057866
1726	0.057785
4932	0.057707
2855	0.057683
11111	0.057676
9354	0.057654
11160	0.057630
275	0.057528
10323	0.057525
1173	0.057500
406	0.057453
14068	0.057425
9827	0.057379
2541	0.057353
6525	0.057332
9872	0.057309
682	0.057281
12238	0.057263
1251	0.057250
9016	0.057247
5500	0.057221
10142	0.057208
13012	0.057199
13004	0.057199
645	0.057190
11737	0.057141
6277	0.057130
13081	0.057129
13080	0.057129
13079	0.057129
13078	0.057129
13074	0.057129
13071	0.057129
13057	0.057129
13049	0.057129
13047	0.057129
13045	0.057129
13043	0.057129
13017	0.057129
12959	0.057129
12904	0.057129
7936	0.057129
4119	0.057109
6035	0.057099
365	0.057097
10809	0.057058
7580	0.057058
1217	0.057043
412	0.057018
2414	0.056986
4158	0.056930
7581	0.056920
5977	0.056912
12778	0.056910
4855	0.056907
11495	0.056893
13456	0.056864
13342	0.056864
12266	0.056864
5074	0.056837
488	0.056829
12069	0.056817
10284	0.056745
2047	0.056690
4588	0.056686
784	0.056625
2905	0.056620
2032	0.056587
8552	0.056563
7745	0.056542
6583	0.056526
6580	0.056526
3047	0.056508
14236	0.056482
13901	0.056482
13601	0.056482
7863	0.056482
7862	0.056482
7859	0.056482
13356	0.056474
4042	0.056463
12143	0.056445
10995	0.056381
7817	0.056361
10881	0.056360
1196	0.056354
10591	0.056341
6260	0.056310
13965	0.056277
10301	0.056277
6579	0.056249
9356	0.056204
3291	0.056196
11010	0.056149
12276	0.056147
14263	0.056147
14002	0.056147
14001	0.056147
14000	0.056147
13998	0.056147
13996	0.056147
6666	0.056147
5064	0.056147
4854	0.056147
4852	0.056147
6217	0.056122
12952	0.056121
12951	0.056121
6034	0.056086
12760	0.056080
3177	0.056076
10501	0.056068
13898	0.056051
10998	0.056001
10997	0.056001
5518	0.055988
4176	0.055982
7958	0.055970
5659	0.055955
13142	0.055924
7430	0.055924
3746	0.055887
4582	0.055887
4710	0.055881
1793	0.055876
513	0.055851
11554	0.055848
6717	0.055826
11289	0.055820
12858	0.055819
13153	0.055809
10171	0.055809
10170	0.055809
13388	0.055774
13387	0.055774
11677	0.055746
4494	0.055746
4493	0.055746
832	0.055711
4690	0.055675
14245	0.055663
11848	0.055638
12941	0.055634
8932	0.055622
2209	0.055576
4149	0.055567
12522	0.055548
4343	0.055530
559	0.055515
6191	0.055456
7420	0.055438
6267	0.055423
6302	0.055423
496	0.055418
5143	0.055387
3540	0.055379
9534	0.055323
9533	0.055323
9529	0.055323
9509	0.055323
1461	0.055303
7860	0.055290
4909	0.055286
135	0.055226
5769	0.055204
3819	0.055190
371	0.055129
13254	0.055027
12934	0.055027
12933	0.055027
12932	0.055027
12081	0.055027
8996	0.055027
8994	0.055027
8992	0.055027
2251	0.055026
3518	0.055022
12935	0.055013
11464	0.054954
11600	0.054925
4998	0.054890
6354	0.054873
4858	0.054866
8425	0.054865
11407	0.054852
1940	0.054831
9333	0.054784
3651	0.054767
9633	0.054755
9630	0.054755
9628	0.054755
9626	0.054755
9625	0.054755
9624	0.054755
9622	0.054755
9621	0.054755
9620	0.054755
9619	0.054755
9618	0.054755
9615	0.054755
9482	0.054755
14003	0.054739
9797	0.054719
2814	0.054712
12931	0.054687
2637	0.054645
158	0.054610
1700	0.054598
12899	0.054582
5455	0.054576
2617	0.054552
5219	0.054528
5835	0.054483
6971	0.054422
11164	0.054396
1372	0.054385
1893	0.054372
12654	0.054369
3611	0.054344
2461	0.054334
11146	0.054311
4175	0.054296
1550	0.054284
3050	0.054227
6967	0.054206
6689	0.054206
13040	0.054201
11902	0.054193
1361	0.054162
5895	0.054112
2754	0.054108
13997	0.054087
7239	0.054079
919	0.054049
6991	0.054035
4196	0.054010
4261	0.053999
5485	0.053993
1564	0.053978
12310	0.053871
7264	0.053824
13589	0.053798
1464	0.053717
179	0.053685
994	0.053677
11721	0.053666
14222	0.053666
13866	0.053666
5824	0.053628
11048	0.053466
