2235	0.317843
2234	0.267894
2233	0.258993
9398	0.256688
9399	0.256598
8353	0.256598
9936	0.254538
9937	0.254250
1180	0.168680
2240	0.129452
6770	0.125888
815	0.125711
546	0.122425
544	0.120111
9865	0.116371
10131	0.114647
805	0.113392
7260	0.113339
625	0.113076
624	0.112938
5648	0.112790
809	0.112057
1608	0.112029
173	0.110173
3664	0.109985
604	0.109653
3938	0.109632
137	0.108722
379	0.108584
12690	0.107538
13594	0.107393
10391	0.106531
77	0.106280
12637	0.105837
9927	0.105675
9896	0.105675
7208	0.105675
6700	0.105466
4197	0.105154
397	0.104834
2482	0.104101
10158	0.104074
799	0.104066
12533	0.103603
10213	0.103427
9008	0.103157
9088	0.103023
3787	0.103022
3519	0.103004
13328	0.102748
8001	0.102488
12350	0.102040
1741	0.101962
13401	0.101919
12349	0.101907
13537	0.101885
11576	0.101842
10005	0.101815
172	0.101785
401	0.101760
10514	0.101695
12689	0.101679
12437	0.101637
3304	0.101596
12750	0.101424
5761	0.101373
176	0.100978
10430	0.100852
10665	0.100786
7638	0.100601
10217	0.100561
10180	0.100561
10161	0.100561
11122	0.100506
13916	0.100422
2483	0.100422
10211	0.100356
6692	0.100346
12618	0.100176
8655	0.100141
7346	0.100075
2900	0.100066
13718	0.099984
1643	0.099392
1168	0.099251
10552	0.099172
3615	0.098945
9418	0.098675
13558	0.098669
2746	0.098004
1137	0.097991
6594	0.096862
1205	0.096239
4718	0.095476
11848	0.095442
12071	0.095441
175	0.095441
1369	0.095019
7878	0.094751
9337	0.094658
2766	0.094577
74	0.094525
11519	0.093793
6418	0.093630
1289	0.093474
10569	0.093226
532	0.093115
9015	0.093036
2874	0.092884
5040	0.092859
4869	0.092654
138	0.092305
6352	0.092228
12232	0.092193
11534	0.092042
10861	0.091852
548	0.090894
131	0.090581
11539	0.090509
1376	0.090340
3530	0.090331
2237	0.090306
11518	0.090031
4081	0.089964
3535	0.089784
11515	0.089354
4434	0.089254
2864	0.089019
126	0.089010
97	0.088810
3305	0.088771
3302	0.088771
12898	0.088625
10591	0.088489
12509	0.088358
4149	0.088317
12400	0.088141
11586	0.088141
5039	0.087945
61	0.087849
5593	0.087834
3049	0.087711
12445	0.087664
10449	0.087554
6469	0.087532
12444	0.087444
3568	0.087078
6660	0.086488
9689	0.086369
319	0.086132
4278	0.086058
2761	0.085950
1316	0.085940
6155	0.085807
10142	0.085635
12508	0.085474
3167	0.085405
1391	0.085398
6348	0.085090
6349	0.085013
545	0.084939
13153	0.084860
10171	0.084860
10170	0.084860
2464	0.084808
2751	0.084693
6915	0.084618
9671	0.084579
2713	0.084314
10713	0.084127
10441	0.083799
11400	0.083648
1681	0.083522
4457	0.083408
12587	0.083076
551	0.083037
762	0.083035
1825	0.082946
105	0.082559
4557	0.082350
4567	0.082268
4565	0.082268
8132	0.082260
5389	0.081843
4488	0.081764
12146	0.081420
8582	0.081420
7599	0.081420
3695	0.081420
3694	0.081420
3616	0.081420
570	0.081311
5683	0.081118
1202	0.081071
5782	0.080932
2252	0.080927
78	0.080879
4694	0.080842
3173	0.080733
11886	0.080717
1844	0.080257
11655	0.080189
3277	0.080088
2499	0.080028
132	0.079990
12701	0.079873
5579	0.079867
9316	0.079863
9395	0.079710
10048	0.079633
13483	0.079446
12720	0.079344
7666	0.079344
529	0.079312
10532	0.079233
8930	0.079077
2771	0.078933
2655	0.078864
139	0.078842
7824	0.078776
2652	0.078745
11872	0.078717
11493	0.078701
2657	0.078568
10798	0.078115
9827	0.078107
2630	0.077957
11463	0.077944
4933	0.077927
10609	0.077682
13420	0.077623
3171	0.077595
4984	0.077519
12194	0.077466
4655	0.077422
2285	0.077375
12378	0.077320
13737	0.077294
13481	0.077285
13477	0.077285
10113	0.077271
6590	0.077262
7028	0.077250
11901	0.077220
8929	0.077217
11642	0.077119
171	0.077051
6007	0.077011
10288	0.076976
1143	0.076835
2362	0.076539
3009	0.076537
3010	0.076498
1642	0.076496
10073	0.076492
3932	0.076484
6453	0.076388
3012	0.076306
601	0.076266
155	0.076099
11929	0.076092
3764	0.076091
846	0.075998
7961	0.075944
2726	0.075818
6332	0.075790
11961	0.075611
5288	0.075562
12177	0.075478
12719	0.075388
2226	0.075302
787	0.075228
7161	0.075158
6012	0.075135
233	0.075104
8357	0.075076
3021	0.075044
5868	0.074977
13379	0.074943
4833	0.074907
13626	0.074871
13425	0.074871
12911	0.074858
2859	0.074843
1499	0.074815
3137	0.074813
2421	0.074770
11540	0.074704
9835	0.074648
11960	0.074642
6947	0.074607
4238	0.074601
1648	0.074583
1373	0.074436
9268	0.074309
3689	0.074102
3267	0.074016
2851	0.073992
10926	0.073933
1508	0.073879
2656	0.073809
7975	0.073800
13240	0.073779
13643	0.073775
13642	0.073775
13590	0.073775
4324	0.073761
2733	0.073678
6123	0.073659
6323	0.073601
1166	0.073524
2778	0.073428
12783	0.073404
10215	0.073404
2411	0.073402
10053	0.073388
11740	0.073257
844	0.073248
2919	0.073211
12567	0.073201
521	0.073165
10535	0.073097
4317	0.073066
4315	0.073066
4311	0.073066
4310	0.073007
7946	0.072932
180	0.072928
3339	0.072885
3671	0.072814
13789	0.072813
11936	0.072699
2862	0.072699
7014	0.072447
5244	0.072436
3691	0.072415
4226	0.072411
12571	0.072394
3692	0.072393
2490	0.072353
2515	0.072347
6326	0.072316
9537	0.072300
3607	0.072292
8250	0.072288
1434	0.072128
4581	0.072002
7531	0.071991
5344	0.071968
937	0.071884
6110	0.071845
6252	0.071835
12896	0.071736
4513	0.071736
6824	0.071725
8211	0.071663
7393	0.071663
12543	0.071654
3518	0.071653
4005	0.071591
2040	0.071581
5849	0.071558
12707	0.071495
2156	0.071456
7520	0.071440
2857	0.071423
6603	0.071365
958	0.071306
6124	0.071300
600	0.071290
7190	0.071256
2910	0.071229
11640	0.071212
10797	0.071132
4563	0.071124
7081	0.071007
14247	0.070904
7875	0.070885
5037	0.070858
8492	0.070839
5836	0.070836
520	0.070645
2447	0.070542
4568	0.070530
5302	0.070501
959	0.070429
6626	0.070402
11804	0.070335
6497	0.070314
2236	0.070199
5388	0.070114
3697	0.070097
2466	0.070023
3248	0.070015
93	0.070011
2266	0.069979
10463	0.069960
4649	0.069944
5872	0.069908
7222	0.069839
2743	0.069808
3551	0.069782
9146	0.069772
3516	0.069764
13744	0.069590
7263	0.069586
12810	0.069543
12811	0.069533
4549	0.069512
11807	0.069407
5751	0.069381
4313	0.069342
6825	0.069338
539	0.069304
2354	0.069215
6950	0.069206
1828	0.069134
1729	0.069106
10278	0.069049
13641	0.069019
12189	0.068991
3200	0.068889
12426	0.068855
6604	0.068821
151	0.068763
10069	0.068753
864	0.068731
3250	0.068728
11766	0.068718
7486	0.068685
13845	0.068634
8371	0.068634
10504	0.068614
9344	0.068614
6857	0.068587
6839	0.068551
4942	0.068515
12024	0.068471
5390	0.068471
12741	0.068470
766	0.068467
895	0.068459
13385	0.068444
12521	0.068429
2026	0.068352
14343	0.068302
14341	0.068302
14304	0.068302
14292	0.068302
14278	0.068302
14273	0.068302
14164	0.068302
7461	0.068302
5957	0.068226
10114	0.068111
5884	0.068077
13743	0.068055
7462	0.067996
7460	0.067996
2784	0.067958
8356	0.067952
13553	0.067914
9420	0.067882
10029	0.067860
7148	0.067849
8052	0.067812
1744	0.067721
2256	0.067713
7762	0.067674
9328	0.067562
1712	0.067548
8249	0.067542
9327	0.067508
11809	0.067446
2868	0.067363
12731	0.067328
11414	0.067225
10303	0.067217
6325	0.067173
422	0.067159
9301	0.067155
7506	0.067130
9252	0.067126
12145	0.067089
10515	0.067089
5956	0.067089
2055	0.067063
399	0.067044
4993	0.066955
11925	0.066905
13618	0.066901
13419	0.066901
6840	0.066901
5050	0.066894
1222	0.066883
11301	0.066874
6945	0.066786
9774	0.066719
6965	0.066719
106	0.066713
12097	0.066687
7233	0.066684
834	0.066651
8079	0.066633
933	0.066620
4561	0.066605
6686	0.066590
4188	0.066572
12588	0.066563
2752	0.066519
8051	0.066454
5619	0.066403
12401	0.066224
5067	0.066151
11223	0.066108
8251	0.065996
12113	0.065975
6460	0.065971
12790	0.065925
3959	0.065896
142	0.065896
11955	0.065816
12438	0.065785
5590	0.065771
10424	0.065754
12596	0.065729
6247	0.065719
6005	0.065710
8962	0.065679
8961	0.065679
3309	0.065679
10851	0.065610
12098	0.065593
3958	0.065593
1507	0.065561
9726	0.065552
12818	0.065474
12599	0.065444
8944	0.065430
10207	0.065394
11350	0.065380
602	0.065372
9746	0.065360
5236	0.065349
3923	0.065337
10885	0.065333
8856	0.065328
3269	0.065328
1169	0.065327
2872	0.065286
11019	0.065277
11928	0.065259
8501	0.065259
2779	0.065259
2756	0.065259
13020	0.065247
10658	0.065243
13272	0.065237
2786	0.065237
2782	0.065237
1505	0.065237
1435	0.065233
2145	0.065219
1095	0.065217
13227	0.065214
1221	0.065208
1007	0.065203
3325	0.065137
6172	0.065131
182	0.065130
11927	0.065127
2759	0.065127
12640	0.065119
1546	0.065065
11502	0.065054
10092	0.065035
1826	0.065022
530	0.064988
400	0.064988
1538	0.064931
3845	0.064926
8401	0.064897
12871	0.064856
10126	0.064855
929	0.064851
4067	0.064833
4065	0.064833
2736	0.064808
5427	0.064761
11132	0.064747
11392	0.064742
4181	0.064716
1046	0.064697
2044	0.064645
13735	0.064642
13728	0.064642
13726	0.064642
9142	0.064636
13196	0.064623
9808	0.064562
549	0.064554
7513	0.064544
10657	0.064534
12213	0.064524
3342	0.064520
9548	0.064516
466	0.064502
2897	0.064478
6931	0.064472
4229	0.064456
5542	0.064444
6446	0.064422
8444	0.064351
2749	0.064341
1302	0.064256
9279	0.064231
2135	0.064220
10205	0.064199
1932	0.064198
2625	0.064158
11777	0.064114
87	0.064103
12638	0.064086
7986	0.064085
8845	0.064067
10186	0.064065
611	0.064064
1865	0.064031
11257	0.064006
11650	0.063987
4211	0.063976
6932	0.063976
1684	0.063961
7093	0.063941
13936	0.063908
3172	0.063895
9281	0.063879
962	0.063848
839	0.063845
4744	0.063840
974	0.063819
9188	0.063810
721	0.063753
12666	0.063682
1140	0.063667
4831	0.063626
2369	0.063584
3633	0.063548
4130	0.063488
2734	0.063476
773	0.063465
11068	0.063465
14205	0.063399
10200	0.063370
1639	0.063333
1134	0.063280
13644	0.063278
5387	0.063267
608	0.063255
3195	0.063254
13278	0.063222
8261	0.063191
11593	0.063138
7030	0.063088
4717	0.063052
9426	0.063023
5488	0.063013
11213	0.063006
4018	0.062997
13113	0.062971
10884	0.062967
146	0.062965
6877	0.062963
10352	0.062950
9009	0.062941
8260	0.062941
3175	0.062925
13734	0.062923
11604	0.062847
4570	0.062843
2762	0.062842
14108	0.062816
4745	0.062816
9507	0.062760
3272	0.062759
10432	0.062755
2760	0.062713
12920	0.062554
2468	0.062554
12590	0.062539
12627	0.062512
7165	0.062479
1895	0.062441
928	0.062410
3610	0.062385
9465	0.062333
3329	0.062256
1264	0.062226
968	0.062178
157	0.062153
867	0.062145
803	0.062132
13223	0.062126
12302	0.062119
4773	0.062119
4772	0.062119
2777	0.062110
2680	0.062089
1753	0.062084
5598	0.061966
743	0.061955
4703	0.061943
11366	0.061932
12052	0.061902
7517	0.061897
4006	0.061874
12577	0.061869
4862	0.061855
1078	0.061817
9757	0.061800
9539	0.061795
4771	0.061731
12174	0.061722
10780	0.061714
10967	0.061711
3776	0.061707
2419	0.061668
11007	0.061619
2329	0.061604
10907	0.061584
11683	0.061581
2306	0.061580
13242	0.061558
13241	0.061558
5595	0.061558
5594	0.061558
12671	0.061553
5800	0.061553
9419	0.061539
6052	0.061532
4491	0.061525
13239	0.061517
9963	0.061499
10021	0.061471
1671	0.061470
71	0.061453
10647	0.061446
1763	0.061421
2983	0.061388
938	0.061329
12755	0.061326
13175	0.061293
8023	0.061263
10867	0.061249
1548	0.061213
8732	0.061202
364	0.061171
12542	0.061138
8711	0.061109
1174	0.061087
10866	0.061049
13964	0.061032
5311	0.061000
4285	0.060920
4280	0.060920
490	0.060874
8710	0.060866
1515	0.060852
10674	0.060837
808	0.060813
2167	0.060794
960	0.060735
502	0.060719
3790	0.060718
12550	0.060652
3667	0.060603
484	0.060532
8738	0.060492
2687	0.060483
7803	0.060475
3394	0.060462
477	0.060454
13859	0.060362
5904	0.060326
11597	0.060317
2408	0.060266
14238	0.060257
14175	0.060257
14044	0.060257
134	0.060241
1491	0.060236
7134	0.060233
2770	0.060232
7650	0.060225
7096	0.060225
5769	0.060224
3080	0.060201
11464	0.060164
468	0.060155
374	0.060143
4490	0.060143
2758	0.060107
3741	0.060079
2441	0.060032
13639	0.060025
10046	0.059938
6081	0.059927
8412	0.059884
10130	0.059884
7645	0.059882
11554	0.059878
10435	0.059855
11842	0.059834
6486	0.059834
12547	0.059831
3832	0.059820
5797	0.059757
2545	0.059743
1191	0.059692
6964	0.059649
5352	0.059648
160	0.059638
3451	0.059630
11843	0.059599
6998	0.059599
581	0.059555
3500	0.059530
5727	0.059525
5394	0.059454
10502	0.059435
167	0.059404
6201	0.059342
10373	0.059329
2971	0.059327
12593	0.059313
12939	0.059240
12084	0.059240
4286	0.059240
4283	0.059240
4220	0.059240
13191	0.059214
11880	0.059192
9455	0.059189
12217	0.059187
12216	0.059187
162	0.059174
2860	0.059142
11603	0.059121
11558	0.059112
9157	0.059079
1611	0.059065
6322	0.059065
9831	0.059008
5592	0.059001
11134	0.058982
8465	0.058966
10968	0.058959
12604	0.058950
13194	0.058949
978	0.058940
1686	0.058927
4489	0.058922
9706	0.058911
3350	0.058832
12496	0.058830
10105	0.058816
14045	0.058792
8552	0.058725
7327	0.058700
9871	0.058696
10648	0.058667
4483	0.058620
307	0.058608
3920	0.058606
1363	0.058557
6577	0.058553
3554	0.058549
14066	0.058548
12763	0.058536
11315	0.058526
10642	0.058512
10537	0.058492
11082	0.058490
5558	0.058461
2923	0.058435
12968	0.058435
6219	0.058435
5874	0.058435
2776	0.058394
1389	0.058353
4068	0.058351
7687	0.058344
2048	0.058343
10436	0.058303
9744	0.058250
616	0.058220
13482	0.058214
5596	0.058195
5250	0.058181
10003	0.058174
10506	0.058165
1045	0.058165
4295	0.058118
990	0.058081
2225	0.058051
5841	0.058051
992	0.058046
2936	0.058030
7504	0.058023
8374	0.058018
2488	0.058009
14008	0.057997
14193	0.057976
14191	0.057976
14185	0.057976
14121	0.057976
13772	0.057976
14184	0.057963
1209	0.057919
12164	0.057899
7922	0.057899
7369	0.057897
5262	0.057858
8731	0.057834
3470	0.057826
11926	0.057823
6930	0.057823
12382	0.057808
7053	0.057765
6416	0.057764
10400	0.057745
13783	0.057741
2922	0.057697
13016	0.057697
4615	0.057682
1633	0.057609
6118	0.057605
2924	0.057596
2921	0.057596
2251	0.057593
7166	0.057568
12970	0.057568
11963	0.057565
12524	0.057561
4318	0.057547
7229	0.057533
2789	0.057528
12636	0.057507
4333	0.057507
11332	0.057499
181	0.057483
1647	0.057450
6588	0.057401
5638	0.057388
11492	0.057373
10684	0.057358
9907	0.057343
3114	0.057332
987	0.057320
10091	0.057305
10081	0.057305
6202	0.057305
358	0.057297
313	0.057280
2737	0.057274
8712	0.057252
8303	0.057252
8302	0.057252
7362	0.057252
6359	0.057252
3424	0.057178
6946	0.057172
3699	0.057153
11709	0.057132
6206	0.057132
12845	0.057070
3115	0.057057
9540	0.057054
11485	0.057052
5459	0.057038
5685	0.057031
4082	0.057007
12575	0.056996
5490	0.056917
10857	0.056913
11419	0.056903
2775	0.056872
12617	0.056826
2029	0.056813
8054	0.056787
6887	0.056782
14220	0.056746
11755	0.056724
11214	0.056723
3474	0.056712
9571	0.056689
12732	0.056674
10551	0.056659
10175	0.056657
10095	0.056656
