5766	0.199209
5765	0.196623
5764	0.196121
3861	0.175119
5733	0.165370
11486	0.156791
12500	0.155111
4819	0.152767
10313	0.152189
10069	0.150629
12499	0.148965
11554	0.146652
12494	0.144121
12552	0.143198
12551	0.142644
10979	0.141590
5041	0.140286
11094	0.139615
2983	0.136171
3859	0.136134
10903	0.135946
9989	0.135831
11474	0.134327
10033	0.133038
3217	0.132684
10068	0.132461
12574	0.132123
9835	0.131300
12571	0.131254
11515	0.131214
8794	0.131117
3726	0.131106
13154	0.130945
10195	0.130761
12804	0.130758
2778	0.130148
12509	0.130010
11351	0.129867
7819	0.128954
9990	0.127852
1507	0.127559
12803	0.127402
4327	0.126677
9946	0.126491
10674	0.124317
6613	0.124109
12401	0.124094
12567	0.123895
5250	0.123109
12809	0.123020
5567	0.122837
6012	0.122437
11485	0.121787
4221	0.121633
7070	0.121379
12659	0.121252
7975	0.121115
8797	0.120705
6499	0.120554
2984	0.119929
11312	0.119925
14063	0.119812
5491	0.119531
11173	0.119295
6877	0.119062
11539	0.119024
8003	0.118930
11343	0.118821
13383	0.118073
12426	0.117929
12580	0.117552
9971	0.117501
12812	0.117436
11419	0.117279
13794	0.117172
12832	0.117028
3764	0.116828
8054	0.116696
6887	0.116674
8622	0.116592
12704	0.116467
1737	0.116390
10573	0.116176
8513	0.116151
7139	0.116077
12595	0.116022
6809	0.116016
12336	0.115971
11555	0.115823
1807	0.115743
10574	0.115443
12638	0.115435
11218	0.115368
12579	0.115358
11510	0.115337
4786	0.115043
7762	0.114959
3633	0.114941
12408	0.114808
12628	0.113969
12701	0.113105
8909	0.112631
12708	0.112392
3630	0.112006
10486	0.111463
10531	0.111066
12627	0.111033
3342	0.110860
12666	0.110794
10927	0.110535
3163	0.110194
10141	0.110170
10035	0.110170
12587	0.109784
11405	0.109615
10784	0.109554
6660	0.109552
12526	0.109522
10263	0.109404
9857	0.109304
12745	0.109272
10492	0.109015
6808	0.108971
2471	0.108818
11497	0.108776
11354	0.108610
12606	0.108578
12789	0.108430
11495	0.108272
12654	0.108251
10485	0.108246
10074	0.108228
12633	0.108176
4279	0.108054
12594	0.107904
12776	0.107840
10860	0.107813
11464	0.107577
11494	0.107564
567	0.107505
12536	0.107221
1538	0.106583
12822	0.106573
569	0.106526
3451	0.106461
12589	0.106305
12630	0.106257
2877	0.106194
7137	0.106002
10048	0.105994
13737	0.105970
10188	0.105901
10353	0.105804
10547	0.105737
2251	0.105125
10075	0.105100
10687	0.104525
12554	0.104308
7055	0.104285
10339	0.104285
12386	0.104280
11491	0.104235
12660	0.104081
9944	0.104013
12792	0.104004
10349	0.103838
10722	0.103777
9720	0.103547
11496	0.103494
12512	0.103154
543	0.103142
12200	0.103103
10613	0.103081
12791	0.102819
12788	0.102819
12550	0.102790
12496	0.102457
10686	0.102250
4655	0.101855
12586	0.101636
12787	0.101594
5751	0.101575
5957	0.101520
10647	0.101447
10852	0.101437
11463	0.101324
10859	0.101221
12621	0.100849
11492	0.100771
13151	0.100404
7535	0.100199
9952	0.100040
11556	0.099934
9992	0.099840
6810	0.099833
11575	0.099753
12610	0.099739
11053	0.099482
12652	0.099455
1957	0.099451
13619	0.099330
3266	0.099284
5109	0.099202
12145	0.099184
10515	0.099184
5956	0.099184
7505	0.098943
9419	0.098547
11518	0.098363
11217	0.098321
3845	0.098273
6098	0.098208
8654	0.098183
8653	0.098183
12597	0.098179
4177	0.098172
4933	0.098022
477	0.097897
7898	0.097856
11522	0.097615
10042	0.097419
11101	0.097379
5887	0.097277
232	0.097244
9948	0.097070
2796	0.097045
11175	0.096990
4295	0.096873
9847	0.096632
12607	0.096632
5608	0.096470
9158	0.096396
12808	0.096353
10483	0.096248
11025	0.096233
10530	0.096133
8397	0.095991
11477	0.095985
11132	0.095874
10714	0.095616
10095	0.095587
10816	0.095564
8401	0.095491
8326	0.095259
6290	0.095147
2878	0.095090
10526	0.094976
7337	0.094853
12505	0.094710
2770	0.094668
323	0.094531
11516	0.094498
11574	0.094485
10658	0.094483
9967	0.094406
7523	0.094395
10441	0.094307
1161	0.094137
2379	0.093928
10717	0.093890
13166	0.093807
12605	0.093798
2007	0.093603
10527	0.093482
12562	0.093423
6614	0.093422
929	0.093412
11007	0.093353
11163	0.093101
8080	0.092694
2799	0.092692
10721	0.092638
5143	0.092440
12588	0.092417
10735	0.092406
1963	0.092342
12637	0.092326
14245	0.092259
3658	0.092227
10657	0.091986
12148	0.091888
7411	0.091888
397	0.091702
5979	0.091541
13765	0.091521
11529	0.091419
11533	0.091397
4339	0.091358
10798	0.091201
10974	0.091127
12609	0.091116
6649	0.091111
6647	0.091111
6646	0.091111
5610	0.091111
11366	0.090749
1015	0.090721
12795	0.090707
10484	0.090701
11184	0.090284
542	0.090277
10464	0.090233
11551	0.090123
13838	0.090006
14109	0.089969
10736	0.089969
9689	0.089927
11037	0.089789
10995	0.089710
3394	0.089676
6289	0.089574
12783	0.089489
10215	0.089489
11301	0.089313
10692	0.089213
11010	0.089202
4611	0.089131
11009	0.088992
9389	0.088964
10046	0.088763
10609	0.088745
2515	0.088579
10111	0.088391
10535	0.088388
12833	0.088377
11162	0.088348
10428	0.087928
10465	0.087808
11019	0.087800
1017	0.087744
6371	0.087730
10831	0.087706
11512	0.087627
529	0.087390
8023	0.087382
10772	0.087360
12506	0.087196
2473	0.087194
4729	0.087157
10682	0.087124
13183	0.087018
11008	0.087018
7135	0.086917
12617	0.086747
2586	0.086719
9950	0.086666
6628	0.086623
11475	0.086575
12409	0.086528
6123	0.086414
12781	0.086384
12619	0.086271
10159	0.086051
8081	0.086023
11315	0.086008
10153	0.085906
10781	0.085894
2237	0.085812
10843	0.085809
11514	0.085706
12649	0.085616
7875	0.085599
6569	0.085476
10318	0.085460
11568	0.085409
1763	0.085404
2705	0.085349
10388	0.085335
2798	0.085296
7645	0.085081
11502	0.085079
12807	0.085033
12710	0.085011
10160	0.084999
12521	0.084989
7817	0.084846
12508	0.084715
12492	0.084661
2800	0.084546
11220	0.084530
7140	0.084508
10851	0.084489
12658	0.084436
11116	0.084436
2795	0.084436
2794	0.084436
11190	0.084435
13841	0.084408
12593	0.084138
10373	0.084125
13165	0.084078
10924	0.084020
11493	0.083937
5512	0.083813
10926	0.083805
8103	0.083705
7030	0.083699
8476	0.083654
10435	0.083601
12773	0.083552
10172	0.083453
11225	0.083387
10909	0.083387
10612	0.083382
6418	0.083226
12608	0.083225
1996	0.082897
9179	0.082745
4188	0.082735
4451	0.082704
3312	0.082667
5969	0.082650
10212	0.082637
12576	0.082588
3746	0.082502
12715	0.082455
4818	0.082394
11540	0.082352
10401	0.082279
9169	0.082233
14017	0.082229
7914	0.082229
1712	0.082140
12604	0.082105
11154	0.082014
12698	0.081953
12525	0.081929
12634	0.081892
5052	0.081814
12592	0.081630
12650	0.081543
7520	0.081437
12821	0.081402
7010	0.081388
11441	0.081361
11513	0.081174
12420	0.081130
12543	0.081096
12829	0.081060
8405	0.081020
2594	0.081017
11290	0.080958
6334	0.080948
10130	0.080919
10351	0.080896
12524	0.080849
3242	0.080841
6911	0.080817
14111	0.080681
14080	0.080681
12599	0.080527
12709	0.080520
11139	0.080500
10985	0.080412
10545	0.080388
10402	0.080339
11350	0.080339
3989	0.080263
6326	0.080193
9915	0.080177
12726	0.080136
8465	0.080117
2933	0.080012
151	0.079964
3491	0.079894
10941	0.079856
9988	0.079850
11394	0.079810
10907	0.079791
10537	0.079780
10136	0.079778
12590	0.079710
5638	0.079626
11045	0.079543
11498	0.079489
4434	0.079488
5970	0.079486
12537	0.079481
11570	0.079435
2876	0.079430
1089	0.079425
13159	0.079417
2582	0.079401
10374	0.079323
7268	0.079306
11213	0.079248
173	0.079233
13361	0.079195
12153	0.079174
4702	0.079174
4712	0.079124
7403	0.079044
10357	0.079026
4935	0.078831
8094	0.078829
11186	0.078814
10220	0.078738
10326	0.078688
1555	0.078638
10797	0.078632
11189	0.078610
13333	0.078587
11185	0.078464
11188	0.078452
11187	0.078452
4699	0.078448
12445	0.078380
10367	0.078350
10432	0.078323
12444	0.078226
10037	0.078165
4488	0.078108
11085	0.078102
11319	0.078053
11318	0.078053
11317	0.078053
11316	0.078053
10395	0.078029
12711	0.078016
2581	0.077964
13799	0.077876
12503	0.077791
8496	0.077744
8887	0.077696
6622	0.077510
494	0.077487
12238	0.077478
12560	0.077435
6138	0.077384
12769	0.077371
11490	0.077356
244	0.077340
2240	0.077314
10783	0.077106
5870	0.077098
3366	0.077074
7463	0.076979
6066	0.076979
11030	0.076968
11029	0.076968
10325	0.076966
11565	0.076945
10015	0.076830
5519	0.076771
12727	0.076711
12538	0.076705
5112	0.076700
8330	0.076695
12696	0.076609
10879	0.076606
10024	0.076602
12626	0.076504
12743	0.076447
8017	0.076345
9951	0.076339
7926	0.076287
4289	0.076239
10288	0.076190
10049	0.076158
11145	0.076141
10738	0.076080
3225	0.076056
12598	0.076048
11400	0.075972
7233	0.075901
10875	0.075868
1468	0.075865
3874	0.075749
5513	0.075707
4472	0.075616
10880	0.075603
7354	0.075564
5230	0.075559
13887	0.075493
9747	0.075444
10521	0.075418
5400	0.075392
12510	0.075389
1733	0.075327
1848	0.075327
5521	0.075313
5834	0.075284
10970	0.075244
3971	0.075223
10525	0.075222
9349	0.075169
1143	0.075110
12897	0.075107
4862	0.075045
5650	0.074953
13375	0.074946
8900	0.074890
1209	0.074888
7596	0.074870
10493	0.074776
910	0.074735
570	0.074670
4588	0.074668
5514	0.074636
14347	0.074622
4206	0.074591
11247	0.074580
8010	0.074559
12602	0.074549
8908	0.074457
12624	0.074454
5522	0.074417
7028	0.074410
11375	0.074385
379	0.074379
10548	0.074369
1669	0.074313
9596	0.074285
5447	0.074270
4324	0.074262
7185	0.074196
3972	0.074196
12410	0.074158
3175	0.074114
10713	0.074103
11068	0.074074
7166	0.074044
14163	0.074036
8344	0.074036
10218	0.074004
11571	0.073938
5534	0.073914
10389	0.073883
5349	0.073861
3795	0.073771
12731	0.073738
11283	0.073704
7818	0.073673
5649	0.073638
10423	0.073621
5350	0.073588
12813	0.073532
12740	0.073496
9961	0.073451
6485	0.073446
4132	0.073435
5236	0.073406
6124	0.073389
8297	0.073322
11320	0.073317
11572	0.073308
11500	0.073300
10350	0.073260
11536	0.073251
12774	0.073246
13164	0.073240
5840	0.073174
4945	0.073166
6535	0.073161
10517	0.072992
12719	0.072940
12548	0.072933
11626	0.072921
10152	0.072920
6105	0.072903
1385	0.072847
12535	0.072827
2783	0.072782
5502	0.072761
11580	0.072666
10904	0.072615
9126	0.072581
11755	0.072550
5565	0.072506
8249	0.072490
11981	0.072480
8037	0.072461
2777	0.072456
10964	0.072425
5254	0.072342
9827	0.072337
109	0.072247
12695	0.072241
4189	0.072152
12514	0.072062
11506	0.072038
2445	0.072036
10911	0.072030
7062	0.071999
12707	0.071924
1570	0.071728
10561	0.071724
11759	0.071716
8051	0.071685
6842	0.071681
12729	0.071676
7961	0.071674
11928	0.071663
8501	0.071663
2779	0.071663
2756	0.071663
12596	0.071636
11201	0.071629
13272	0.071624
2786	0.071624
2782	0.071624
1505	0.071624
10482	0.071595
12629	0.071558
11927	0.071552
2759	0.071552
167	0.071517
10376	0.071479
893	0.071451
10400	0.071435
6655	0.071403
13227	0.071386
11444	0.071257
11417	0.071257
11501	0.071230
11519	0.071230
3173	0.071225
5483	0.071183
13288	0.071158
12810	0.071103
12353	0.071079
12811	0.071072
12836	0.071058
12824	0.071058
10542	0.071056
12513	0.071024
11161	0.071023
10264	0.070994
12515	0.070949
9082	0.070937
6626	0.070891
12742	0.070876
11467	0.070812
4141	0.070762
11082	0.070736
10476	0.070736
7072	0.070719
3304	0.070706
12713	0.070696
12577	0.070643
11521	0.070526
10554	0.070513
6700	0.070506
11564	0.070392
3114	0.070202
10528	0.070161
5244	0.070112
905	0.070105
5221	0.070078
3115	0.070057
10836	0.070034
11179	0.070032
5208	0.069959
10139	0.069932
14091	0.069881
9632	0.069877
10992	0.069829
12702	0.069816
228	0.069813
10520	0.069808
8930	0.069794
10508	0.069789
12760	0.069696
13275	0.069689
13820	0.069559
3938	0.069532
3690	0.069512
11032	0.069401
14238	0.069393
14175	0.069393
14044	0.069393
8656	0.069375
11675	0.069356
7073	0.069356
5798	0.069354
10885	0.069338
11509	0.069269
10477	0.069260
11332	0.069199
11637	0.069168
1018	0.069155
1609	0.069111
11511	0.069105
10425	0.069077
6062	0.069054
11530	0.069051
12398	0.069049
2947	0.069038
3303	0.069021
971	0.068996
778	0.068984
387	0.068973
9958	0.068925
10988	0.068915
10468	0.068906
11431	0.068728
226	0.068688
1093	0.068679
10809	0.068650
7580	0.068650
7973	0.068515
6733	0.068497
3621	0.068455
7581	0.068455
5894	0.068374
9826	0.068356
5985	0.068281
13098	0.068168
11535	0.068122
6570	0.068086
12762	0.067989
11086	0.067987
7289	0.067967
12782	0.067934
5040	0.067906
9848	0.067894
565	0.067869
4787	0.067829
7668	0.067738
9555	0.067712
10691	0.067699
604	0.067668
12397	0.067626
10684	0.067610
8065	0.067499
12725	0.067312
2508	0.067288
13073	0.067265
6941	0.067265
5368	0.067265
4645	0.067257
1749	0.067189
9790	0.067181
10175	0.067157
1218	0.067108
5569	0.067082
8141	0.067065
13441	0.067015
3152	0.067001
7766	0.066968
4349	0.066955
398	0.066881
7327	0.066832
14045	0.066816
5719	0.066657
3300	0.066611
12573	0.066590
5367	0.066575
8390	0.066570
13547	0.066565
13546	0.066565
13368	0.066565
10948	0.066551
3060	0.066551
9757	0.066522
7236	0.066506
10556	0.066490
9435	0.066488
1995	0.066478
4131	0.066438
3120	0.066419
1841	0.066371
10606	0.066348
11476	0.066329
11142	0.066326
10891	0.066315
7081	0.066181
9825	0.066135
4751	0.066118
7555	0.066037
3301	0.066034
12657	0.066032
9964	0.065950
10387	0.065931
1165	0.065860
8107	0.065859
13155	0.065806
1475	0.065717
10884	0.065675
5994	0.065662
3261	0.065571
10470	0.065463
12582	0.065448
1222	0.065386
1506	0.065187
11439	0.065141
12439	0.065096
11387	0.065025
10791	0.065025
10265	0.064995
12712	0.064965
9375	0.064938
4673	0.064934
7524	0.064874
12542	0.064831
7673	0.064777
1221	0.064773
8962	0.064771
8961	0.064771
3309	0.064771
4458	0.064752
9417	0.064747
10890	0.064675
1681	0.064607
8144	0.064604
10758	0.064585
2642	0.064557
8066	0.064555
12835	0.064531
6730	0.064521
2986	0.064419
13413	0.064415
10857	0.064395
10792	0.064390
1294	0.064383
7230	0.064319
10961	0.064288
12739	0.064255
12738	0.064255
12735	0.064255
3037	0.064244
10538	0.064209
10235	0.064101
10780	0.064100
4354	0.064057
12667	0.063931
10358	0.063870
1572	0.063845
11156	0.063832
4192	0.063813
6234	0.063801
12502	0.063756
5670	0.063683
11151	0.063656
7312	0.063646
10424	0.063639
895	0.063613
3763	0.063529
12557	0.063524
11106	0.063494
11105	0.063494
8971	0.063455
10134	0.063415
1994	0.063402
10938	0.063348
12826	0.063282
10557	0.063274
13329	0.063269
4038	0.063249
11191	0.063248
8250	0.063227
9788	0.063205
7014	0.063201
3109	0.063190
1923	0.063169
4397	0.063043
3023	0.063009
6323	0.062999
11923	0.062983
1352	0.062964
13856	0.062920
3272	0.062898
12405	0.062872
10522	0.062855
5897	0.062839
12741	0.062827
11834	0.062799
5568	0.062772
2737	0.062769
10706	0.062750
5492	0.062746
10036	0.062697
9949	0.062679
13677	0.062647
11577	0.062593
10496	0.062553
5488	0.062478
11140	0.062468
10552	0.062435
9088	0.062424
12673	0.062419
6283	0.062415
11167	0.062415
8359	0.062342
8358	0.062342
962	0.062289
8243	0.062287
10500	0.062261
10324	0.062258
1363	0.062114
95	0.062107
10021	0.062101
12668	0.062098
10499	0.062029
2595	0.061999
13175	0.061990
958	0.061968
8336	0.061966
8042	0.061962
14250	0.061941
