2622	0.385544
11761	0.383820
6097	0.383820
5547	0.383820
3595	0.383820
2569	0.383550
1541	0.342574
1542	0.321686
3933	0.286174
1034	0.281295
3854	0.275998
9402	0.269624
3306	0.269036
2613	0.248619
9028	0.226648
9081	0.225371
9078	0.225371
3934	0.215394
1714	0.209108
9645	0.198338
7966	0.192047
1454	0.187476
2616	0.181212
1798	0.174817
11877	0.172391
6018	0.170989
3548	0.164875
1125	0.163719
2682	0.161572
1509	0.154423
9401	0.153396
1327	0.152630
1128	0.151530
13444	0.149418
8726	0.148023
12041	0.147550
12306	0.146440
6369	0.146440
6368	0.146440
609	0.145724
1511	0.142187
7450	0.140100
1129	0.140026
12146	0.139580
8582	0.139580
7599	0.139580
3695	0.139580
3694	0.139580
3616	0.139580
1376	0.139168
1131	0.138483
3594	0.137804
1245	0.133054
9358	0.131218
3615	0.129824
6032	0.129563
3549	0.127869
273	0.127860
3504	0.126067
11873	0.125662
2614	0.123321
1010	0.123251
3476	0.122038
9980	0.121591
11146	0.120616
12266	0.117132
423	0.116941
578	0.116886
9627	0.115886
3195	0.114192
2619	0.113315
3691	0.113211
532	0.113113
7190	0.112741
12058	0.112496
1959	0.111003
13252	0.108694
13251	0.108694
9304	0.107833
12432	0.107759
6702	0.107423
11207	0.106195
13341	0.105898
11358	0.105552
496	0.105332
3473	0.104977
6081	0.104241
307	0.104187
758	0.103452
259	0.103424
6202	0.103369
8712	0.103368
8303	0.103368
8302	0.103368
7362	0.103368
6359	0.103368
3692	0.102975
11096	0.101340
1897	0.100989
8709	0.100873
497	0.100871
6295	0.100591
6557	0.100454
182	0.100370
9726	0.100195
6400	0.100188
4719	0.100172
10666	0.099210
5042	0.098883
1151	0.098504
11231	0.098369
5179	0.098148
11232	0.098052
11230	0.098052
11229	0.098052
11228	0.098052
5180	0.097867
3490	0.097772
2904	0.097279
2228	0.097096
12631	0.096848
1370	0.096752
2617	0.096719
3645	0.096601
3607	0.096044
2226	0.096006
5407	0.095132
13581	0.094676
1997	0.094594
13271	0.094263
4154	0.094233
1929	0.093869
13301	0.093670
5637	0.093619
7301	0.093353
6912	0.093029
13582	0.092925
5410	0.092925
5409	0.092925
5408	0.092925
5356	0.092925
6704	0.092866
12967	0.092842
4158	0.092815
13315	0.092766
6592	0.092587
8710	0.092101
1226	0.092061
2329	0.092017
6149	0.091994
1223	0.091873
9503	0.091870
8732	0.091754
10278	0.091689
8711	0.091677
1514	0.091314
2006	0.091257
14127	0.091209
7939	0.091145
7568	0.090728
13298	0.090318
2629	0.090286
104	0.090279
3772	0.090242
200	0.090179
9514	0.089670
10559	0.089618
2754	0.089308
5296	0.089192
8845	0.087940
12530	0.087804
5782	0.087794
14310	0.087517
4892	0.087511
2499	0.087312
10162	0.087297
12854	0.086991
7124	0.086872
12850	0.086819
6117	0.086511
875	0.086470
1011	0.086116
2174	0.086025
12851	0.085653
2040	0.085622
8412	0.085565
1488	0.085385
155	0.085316
1648	0.085175
7560	0.085036
3471	0.085017
2014	0.084990
7433	0.084922
13300	0.084893
7574	0.084871
12031	0.084473
1483	0.084268
1563	0.083973
1388	0.083952
2626	0.083684
2618	0.083675
2122	0.083616
6026	0.083531
4005	0.083520
102	0.083420
3689	0.083172
934	0.083096
13874	0.083054
4679	0.083047
6698	0.082947
8625	0.082915
2414	0.082523
2783	0.082507
2531	0.081939
1936	0.081928
1810	0.081921
787	0.081681
4720	0.081624
8441	0.081375
8440	0.081375
2814	0.081340
8661	0.081284
142	0.081155
1901	0.081148
12267	0.081146
5126	0.081146
3480	0.081137
9613	0.081121
539	0.081096
1937	0.080554
4678	0.080502
2561	0.080497
3841	0.080413
1379	0.080259
9578	0.080228
10859	0.080142
7617	0.080025
774	0.080013
137	0.079975
10303	0.079820
7074	0.079794
13025	0.079789
13024	0.079789
13022	0.079789
8486	0.079789
1490	0.079740
1434	0.079707
7263	0.079591
1169	0.079496
9827	0.079490
6344	0.079426
9584	0.079228
13302	0.078989
5302	0.078880
7893	0.078685
1078	0.078627
9612	0.078445
1163	0.078397
1148	0.078237
7394	0.078231
9437	0.078223
2452	0.078159
2018	0.078114
3470	0.078007
6631	0.077934
11992	0.077897
4179	0.077621
521	0.077607
9397	0.077489
11655	0.077348
12071	0.077229
175	0.077229
11708	0.076931
12304	0.076902
412	0.076662
11656	0.076636
438	0.076584
5439	0.076575
1482	0.076529
71	0.076500
2789	0.076442
3249	0.076409
2755	0.076350
3503	0.076347
6110	0.076285
1231	0.076252
1170	0.075935
233	0.075906
1501	0.075874
2478	0.075837
12958	0.075837
12870	0.075837
12846	0.075837
12159	0.075837
12158	0.075837
1484	0.075837
12838	0.075832
9897	0.075761
1492	0.075630
2868	0.075443
6885	0.075425
12208	0.075419
1837	0.075351
1494	0.075283
3677	0.075182
10205	0.074948
8604	0.074871
2015	0.074747
9644	0.074612
9941	0.074569
9352	0.074569
7559	0.074569
3545	0.074559
5459	0.074552
611	0.074519
6603	0.074507
8979	0.074466
3081	0.074349
4888	0.074333
1130	0.074247
5257	0.074225
12714	0.074117
2293	0.074102
4761	0.074095
10142	0.074026
5311	0.074010
5182	0.073885
6604	0.073708
1510	0.073617
9610	0.073542
5357	0.073411
2502	0.073345
10518	0.073340
3544	0.073256
1691	0.073121
1922	0.073051
8929	0.072821
1520	0.072735
3292	0.072703
1893	0.072649
1889	0.072627
831	0.072498
9715	0.072480
12845	0.072433
8022	0.072360
832	0.072342
7090	0.072313
11979	0.072295
5183	0.072274
3741	0.072244
5745	0.072163
9609	0.072137
9580	0.072137
5234	0.072112
13153	0.072085
10171	0.072085
10170	0.072085
13914	0.072043
8296	0.072043
9804	0.072011
6074	0.071919
9537	0.071769
1500	0.071720
1800	0.071664
12064	0.071652
5456	0.071647
1284	0.071606
12113	0.071421
2973	0.071381
9623	0.071333
12160	0.071278
1495	0.071278
176	0.071222
5287	0.071152
5404	0.071112
6856	0.070964
1092	0.070931
6501	0.070864
11191	0.070651
10369	0.070625
1642	0.070517
2812	0.070486
10302	0.070471
6944	0.070435
541	0.070427
6025	0.070415
565	0.070377
9616	0.070302
10682	0.070245
8676	0.070221
106	0.070153
10879	0.070145
2441	0.070075
1377	0.070058
962	0.070046
3610	0.070012
11683	0.069982
11367	0.069908
5059	0.069770
12136	0.069761
1502	0.069552
2397	0.069324
174	0.069276
5067	0.069249
1043	0.069202
5300	0.069086
9736	0.068998
7879	0.068934
4891	0.068925
6020	0.068925
2965	0.068892
9008	0.068816
3477	0.068751
10790	0.068740
5781	0.068717
7488	0.068648
10396	0.068637
3519	0.068606
10318	0.068579
9465	0.068527
3568	0.068448
3705	0.068429
406	0.068213
9633	0.068179
9630	0.068179
9628	0.068179
9626	0.068179
9625	0.068179
9624	0.068179
9622	0.068179
9621	0.068179
9620	0.068179
9619	0.068179
9618	0.068179
9615	0.068179
9482	0.068179
2872	0.068172
10880	0.068105
11809	0.068091
7420	0.068067
1958	0.068039
11627	0.067977
891	0.067950
2623	0.067949
2116	0.067803
4485	0.067768
467	0.067721
10535	0.067687
2520	0.067646
9238	0.067603
237	0.067484
2860	0.067446
1636	0.067445
997	0.067361
716	0.067357
13299	0.067330
11848	0.067315
7968	0.067276
13851	0.067253
13	0.067171
12257	0.067089
13021	0.067075
5405	0.067075
9611	0.067075
145	0.067063
2213	0.067053
96	0.067009
14151	0.066931
12350	0.066916
12865	0.066904
7553	0.066847
2001	0.066835
6281	0.066817
12961	0.066785
4554	0.066785
13240	0.066762
12939	0.066734
12084	0.066734
4286	0.066734
4283	0.066734
4220	0.066734
12937	0.066718
2466	0.066712
12349	0.066684
534	0.066644
1132	0.066588
12863	0.066556
9531	0.066463
2451	0.066386
9436	0.066374
158	0.066361
2828	0.066357
3277	0.066037
1979	0.065946
128	0.065890
414	0.065813
7468	0.065813
2967	0.065813
12386	0.065745
9724	0.065721
2749	0.065617
10713	0.065611
6997	0.065592
309	0.065584
2145	0.065556
1489	0.065533
11491	0.065517
111	0.065474
10399	0.065340
1040	0.065293
13913	0.065184
8298	0.065184
1386	0.065141
1662	0.065134
10581	0.065121
3567	0.065083
1254	0.064938
11803	0.064908
9585	0.064875
1493	0.064873
10108	0.064840
2251	0.064819
9252	0.064808
9325	0.064786
1383	0.064785
10001	0.064754
4128	0.064745
1164	0.064738
9122	0.064656
12720	0.064507
7666	0.064507
3500	0.064506
5111	0.064451
11722	0.064427
13050	0.064426
9608	0.064379
11019	0.064300
4459	0.064266
1852	0.064258
571	0.064242
1000	0.064238
9614	0.064209
2971	0.064127
9582	0.064102
6971	0.064012
6942	0.064002
978	0.063918
11806	0.063909
4746	0.063889
2461	0.063860
10700	0.063839
4110	0.063800
2416	0.063691
6172	0.063679
726	0.063650
10204	0.063650
11769	0.063619
3910	0.063553
530	0.063525
400	0.063525
1870	0.063442
8628	0.063423
9179	0.063363
4753	0.063329
10537	0.063298
6351	0.063286
11907	0.063269
9477	0.063265
6199	0.063222
3949	0.063208
9481	0.063202
9479	0.063202
9478	0.063202
9476	0.063202
9475	0.063202
9473	0.063202
9472	0.063202
9471	0.063202
9470	0.063202
9468	0.063202
9345	0.063202
8667	0.063202
8665	0.063202
8664	0.063202
8663	0.063202
8662	0.063202
8630	0.063202
8629	0.063202
8627	0.063202
8626	0.063202
10789	0.063152
11308	0.063143
3155	0.063091
2758	0.062987
1081	0.062984
12411	0.062970
10163	0.062957
9375	0.062833
12803	0.062823
3794	0.062756
3667	0.062750
126	0.062723
1635	0.062701
12107	0.062687
9343	0.062666
10206	0.062596
4774	0.062582
1989	0.062558
171	0.062557
2123	0.062484
6623	0.062452
10159	0.062422
1459	0.062375
5734	0.062366
11099	0.062339
10939	0.062309
12853	0.062280
1638	0.062277
1749	0.062264
1755	0.062199
11681	0.062119
12032	0.062091
9188	0.062077
11926	0.062058
4130	0.062038
12515	0.061988
5665	0.061949
2453	0.061818
10482	0.061793
10247	0.061729
11593	0.061698
4571	0.061560
12871	0.061498
1975	0.061458
10160	0.061379
101	0.061356
14342	0.061338
10915	0.061290
3611	0.061243
1321	0.061207
2257	0.061188
1768	0.061187
2393	0.061154
630	0.061104
9797	0.061098
5590	0.061032
7062	0.061002
1480	0.060974
11531	0.060957
977	0.060952
1380	0.060884
12083	0.060870
1647	0.060759
61	0.060734
2356	0.060715
12936	0.060635
11132	0.060567
974	0.060530
11027	0.060497
7661	0.060421
3461	0.060335
741	0.060329
7142	0.060306
2905	0.060269
11257	0.060268
11104	0.060243
2266	0.060167
2219	0.060156
5482	0.060138
1382	0.060128
11464	0.060121
4126	0.060117
10571	0.060107
12807	0.060068
4717	0.059920
9790	0.059814
4561	0.059807
6322	0.059756
9923	0.059735
12269	0.059723
2214	0.059689
10061	0.059679
11935	0.059638
9586	0.059637
14245	0.059627
8052	0.059594
2306	0.059548
13242	0.059533
13241	0.059533
5595	0.059533
5594	0.059533
4491	0.059518
13245	0.059515
9316	0.059510
12547	0.059510
3913	0.059509
12034	0.059468
13239	0.059465
5143	0.059458
1391	0.059453
750	0.059404
1481	0.059357
3475	0.059350
12310	0.059319
4322	0.059248
2012	0.059245
8229	0.059213
5849	0.059183
5201	0.059172
5272	0.059137
12792	0.059103
12874	0.059090
2864	0.059075
1941	0.059067
13639	0.058953
9198	0.058937
4316	0.058898
9539	0.058897
2917	0.058896
5465	0.058888
2026	0.058884
12694	0.058879
6872	0.058800
5598	0.058782
728	0.058740
1499	0.058729
1781	0.058727
3662	0.058657
10240	0.058634
5697	0.058633
10000	0.058612
989	0.058586
1726	0.058573
238	0.058429
12791	0.058421
12788	0.058421
6614	0.058407
10455	0.058372
13644	0.058341
9555	0.058280
325	0.058271
3601	0.058229
5089	0.058214
2011	0.058152
869	0.058110
108	0.058109
3530	0.058099
2866	0.058074
11507	0.058026
2722	0.057959
4533	0.057910
999	0.057886
8132	0.057877
12793	0.057850
10107	0.057847
10286	0.057847
10094	0.057846
12940	0.057759
7233	0.057745
9986	0.057741
2055	0.057733
2778	0.057699
2775	0.057688
5592	0.057683
12740	0.057679
399	0.057676
1433	0.057662
12238	0.057651
7327	0.057625
11862	0.057602
9029	0.057493
7830	0.057485
2201	0.057454
1381	0.057439
5123	0.057436
11246	0.057416
132	0.057387
5264	0.057357
3248	0.057353
7388	0.057342
8051	0.057252
12543	0.057222
10594	0.057181
9740	0.057178
4612	0.057171
11569	0.057163
2817	0.057145
3754	0.057070
7239	0.057048
6554	0.056999
5038	0.056990
2752	0.056946
5688	0.056820
11151	0.056820
12061	0.056797
12111	0.056794
6446	0.056790
2434	0.056761
7252	0.056742
13234	0.056700
74	0.056684
11474	0.056665
11196	0.056635
11642	0.056628
3535	0.056593
9922	0.056589
10175	0.056581
1286	0.056515
13244	0.056475
3312	0.056468
7061	0.056466
2815	0.056461
2395	0.056433
8079	0.056397
3352	0.056380
3347	0.056380
3499	0.056374
10244	0.056367
10511	0.056353
9733	0.056290
3279	0.056267
10130	0.056228
9007	0.056202
9957	0.056187
2290	0.056170
11047	0.056141
2399	0.056140
3926	0.056097
2175	0.056093
7980	0.056077
6019	0.056072
975	0.056033
6594	0.056027
33	0.055964
5186	0.055925
12640	0.055916
2413	0.055905
10947	0.055882
12355	0.055875
10945	0.055842
9550	0.055831
4808	0.055772
1735	0.055752
2532	0.055750
1143	0.055748
11925	0.055716
10183	0.055673
10139	0.055658
5625	0.055581
3948	0.055544
4301	0.055536
5037	0.055522
10234	0.055485
12139	0.055454
6287	0.055426
2432	0.055420
11368	0.055397
1374	0.055393
4483	0.055365
79	0.055362
10831	0.055361
2966	0.055329
10288	0.055310
9338	0.055295
4694	0.055281
12860	0.055233
12859	0.055230
8019	0.055226
5277	0.055216
890	0.055196
5492	0.055131
7030	0.055110
14232	0.055106
4435	0.055106
2867	0.055100
10433	0.055092
12719	0.055064
2079	0.055054
1296	0.054985
12023	0.054983
5125	0.054944
1371	0.054934
2784	0.054919
507	0.054915
2813	0.054879
410	0.054873
11323	0.054871
2851	0.054858
2062	0.054798
3169	0.054772
10256	0.054739
3242	0.054730
14253	0.054678
10583	0.054652
8438	0.054644
12237	0.054596
8439	0.054596
7435	0.054596
7180	0.054596
3669	0.054596
3749	0.054426
2647	0.054414
9469	0.054367
5258	0.054315
5230	0.054314
13720	0.054288
10058	0.054288
5232	0.054288
5231	0.054288
1396	0.054283
7385	0.054254
3060	0.054249
12653	0.054214
2117	0.054202
8000	0.054114
2816	0.054106
13393	0.054095
823	0.054094
2398	0.054087
10092	0.054073
1880	0.054033
11776	0.054028
6022	0.054028
4238	0.054016
9631	0.054013
633	0.053899
1736	0.053886
3825	0.053855
3390	0.053836
9016	0.053834
12383	0.053820
13880	0.053818
2769	0.053796
1877	0.053789
1875	0.053789
5627	0.053783
13112	0.053769
5999	0.053689
5998	0.053689
1008	0.053676
9606	0.053652
11048	0.053650
7360	0.053628
1249	0.053625
13495	0.053596
5155	0.053595
12382	0.053559
4041	0.053533
9977	0.053526
1933	0.053490
12780	0.053455
8804	0.053453
8767	0.053453
8766	0.053453
8764	0.053453
8743	0.053453
8742	0.053453
8741	0.053453
7685	0.053453
7476	0.053453
6637	0.053453
6606	0.053453
10222	0.053410
2751	0.053401
5220	0.053398
1496	0.053381
12581	0.053374
581	0.053355
371	0.053319
1764	0.053314
6913	0.053277
12455	0.053272
8552	0.053263
2360	0.053245
11955	0.053235
1378	0.053227
5993	0.053210
7679	0.053208
8731	0.053197
1385	0.053186
97	0.053175
8805	0.053157
8765	0.053157
11307	0.053121
12623	0.053087
11400	0.053075
12117	0.053016
7345	0.053016
9695	0.052973
8540	0.052973
6752	0.052973
6751	0.052973
6750	0.052973
936	0.052951
13282	0.052937
7707	0.052936
2543	0.052930
7868	0.052902
8921	0.052889
11679	0.052846
