4147	0.266798
1733	0.190616
12063	0.133858
5512	0.127399
11145	0.125647
10758	0.124606
10757	0.120730
5514	0.120564
5513	0.114296
7013	0.113984
1746	0.111642
5650	0.105826
10389	0.099590
2594	0.098771
12560	0.096983
5649	0.096047
11143	0.093631
6138	0.093572
11626	0.093017
12525	0.092790
2174	0.091638
5271	0.090637
10956	0.089206
6804	0.089198
2634	0.089180
10920	0.088534
11094	0.088495
4536	0.088482
3323	0.087979
11371	0.087761
11370	0.087761
10955	0.087761
3324	0.087573
4787	0.086726
10921	0.086234
5491	0.086033
11033	0.085867
958	0.085833
11175	0.085734
4534	0.085478
388	0.085203
12832	0.085130
11521	0.083035
5430	0.082689
13121	0.082448
4789	0.082448
4788	0.082448
4568	0.082196
959	0.082171
9992	0.081816
3883	0.081659
6497	0.081642
11447	0.081292
12408	0.081269
971	0.081184
10361	0.080912
7817	0.079769
3442	0.079330
960	0.078423
11457	0.078253
5061	0.077388
13638	0.076388
10978	0.076279
10722	0.076210
11556	0.076194
8943	0.075852
3633	0.075816
7929	0.075691
11448	0.075593
3152	0.074931
4530	0.074809
10556	0.074523
10496	0.074519
5110	0.074266
5994	0.074246
13838	0.074067
2595	0.073916
9849	0.073607
1823	0.073588
10557	0.073556
14091	0.073515
5885	0.073503
10376	0.073191
14250	0.073118
10558	0.073118
10555	0.073118
6968	0.073118
8042	0.073084
4535	0.072950
10898	0.072947
8065	0.072906
5651	0.072864
4531	0.072695
7395	0.072685
12502	0.072590
5995	0.072394
387	0.072222
13579	0.072218
11039	0.072218
8958	0.072176
3851	0.071802
14093	0.071763
8066	0.071275
12594	0.071240
14111	0.071193
14080	0.071193
11572	0.071097
1506	0.071067
10911	0.070857
7962	0.070835
10050	0.070804
6727	0.070697
8346	0.070670
8345	0.070670
10499	0.070481
10547	0.070399
12597	0.070312
7070	0.070270
9423	0.070033
8133	0.070017
14249	0.070010
2175	0.069848
8794	0.069605
14291	0.069573
1824	0.069484
10523	0.069462
3746	0.069172
13167	0.068621
10122	0.068621
8137	0.068577
5854	0.068081
3332	0.067985
2695	0.067946
11403	0.067845
6148	0.067845
11176	0.067771
11242	0.067744
7022	0.067708
11415	0.067582
11510	0.067569
4367	0.067569
4532	0.067512
11280	0.067465
6205	0.067460
12286	0.067454
11137	0.067426
10042	0.067319
9596	0.067273
5579	0.067239
11211	0.067233
10899	0.067209
10156	0.067144
13095	0.067128
6969	0.067128
12431	0.067126
957	0.067054
954	0.067054
24	0.067041
10088	0.066968
8622	0.066953
391	0.066934
8144	0.066920
3764	0.066782
11313	0.066725
7388	0.066704
10901	0.066645
9958	0.066642
11575	0.066629
10212	0.066600
5178	0.066564
10554	0.066554
10977	0.066526
4349	0.066497
8477	0.066462
2473	0.066387
592	0.066368
638	0.066304
9497	0.066181
8091	0.066031
10624	0.065994
6234	0.065882
12626	0.065856
10741	0.065814
10976	0.065782
11088	0.065683
11453	0.065683
11452	0.065683
11451	0.065683
11449	0.065683
11445	0.065683
11427	0.065683
11391	0.065683
11388	0.065683
11331	0.065683
11327	0.065683
11268	0.065683
7615	0.065317
12585	0.065001
9909	0.064987
7926	0.064930
2949	0.064866
7094	0.064818
535	0.064807
12161	0.064806
11870	0.064806
11794	0.064806
11204	0.064806
11203	0.064806
6144	0.064806
6143	0.064806
6142	0.064806
6141	0.064806
13566	0.064771
4823	0.064692
5582	0.064662
10426	0.064660
11007	0.064441
2665	0.064270
10402	0.064220
10349	0.064035
7024	0.064034
11189	0.063919
11188	0.063912
11187	0.063912
10682	0.063878
6737	0.063866
10141	0.063864
10035	0.063864
13165	0.063824
4221	0.063821
8297	0.063811
11486	0.063726
12153	0.063606
4702	0.063606
14187	0.063567
9519	0.063219
10658	0.063133
23	0.063126
10657	0.062974
1584	0.062946
5608	0.062869
3120	0.062833
10937	0.062752
10751	0.062730
12512	0.062676
10692	0.062411
4973	0.062208
10401	0.062134
10264	0.062125
10903	0.062067
13575	0.062055
7745	0.062024
1419	0.061990
12787	0.061946
10686	0.061902
6471	0.061760
6613	0.061640
6140	0.061564
6139	0.061564
12660	0.061358
12238	0.061347
10687	0.061317
2173	0.061250
12747	0.061213
11537	0.061210
10025	0.061185
12734	0.061177
12794	0.061129
3418	0.061096
6340	0.061092
13023	0.061011
6728	0.060971
5580	0.060970
11293	0.060945
13685	0.060920
13684	0.060920
13683	0.060920
13565	0.060920
5912	0.060723
12836	0.060698
12824	0.060698
10927	0.060687
14060	0.060630
7898	0.060590
323	0.060540
13609	0.060469
12757	0.060431
7267	0.060342
10834	0.060293
13374	0.060138
13373	0.060138
10127	0.060111
9960	0.060103
13111	0.060091
13109	0.060091
9959	0.060091
11589	0.060064
13324	0.060000
7273	0.059817
6366	0.059809
10125	0.059800
1113	0.059725
6370	0.059647
8890	0.059636
4765	0.059553
10641	0.059529
12436	0.059479
2269	0.059477
6809	0.059410
12147	0.059401
9796	0.059338
4786	0.059190
6649	0.059168
6647	0.059168
6646	0.059168
5610	0.059168
5188	0.059114
11539	0.059068
12237	0.059064
3597	0.059064
13995	0.058767
11818	0.058721
13820	0.058675
12821	0.058637
8730	0.058525
12795	0.058488
13748	0.058441
7819	0.058329
11677	0.058236
4494	0.058236
4493	0.058236
7825	0.058178
5362	0.058128
5361	0.058128
5360	0.058128
3005	0.058029
10739	0.057997
10788	0.057997
10777	0.057997
10759	0.057997
12541	0.057957
6361	0.057935
8596	0.057878
10268	0.057864
5888	0.057830
4264	0.057666
10949	0.057648
9972	0.057540
11136	0.057469
11312	0.057460
11374	0.057348
11455	0.057343
11426	0.057343
6100	0.057259
5585	0.057215
3203	0.057195
10691	0.057176
1420	0.057062
7068	0.057054
10965	0.057046
14243	0.057039
3593	0.057026
3753	0.056991
10046	0.056877
616	0.056869
12421	0.056716
10269	0.056716
10266	0.056716
10262	0.056716
10261	0.056716
10259	0.056661
7673	0.056658
7137	0.056613
10267	0.056589
5250	0.056537
10353	0.056515
14431	0.056492
8148	0.056492
6087	0.056469
10548	0.056445
12381	0.056383
4818	0.056378
13472	0.056335
1120	0.056291
5664	0.056285
6560	0.056212
10388	0.056152
10666	0.056126
11747	0.056118
13247	0.056034
9535	0.056017
9530	0.056017
9527	0.056017
9526	0.056017
9525	0.056017
9524	0.056017
9523	0.056017
9521	0.056017
9517	0.056017
9516	0.056017
9515	0.056017
9513	0.056017
9511	0.056017
9510	0.056017
9243	0.056017
9161	0.056017
6099	0.056017
9532	0.056005
1119	0.055992
6714	0.055960
5583	0.055943
7368	0.055934
967	0.055844
8134	0.055741
10045	0.055659
3841	0.055630
11808	0.055564
4497	0.055558
9080	0.055511
9021	0.055498
2267	0.055474
11225	0.055452
10909	0.055452
5584	0.055441
12532	0.055409
4226	0.055396
6628	0.055243
5254	0.055222
408	0.055117
4589	0.055096
12880	0.055095
12698	0.054930
4673	0.054905
13657	0.054898
1719	0.054898
5670	0.054828
221	0.054823
10852	0.054808
4980	0.054790
10609	0.054746
12457	0.054696
12456	0.054696
12450	0.054696
12443	0.054696
9798	0.054696
8661	0.054672
9114	0.054630
4076	0.054625
10491	0.054582
11237	0.054573
10048	0.054534
10476	0.054497
2182	0.054465
9034	0.054309
3266	0.054230
10740	0.054204
13449	0.054182
10916	0.054104
11961	0.054073
11082	0.054052
14063	0.054009
7268	0.053965
10049	0.053949
11485	0.053918
10684	0.053890
12769	0.053878
13794	0.053874
8654	0.053872
8653	0.053872
2642	0.053865
11431	0.053864
10351	0.053826
115	0.053804
6808	0.053724
10833	0.053646
13649	0.053627
2052	0.053578
12727	0.053540
9534	0.053456
9533	0.053456
9529	0.053456
9509	0.053456
3845	0.053416
5323	0.053335
10270	0.053270
9961	0.053191
10531	0.053176
6664	0.053167
7505	0.053140
9847	0.053108
12625	0.053108
12426	0.053105
11173	0.053098
1707	0.053086
12704	0.053078
12804	0.053026
12680	0.052995
13805	0.052962
5132	0.052962
6935	0.052962
10486	0.052946
10857	0.052866
14233	0.052839
1136	0.052839
13303	0.052691
11121	0.052669
14317	0.052599
529	0.052517
6922	0.052459
12650	0.052368
11960	0.052365
10780	0.052314
4537	0.052299
4279	0.052123
9375	0.052106
7321	0.052103
4191	0.052096
10236	0.052060
7553	0.051990
12701	0.051934
12552	0.051808
12621	0.051747
956	0.051744
4295	0.051722
9504	0.051667
10511	0.051602
7372	0.051567
12949	0.051566
12947	0.051566
12946	0.051566
12945	0.051566
12943	0.051566
12942	0.051566
10432	0.051551
10500	0.051521
13269	0.051483
1121	0.051455
5945	0.051388
10714	0.051372
10943	0.051352
10226	0.051310
9169	0.051278
11032	0.051270
10650	0.051267
13166	0.051193
5502	0.051184
9915	0.051165
11129	0.051141
10890	0.051067
10530	0.051064
5109	0.050936
9650	0.050935
3716	0.050844
11394	0.050802
10612	0.050780
9649	0.050693
6614	0.050639
10891	0.050623
2663	0.050613
9916	0.050581
9880	0.050581
9842	0.050581
9838	0.050581
9822	0.050581
9372	0.050581
8791	0.050581
8790	0.050581
8768	0.050581
9948	0.050527
5346	0.050495
9764	0.050486
9763	0.050459
9759	0.050459
9758	0.050459
8717	0.050459
8716	0.050459
8715	0.050459
4376	0.050392
10305	0.050374
11368	0.050353
11151	0.050323
9123	0.050218
611	0.050204
2674	0.050164
8186	0.050092
11571	0.050068
10864	0.050027
2521	0.050014
8775	0.050000
9520	0.049973
3065	0.049957
3412	0.049865
26	0.049827
12244	0.049812
3004	0.049798
12492	0.049795
13068	0.049781
13067	0.049781
13066	0.049781
13065	0.049781
13064	0.049781
13063	0.049781
13062	0.049781
13056	0.049781
13053	0.049781
13046	0.049781
13044	0.049781
12971	0.049781
12921	0.049781
8057	0.049781
9716	0.049663
7284	0.049621
12499	0.049607
11838	0.049556
7283	0.049556
14254	0.049393
8422	0.049371
5954	0.049357
5747	0.049192
12613	0.049139
3763	0.049054
12576	0.049022
11234	0.048947
1393	0.048902
3818	0.048856
6564	0.048831
14005	0.048795
2495	0.048795
12607	0.048776
12282	0.048731
6910	0.048706
7152	0.048652
12655	0.048633
4495	0.048631
7385	0.048533
969	0.048524
13694	0.048395
13971	0.048332
7804	0.048332
2494	0.048332
14057	0.048318
12739	0.048308
12738	0.048308
12735	0.048308
3848	0.048146
3505	0.048058
4194	0.048027
11334	0.047983
13129	0.047962
6061	0.047962
2382	0.047953
11934	0.047949
8836	0.047946
10856	0.047944
8343	0.047927
3586	0.047917
12749	0.047905
12748	0.047905
9743	0.047852
6430	0.047842
1123	0.047842
11043	0.047835
5613	0.047717
2995	0.047688
4872	0.047677
12636	0.047676
4	0.047631
565	0.047622
11902	0.047615
5953	0.047611
10471	0.047599
13333	0.047541
13396	0.047477
13338	0.047477
5220	0.047457
12658	0.047417
11116	0.047417
2795	0.047417
2794	0.047417
2800	0.047359
3451	0.047321
11467	0.047309
10007	0.047257
3630	0.047220
10974	0.047158
12834	0.047140
12828	0.047140
7159	0.047133
277	0.047118
11434	0.047111
13090	0.047088
10731	0.047088
10174	0.047066
11497	0.047043
11353	0.047027
10715	0.047027
10732	0.046984
3260	0.046976
3207	0.046940
3151	0.046892
3553	0.046870
10321	0.046760
5112	0.046758
8008	0.046730
12109	0.046716
5948	0.046716
9943	0.046693
13058	0.046663
7945	0.046663
11492	0.046646
10526	0.046628
5213	0.046621
3734	0.046597
13162	0.046501
10123	0.046501
10625	0.046474
4713	0.046470
25	0.046454
12612	0.046448
5871	0.046441
4734	0.046416
5863	0.046396
5957	0.046363
11207	0.046283
4482	0.046277
6176	0.046247
11358	0.046176
6062	0.046151
10694	0.046102
13490	0.046065
13632	0.046065
13631	0.046065
5495	0.046033
5958	0.046009
11297	0.045981
10060	0.045980
4365	0.045980
10032	0.045939
10219	0.045909
634	0.045826
4366	0.045808
876	0.045774
1234	0.045731
10560	0.045712
7088	0.045643
10889	0.045628
13633	0.045621
12145	0.045529
10515	0.045529
5956	0.045529
2118	0.045523
10135	0.045516
13151	0.045501
11365	0.045499
11270	0.045499
10957	0.045499
7144	0.045499
1115	0.045487
1108	0.045407
10606	0.045355
13551	0.045351
1363	0.045325
12803	0.045284
232	0.045265
8	0.045235
11354	0.045177
10253	0.045167
9528	0.045160
10482	0.045046
9944	0.044971
12835	0.044861
5586	0.044814
13547	0.044783
13546	0.044783
13368	0.044783
13441	0.044749
5427	0.044719
9989	0.044697
13451	0.044644
13450	0.044644
13410	0.044644
11079	0.044608
11078	0.044608
10999	0.044608
8650	0.044608
9917	0.044596
10441	0.044595
10702	0.044558
2381	0.044552
6974	0.044530
14242	0.044525
13816	0.044525
2885	0.044525
296	0.044516
5486	0.044513
11473	0.044447
7420	0.044414
11012	0.044352
7826	0.044304
10462	0.044281
11498	0.044259
10456	0.044239
11793	0.044221
7272	0.044202
2095	0.044199
1133	0.044188
3621	0.044167
7306	0.044165
3819	0.044115
7101	0.044068
2207	0.044005
2471	0.043989
12388	0.043910
8108	0.043886
5717	0.043877
9449	0.043871
7110	0.043810
11522	0.043797
5426	0.043767
11468	0.043743
1924	0.043676
9338	0.043663
12644	0.043583
1218	0.043531
12709	0.043486
11487	0.043426
7240	0.043399
1161	0.043330
10853	0.043249
6290	0.043213
10859	0.043148
7239	0.043134
11989	0.043100
11494	0.043059
5446	0.043044
10600	0.042983
11226	0.042974
10649	0.042953
3564	0.042939
12807	0.042902
297	0.042883
3623	0.042786
4155	0.042704
11502	0.042701
10854	0.042667
3496	0.042651
9691	0.042629
1708	0.042602
11026	0.042578
2206	0.042555
10357	0.042478
2577	0.042405
6117	0.042361
7524	0.042354
2208	0.042265
1236	0.042265
7245	0.042246
5041	0.042215
1507	0.042213
2584	0.042200
963	0.042111
5022	0.042074
7348	0.042048
7690	0.042048
7349	0.042048
7984	0.041991
7114	0.041972
13823	0.041876
2582	0.041825
12627	0.041797
5135	0.041740
5712	0.041733
5711	0.041733
5710	0.041733
9946	0.041707
5212	0.041705
28	0.041688
10573	0.041688
10574	0.041664
5134	0.041618
13675	0.041598
14109	0.041590
10736	0.041590
12792	0.041586
14180	0.041515
3543	0.041501
12496	0.041478
8909	0.041467
3923	0.041434
3810	0.041412
5170	0.041408
6147	0.041375
12801	0.041340
12184	0.041335
10247	0.041303
1050	0.041241
3782	0.041196
12602	0.041172
9417	0.041027
11509	0.041007
7881	0.040932
9117	0.040929
29	0.040892
6655	0.040786
12791	0.040785
12788	0.040785
10234	0.040729
12558	0.040699
2386	0.040668
2387	0.040668
3996	0.040651
11970	0.040621
7942	0.040613
7337	0.040590
9075	0.040527
5894	0.040476
4819	0.040436
11795	0.040427
12606	0.040394
3962	0.040379
10904	0.040312
6723	0.040295
6722	0.040295
3206	0.040251
12461	0.040223
5573	0.040210
13750	0.040176
11405	0.040164
8496	0.040141
11077	0.040127
5434	0.040126
10735	0.040114
10485	0.040100
2581	0.040069
4832	0.040056
2600	0.040032
6527	0.040017
10374	0.039977
13052	0.039916
13010	0.039916
12879	0.039916
10330	0.039854
4469	0.039806
11439	0.039791
11096	0.039788
11878	0.039728
3171	0.039670
10674	0.039668
2823	0.039636
6120	0.039604
12572	0.039513
9633	0.039483
9630	0.039483
9628	0.039483
9626	0.039483
9625	0.039483
9624	0.039483
9622	0.039483
9621	0.039483
9620	0.039483
9619	0.039483
9618	0.039483
9615	0.039483
9482	0.039483
10811	0.039481
7762	0.039476
10464	0.039458
10875	0.039335
331	0.039332
10033	0.039307
6049	0.039272
10138	0.039239
10484	0.039207
10038	0.039180
6908	0.039179
12301	0.039160
10913	0.039155
10860	0.039151
14332	0.039112
14320	0.039112
14257	0.039112
14235	0.039112
14231	0.039112
14217	0.039112
14143	0.039112
2503	0.039101
2097	0.039094
12592	0.039068
11731	0.039056
3372	0.039027
465	0.038968
10320	0.038938
10465	0.038926
9632	0.038844
3961	0.038836
512	0.038804
498	0.038796
6971	0.038744
11400	0.038733
11186	0.038718
