864	0.254825
157	0.243265
867	0.235197
2329	0.234246
2910	0.229749
138	0.229279
2630	0.220116
844	0.216214
1301	0.215789
2285	0.214200
11984	0.213403
152	0.212054
9715	0.210103
3297	0.209509
11848	0.209319
2859	0.209187
4317	0.207794
4315	0.207794
4311	0.207794
4310	0.207751
137	0.207491
3291	0.207305
2137	0.206973
7946	0.206304
2597	0.205648
4313	0.205575
7451	0.202798
7481	0.202407
140	0.201866
3339	0.200495
4115	0.198977
1264	0.198941
3530	0.198640
11740	0.198187
3535	0.197575
3294	0.196520
834	0.195831
11603	0.195025
1068	0.194886
12097	0.194840
8945	0.194445
11975	0.194191
4255	0.190857
11974	0.190488
12294	0.189667
9332	0.189339
422	0.188706
1268	0.188534
11642	0.188038
9008	0.187681
3519	0.187572
11676	0.187258
9391	0.187085
8944	0.186908
8956	0.185919
8955	0.185919
1196	0.185042
2907	0.184931
12350	0.184488
2912	0.184317
12349	0.184064
928	0.183819
5552	0.183775
3021	0.183660
5499	0.183614
6788	0.183610
3351	0.183365
2789	0.182824
11741	0.182469
1296	0.182121
1391	0.181811
3521	0.181630
11604	0.181408
4570	0.181399
1274	0.180815
551	0.180635
8228	0.179668
862	0.179484
3568	0.179473
2719	0.179303
2851	0.178887
1744	0.178732
9548	0.178524
11773	0.177595
5050	0.177594
869	0.177557
3470	0.177343
1071	0.177261
11774	0.176817
3980	0.176033
1298	0.175635
627	0.175236
2357	0.174893
2680	0.174688
3126	0.174658
3920	0.174322
2226	0.173626
133	0.173538
1370	0.173503
717	0.173296
4808	0.173162
6460	0.172917
890	0.172820
2909	0.172673
135	0.172227
3131	0.172219
11871	0.171924
5498	0.171924
3602	0.171924
968	0.171623
3475	0.171424
1312	0.171414
863	0.170390
6543	0.169902
1299	0.169858
11819	0.169747
14267	0.169580
833	0.169244
1259	0.168358
365	0.168179
371	0.168009
3572	0.167839
2918	0.166427
11597	0.166263
5627	0.166255
2911	0.166047
3744	0.165490
10400	0.165074
9316	0.164428
692	0.164275
4825	0.164194
9189	0.164032
5782	0.163903
2919	0.163838
2853	0.163748
8132	0.163694
5017	0.163664
3709	0.163664
2288	0.163638
5018	0.163090
935	0.163072
4254	0.162252
2741	0.162222
9041	0.162221
1275	0.161680
5783	0.161594
1390	0.161556
849	0.161419
9073	0.161016
3278	0.160709
11833	0.159907
1445	0.159528
11911	0.159290
12917	0.159245
3295	0.159245
3293	0.159245
171	0.158897
1261	0.158460
6577	0.158438
5021	0.158066
5019	0.158066
3526	0.157765
12417	0.157468
4034	0.157468
3691	0.157459
2860	0.157395
2328	0.157325
153	0.157176
9499	0.157034
2631	0.157030
2903	0.156852
3584	0.156809
11995	0.156738
4526	0.156373
5975	0.156316
2158	0.156087
1075	0.155959
5023	0.155958
1289	0.155822
9813	0.155776
495	0.155720
12130	0.155713
7190	0.155601
9563	0.155532
5020	0.155456
10437	0.154763
1250	0.154637
178	0.154013
2905	0.153694
102	0.153683
3195	0.153385
12018	0.153017
9734	0.152792
9732	0.152792
9730	0.152792
8868	0.152792
8866	0.152792
7639	0.152554
1321	0.152494
12316	0.152419
4256	0.152362
13140	0.152312
13959	0.152243
9661	0.151948
2681	0.151888
718	0.151832
2904	0.151782
3172	0.151569
2855	0.151094
9550	0.150533
1574	0.150483
2916	0.149913
3321	0.149626
11645	0.149395
2804	0.149271
12193	0.148940
13280	0.148937
13279	0.148937
12166	0.148937
7873	0.148937
6248	0.148937
6246	0.148937
2356	0.148845
1328	0.148817
1251	0.148759
3474	0.148722
6130	0.148493
11973	0.148328
3754	0.148202
1035	0.148168
3322	0.148036
13330	0.147715
10918	0.147478
11769	0.147443
3384	0.147248
9443	0.147236
5618	0.147198
5617	0.147198
2265	0.147158
1105	0.146740
3327	0.146579
900	0.146526
11994	0.146480
2826	0.146480
12071	0.146355
175	0.146355
845	0.146309
3292	0.146249
12615	0.146187
5985	0.146125
1271	0.145931
4916	0.145887
6360	0.145853
1070	0.145365
158	0.145352
13255	0.145071
1940	0.145037
12407	0.144891
11775	0.144796
3525	0.144796
11619	0.144728
8164	0.144517
7389	0.144517
6685	0.144517
6612	0.144517
6611	0.144517
8251	0.144413
8165	0.144328
13020	0.144113
1163	0.143922
9731	0.143829
3335	0.143493
12394	0.143462
4196	0.143283
1065	0.143264
2589	0.143196
2425	0.143016
3488	0.142750
3529	0.142724
13735	0.142717
13728	0.142717
13726	0.142717
1077	0.142659
1283	0.142311
181	0.142292
1076	0.141821
2758	0.141805
6524	0.141805
6602	0.141407
9390	0.141299
9325	0.141297
1266	0.141227
978	0.141220
6469	0.141038
4630	0.140874
4981	0.140827
11670	0.140739
3843	0.140705
7280	0.140687
594	0.140633
126	0.140437
1444	0.140172
1441	0.139873
1459	0.139860
1819	0.139333
5559	0.139182
12115	0.139181
4571	0.139152
4005	0.139151
4441	0.138924
8853	0.138835
5814	0.138800
1155	0.138183
4017	0.137827
1389	0.137780
2252	0.137498
9127	0.137451
11719	0.137213
3522	0.137128
1233	0.137040
3608	0.136898
154	0.136701
3679	0.136448
1820	0.136322
355	0.136288
4036	0.136159
3523	0.136125
11972	0.136060
2854	0.136060
884	0.136026
56	0.135990
1325	0.135825
4640	0.135653
846	0.135568
1776	0.135439
7528	0.135434
7770	0.135356
5311	0.135247
13828	0.135164
4953	0.135162
7820	0.135069
13863	0.135020
2888	0.135020
183	0.135009
4546	0.134996
5619	0.134966
9733	0.134720
4545	0.134658
12488	0.134520
3047	0.134510
4548	0.134456
1639	0.134452
11600	0.134450
5817	0.134082
842	0.133899
12487	0.133849
4642	0.133849
2656	0.133404
728	0.133383
6610	0.133367
6608	0.133367
1103	0.133281
4179	0.133222
3408	0.133163
2220	0.132784
1645	0.132749
8970	0.132590
3935	0.132457
9837	0.132355
13909	0.132338
729	0.132316
1941	0.132153
9437	0.132146
843	0.132087
12854	0.132046
623	0.131874
4710	0.131874
1087	0.131827
3139	0.131799
10807	0.131609
744	0.131389
12850	0.131363
10879	0.131352
2063	0.131288
7839	0.131267
784	0.131108
988	0.131069
139	0.130766
9149	0.130736
1487	0.130686
9554	0.130580
8200	0.130580
6094	0.130574
9010	0.130420
5201	0.130318
4086	0.130138
1079	0.130123
6433	0.130110
6609	0.130093
3020	0.130057
12107	0.129993
585	0.129960
1425	0.129911
2778	0.129879
2856	0.129746
13964	0.129641
903	0.129596
13403	0.129384
2214	0.129339
12614	0.129073
1267	0.129015
12337	0.128919
11727	0.128919
5229	0.128760
10880	0.128609
2331	0.128456
2040	0.128393
2048	0.128390
1247	0.128339
12447	0.128119
13115	0.127922
2209	0.127861
936	0.127636
4035	0.127528
6025	0.127505
3157	0.127453
11826	0.127398
1970	0.127155
6991	0.127114
642	0.126841
721	0.126790
6218	0.126744
12874	0.126644
9976	0.126482
3482	0.126440
4229	0.126431
3378	0.126381
902	0.126375
4074	0.126368
1480	0.126298
147	0.126157
176	0.126150
165	0.126042
3528	0.125957
9281	0.125955
622	0.125932
9614	0.125824
13278	0.125790
1942	0.125770
7617	0.125685
1277	0.125615
8946	0.125569
1722	0.125438
8229	0.125267
1576	0.125218
369	0.125045
2428	0.125016
146	0.124848
14205	0.124507
976	0.124351
3125	0.124230
9558	0.124038
4813	0.124038
2713	0.123714
2293	0.123699
1326	0.123568
3916	0.123430
826	0.123353
9116	0.123136
12860	0.123041
12859	0.123032
4072	0.122909
1371	0.122861
5548	0.122767
10939	0.122767
3761	0.122727
12150	0.122678
9268	0.122624
1317	0.122596
9645	0.122514
2520	0.122383
11792	0.122348
6604	0.122259
11047	0.122241
11893	0.122110
4901	0.122077
9540	0.122017
11329	0.121980
841	0.121976
1255	0.121913
4181	0.121744
3707	0.121680
3411	0.121608
5904	0.121534
12122	0.121507
2684	0.121507
5089	0.121494
8991	0.121239
12379	0.120915
2858	0.120878
3141	0.120862
5102	0.120710
9590	0.120677
5974	0.120574
13274	0.120548
12485	0.120541
12484	0.120541
12466	0.120541
6080	0.120498
12211	0.120356
159	0.120194
1995	0.120042
2339	0.120011
6603	0.120001
2167	0.119919
6110	0.119804
9238	0.119750
2692	0.119743
233	0.119682
1319	0.119651
541	0.119645
1385	0.119499
774	0.119405
12210	0.119384
1284	0.119166
11671	0.119166
5328	0.119114
1686	0.119105
11257	0.119019
3124	0.118915
2449	0.118674
3537	0.118502
9573	0.118473
6436	0.118357
6074	0.118291
12164	0.118284
7922	0.118284
9582	0.118275
4019	0.118144
5086	0.118132
1324	0.117923
4052	0.117719
3049	0.117694
1650	0.117610
5732	0.117546
156	0.117410
309	0.117373
3618	0.117334
4637	0.117207
4006	0.117199
12014	0.117116
7030	0.117042
11965	0.116931
1072	0.116636
6411	0.116628
933	0.116622
9736	0.116578
2729	0.116506
3765	0.116492
13230	0.116488
13229	0.116488
3766	0.116488
3762	0.116488
3769	0.116488
9160	0.116487
1638	0.116343
11683	0.116318
1376	0.116315
6929	0.116278
1793	0.116275
10284	0.116223
12411	0.116212
10163	0.116170
8983	0.116149
10873	0.116103
4921	0.116069
12635	0.116028
1323	0.116018
12803	0.115895
3757	0.115867
5793	0.115697
9726	0.115683
2213	0.115674
13869	0.115655
5794	0.115588
3026	0.115570
940	0.115479
2974	0.115437
13635	0.115434
13548	0.115434
2852	0.115428
9279	0.115373
5643	0.115287
3567	0.115276
5792	0.115272
4717	0.115148
9827	0.115034
13796	0.115022
1488	0.114972
8442	0.114832
1735	0.114697
142	0.114647
750	0.114609
502	0.114571
1099	0.114472
8981	0.114463
11623	0.114380
13831	0.114335
3377	0.114219
182	0.114066
2722	0.114047
3683	0.113843
7081	0.113839
9389	0.113816
3640	0.113775
13825	0.113773
3771	0.113690
13513	0.113541
6199	0.113405
13514	0.113376
3609	0.113282
4273	0.113271
4582	0.113231
704	0.113218
11502	0.113210
4056	0.112999
5842	0.112947
3983	0.112938
11610	0.112853
1502	0.112836
10107	0.112809
5087	0.112779
2317	0.112777
7987	0.112569
1666	0.112548
12139	0.112376
8423	0.112280
1483	0.112280
10285	0.112260
6005	0.112149
3670	0.112057
5417	0.112005
5072	0.111958
7731	0.111955
3167	0.111940
9639	0.111931
14271	0.111893
1642	0.111882
275	0.111812
2079	0.111765
3601	0.111659
595	0.111564
170	0.111522
3130	0.111504
10142	0.111496
11492	0.111492
5458	0.111377
12784	0.111319
180	0.111265
3155	0.111211
1461	0.111169
821	0.111125
6082	0.111119
872	0.111096
6109	0.110787
3560	0.110777
2769	0.110774
2029	0.110765
2416	0.110719
9685	0.110715
4357	0.110667
9859	0.110657
163	0.110618
3881	0.110609
5114	0.110504
1564	0.110397
4370	0.110291
8706	0.110290
8705	0.110290
13142	0.110255
7430	0.110255
780	0.110254
9422	0.110206
14242	0.110199
13816	0.110199
2885	0.110199
12876	0.110166
9456	0.110125
3847	0.110125
7647	0.110074
10488	0.110028
5762	0.110028
1454	0.110002
4374	0.109954
8942	0.109828
3509	0.109801
4754	0.109706
5986	0.109688
2392	0.109622
1971	0.109602
3892	0.109573
4008	0.109494
6661	0.109374
13153	0.109338
10171	0.109338
10170	0.109338
962	0.109251
5287	0.109209
3794	0.109207
5455	0.109205
2391	0.109162
2091	0.109133
9019	0.109120
9844	0.109115
9020	0.109015
4927	0.109009
6717	0.108968
6076	0.108947
896	0.108913
13593	0.108898
4517	0.108879
1305	0.108817
4055	0.108779
10892	0.108769
9375	0.108697
1895	0.108680
12785	0.108648
2375	0.108625
11837	0.108511
898	0.108511
3571	0.108476
2857	0.108470
12899	0.108461
1914	0.108408
13190	0.108369
11013	0.108321
13290	0.108311
13128	0.108311
9012	0.108311
899	0.108306
10406	0.108285
3527	0.108265
10592	0.108183
9458	0.108174
13745	0.108171
9014	0.108167
12132	0.108124
1379	0.108067
9042	0.108066
177	0.108057
12977	0.108005
11706	0.107989
9246	0.107900
7867	0.107896
2333	0.107886
204	0.107816
5751	0.107772
4979	0.107769
11997	0.107745
3910	0.107692
3926	0.107672
1310	0.107572
12858	0.107566
10351	0.107556
12588	0.107505
9583	0.107493
1665	0.107439
4561	0.107412
11398	0.107288
3611	0.107221
6079	0.107210
6021	0.107186
5391	0.107114
1818	0.107097
12208	0.107064
7830	0.106762
1901	0.106708
1186	0.106703
3661	0.106646
8734	0.106606
3763	0.106574
13261	0.106558
5760	0.106543
14051	0.106541
5919	0.106504
6563	0.106497
11908	0.106384
8355	0.106374
6410	0.106336
12853	0.106307
209	0.106268
3492	0.106250
278	0.106133
14050	0.105937
9029	0.105893
7028	0.105893
12950	0.105724
4004	0.105698
2886	0.105676
8186	0.105672
1249	0.105633
11644	0.105583
12008	0.105569
3937	0.105569
9599	0.105509
4011	0.105487
12524	0.105471
96	0.105454
5538	0.105416
372	0.105383
5111	0.105362
412	0.105348
1929	0.105348
3554	0.105187
12020	0.105180
4012	0.105180
9252	0.105106
11938	0.105095
1320	0.105093
1800	0.105080
9608	0.105068
4010	0.105050
12094	0.105004
3570	0.105004
1069	0.105001
9009	0.104972
8260	0.104972
3225	0.104956
12940	0.104956
4440	0.104946
9045	0.104931
4594	0.104909
2462	0.104840
10407	0.104811
7327	0.104662
4020	0.104610
7378	0.104590
12941	0.104497
6974	0.104481
5542	0.104460
9671	0.104409
2805	0.104390
4014	0.104385
2141	0.104372
12064	0.104129
4318	0.104121
6575	0.104110
6112	0.104053
6594	0.104038
14134	0.104016
11474	0.103947
11108	0.103918
368	0.103908
12686	0.103774
1074	0.103747
8185	0.103739
3671	0.103675
534	0.103585
6300	0.103558
1902	0.103550
8261	0.103537
1667	0.103520
9055	0.103491
7964	0.103481
2166	0.103380
11529	0.103361
7961	0.103301
6247	0.103258
94	0.103080
13019	0.103056
7161	0.103056
10392	0.103028
12271	0.103019
3156	0.103018
9076	0.103015
2818	0.102988
1852	0.102947
11824	0.102937
2160	0.102918
12486	0.102891
12483	0.102891
12482	0.102891
12481	0.102891
12465	0.102891
12464	0.102891
3975	0.102891
10220	0.102856
8357	0.102848
10561	0.102840
13717	0.102742
10326	0.102713
14289	0.102692
14270	0.102692
14210	0.102692
14139	0.102692
939	0.102665
7425	0.102656
1028	0.102652
3340	0.102642
6716	0.102641
1078	0.102636
13979	0.102603
36	0.102479
995	0.102474
5740	0.102456
13346	0.102442
11738	0.102414
6757	0.102252
11751	0.102214
8478	0.102191
10828	0.102140
4128	0.102104
7045	0.102069
4446	0.102033
4222	0.101995
3008	0.101649
1482	0.101627
9584	0.101605
2139	0.101565
1073	0.101499
13081	0.101498
13080	0.101498
13079	0.101498
13078	0.101498
13074	0.101498
13071	0.101498
13057	0.101498
13049	0.101498
13047	0.101498
13045	0.101498
13043	0.101498
13017	0.101498
12959	0.101498
12904	0.101498
7936	0.101498
12872	0.101446
5088	0.101351
11892	0.101257
12891	0.101128
1149	0.101127
1023	0.101069
13348	0.101024
1226	0.100983
4126	0.100970
6057	0.100912
4917	0.100847
3290	0.100832
13433	0.100830
4982	0.100823
2488	0.100778
13193	0.100774
5436	0.100767
9245	0.100754
5437	0.100754
3698	0.100670
7214	0.100570
1492	0.100562
2527	0.100500
13040	0.100430
10969	0.100399
10313	0.100392
1489	0.100353
2487	0.100351
3248	0.100342
7951	0.100338
13826	0.100312
515	0.100300
934	0.100298
12852	0.100198
4449	0.100180
8990	0.100141
8989	0.100141
8987	0.100141
8986	0.100141
8984	0.100141
11992	0.100115
2415	0.100110
14279	0.100004
14049	0.100004
2485	0.099973
7546	0.099971
9103	0.099927
2257	0.099902
12937	0.099868
6693	0.099847
12499	0.099840
7796	0.099824
1423	0.099821
4018	0.099804
173	0.099770
12653	0.099752
14222	0.099691
13866	0.099691
2073	0.099681
965	0.099656
885	0.099651
2714	0.099570
11723	0.099542
6450	0.099524
1223	0.099523
