2329	0.169257
9715	0.156718
137	0.153605
135	0.152637
2682	0.146912
9008	0.144410
3519	0.144372
12350	0.142841
12349	0.142629
2789	0.142458
5627	0.139884
2680	0.139372
9028	0.138514
9081	0.137661
9078	0.137661
12306	0.136513
6369	0.136513
6368	0.136513
4808	0.134867
2904	0.134613
3492	0.133880
11908	0.133248
1196	0.133147
1391	0.132579
869	0.132470
6074	0.131756
1264	0.131459
6577	0.131442
1459	0.131074
5020	0.130647
8132	0.130014
890	0.129136
2916	0.127393
9437	0.126614
2681	0.124266
157	0.124145
371	0.124100
10163	0.123804
138	0.123110
7528	0.122765
1941	0.122658
12041	0.122159
4086	0.121961
4255	0.121811
9837	0.121758
1370	0.121724
12850	0.121719
11848	0.121604
3026	0.121247
609	0.121162
12854	0.121142
2293	0.121062
884	0.120993
2860	0.120912
5229	0.120561
936	0.118387
2425	0.118350
9645	0.117898
3569	0.117816
9550	0.117700
5072	0.117545
1163	0.117474
784	0.117465
5459	0.117194
864	0.116961
9614	0.116697
2166	0.115976
9044	0.115580
11600	0.115563
12107	0.115417
4196	0.115152
3139	0.114899
2630	0.114520
154	0.114081
3881	0.113957
5021	0.113653
5019	0.113653
3521	0.113467
1735	0.113343
1131	0.113030
5089	0.112797
12130	0.112595
6460	0.112553
12874	0.112397
12411	0.112341
867	0.112115
1125	0.111252
13465	0.111086
4256	0.110913
5023	0.110365
3639	0.110106
11719	0.110046
14251	0.109806
6265	0.109806
11769	0.109431
12185	0.109401
11257	0.109246
1075	0.109056
136	0.108653
3933	0.108503
359	0.108305
3475	0.107992
158	0.107823
2851	0.107719
1389	0.107653
1574	0.107582
4630	0.107319
11642	0.107152
12071	0.106979
175	0.106979
2722	0.106867
7560	0.106284
2577	0.106218
140	0.106074
11047	0.106007
1454	0.105993
2907	0.105814
4179	0.105771
844	0.105737
3572	0.105575
147	0.105401
3608	0.105372
12860	0.105284
2285	0.105276
12859	0.105270
1186	0.105071
774	0.104918
3408	0.104854
1274	0.104819
6360	0.104771
2449	0.104556
780	0.104380
1327	0.104374
3291	0.104310
9115	0.104297
6413	0.104295
11874	0.104288
7237	0.104186
4317	0.104072
4315	0.104072
4311	0.104072
2713	0.104052
4310	0.104050
12784	0.104023
2622	0.103962
1040	0.103961
7946	0.103675
12785	0.103526
1483	0.103499
13261	0.102991
783	0.102980
903	0.102451
1564	0.102346
7820	0.102340
8956	0.102335
8955	0.102335
5407	0.102217
863	0.102086
6122	0.102038
3155	0.101769
2569	0.101669
1077	0.101651
1079	0.101574
2115	0.101486
11761	0.101433
6097	0.101433
5547	0.101433
3595	0.101433
3494	0.101417
11094	0.101285
12193	0.101051
182	0.100827
11398	0.100683
6991	0.100531
6109	0.100384
11670	0.100317
3920	0.099869
3939	0.099857
12435	0.099673
9627	0.099625
2153	0.099567
11740	0.099508
2311	0.099439
3339	0.099309
6915	0.099122
13	0.099113
10871	0.099037
6410	0.098854
3351	0.098836
6724	0.098690
2356	0.098526
1480	0.098300
6130	0.098181
1363	0.098073
534	0.098068
4754	0.098051
821	0.098037
5182	0.098017
3378	0.098010
5904	0.098005
3306	0.097984
9540	0.097907
1129	0.097876
15	0.097868
11819	0.097628
9608	0.097554
2910	0.097485
2040	0.097327
1442	0.097316
1728	0.097258
11984	0.097228
7090	0.097142
12415	0.097078
12164	0.096932
7922	0.096932
717	0.096871
5311	0.096857
3530	0.096851
1247	0.096780
12853	0.096749
5058	0.096740
3361	0.096740
3581	0.096641
9404	0.096571
2116	0.096457
6411	0.096161
2973	0.096121
7385	0.096047
12412	0.096008
2416	0.095921
3535	0.095909
4313	0.095746
96	0.095734
12391	0.095578
4710	0.095549
7728	0.095500
10284	0.095432
1487	0.095267
13444	0.095207
1251	0.095194
9726	0.095144
412	0.095128
4054	0.095005
356	0.095000
1645	0.094975
6878	0.094947
5111	0.094934
2226	0.094863
12208	0.094829
1071	0.094823
12434	0.094741
12390	0.094741
5659	0.094738
13135	0.094680
2741	0.094672
1541	0.094532
10040	0.094503
9047	0.094448
1650	0.094419
2905	0.094281
9029	0.094273
5814	0.094262
8419	0.094169
834	0.094123
1034	0.094028
9042	0.094008
13389	0.093928
12891	0.093811
873	0.093765
11671	0.093725
11027	0.093673
1096	0.093382
1446	0.093378
6436	0.093258
1511	0.093226
6929	0.092980
1924	0.092920
7450	0.092870
8418	0.092702
843	0.092662
12122	0.092654
2684	0.092654
10918	0.092651
1128	0.092629
4548	0.092581
9343	0.092519
11942	0.092483
3362	0.092483
4545	0.092467
3651	0.092381
1376	0.092371
2859	0.092282
4344	0.092266
1246	0.092187
2931	0.092039
9923	0.091988
2209	0.091986
11099	0.091933
9610	0.091874
875	0.091804
5203	0.091795
968	0.091767
5328	0.091744
862	0.091537
5271	0.091454
3297	0.091401
8983	0.091115
999	0.091081
5087	0.091062
13027	0.091037
9049	0.091037
9048	0.091037
9046	0.091037
8420	0.091037
7027	0.091037
5216	0.091037
9043	0.091006
1068	0.090891
12653	0.090888
4598	0.090855
102	0.090797
5183	0.090735
10362	0.090597
5391	0.090463
8953	0.090388
13035	0.090235
754	0.090178
1226	0.090082
11723	0.090079
1223	0.090014
12046	0.090005
6631	0.089987
11597	0.089985
13255	0.089872
5655	0.089816
6399	0.089786
919	0.089776
2932	0.089733
1445	0.089686
3883	0.089624
10832	0.089622
11992	0.089520
9859	0.089342
4571	0.089276
5698	0.089232
3843	0.089211
13058	0.089095
7945	0.089095
1509	0.089018
730	0.088955
3292	0.088913
2972	0.088831
1328	0.088811
12852	0.088783
2138	0.088770
7394	0.088694
734	0.088659
5656	0.088610
4265	0.088556
2919	0.088489
10939	0.088415
2137	0.088309
8954	0.088289
1686	0.088261
9827	0.088246
12940	0.088078
7425	0.088075
1245	0.088039
1061	0.087837
5455	0.087656
5196	0.087643
935	0.087640
12872	0.087574
10028	0.087568
2597	0.087530
3825	0.087525
9050	0.087463
692	0.087350
3915	0.087294
11911	0.087285
4040	0.087202
6021	0.087161
2357	0.087133
2583	0.087124
627	0.087062
9076	0.087045
3252	0.086921
12623	0.086904
8945	0.086867
13019	0.086864
2520	0.086856
9019	0.086673
12950	0.086651
6717	0.086556
5147	0.086501
413	0.086485
6025	0.086483
1195	0.086440
3568	0.086436
8231	0.086407
2339	0.086216
7617	0.086206
997	0.086194
10788	0.086110
10777	0.086110
10759	0.086110
10739	0.086110
5088	0.085966
559	0.085925
10892	0.085916
976	0.085882
6563	0.085879
3691	0.085877
9238	0.085822
3560	0.085785
908	0.085685
3047	0.085666
5201	0.085496
2220	0.085483
7966	0.085445
9552	0.085384
729	0.085296
12146	0.085264
8582	0.085264
7599	0.085264
3695	0.085264
3694	0.085264
3616	0.085264
7190	0.085243
2079	0.085212
826	0.085129
5057	0.085069
4052	0.085015
7451	0.085013
9986	0.084940
3335	0.084871
12899	0.084864
4478	0.084838
8232	0.084786
7481	0.084786
1362	0.084752
9396	0.084752
4481	0.084752
13235	0.084701
10722	0.084685
9578	0.084669
9344	0.084654
9853	0.084654
12077	0.084597
6461	0.084597
3711	0.084597
3967	0.084553
11252	0.084539
2210	0.084441
4056	0.084399
4349	0.084340
130	0.084277
13081	0.084250
13080	0.084250
13079	0.084250
13078	0.084250
13074	0.084250
13071	0.084250
13057	0.084250
13049	0.084250
13047	0.084250
13045	0.084250
13043	0.084250
13017	0.084250
12959	0.084250
12904	0.084250
7936	0.084250
1433	0.084150
934	0.084071
11676	0.084006
275	0.083993
11207	0.083991
12793	0.083974
12067	0.083969
152	0.083957
8228	0.083955
977	0.083848
8423	0.083846
13438	0.083820
6032	0.083771
13865	0.083754
9881	0.083753
1424	0.083676
11358	0.083609
2613	0.083567
156	0.083557
7707	0.083553
12952	0.083476
12951	0.083476
12929	0.083452
11545	0.083437
7372	0.083409
1259	0.083407
10501	0.083407
831	0.083385
11159	0.083375
4579	0.083373
9456	0.083276
3847	0.083276
3008	0.083273
10140	0.083139
14068	0.083086
2623	0.082986
5228	0.082929
9611	0.082909
3826	0.082898
9503	0.082832
12941	0.082675
2755	0.082654
4917	0.082599
849	0.082573
12165	0.082556
578	0.082523
11736	0.082514
13788	0.082502
126	0.082394
209	0.082301
5542	0.082223
3509	0.082215
12079	0.082203
13142	0.082178
7430	0.082178
1103	0.082168
11877	0.082161
12858	0.082137
906	0.082087
13388	0.082076
13387	0.082076
7830	0.082051
2321	0.081979
4582	0.081958
4268	0.081839
3564	0.081773
7156	0.081734
12080	0.081677
5782	0.081609
13040	0.081566
728	0.081468
3493	0.081400
2714	0.081400
5760	0.081390
11880	0.081307
11151	0.081255
787	0.081249
10142	0.081206
351	0.081152
6076	0.081145
3623	0.081130
4909	0.081045
1939	0.080999
9734	0.080970
9732	0.080970
9730	0.080970
8868	0.080970
8866	0.080970
8757	0.080949
8756	0.080949
8550	0.080949
4374	0.080902
11368	0.080851
9554	0.080847
8200	0.080847
560	0.080824
8425	0.080752
13089	0.080713
640	0.080685
1744	0.080674
9325	0.080665
2288	0.080634
11474	0.080594
9304	0.080541
1726	0.080438
8230	0.080351
1239	0.080347
2584	0.080292
14072	0.080291
9403	0.080221
411	0.080080
3384	0.080076
928	0.079983
8942	0.079959
551	0.079949
1914	0.079870
11603	0.079870
5050	0.079739
3761	0.079734
10139	0.079684
12047	0.079616
5215	0.079467
12270	0.079443
12322	0.079415
1250	0.079400
13153	0.079376
10171	0.079376
10170	0.079376
10666	0.079199
6673	0.079177
9733	0.079103
10203	0.079092
10278	0.079067
1576	0.079007
5639	0.079003
10437	0.078973
2228	0.078961
11786	0.078948
13403	0.078884
3548	0.078834
11975	0.078814
1321	0.078806
2214	0.078737
1298	0.078722
183	0.078706
1098	0.078698
13724	0.078676
11096	0.078639
171	0.078594
2949	0.078592
4347	0.078548
565	0.078484
3027	0.078452
5824	0.078451
12931	0.078435
10657	0.078369
2292	0.078365
13676	0.078261
842	0.078253
1800	0.078213
10658	0.078200
988	0.078157
13826	0.078112
10671	0.078097
11994	0.078040
2826	0.078040
6525	0.078028
13647	0.077976
12417	0.077975
4034	0.077975
12070	0.077966
3910	0.077941
11547	0.077930
4888	0.077927
5751	0.077910
12927	0.077902
1793	0.077857
3282	0.077831
13664	0.077830
4921	0.077820
7710	0.077818
8944	0.077807
12938	0.077805
13717	0.077783
3021	0.077779
11683	0.077663
3934	0.077660
9522	0.077658
8251	0.077646
94	0.077643
4264	0.077614
7951	0.077576
1261	0.077538
6094	0.077526
4719	0.077515
2857	0.077460
4225	0.077419
11546	0.077408
750	0.077372
12588	0.077337
142	0.077288
1959	0.077266
3495	0.077236
3611	0.077229
11231	0.077201
6281	0.077187
9316	0.077120
9685	0.077076
9563	0.077072
5017	0.077042
502	0.077039
5042	0.076839
11232	0.076759
11230	0.076759
11229	0.076759
11228	0.076759
9279	0.076746
11469	0.076741
3841	0.076692
11400	0.076684
13223	0.076664
9402	0.076659
1970	0.076650
6303	0.076648
5018	0.076543
343	0.076518
13038	0.076511
13037	0.076511
11851	0.076467
6927	0.076467
3601	0.076375
6880	0.076344
10247	0.076313
990	0.076147
5073	0.076139
1296	0.076076
12015	0.075982
3470	0.075963
3562	0.075960
7619	0.075950
12115	0.075944
2616	0.075902
4966	0.075891
2122	0.075854
8022	0.075822
2428	0.075784
1312	0.075757
9339	0.075744
2778	0.075738
9561	0.075737
1277	0.075717
3850	0.075665
7286	0.075638
3754	0.075472
7491	0.075399
7639	0.075367
6110	0.075361
642	0.075348
622	0.075336
11013	0.075325
1240	0.075309
159	0.075308
13060	0.075278
13055	0.075278
13048	0.075278
13014	0.075278
13009	0.075278
12892	0.075278
8379	0.075278
12097	0.075249
3540	0.075237
3567	0.075218
4115	0.075148
11407	0.075141
2541	0.075109
13116	0.075102
4594	0.075080
10392	0.075067
6887	0.075040
2702	0.075032
8054	0.075014
12631	0.074999
422	0.074984
14255	0.074957
6921	0.074934
1830	0.074913
4980	0.074873
9790	0.074834
3281	0.074825
12926	0.074822
11578	0.074675
9009	0.074596
8260	0.074596
5440	0.074562
1070	0.074495
12851	0.074490
13379	0.074406
1289	0.074394
13254	0.074336
12934	0.074336
12933	0.074336
12932	0.074336
12081	0.074336
8996	0.074336
8994	0.074336
8992	0.074336
12935	0.074320
11038	0.074288
6594	0.074283
2263	0.074259
6354	0.074230
5259	0.074230
8678	0.074191
3379	0.074182
8261	0.074179
11679	0.074176
9697	0.074167
1381	0.074156
2338	0.074142
6199	0.074110
3487	0.074072
10333	0.074000
1502	0.073955
4017	0.073943
9486	0.073939
3710	0.073928
4322	0.073821
11127	0.073772
5740	0.073719
11321	0.073697
2740	0.073684
3102	0.073615
814	0.073523
4055	0.073494
2432	0.073475
9020	0.073400
4717	0.073367
2855	0.073313
2118	0.073302
4932	0.073271
4194	0.073263
2858	0.073226
623	0.073196
4229	0.073184
1275	0.073131
14242	0.073111
13816	0.073111
2885	0.073111
9045	0.073091
13581	0.073071
4261	0.073032
9149	0.072917
8982	0.072849
4035	0.072781
9613	0.072700
2252	0.072697
2596	0.072603
7280	0.072595
10488	0.072511
5762	0.072511
1751	0.072499
1377	0.072486
3124	0.072472
2719	0.072435
12800	0.072276
4285	0.072248
4280	0.072248
10505	0.072221
10983	0.072150
12488	0.072069
12485	0.072051
12484	0.072051
12466	0.072051
10336	0.072036
8923	0.072017
10396	0.071942
5817	0.071891
6523	0.071830
4704	0.071820
11878	0.071807
2729	0.071768
4455	0.071741
6694	0.071727
6367	0.071701
2612	0.071696
5287	0.071688
13770	0.071650
9922	0.071585
1095	0.071557
10883	0.071545
12487	0.071533
4642	0.071533
365	0.071491
10982	0.071449
8924	0.071437
10881	0.071425
5637	0.071412
11227	0.071364
9189	0.071349
2915	0.071303
13217	0.071258
11601	0.071246
1542	0.071225
9061	0.071189
9060	0.071189
5715	0.071189
2565	0.071189
7030	0.071185
9612	0.071160
12413	0.071106
352	0.071078
588	0.071066
13909	0.070983
3980	0.070979
13582	0.070969
5410	0.070969
5409	0.070969
5408	0.070969
5356	0.070969
259	0.070882
9127	0.070878
13218	0.070802
9499	0.070800
5373	0.070789
1390	0.070781
866	0.070765
4432	0.070735
6706	0.070721
146	0.070703
6112	0.070689
10076	0.070689
4431	0.070669
11160	0.070648
12287	0.070629
8515	0.070629
11577	0.070605
8229	0.070600
176	0.070596
9333	0.070595
4459	0.070564
10077	0.070532
2974	0.070518
9980	0.070515
5548	0.070414
1094	0.070382
5634	0.070377
12406	0.070372
12930	0.070366
12928	0.070366
7146	0.070362
2271	0.070355
5372	0.070316
2384	0.070310
1099	0.070293
200	0.070275
4297	0.070241
11303	0.070239
12235	0.070174
12967	0.070172
483	0.070160
12064	0.070159
13315	0.070154
13343	0.070146
1060	0.070129
1662	0.070046
13965	0.069989
12518	0.069973
4314	0.069955
3449	0.069940
1514	0.069907
1492	0.069901
11478	0.069879
2689	0.069873
9976	0.069859
9584	0.069837
513	0.069802
1254	0.069800
3126	0.069791
5699	0.069777
6026	0.069771
4546	0.069718
12530	0.069706
3981	0.069654
5732	0.069621
12133	0.069606
368	0.069592
12114	0.069581
13050	0.069569
2257	0.069562
11551	0.069479
9041	0.069442
6442	0.069353
11072	0.069337
10998	0.069260
10997	0.069260
2139	0.069231
4822	0.069214
133	0.069182
5315	0.069127
718	0.069095
6131	0.069042
9259	0.069036
4570	0.069002
11604	0.068983
12522	0.068952
922	0.068898
12031	0.068881
9353	0.068873
841	0.068860
2167	0.068845
192	0.068824
1028	0.068788
9073	0.068785
7252	0.068776
3531	0.068740
12876	0.068674
2911	0.068566
11902	0.068560
8853	0.068518
13959	0.068511
3763	0.068503
525	0.068500
9138	0.068469
7028	0.068465
12937	0.068434
1000	0.068396
320	0.068368
8931	0.068360
