1882	0.220867
11634	0.218507
13497	0.214536
4721	0.213380
13498	0.212318
854	0.211626
2320	0.202885
11635	0.202422
2914	0.196408
2371	0.196040
1885	0.191070
1884	0.191070
1883	0.191070
1141	0.186217
5413	0.182687
11982	0.178548
5414	0.178548
5412	0.178548
2159	0.176688
514	0.174712
1039	0.172527
855	0.161599
9839	0.161333
2114	0.157914
4722	0.146916
6812	0.140897
6572	0.140577
723	0.135108
12923	0.132948
9491	0.132948
2325	0.132948
2324	0.132948
852	0.132748
63	0.129068
5928	0.126460
2322	0.125503
1656	0.125151
271	0.123934
4291	0.118979
12055	0.117221
13376	0.113257
9276	0.113218
9275	0.113218
9166	0.113218
7173	0.113218
7138	0.113218
7133	0.113218
7069	0.113218
9900	0.112667
9165	0.112667
7387	0.112667
9908	0.112521
9164	0.112521
6667	0.112022
6438	0.110237
2052	0.109922
4208	0.109053
1653	0.107653
364	0.104374
1632	0.103746
1767	0.101353
6810	0.101184
3886	0.099387
3007	0.098907
4305	0.098204
2401	0.098155
5424	0.098132
2952	0.097620
10770	0.096799
5355	0.096458
7757	0.096234
392	0.096166
10487	0.095922
10659	0.095765
1420	0.095504
11380	0.095332
6258	0.095300
11361	0.095292
5423	0.095189
10660	0.094993
800	0.094784
8068	0.094709
1773	0.094679
1863	0.094525
12209	0.094514
5875	0.094514
1673	0.093818
1770	0.093614
4189	0.093120
10531	0.092490
6643	0.092187
9462	0.092138
801	0.091458
1683	0.090974
1651	0.090931
12197	0.090867
1419	0.090666
6050	0.090516
615	0.090469
11198	0.090380
690	0.089829
7342	0.089823
10119	0.089822
11858	0.089337
9439	0.089260
7343	0.089000
9237	0.088922
12023	0.087375
1660	0.087301
4279	0.087253
2002	0.087004
1766	0.086978
10530	0.086859
11433	0.086316
12704	0.086248
10658	0.086083
2739	0.086027
13598	0.086008
2958	0.085956
10714	0.085903
11565	0.085614
1408	0.085583
1695	0.085456
1661	0.085222
3728	0.085029
688	0.084952
2820	0.084897
2738	0.084781
10304	0.084594
1633	0.084438
13560	0.084155
7166	0.083866
10657	0.083290
6098	0.082971
8656	0.082738
12170	0.082637
11437	0.082636
10655	0.082463
4193	0.082306
10640	0.082106
6048	0.081789
9828	0.081739
11964	0.081681
1637	0.081636
1599	0.081599
10037	0.081493
882	0.081107
10654	0.081048
13094	0.081012
12799	0.080998
12573	0.080857
3111	0.080804
13597	0.080745
13596	0.080745
13595	0.080745
13583	0.080745
13554	0.080745
13402	0.080745
7990	0.080745
7855	0.080657
4538	0.080633
5936	0.080141
3539	0.080135
1669	0.079869
5107	0.079815
4064	0.079623
4063	0.079623
4061	0.079623
4058	0.079623
4057	0.079623
2644	0.079623
373	0.079309
1659	0.079252
5755	0.079076
1680	0.078998
5558	0.078672
4807	0.078425
4289	0.078358
7229	0.078326
4059	0.078000
10358	0.077981
5131	0.077940
1816	0.077571
13155	0.077551
1243	0.077401
2406	0.077132
3678	0.077062
3673	0.077062
8888	0.076898
12303	0.076842
5290	0.076840
3838	0.076394
1779	0.076375
6188	0.076341
418	0.076278
12029	0.076277
9950	0.076106
13139	0.076069
9084	0.075964
1991	0.075884
9830	0.075726
3906	0.075526
12715	0.075249
2031	0.075204
9438	0.075203
724	0.074983
1568	0.074961
14100	0.074893
13323	0.074814
11542	0.074628
9879	0.074611
2817	0.074418
1943	0.074345
11685	0.074328
1278	0.074066
12551	0.073670
1580	0.073605
13679	0.073596
8762	0.073594
13305	0.073155
11817	0.073097
6990	0.073097
4569	0.073064
4425	0.072898
13716	0.072786
7206	0.072478
235	0.072401
7258	0.072380
2404	0.072359
377	0.072191
4805	0.072034
13652	0.071834
7955	0.071742
9094	0.071711
9093	0.071711
9092	0.071711
9065	0.071711
1647	0.071604
4804	0.071239
11061	0.071237
13294	0.071051
10836	0.070917
3163	0.070735
1618	0.070635
4168	0.070607
11053	0.070525
13686	0.070488
13670	0.070488
10011	0.070447
1583	0.070419
2326	0.070265
9082	0.070253
8947	0.070184
9840	0.070176
5707	0.070174
11839	0.070156
6451	0.070153
1690	0.070070
11790	0.069978
13620	0.069956
1552	0.069917
12462	0.069732
10685	0.069732
10717	0.069620
9485	0.069480
5658	0.069378
11895	0.069347
416	0.069328
12710	0.069189
6532	0.069116
3168	0.069052
6102	0.069040
7530	0.069030
1641	0.069027
3363	0.068999
214	0.068842
1543	0.068806
9143	0.068794
6242	0.068794
4945	0.068790
513	0.068671
1619	0.068661
9870	0.068617
11245	0.068597
12730	0.068568
244	0.068483
9026	0.068395
3489	0.068380
1644	0.068336
13688	0.068329
6058	0.068278
10480	0.068173
4105	0.068168
1150	0.068041
13884	0.067980
7149	0.067971
444	0.067849
12335	0.067827
9222	0.067822
1539	0.067815
6895	0.067781
2283	0.067723
11530	0.067711
12410	0.067548
11086	0.067536
9835	0.067496
8518	0.067491
6049	0.067478
12773	0.067324
4106	0.067310
1540	0.067303
4542	0.067183
11528	0.067093
1862	0.067067
3405	0.067036
7529	0.066732
7318	0.066625
11556	0.066594
9728	0.066591
7856	0.066543
13359	0.066450
3727	0.066442
12409	0.066413
10875	0.066354
7872	0.066353
8352	0.066350
8351	0.066350
2957	0.066350
2956	0.066350
11179	0.066264
2408	0.066141
2335	0.065910
1858	0.065847
9617	0.065733
9961	0.065503
13818	0.065421
4361	0.065371
1402	0.065347
4306	0.065340
14043	0.065317
5129	0.065186
1406	0.065173
5491	0.065163
2039	0.065066
4116	0.065028
6651	0.064922
3779	0.064885
4085	0.064855
5937	0.064792
12148	0.064748
7411	0.064748
10904	0.064644
3230	0.064600
1353	0.064457
13687	0.064384
10394	0.064351
14277	0.064341
2902	0.064320
1944	0.064295
2536	0.064260
9864	0.064172
12636	0.064087
10318	0.063893
2521	0.063892
6760	0.063890
4027	0.063890
2933	0.063780
11739	0.063729
9587	0.063677
2223	0.063626
4062	0.063584
4026	0.063492
482	0.063430
2968	0.063372
4060	0.063319
1032	0.063302
6896	0.063254
10090	0.063205
10842	0.063201
11421	0.063201
11345	0.063201
11335	0.063201
13106	0.063143
8089	0.063089
11564	0.063064
11772	0.063055
9843	0.062973
5307	0.062881
10940	0.062867
12832	0.062832
12607	0.062824
13850	0.062808
11539	0.062703
420	0.062669
11019	0.062665
7463	0.062539
6066	0.062539
6494	0.062472
11780	0.062461
7406	0.062358
3669	0.062345
6550	0.062198
10165	0.062122
13504	0.062116
3085	0.062097
7093	0.062083
7601	0.062009
5451	0.062004
9395	0.061950
13354	0.061915
4912	0.061744
441	0.061699
4049	0.061672
6556	0.061480
6555	0.061480
5858	0.061445
1140	0.061334
13877	0.061302
2301	0.061298
4147	0.061215
4038	0.061122
2675	0.061109
9392	0.061095
10069	0.061060
1560	0.061053
8835	0.060866
2809	0.060820
10468	0.060663
8152	0.060655
11132	0.060647
11244	0.060644
12093	0.060632
524	0.060499
12296	0.060442
6244	0.060442
13550	0.060432
13810	0.060314
1605	0.060306
3006	0.060265
3815	0.060249
4330	0.060238
1086	0.060230
12764	0.060156
10843	0.060069
3240	0.060065
8377	0.060030
9351	0.059951
9350	0.059951
7401	0.059951
13471	0.059905
4474	0.059870
6736	0.059860
14077	0.059839
1859	0.059782
6047	0.059739
13449	0.059728
3837	0.059711
13491	0.059694
10683	0.059647
5692	0.059609
7078	0.059573
9484	0.059535
9483	0.059535
572	0.059531
14165	0.059516
6398	0.059497
5690	0.059488
3178	0.059450
9507	0.059444
10808	0.059409
10083	0.059335
1554	0.059315
10911	0.059310
3908	0.059309
248	0.059299
13325	0.059287
350	0.059258
612	0.059164
2770	0.059138
4766	0.059030
4084	0.059008
14321	0.059002
14311	0.059002
14307	0.059002
14114	0.059002
10393	0.059002
8406	0.059002
8368	0.059002
3158	0.059002
245	0.058994
3215	0.058978
3822	0.058886
5734	0.058807
12426	0.058786
1960	0.058773
7510	0.058681
5181	0.058674
14157	0.058670
13473	0.058634
491	0.058596
14215	0.058571
12756	0.058562
7239	0.058544
6728	0.058535
6187	0.058458
8390	0.058434
5377	0.058379
4250	0.058375
8253	0.058369
14349	0.058331
14344	0.058331
14316	0.058331
14309	0.058331
14306	0.058331
14260	0.058331
14240	0.058331
14216	0.058331
14168	0.058331
4416	0.058327
3650	0.058248
2383	0.058228
5716	0.058132
345	0.058130
1400	0.058093
7449	0.058076
2584	0.057901
10042	0.057891
9964	0.057884
2666	0.057855
13822	0.057837
14073	0.057819
7650	0.057770
7096	0.057770
7131	0.057685
11674	0.057598
6001	0.057596
12255	0.057580
4377	0.057573
5495	0.057561
12650	0.057552
11998	0.057548
4450	0.057497
10509	0.057488
2021	0.057488
13519	0.057445
9623	0.057427
385	0.057420
9690	0.057394
13911	0.057339
10342	0.057311
7238	0.057309
12625	0.057308
14154	0.057240
14152	0.057240
14150	0.057240
14145	0.057240
14131	0.057240
14062	0.057240
808	0.057224
14265	0.057029
14264	0.057029
9779	0.056976
5346	0.056949
6565	0.056927
10669	0.056859
11222	0.056843
1967	0.056807
1921	0.056768
7236	0.056575
14313	0.056548
14296	0.056548
5728	0.056515
8373	0.056511
8240	0.056511
5613	0.056490
11520	0.056472
11782	0.056418
5939	0.056413
6028	0.056394
10174	0.056280
798	0.056266
8040	0.056264
1654	0.056201
8338	0.056194
11532	0.056189
13129	0.056188
6061	0.056188
13662	0.056170
2537	0.056155
5188	0.056146
8929	0.056128
9718	0.056087
14058	0.056038
3144	0.056033
8750	0.056006
6031	0.055880
6030	0.055880
5992	0.055880
5219	0.055863
7094	0.055842
6397	0.055790
1731	0.055764
13585	0.055736
11337	0.055735
506	0.055706
8557	0.055690
8555	0.055690
8547	0.055690
1053	0.055678
8051	0.055591
8155	0.055581
8154	0.055581
8153	0.055581
8151	0.055581
8150	0.055581
10856	0.055535
14126	0.055493
14125	0.055493
12295	0.055464
6243	0.055464
1694	0.055456
12597	0.055405
7458	0.055378
3342	0.055349
9172	0.055347
9694	0.055335
6571	0.055316
13405	0.055286
2407	0.055244
12751	0.055241
12621	0.055165
6036	0.055146
10626	0.055109
9817	0.055108
5154	0.055102
10572	0.055096
2262	0.055009
10166	0.054992
6062	0.054884
1880	0.054876
12806	0.054848
3067	0.054820
1642	0.054818
12110	0.054810
8252	0.054801
11755	0.054784
10780	0.054767
13529	0.054538
1555	0.054534
11501	0.054523
6521	0.054455
2790	0.054428
10136	0.054423
1036	0.054400
9989	0.054397
11660	0.054344
10489	0.054323
9747	0.054274
5483	0.054273
1279	0.054246
11757	0.054240
4612	0.054213
7010	0.054200
13430	0.054154
11759	0.054149
2337	0.054139
10693	0.054095
10741	0.054074
11453	0.054065
11452	0.054065
11451	0.054065
11449	0.054065
11445	0.054065
11427	0.054065
11391	0.054065
11388	0.054065
11331	0.054065
11327	0.054065
11268	0.054065
11088	0.054065
8876	0.054061
2043	0.054061
11081	0.054043
13250	0.054015
10305	0.053985
13460	0.053948
4293	0.053927
8477	0.053922
1815	0.053884
11551	0.053877
10618	0.053863
10907	0.053838
13624	0.053828
13623	0.053828
10230	0.053802
125	0.053785
1945	0.053784
10949	0.053784
12312	0.053765
4369	0.053695
1368	0.053646
918	0.053591
12382	0.053587
11172	0.053550
13607	0.053532
9229	0.053471
10104	0.053467
11455	0.053450
11426	0.053450
210	0.053379
12687	0.053369
10498	0.053343
13793	0.053321
8136	0.053321
3320	0.053290
4863	0.053246
13566	0.053204
4190	0.053164
7894	0.053148
5030	0.053126
7101	0.053109
1167	0.053092
13588	0.053082
13165	0.053029
5938	0.053002
9595	0.053001
1188	0.053000
3229	0.052995
11491	0.052909
10547	0.052904
5029	0.052891
3232	0.052829
202	0.052777
7992	0.052775
1203	0.052757
13654	0.052732
5969	0.052702
2996	0.052701
13319	0.052695
10840	0.052691
11553	0.052682
5768	0.052648
4295	0.052641
11104	0.052612
10538	0.052589
1809	0.052478
3764	0.052436
3216	0.052378
4767	0.052357
4667	0.052328
11213	0.052323
6114	0.052312
13685	0.052214
13684	0.052214
13683	0.052214
13565	0.052214
8328	0.052179
13689	0.052171
13489	0.052171
9520	0.052146
6993	0.052123
6531	0.052104
11581	0.052089
6381	0.052005
4304	0.051989
4302	0.051989
11999	0.051978
8799	0.051938
4506	0.051938
4502	0.051938
1947	0.051938
702	0.051893
1041	0.051871
1625	0.051828
4671	0.051747
4669	0.051747
13680	0.051747
2990	0.051737
9295	0.051705
366	0.051698
4537	0.051586
10996	0.051582
3952	0.051565
4857	0.051550
4668	0.051499
1418	0.051411
6326	0.051390
1976	0.051378
1585	0.051362
3668	0.051330
2815	0.051279
12510	0.051213
7337	0.051198
14203	0.051195
13907	0.051195
13906	0.051195
13407	0.051195
11171	0.051195
8372	0.051195
7978	0.051195
3942	0.051195
11218	0.051194
9998	0.051157
12500	0.051094
707	0.051059
13321	0.051051
6561	0.051045
2969	0.051019
13317	0.051014
13950	0.050868
4816	0.050833
6257	0.050827
7575	0.050824
6500	0.050782
12692	0.050777
11695	0.050774
4898	0.050766
8053	0.050744
6994	0.050722
703	0.050701
1812	0.050696
1811	0.050696
4461	0.050673
7457	0.050590
12292	0.050578
12698	0.050571
4111	0.050558
7930	0.050532
4670	0.050530
547	0.050514
3505	0.050500
445	0.050487
13451	0.050423
13450	0.050423
13410	0.050423
6482	0.050419
9089	0.050414
5344	0.050400
443	0.050370
11182	0.050361
4792	0.050333
8484	0.050314
5898	0.050307
12173	0.050294
4576	0.050293
5601	0.050288
478	0.050288
4686	0.050270
7973	0.050269
7438	0.050167
7123	0.050167
12171	0.050150
11686	0.050128
10796	0.050125
11783	0.049998
6657	0.049967
5345	0.049883
11543	0.049878
10306	0.049843
11463	0.049842
10486	0.049808
778	0.049728
1486	0.049713
4431	0.049707
10857	0.049687
95	0.049663
5970	0.049655
8503	0.049597
12547	0.049591
3069	0.049581
9692	0.049535
13503	0.049519
11180	0.049506
1768	0.049486
13609	0.049469
12348	0.049461
13138	0.049449
10033	0.049434
393	0.049428
11077	0.049410
11173	0.049401
6903	0.049389
12707	0.049379
10799	0.049372
1355	0.049371
11348	0.049331
11347	0.049331
10942	0.049331
10196	0.049331
3959	0.049266
5893	0.049261
5892	0.049261
5891	0.049261
5890	0.049261
5889	0.049261
1269	0.049248
7403	0.049234
421	0.049220
10235	0.049196
7588	0.049182
9560	0.049182
8078	0.049182
7995	0.049182
7587	0.049181
7548	0.049181
6547	0.049181
11750	0.049173
6793	0.049173
10492	0.049169
2370	0.049164
11726	0.049152
6900	0.049152
11749	0.049148
11748	0.049148
6796	0.049148
6795	0.049148
6792	0.049148
6791	0.049148
6358	0.049148
6508	0.049132
6548	0.049123
6546	0.049081
13941	0.049080
5148	0.049069
10490	0.049039
8297	0.048990
10450	0.048939
2018	0.048939
6120	0.048931
11226	0.048893
7518	0.048861
10503	0.048836
7942	0.048779
2461	0.048775
11568	0.048761
5032	0.048736
11283	0.048731
7592	0.048728
13461	0.048709
6363	0.048692
13972	0.048661
3675	0.048645
5529	0.048591
12667	0.048587
4975	0.048583
479	0.048568
13622	0.048560
1545	0.048540
770	0.048517
10476	0.048517
10314	0.048482
9867	0.048456
10315	0.048447
13265	0.048438
7959	0.048428
3633	0.048414
13185	0.048280
12590	0.048254
5902	0.048228
5901	0.048228
5900	0.048228
5899	0.048228
1350	0.048223
915	0.048217
2475	0.048158
6838	0.048140
4410	0.048087
3738	0.048086
12383	0.048055
11607	0.048053
6308	0.048042
7806	0.048027
3451	0.048017
4544	0.047981
3142	0.047945
455	0.047925
449	0.047925
6627	0.047920
12098	0.047889
3958	0.047889
12542	0.047885
1204	0.047883
6086	0.047865
6311	0.047862
6310	0.047862
4843	0.047862
277	0.047845
12203	0.047825
8580	0.047825
8575	0.047825
8546	0.047825
7122	0.047825
2634	0.047808
2015	0.047803
10819	0.047784
12719	0.047753
9909	0.047748
7943	0.047726
11898	0.047671
2418	0.047628
