7343	0.232682
7342	0.230188
12715	0.182516
13810	0.164015
14126	0.160401
14125	0.160401
11091	0.110567
11178	0.110023
5413	0.109838
3242	0.108557
12636	0.100177
12560	0.097605
991	0.096324
1882	0.096098
14128	0.094813
11019	0.094752
7306	0.094722
2486	0.094516
10658	0.094152
13497	0.093792
11534	0.093564
12654	0.093408
11634	0.092842
10657	0.092601
11007	0.092578
13449	0.092493
13498	0.091699
11982	0.091250
5414	0.091250
5412	0.091250
10492	0.090905
4721	0.090101
3429	0.088187
3428	0.087936
11675	0.086819
8622	0.086646
4947	0.086437
7224	0.086217
6574	0.086217
5527	0.086217
10441	0.085892
11635	0.085702
10475	0.085534
2052	0.085511
5491	0.085154
3441	0.085043
12400	0.084108
11586	0.084108
4235	0.083978
9170	0.083062
1039	0.083000
12832	0.082787
3341	0.082748
570	0.082698
6482	0.082698
331	0.082695
3987	0.082502
13688	0.082463
11539	0.082393
9909	0.082293
6758	0.082061
677	0.082030
2320	0.081823
7337	0.081254
7239	0.080687
2889	0.080326
11728	0.080316
11729	0.079699
249	0.079105
12202	0.079068
3988	0.079068
5424	0.078913
5346	0.078903
10273	0.078334
12698	0.078027
12795	0.077847
11463	0.077704
3505	0.077685
7397	0.077540
2114	0.077443
12707	0.077227
7114	0.076905
250	0.076533
2546	0.076468
14073	0.076410
700	0.076235
11073	0.076121
13490	0.075806
13632	0.075806
13631	0.075806
3007	0.075783
13633	0.075767
10186	0.075292
9377	0.075217
11556	0.075150
2371	0.075148
392	0.075133
9839	0.075004
4193	0.074718
10226	0.074374
5815	0.074348
12637	0.074314
13694	0.074137
3342	0.074044
3789	0.073968
254	0.073967
10694	0.073957
10033	0.073913
13500	0.073753
3451	0.073690
6415	0.073537
6366	0.073516
11202	0.073172
12734	0.072353
11510	0.072345
7101	0.072109
5423	0.072053
10507	0.071555
9370	0.071524
854	0.071518
323	0.071424
11121	0.071341
10318	0.071271
11437	0.071060
12170	0.071055
5185	0.070995
12315	0.070738
2871	0.070663
11467	0.070647
10245	0.070592
7942	0.070584
4392	0.070545
12241	0.070509
12240	0.070509
8074	0.070509
7294	0.070509
6054	0.070509
4336	0.070509
11065	0.070477
6050	0.070429
1608	0.070423
7036	0.070323
11077	0.070206
5697	0.070123
10048	0.069946
11477	0.069652
11109	0.069640
10674	0.069513
6838	0.069473
63	0.069406
10127	0.069400
2944	0.069375
13838	0.069358
6048	0.069279
3440	0.069139
13164	0.069024
10432	0.068959
3678	0.068940
3673	0.068940
10940	0.068791
9520	0.068782
2817	0.068780
10230	0.068613
5558	0.068514
7229	0.068497
2968	0.068394
10089	0.068313
1632	0.068174
319	0.067925
12794	0.067862
10801	0.067766
14	0.067721
12747	0.067690
11685	0.067622
12757	0.067580
9948	0.067544
1885	0.067480
1884	0.067480
1883	0.067480
3539	0.067236
690	0.067193
1419	0.067188
13396	0.067180
13338	0.067180
1420	0.067173
6938	0.067151
819	0.067054
8314	0.067050
2159	0.067037
6643	0.066998
13166	0.066965
9779	0.066914
3908	0.066882
10834	0.066787
10943	0.066705
13597	0.066638
13596	0.066638
13595	0.066638
13583	0.066638
13554	0.066638
13402	0.066638
7990	0.066638
13094	0.066598
2283	0.066548
7855	0.066528
7856	0.066513
12109	0.066501
5948	0.066501
3111	0.066483
11129	0.066461
12666	0.066446
10428	0.066220
5040	0.066086
10852	0.065998
5041	0.065897
6124	0.065868
12403	0.065857
11394	0.065773
10249	0.065699
10049	0.065547
277	0.065499
2263	0.065069
11416	0.064913
9085	0.064870
5957	0.064807
14111	0.064705
14080	0.064705
13545	0.064673
4618	0.064661
12561	0.064571
12716	0.064560
6946	0.064559
12787	0.064524
5039	0.064463
7202	0.064320
10723	0.064288
7676	0.064266
12145	0.064198
10515	0.064198
5956	0.064198
6055	0.064178
7453	0.064104
567	0.064082
9086	0.064051
235	0.064040
2594	0.063953
11518	0.063911
333	0.063904
7131	0.063732
12633	0.063721
364	0.063652
10542	0.063549
4416	0.063481
9835	0.063474
12521	0.063469
11921	0.063384
8901	0.063383
227	0.063363
3764	0.063357
12880	0.063297
7526	0.063190
11506	0.063163
8864	0.063158
8863	0.063158
8583	0.063158
8124	0.063158
7904	0.063158
7903	0.063158
7902	0.063158
7901	0.063158
7900	0.063158
7899	0.063158
7897	0.063158
7896	0.063158
7895	0.063158
7955	0.063091
5038	0.063082
10456	0.063064
9840	0.063061
13374	0.063014
13373	0.063014
11132	0.063008
12525	0.062973
6053	0.062963
12462	0.062916
10685	0.062916
251	0.062785
852	0.062718
2588	0.062645
253	0.062585
9192	0.062538
11977	0.062489
10427	0.062309
10356	0.062292
5672	0.062274
1756	0.062174
3210	0.062170
12426	0.062124
1141	0.062060
8405	0.062030
5671	0.061967
13626	0.061944
13425	0.061944
10255	0.061935
13087	0.061927
10609	0.061758
10859	0.061746
9944	0.061727
3633	0.061641
9870	0.061629
10554	0.061542
6294	0.061487
5746	0.061453
12613	0.061397
1507	0.061396
10069	0.061384
3437	0.061363
6155	0.061328
12799	0.061265
7203	0.061245
11419	0.061205
9747	0.061204
1400	0.061128
10648	0.061040
5291	0.061015
4667	0.060935
10556	0.060897
1779	0.060890
12701	0.060834
4051	0.060742
5748	0.060729
6252	0.060698
9237	0.060567
4945	0.060546
9830	0.060504
268	0.060418
4671	0.060387
4669	0.060387
6737	0.060386
2990	0.060369
5650	0.060332
7659	0.060273
12125	0.060219
329	0.060196
330	0.060182
13131	0.060177
5344	0.060146
5649	0.060077
11218	0.060020
4670	0.059996
3630	0.059884
10497	0.059783
12542	0.059769
10389	0.059742
8959	0.059726
13333	0.059659
13265	0.059633
12551	0.059604
12577	0.059385
11233	0.059336
9381	0.059336
514	0.059318
11301	0.059286
14249	0.059285
2952	0.059072
9436	0.058996
11334	0.058990
6723	0.058973
6722	0.058973
4787	0.058810
10376	0.058713
2996	0.058634
10776	0.058615
10683	0.058585
702	0.058541
11564	0.058517
3795	0.058492
8656	0.058431
7553	0.058378
11658	0.058376
2020	0.058361
1273	0.058353
12579	0.058328
14250	0.058181
10558	0.058181
10555	0.058181
6968	0.058181
8042	0.058163
1583	0.058146
4466	0.058122
7686	0.058085
4668	0.058029
5142	0.058020
4461	0.057992
5888	0.057972
4933	0.057957
13560	0.057953
12798	0.057949
13820	0.057930
10274	0.057923
5520	0.057911
2595	0.057867
4363	0.057778
2914	0.057772
7207	0.057765
10534	0.057739
10972	0.057738
12250	0.057732
2251	0.057590
6636	0.057576
604	0.057515
10844	0.057486
10550	0.057413
6278	0.057403
13716	0.057397
7506	0.057269
14427	0.057236
7182	0.057212
14266	0.057197
13517	0.057169
8960	0.057042
11858	0.056996
1402	0.056995
9439	0.056901
9917	0.056834
10838	0.056781
3363	0.056746
2964	0.056732
5154	0.056718
11818	0.056676
4722	0.056649
2950	0.056648
3425	0.056573
2277	0.056544
7379	0.056432
5928	0.056409
7205	0.056308
8040	0.056294
6127	0.056282
6138	0.056252
5546	0.056250
9484	0.056197
9483	0.056197
4661	0.056116
6386	0.056111
11177	0.056089
12597	0.056037
8430	0.056025
9462	0.056016
11493	0.055956
5958	0.055889
10443	0.055801
11507	0.055776
9099	0.055739
11626	0.055689
38	0.055684
6527	0.055681
568	0.055644
11226	0.055610
5519	0.055604
11234	0.055601
2322	0.055570
11211	0.055510
10839	0.055469
5779	0.055443
10330	0.055412
13095	0.055377
6969	0.055377
5778	0.055324
11548	0.055281
12431	0.055236
4204	0.055172
4168	0.055061
11551	0.055041
12410	0.055035
13398	0.054956
4319	0.054927
2344	0.054922
569	0.054901
11800	0.054892
9828	0.054886
11565	0.054871
7881	0.054869
12536	0.054867
9587	0.054796
3454	0.054681
11576	0.054634
13693	0.054601
3170	0.054569
7245	0.054558
3977	0.054495
12689	0.054481
1555	0.054471
10833	0.054456
10005	0.054397
6334	0.054310
9120	0.054251
8833	0.054248
14199	0.054239
12279	0.054066
11825	0.054066
6270	0.054066
6269	0.054066
13594	0.054051
12756	0.054031
10042	0.054028
3438	0.054027
10509	0.054027
2021	0.054027
9538	0.054024
1991	0.053941
12096	0.053933
2845	0.053864
11964	0.053821
11053	0.053767
3668	0.053759
1734	0.053754
12628	0.053752
10677	0.053740
11057	0.053698
12414	0.053688
11472	0.053653
4530	0.053581
2404	0.053571
6398	0.053510
3715	0.053487
12093	0.053477
7070	0.053473
9682	0.053437
5446	0.053428
11795	0.053382
1085	0.053361
12317	0.053355
311	0.053327
12923	0.053248
9491	0.053248
2325	0.053248
2324	0.053248
13552	0.053245
13511	0.053245
13507	0.053245
8922	0.053228
12030	0.053198
11350	0.053171
5290	0.053128
12496	0.053110
7206	0.053107
9026	0.053072
11217	0.053024
5851	0.053005
855	0.052997
1952	0.052997
5567	0.052966
10031	0.052901
11638	0.052883
5695	0.052841
10158	0.052838
13598	0.052838
6234	0.052831
12764	0.052801
9579	0.052786
10557	0.052753
3773	0.052723
4295	0.052712
3957	0.052708
8001	0.052703
12595	0.052660
10499	0.052646
10676	0.052631
10447	0.052631
10446	0.052631
10445	0.052631
10442	0.052631
12543	0.052557
12573	0.052537
8171	0.052527
13121	0.052480
4789	0.052480
4788	0.052480
8503	0.052447
5565	0.052403
4763	0.052390
6663	0.052362
11575	0.052348
9623	0.052337
10841	0.052270
7645	0.052221
628	0.052176
12818	0.052133
10920	0.052127
7650	0.052092
7096	0.052092
11509	0.052083
11052	0.052080
9950	0.052026
11237	0.052005
8336	0.051997
7762	0.051923
11501	0.051847
1041	0.051738
11987	0.051726
3774	0.051711
6123	0.051707
10921	0.051701
13558	0.051687
12710	0.051677
1921	0.051661
599	0.051659
3838	0.051641
4383	0.051635
11424	0.051623
10904	0.051585
11332	0.051584
8135	0.051578
12704	0.051546
12621	0.051520
6861	0.051508
9094	0.051507
9093	0.051507
9092	0.051507
9065	0.051507
3638	0.051467
6810	0.051452
370	0.051431
13401	0.051388
10707	0.051386
10642	0.051321
10547	0.051291
12732	0.051277
6715	0.051276
9879	0.051264
11646	0.051253
11540	0.051247
10875	0.051237
11315	0.051207
3203	0.051187
10772	0.051171
11813	0.051157
11574	0.051139
11322	0.051106
12571	0.051088
10615	0.051058
4521	0.051014
9196	0.051008
6397	0.050957
9021	0.050926
9961	0.050902
12773	0.050894
9831	0.050882
4349	0.050881
1963	0.050847
2031	0.050818
12055	0.050786
10037	0.050769
8641	0.050761
2666	0.050752
1741	0.050720
3664	0.050689
12367	0.050688
6157	0.050685
6101	0.050678
51	0.050644
5420	0.050626
4659	0.050617
8947	0.050546
2018	0.050516
13537	0.050475
9098	0.050427
14045	0.050408
4305	0.050392
5829	0.050355
5691	0.050350
5830	0.050344
11166	0.050335
3596	0.050315
13363	0.050311
3507	0.050295
9347	0.050283
5419	0.050211
1951	0.050175
7950	0.050147
11798	0.050132
12612	0.050085
1953	0.050078
1954	0.050078
10816	0.050020
6530	0.050020
10264	0.050011
5321	0.050011
3837	0.049984
10926	0.049938
12438	0.049876
10419	0.049856
808	0.049855
4744	0.049850
312	0.049844
6841	0.049836
13361	0.049783
14238	0.049721
14175	0.049721
14044	0.049721
9989	0.049671
6835	0.049649
11147	0.049631
5522	0.049630
10511	0.049575
10514	0.049565
5045	0.049478
6741	0.049456
5143	0.049437
9869	0.049412
10311	0.049396
6700	0.049393
11988	0.049318
10523	0.049277
10024	0.049269
10172	0.049255
14245	0.049253
11415	0.049223
3654	0.049212
5354	0.049198
6052	0.049187
11491	0.049157
12442	0.049139
12238	0.049135
5177	0.049090
11154	0.049084
10213	0.049079
12618	0.049067
4537	0.049059
11781	0.049050
2773	0.049048
5044	0.048993
404	0.048929
13384	0.048927
5534	0.048903
10233	0.048889
13285	0.048887
6361	0.048882
4660	0.048877
10430	0.048857
12533	0.048846
10949	0.048831
7654	0.048765
9150	0.048748
11486	0.048715
1731	0.048704
7757	0.048676
10512	0.048648
8794	0.048633
9005	0.048631
13165	0.048608
4974	0.048521
11455	0.048502
11426	0.048502
13675	0.048484
7260	0.048477
6624	0.048472
310	0.048457
10358	0.048454
1018	0.048407
688	0.048391
7295	0.048386
10771	0.048382
11314	0.048376
12812	0.048366
7094	0.048366
10836	0.048323
5747	0.048304
12690	0.048291
3631	0.048269
14108	0.048268
4745	0.048268
7655	0.048205
12437	0.048168
2542	0.048150
11447	0.048110
11086	0.048098
13569	0.048063
10531	0.048060
10217	0.048039
10180	0.048039
10161	0.048039
12507	0.048031
4117	0.047953
11213	0.047949
6528	0.047918
1017	0.047890
10212	0.047855
6371	0.047843
8397	0.047831
12587	0.047792
11528	0.047768
6255	0.047731
303	0.047717
1232	0.047716
1229	0.047716
7875	0.047711
1986	0.047706
11568	0.047695
3729	0.047683
5451	0.047644
12552	0.047642
6877	0.047621
3135	0.047607
247	0.047600
2185	0.047568
1862	0.047536
4304	0.047509
4302	0.047509
8655	0.047507
11999	0.047502
10211	0.047496
5521	0.047444
6134	0.047438
213	0.047437
10232	0.047382
7165	0.047352
11572	0.047330
5761	0.047319
12538	0.047236
12730	0.047188
9002	0.047158
13718	0.047144
9218	0.047113
12873	0.047103
6179	0.047067
8003	0.047066
10636	0.047020
12750	0.047010
12508	0.047007
5541	0.047002
3168	0.046998
10773	0.046994
7973	0.046966
3982	0.046945
12897	0.046943
10780	0.046925
11516	0.046900
335	0.046854
334	0.046854
327	0.046854
305	0.046854
302	0.046854
13462	0.046843
4873	0.046801
332	0.046764
338	0.046747
12502	0.046738
12572	0.046717
743	0.046713
4576	0.046665
220	0.046638
6496	0.046637
5432	0.046637
3870	0.046622
13375	0.046617
10478	0.046616
7028	0.046580
1104	0.046569
11817	0.046566
6990	0.046566
11179	0.046564
3113	0.046501
13155	0.046490
3632	0.046466
12348	0.046455
4972	0.046442
6098	0.046428
9927	0.046372
9896	0.046372
7208	0.046372
6572	0.046369
2625	0.046360
13036	0.046359
12548	0.046358
11122	0.046351
12713	0.046349
12566	0.046345
5651	0.046343
9958	0.046327
5219	0.046316
12624	0.046308
3312	0.046267
12604	0.046241
10665	0.046233
10227	0.046226
13475	0.046221
3004	0.046214
10946	0.046158
10275	0.046150
8531	0.046139
1359	0.046120
10444	0.046063
13360	0.046031
12262	0.046013
6692	0.045981
5667	0.045965
13323	0.045958
7530	0.045935
78	0.045877
14291	0.045846
9694	0.045821
12731	0.045819
361	0.045781
7638	0.045773
2699	0.045750
10545	0.045685
12565	0.045683
11216	0.045674
2101	0.045667
7961	0.045637
10482	0.045631
477	0.045624
9960	0.045601
9605	0.045580
11530	0.045576
2770	0.045572
7258	0.045559
3175	0.045538
4192	0.045518
3787	0.045489
314	0.045473
3906	0.045429
10125	0.045429
13111	0.045426
13109	0.045426
9959	0.045426
11520	0.045418
3745	0.045370
11542	0.045361
12053	0.045360
13916	0.045325
2483	0.045325
10646	0.045307
3739	0.045285
12630	0.045269
9971	0.045192
11436	0.045187
10711	0.045187
5841	0.045110
12517	0.045108
12808	0.045094
11056	0.045077
4289	0.045072
7789	0.045062
10712	0.045053
10305	0.045039
9796	0.045014
8615	0.044968
12667	0.044947
9643	0.044932
861	0.044931
469	0.044926
12811	0.044896
7913	0.044892
5968	0.044892
470	0.044892
7284	0.044880
12810	0.044866
11838	0.044831
7283	0.044831
2582	0.044785
7240	0.044751
10785	0.044745
1643	0.044745
5954	0.044710
13946	0.044709
1592	0.044709
3389	0.044685
4935	0.044668
13123	0.044660
10034	0.044660
10391	0.044626
7359	0.044622
5967	0.044615
12074	0.044603
10751	0.044589
8017	0.044537
2438	0.044534
1591	0.044531
12792	0.044493
10477	0.044488
10198	0.044457
10189	0.044412
12237	0.044407
9307	0.044404
10468	0.044384
10672	0.044377
5514	0.044365
2581	0.044349
10368	0.044341
328	0.044314
11607	0.044287
10486	0.044268
10572	0.044254
11081	0.044228
3960	0.044197
3956	0.044197
14013	0.044187
