11094	0.158140
11486	0.151283
12551	0.145362
10069	0.144134
11554	0.142039
10531	0.141942
6660	0.141238
4819	0.139279
12704	0.139165
5041	0.138057
10547	0.136384
5250	0.136267
4221	0.135726
9948	0.132037
10141	0.131510
10035	0.131510
10687	0.131254
10486	0.131051
13166	0.130672
10903	0.130297
3217	0.130129
10686	0.130112
4279	0.130097
8054	0.129987
6887	0.129978
12804	0.129712
12552	0.128444
5491	0.127479
3163	0.127415
10033	0.127120
9857	0.126919
11173	0.126782
8003	0.126585
12832	0.126458
10674	0.125007
2471	0.124912
10046	0.123906
9835	0.123843
8513	0.123068
12426	0.122872
3845	0.122784
11351	0.122266
9944	0.122155
12401	0.121954
12607	0.121746
11474	0.121707
6499	0.121172
12500	0.121079
12621	0.120658
10714	0.120581
10692	0.120520
1507	0.120388
10530	0.120203
6809	0.119669
11491	0.119567
8797	0.119427
8900	0.118289
11485	0.118136
14063	0.118051
13151	0.117782
12148	0.117707
7411	0.117707
12571	0.117362
9971	0.117040
12594	0.116952
8794	0.116720
10349	0.116659
12638	0.116429
12803	0.115528
12496	0.115511
11419	0.114989
12660	0.114858
10852	0.114732
11218	0.114668
9989	0.114521
1363	0.114505
12595	0.114235
11354	0.114206
12701	0.113979
13838	0.113777
6877	0.113754
12807	0.113523
6290	0.113519
10068	0.113330
7139	0.113089
13154	0.113050
11513	0.112878
11463	0.112465
12512	0.112232
5567	0.112162
4786	0.111548
3726	0.111527
9946	0.111427
2983	0.111079
11539	0.110613
13794	0.110459
1538	0.109833
11516	0.109800
12597	0.109698
6613	0.109674
6808	0.109662
7070	0.109591
12336	0.109443
12776	0.109182
11343	0.109164
11510	0.109112
8622	0.109054
10263	0.108982
11405	0.108405
12650	0.108245
2770	0.108053
10658	0.108017
10657	0.107586
2586	0.107571
12567	0.107479
12606	0.107392
13333	0.107190
14111	0.107091
14080	0.107091
3342	0.106678
2473	0.106338
10485	0.105618
7055	0.105514
7762	0.105401
10195	0.105364
12536	0.105296
6289	0.105274
11495	0.105067
10048	0.104947
12628	0.104823
11497	0.104553
12589	0.103912
11494	0.103754
12809	0.103735
3451	0.103693
12499	0.103477
10647	0.103439
10691	0.103257
3633	0.103006
11502	0.102718
11492	0.102712
11568	0.102353
10843	0.102144
12408	0.102091
10722	0.101762
11575	0.101673
3764	0.101619
10682	0.101527
11189	0.101245
11496	0.101027
11188	0.100946
11187	0.100946
10042	0.100706
11223	0.100594
12792	0.100321
6062	0.100183
11571	0.100173
12153	0.100060
4702	0.100060
10860	0.100053
5957	0.099918
10612	0.099603
12525	0.099437
12791	0.099360
12788	0.099360
12526	0.099314
12624	0.099254
12145	0.099161
10515	0.099161
5956	0.099161
5576	0.099095
7817	0.099007
12494	0.098707
13288	0.098668
9990	0.098660
12698	0.098528
12710	0.098519
9847	0.098442
5650	0.098289
12773	0.098286
10339	0.098103
12200	0.097868
10735	0.097754
12605	0.097750
12610	0.097611
12633	0.097381
10313	0.097251
14109	0.097145
10736	0.097145
12579	0.097089
12576	0.097009
13619	0.096907
10857	0.096690
323	0.096556
4289	0.096555
10609	0.096482
11225	0.096451
10909	0.096451
12708	0.096373
12542	0.096236
11556	0.096195
6012	0.096125
7975	0.095960
4327	0.095881
8496	0.095718
5608	0.095677
6628	0.095638
1963	0.095535
477	0.095498
11551	0.095478
12833	0.095360
2778	0.095160
8654	0.095035
8653	0.095035
1362	0.095017
9396	0.095017
4481	0.095017
4478	0.095004
11312	0.094873
13383	0.094736
4729	0.094675
7520	0.094512
7137	0.094405
11572	0.094209
7505	0.094036
4339	0.094026
4295	0.093792
6622	0.093777
366	0.093494
10353	0.093429
10482	0.093412
9967	0.093085
1737	0.093018
13887	0.092965
12787	0.092962
13361	0.092909
12630	0.092740
7030	0.092597
10484	0.092457
11101	0.092448
4349	0.092341
543	0.092270
6655	0.092263
2594	0.092128
12409	0.092110
7535	0.092057
10464	0.091992
12795	0.091912
13856	0.091833
12626	0.091736
11315	0.091709
1728	0.091700
12812	0.091655
6649	0.091614
6647	0.091614
6646	0.091614
5610	0.091614
9961	0.091459
919	0.091146
11190	0.091108
10376	0.091093
10606	0.090747
11565	0.090709
11053	0.090696
10859	0.090628
11544	0.090595
3266	0.090590
8079	0.090589
244	0.090584
11217	0.090567
11555	0.090541
13165	0.090512
11175	0.090284
10465	0.090138
12503	0.090093
9747	0.090051
10318	0.090033
6810	0.090009
10927	0.089897
11163	0.089738
12554	0.089644
12609	0.089638
12835	0.089509
12509	0.089415
11515	0.089387
10188	0.089343
10212	0.089323
6418	0.089320
10995	0.089130
999	0.089112
10556	0.089063
10875	0.088987
5751	0.088972
11010	0.088891
10500	0.088855
4744	0.088748
10305	0.088380
12562	0.088194
9950	0.088192
9951	0.088134
12625	0.088134
11142	0.088086
10351	0.088077
9988	0.088005
1923	0.087888
11457	0.087870
12767	0.087751
7523	0.087670
11477	0.087647
9917	0.087550
12743	0.087444
10357	0.087432
6535	0.087372
4787	0.087362
11574	0.087338
11528	0.087273
8405	0.087237
11332	0.087235
7337	0.087183
3323	0.087112
12654	0.087111
12580	0.087060
10545	0.086905
12790	0.086889
11154	0.086884
10904	0.086862
11479	0.086762
1924	0.086739
12627	0.086619
12502	0.086379
7062	0.086283
10911	0.086242
2984	0.086105
10264	0.086085
1807	0.086080
9278	0.086024
564	0.086024
5502	0.085990
10389	0.085973
11007	0.085964
7028	0.085950
14108	0.085930
4745	0.085930
7140	0.085922
567	0.085594
11082	0.085521
4451	0.085375
9790	0.085293
6733	0.085238
10924	0.085177
12741	0.085111
3324	0.085049
13121	0.084977
4789	0.084977
4788	0.084977
7961	0.084907
11522	0.084896
11464	0.084829
12769	0.084808
10554	0.084801
6234	0.084752
10499	0.084643
12666	0.084640
9720	0.084632
10784	0.084605
12649	0.084591
8043	0.084464
11626	0.084403
5135	0.084352
11441	0.084290
10831	0.084263
8045	0.084201
542	0.084025
11518	0.083955
5649	0.083887
8401	0.083857
7094	0.083814
2595	0.083704
12510	0.083619
5254	0.083327
7166	0.083310
9992	0.083298
10739	0.083194
10788	0.083194
10777	0.083194
10759	0.083194
14250	0.083144
10558	0.083144
10555	0.083144
6968	0.083144
8042	0.083112
520	0.083038
10684	0.082980
12821	0.082901
971	0.082860
10974	0.082829
7898	0.082766
10095	0.082555
12608	0.082533
12587	0.082461
11162	0.082289
9395	0.082271
5887	0.082102
8080	0.082060
11375	0.082026
10074	0.082014
5134	0.081891
6802	0.081764
11400	0.081763
11186	0.081758
8297	0.081492
11511	0.081446
11211	0.081349
9020	0.081258
6614	0.081248
12593	0.081212
10758	0.081151
10373	0.081056
10613	0.080878
2153	0.080605
11533	0.080419
10492	0.080381
14249	0.080254
13750	0.080172
4712	0.080164
12431	0.080160
13095	0.080128
6969	0.080128
11542	0.080124
7819	0.080007
10557	0.079949
10037	0.079949
1428	0.079925
10526	0.079897
8103	0.079871
12557	0.079786
12695	0.079699
11159	0.079670
10450	0.079556
14017	0.079510
7914	0.079510
1733	0.079452
11089	0.079406
9958	0.079374
3630	0.079364
1018	0.079297
10921	0.079290
5430	0.079225
9016	0.079167
929	0.079092
13737	0.078894
1000	0.078806
10075	0.078777
11473	0.078770
10600	0.078734
8465	0.078713
10650	0.078651
5613	0.078650
6138	0.078605
12659	0.078507
7672	0.078466
6737	0.078466
8065	0.078308
10139	0.078290
6626	0.078190
3261	0.078140
4266	0.078086
10816	0.078081
11045	0.077914
10836	0.077860
11301	0.077825
13129	0.077818
6061	0.077818
4206	0.077721
10502	0.077647
9827	0.077619
10517	0.077599
10367	0.077596
11478	0.077550
12709	0.077377
11512	0.077256
11319	0.077211
11318	0.077211
11317	0.077211
11316	0.077211
5638	0.077193
11247	0.077127
12617	0.077082
7135	0.077068
11185	0.077034
11019	0.076967
11140	0.076923
5969	0.076922
2251	0.076895
1161	0.076884
4177	0.076856
11290	0.076834
10441	0.076774
4655	0.076773
9952	0.076753
8909	0.076701
10649	0.076698
10772	0.076652
11338	0.076505
5894	0.076498
11434	0.076486
10435	0.076472
13164	0.076443
12836	0.076441
12824	0.076441
3312	0.076418
778	0.076375
11353	0.076371
10715	0.076371
5129	0.076353
11009	0.076291
1108	0.076286
5897	0.076138
10856	0.076118
5495	0.076047
8326	0.076043
12524	0.076038
2515	0.075846
10738	0.075687
10032	0.075675
3795	0.075584
10428	0.075540
6911	0.075456
10574	0.075443
10573	0.075437
10992	0.075393
11561	0.075364
4314	0.075348
12711	0.075315
12497	0.075255
12653	0.075243
12629	0.075227
11025	0.075150
13183	0.075123
11008	0.075123
11037	0.075104
9691	0.074960
10985	0.074861
6266	0.074842
12727	0.074791
2705	0.074724
12789	0.074683
4818	0.074658
8066	0.074654
8107	0.074530
10483	0.074529
12822	0.074518
12808	0.074459
10970	0.074396
13799	0.074337
6811	0.074333
11132	0.074308
5221	0.074305
5970	0.074206
12588	0.074102
11878	0.074065
13765	0.073981
9389	0.073962
10523	0.073929
12640	0.073887
7403	0.073825
12492	0.073778
10781	0.073754
24	0.073724
2301	0.073712
10741	0.073658
10809	0.073642
7580	0.073642
13162	0.073610
10123	0.073610
14091	0.073570
12713	0.073565
7581	0.073549
12696	0.073538
6247	0.073526
11088	0.073513
11453	0.073512
11452	0.073512
11451	0.073512
11449	0.073512
11445	0.073512
11427	0.073512
11391	0.073512
11388	0.073512
11331	0.073512
11327	0.073512
11268	0.073512
5271	0.073373
10174	0.073355
12574	0.073338
8656	0.073324
12637	0.073321
8477	0.073298
11488	0.073289
10166	0.073257
12514	0.073255
5483	0.073242
10336	0.073211
10432	0.073200
12726	0.073131
12444	0.073090
12813	0.073065
7875	0.073047
2668	0.073030
12774	0.073012
12445	0.073003
7289	0.072991
10388	0.072960
12413	0.072940
4933	0.072915
8930	0.072857
11320	0.072807
10885	0.072698
11201	0.072662
232	0.072627
11415	0.072627
7061	0.072621
387	0.072619
11346	0.072596
10152	0.072536
7119	0.072536
6878	0.072469
9719	0.072459
10889	0.072431
12505	0.072388
4434	0.072329
3173	0.072299
5670	0.072219
9632	0.072128
13820	0.072083
11160	0.072079
4530	0.072025
3418	0.071998
3198	0.071952
10636	0.071949
12801	0.071918
12573	0.071914
3120	0.071908
10142	0.071871
10476	0.071861
7425	0.071750
11468	0.071696
7930	0.071617
13441	0.071597
13547	0.071571
13546	0.071571
13368	0.071571
13566	0.071542
7279	0.071491
13153	0.071476
10171	0.071476
10170	0.071476
12592	0.071456
11499	0.071442
6988	0.071277
2800	0.071253
11102	0.071243
12658	0.071231
11116	0.071231
2795	0.071231
2794	0.071231
10491	0.071183
1555	0.071152
10851	0.071144
7268	0.071135
8908	0.071130
9956	0.071121
11560	0.071080
10998	0.071020
10997	0.071020
3152	0.071001
10820	0.070988
10884	0.070969
3822	0.070937
10721	0.070931
12415	0.070908
11021	0.070866
4589	0.070865
12508	0.070850
11509	0.070843
13493	0.070826
10961	0.070812
11403	0.070791
6148	0.070791
5512	0.070749
6842	0.070747
11431	0.070740
4531	0.070736
4645	0.070711
11151	0.070588
10535	0.070575
11580	0.070534
8017	0.070510
6334	0.070454
7313	0.070395
9555	0.070361
12548	0.070319
10140	0.070283
13155	0.070197
10740	0.070157
12412	0.070144
14340	0.070123
9972	0.070095
1218	0.070095
3390	0.070052
11501	0.069998
10007	0.069997
12517	0.069873
11368	0.069862
5143	0.069830
12783	0.069829
10215	0.069829
12187	0.069823
11490	0.069815
14245	0.069812
10907	0.069811
10819	0.069768
12577	0.069744
10433	0.069646
11487	0.069563
8369	0.069491
4147	0.069456
12745	0.069435
5220	0.069354
10358	0.069293
12651	0.069197
4514	0.069169
10790	0.069111
7032	0.069104
11447	0.069100
13343	0.069074
277	0.069073
7452	0.069006
10149	0.069005
960	0.068995
12386	0.068885
12647	0.068860
5534	0.068761
1506	0.068615
3658	0.068599
2582	0.068596
12668	0.068584
3689	0.068371
12575	0.068225
11139	0.068189
11853	0.068177
966	0.068101
12238	0.068064
9375	0.068044
12799	0.068036
2581	0.068030
9756	0.068029
12656	0.068029
9417	0.068007
10340	0.067946
7530	0.067911
779	0.067892
7661	0.067860
12520	0.067817
14348	0.067814
5522	0.067696
11182	0.067666
11394	0.067536
3250	0.067409
9169	0.067371
12730	0.067362
7275	0.067343
13841	0.067340
6450	0.067308
12770	0.067299
12109	0.067246
5948	0.067246
10527	0.067150
12546	0.067086
11085	0.067075
5109	0.067052
5521	0.067025
6123	0.066995
9982	0.066967
8144	0.066957
13834	0.066883
9983	0.066856
9915	0.066850
11237	0.066783
9949	0.066716
569	0.066546
10949	0.066433
11168	0.066272
2667	0.065953
11455	0.065940
11426	0.065940
10944	0.065923
566	0.065910
4699	0.065794
12596	0.065774
7645	0.065666
10468	0.065663
7529	0.065629
1433	0.065585
10374	0.065526
8564	0.065484
10127	0.065335
3350	0.065333
10939	0.065166
11476	0.065025
12826	0.064994
12760	0.064988
10475	0.064984
13110	0.064919
11179	0.064909
4980	0.064904
12694	0.064893
11493	0.064878
10505	0.064829
12712	0.064816
11213	0.064814
10926	0.064807
8094	0.064758
12545	0.064746
5565	0.064710
8397	0.064631
12515	0.064610
11564	0.064548
10268	0.064525
11540	0.064524
5651	0.064500
8336	0.064401
11557	0.064385
10916	0.064321
3262	0.064089
8081	0.064029
7687	0.063974
3746	0.063944
391	0.063873
964	0.063820
12389	0.063809
11504	0.063804
9960	0.063772
10024	0.063754
4189	0.063743
13111	0.063715
13109	0.063715
9959	0.063715
9904	0.063691
12652	0.063688
11046	0.063647
10683	0.063628
10125	0.063627
13413	0.063606
11251	0.063563
12301	0.063557
10508	0.063552
9349	0.063545
5148	0.063529
10020	0.063525
1880	0.063514
11475	0.063499
7120	0.063467
512	0.063438
11141	0.063360
3341	0.063332
5519	0.063312
11530	0.063303
8023	0.063295
5691	0.063294
10392	0.063234
1827	0.063210
10520	0.063142
12560	0.063105
11585	0.063021
3825	0.062976
3543	0.062970
4300	0.062922
10136	0.062886
3301	0.062836
6098	0.062830
5994	0.062794
11498	0.062784
11086	0.062777
11467	0.062750
4536	0.062726
7973	0.062673
10019	0.062665
12754	0.062631
3851	0.062624
4588	0.062605
3848	0.062577
12561	0.062566
9596	0.062502
9926	0.062481
9925	0.062481
9924	0.062481
9852	0.062481
7773	0.062481
7447	0.062481
12661	0.062412
10027	0.062402
5447	0.062399
12410	0.062393
9964	0.062387
10542	0.062333
10720	0.062331
11250	0.062275
11508	0.062091
4492	0.062066
12623	0.061999
10869	0.061923
11352	0.061856
11060	0.061745
12866	0.061736
1957	0.061662
4945	0.061634
12253	0.061612
14200	0.061557
13804	0.061557
13803	0.061557
13800	0.061557
13797	0.061557
13701	0.061557
2240	0.061509
10325	0.061506
1619	0.061484
4684	0.061478
12538	0.061423
10783	0.061408
11724	0.061395
10832	0.061384
12438	0.061372
8476	0.061370
10153	0.061320
7183	0.061319
6485	0.061308
8330	0.061292
12818	0.061233
7988	0.061154
5514	0.061022
2591	0.060987
7010	0.060957
11569	0.060859
9662	0.060859
4842	0.060845
2731	0.060820
4629	0.060788
7031	0.060781
10713	0.060641
10871	0.060615
12897	0.060592
4664	0.060577
11529	0.060575
11506	0.060570
11107	0.060532
7053	0.060417
10506	0.060297
1045	0.060297
12424	0.060277
1669	0.060228
12634	0.060218
13375	0.060202
562	0.060197
13122	0.060170
6569	0.060119
10865	0.059985
10402	0.059945
11543	0.059866
1046	0.059835
7033	0.059780
12604	0.059774
11069	0.059772
533	0.059765
10941	0.059720
12781	0.059668
10681	0.059663
10401	0.059567
4354	0.059526
7801	0.059504
11183	0.059483
9536	0.059481
6124	0.059448
388	0.059440
11483	0.059385
5350	0.059373
5995	0.059356
10259	0.059266
12421	0.059227
10269	0.059227
10266	0.059227
10262	0.059227
10261	0.059227
11520	0.059195
10138	0.059171
13802	0.059158
10267	0.059116
13088	0.059092
4534	0.059033
11489	0.058986
