7774	0.177609
5641	0.177609
5642	0.177603
5347	0.177237
2105	0.170706
2097	0.152330
7526	0.150255
8864	0.150183
8863	0.150183
8583	0.150183
8124	0.150183
7904	0.150183
7903	0.150183
7902	0.150183
7901	0.150183
7900	0.150183
7899	0.150183
7897	0.150183
7896	0.150183
7895	0.150183
11989	0.148799
6838	0.147930
876	0.144717
4538	0.144028
2600	0.142810
5546	0.142609
2107	0.142508
13265	0.142069
2968	0.141935
11658	0.141437
2110	0.141095
51	0.138532
9623	0.136128
8615	0.134189
2052	0.132803
2109	0.132788
9462	0.132038
11858	0.130772
7295	0.130454
9439	0.130228
1030	0.129981
1419	0.128900
2952	0.124690
3837	0.124106
1232	0.122182
1229	0.122182
12030	0.122093
221	0.121890
6482	0.121826
1119	0.121820
1120	0.121351
5219	0.121064
13247	0.120520
2182	0.120329
3389	0.119572
1420	0.119099
13394	0.118995
4671	0.118586
4669	0.118586
2990	0.118562
4667	0.118280
498	0.118229
4670	0.117855
4542	0.116355
404	0.115498
9307	0.114500
2996	0.114425
2128	0.114109
7676	0.113956
7453	0.113767
13449	0.113743
4383	0.113287
12909	0.112740
38	0.112732
5354	0.112717
9413	0.112651
2114	0.112403
1228	0.112251
9415	0.112218
8851	0.112218
8850	0.112218
7379	0.112074
5346	0.111741
35	0.111582
11646	0.111456
4668	0.110792
9942	0.110078
9931	0.110078
9930	0.110078
9921	0.110078
9901	0.110078
9899	0.110078
9895	0.110078
9866	0.110078
9836	0.110078
9832	0.110078
9810	0.110078
9698	0.110078
9636	0.110078
9570	0.110078
9299	0.110078
353	0.109890
4865	0.109879
8531	0.109820
6393	0.109555
9794	0.109537
2820	0.108607
3507	0.108330
7288	0.108046
1400	0.107715
352	0.107618
2958	0.107533
370	0.107430
8090	0.107292
2847	0.107292
2843	0.107292
2839	0.107292
2840	0.107042
633	0.106928
9218	0.106869
225	0.106729
4778	0.106497
8792	0.106032
6395	0.105962
1673	0.105604
6102	0.104884
12069	0.104305
5413	0.103593
3636	0.103340
861	0.103130
469	0.103106
7913	0.102928
5968	0.102928
470	0.102928
12873	0.102899
9177	0.102183
5500	0.102143
5967	0.101551
2845	0.101470
5746	0.101269
1118	0.100966
2522	0.100644
9347	0.100324
9231	0.099978
8634	0.099973
823	0.099941
586	0.099527
4106	0.099256
7872	0.099015
8352	0.099014
8351	0.099014
2957	0.099014
2956	0.099014
9269	0.098984
2267	0.098970
8892	0.098967
4672	0.098631
11999	0.098558
4304	0.098551
4302	0.098551
2111	0.098315
4977	0.098117
11679	0.098023
11737	0.097390
2954	0.097302
11733	0.097270
3741	0.097194
13850	0.097156
11607	0.097102
4105	0.096844
9775	0.096666
2892	0.096622
268	0.096519
3778	0.096499
235	0.096467
9503	0.096414
6896	0.096315
6689	0.096137
6967	0.096137
4976	0.096134
6895	0.096092
2280	0.096045
3973	0.095936
8611	0.095900
2708	0.095773
9610	0.095729
8773	0.095618
6621	0.095618
6618	0.095503
1402	0.095317
4175	0.094794
2962	0.094719
6191	0.094644
4537	0.094474
10800	0.094388
10110	0.094369
6302	0.094309
6267	0.094309
13448	0.094223
12348	0.094097
5033	0.094087
9024	0.094082
9023	0.094082
9022	0.094082
8949	0.094082
877	0.093813
2523	0.093766
2064	0.093669
2902	0.093487
7131	0.093449
2188	0.093366
5433	0.093360
6217	0.093330
4176	0.093320
12276	0.093246
14263	0.093246
14002	0.093246
14001	0.093246
14000	0.093246
13998	0.093246
13996	0.093246
6666	0.093246
5064	0.093246
4854	0.093246
4852	0.093246
6908	0.093141
4416	0.092784
9135	0.092762
781	0.092751
13665	0.092670
9145	0.092309
879	0.092226
5299	0.092082
6742	0.091980
5034	0.091661
12010	0.091654
12063	0.091480
9150	0.091372
4855	0.091236
12252	0.090873
6305	0.090651
13030	0.090568
14407	0.090487
578	0.090370
2955	0.090259
2953	0.090259
9702	0.090223
6806	0.090214
2118	0.090150
2113	0.090056
8625	0.089821
9711	0.089814
9708	0.089814
9707	0.089814
9705	0.089814
9703	0.089814
9699	0.089720
4824	0.089697
9215	0.089650
3934	0.089562
11806	0.089530
9226	0.089470
9217	0.089470
8534	0.089470
7827	0.089414
13997	0.089309
10097	0.089254
4111	0.089240
8312	0.089236
2881	0.089023
9928	0.089006
8207	0.088953
12915	0.088871
12914	0.088871
4262	0.088780
1265	0.088631
11678	0.088569
8503	0.088479
1109	0.088419
7752	0.088407
6017	0.088201
6149	0.087954
9484	0.087861
9483	0.087861
14415	0.087824
9277	0.087824
9152	0.087543
11930	0.087503
2192	0.087501
4450	0.087398
11998	0.087393
4377	0.087379
8604	0.087226
8676	0.087212
6472	0.087211
7920	0.087150
4922	0.087089
11715	0.086969
6117	0.086895
5745	0.086696
5555	0.086681
874	0.086648
8714	0.086185
1097	0.085912
713	0.085727
4231	0.085549
1121	0.085424
4216	0.085373
9201	0.085138
1836	0.085108
3536	0.084921
7955	0.084840
9248	0.084744
6532	0.084739
1111	0.084328
7767	0.084135
613	0.084046
6616	0.083623
14162	0.083523
9613	0.083509
2117	0.083481
2102	0.083470
331	0.083419
4112	0.083270
4118	0.083120
9612	0.083054
9633	0.082885
9630	0.082885
9628	0.082885
9626	0.082885
9625	0.082885
9624	0.082885
9622	0.082885
9621	0.082885
9620	0.082885
9619	0.082885
9618	0.082885
9615	0.082885
9482	0.082885
4113	0.082877
11988	0.082658
2189	0.082654
14233	0.082543
1136	0.082543
4154	0.082312
9121	0.082155
9112	0.082155
10098	0.082139
4168	0.082047
888	0.081962
2186	0.081905
8584	0.081878
7686	0.081810
11226	0.081791
9200	0.081778
4849	0.081733
1743	0.081700
4850	0.081660
1133	0.081628
11739	0.081537
7089	0.081434
7420	0.081408
4306	0.081376
786	0.081250
2666	0.081246
997	0.081234
12219	0.081223
5268	0.081174
1132	0.081039
4848	0.081034
7659	0.081006
224	0.080977
115	0.080578
5183	0.080540
2980	0.080523
9578	0.080506
304	0.080478
10838	0.080406
782	0.080405
10839	0.080297
2828	0.080288
9207	0.080266
9205	0.080266
8528	0.080266
1300	0.080055
3448	0.079948
6044	0.079594
492	0.079585
13926	0.079536
9436	0.079487
11914	0.079405
426	0.079297
686	0.079261
14342	0.079118
4163	0.079110
14418	0.079048
14417	0.079048
13284	0.079048
13152	0.079048
9795	0.079048
9793	0.079048
9792	0.079048
9791	0.079048
9789	0.079048
9745	0.079048
9163	0.079048
8614	0.079048
8613	0.079048
8177	0.079048
9361	0.078998
8076	0.078972
6623	0.078837
12338	0.078662
8468	0.078565
2978	0.078565
2977	0.078565
4838	0.078547
6804	0.078479
1952	0.078364
6278	0.078300
8204	0.078105
11968	0.078033
949	0.078033
2104	0.078031
12954	0.077996
2108	0.077972
14266	0.077969
4305	0.077877
2199	0.077850
9709	0.077777
2709	0.077774
1231	0.077753
2119	0.077750
7381	0.077710
6920	0.077709
3383	0.077655
8565	0.077618
6501	0.077518
2116	0.077496
2846	0.077295
295	0.077278
9237	0.077216
2204	0.077151
2112	0.077051
7414	0.077039
2979	0.077019
2821	0.076829
6127	0.076827
4935	0.076621
4595	0.076565
9480	0.076497
8533	0.076497
10661	0.076454
11902	0.076339
9199	0.076097
13706	0.076069
13738	0.076049
13731	0.076049
13928	0.075850
3320	0.075796
2195	0.075722
13707	0.075655
5296	0.075653
7958	0.075555
2197	0.075533
2542	0.075449
5035	0.075448
9704	0.075279
7757	0.075192
7400	0.075130
316	0.075037
11987	0.075023
9192	0.075010
6255	0.074992
6430	0.074974
1123	0.074974
2181	0.074930
9174	0.074920
14003	0.074733
4998	0.074617
3739	0.074594
6889	0.074587
2	0.074573
6295	0.074553
3203	0.074545
881	0.074514
2964	0.074488
1114	0.074467
12141	0.074387
11212	0.074284
7182	0.074124
11145	0.074098
4596	0.074092
1235	0.074030
4148	0.074000
8661	0.073826
14358	0.073821
9606	0.073772
6077	0.073759
10694	0.073734
10226	0.073673
1346	0.073512
13013	0.073322
12962	0.073322
2124	0.073254
3745	0.072992
1458	0.072973
12053	0.072970
6598	0.072917
2190	0.072873
524	0.072788
10045	0.072666
12077	0.072658
6461	0.072658
3711	0.072658
13621	0.072653
9796	0.072619
6695	0.072609
13235	0.072501
2773	0.072479
13036	0.072398
4165	0.072333
3144	0.072180
882	0.072137
7306	0.071901
11625	0.071771
12721	0.071732
1777	0.071725
817	0.071687
2950	0.071636
10723	0.071616
730	0.071546
14416	0.071449
9210	0.071449
3604	0.071367
9780	0.071344
414	0.071323
6065	0.071290
8711	0.071237
699	0.071211
8732	0.071174
1291	0.071161
2844	0.071128
6576	0.071108
8710	0.071091
1006	0.071012
8635	0.070998
9787	0.070993
9786	0.070993
9785	0.070993
9784	0.070993
9783	0.070993
9782	0.070993
9781	0.070993
9778	0.070993
9280	0.070993
8585	0.070993
8567	0.070993
8553	0.070993
8329	0.070899
6465	0.070885
13462	0.070852
6064	0.070728
1833	0.070711
5514	0.070710
2202	0.070532
7553	0.070464
683	0.070426
8451	0.070350
4294	0.070319
4240	0.070289
10377	0.070215
6971	0.070207
4042	0.070129
10378	0.070121
12143	0.070091
456	0.070062
2191	0.069983
9512	0.069919
2518	0.069830
9913	0.069798
2981	0.069409
4511	0.069347
7856	0.069267
7261	0.069257
6731	0.069187
3751	0.069138
3750	0.069138
1905	0.069122
13897	0.069008
3841	0.068809
10456	0.068755
6249	0.068734
6251	0.068734
3260	0.068732
9460	0.068727
12138	0.068693
12137	0.068693
12068	0.068693
11864	0.068693
9770	0.068485
5748	0.068328
6303	0.068314
13545	0.068301
12670	0.068288
11143	0.068282
9686	0.068267
10549	0.068186
4169	0.068059
10642	0.068043
3539	0.068033
6443	0.068032
8671	0.068024
9235	0.068015
9230	0.068015
9228	0.068015
9225	0.068015
9224	0.068015
9221	0.068015
9219	0.068015
9214	0.068015
9213	0.068015
9211	0.068015
9209	0.068015
9208	0.068015
9206	0.068015
9193	0.068015
8807	0.068015
8679	0.068015
8677	0.068015
8675	0.068015
8674	0.068015
8673	0.068015
8670	0.068015
8637	0.068015
8633	0.068015
8631	0.068015
8610	0.068015
8591	0.068015
8539	0.068015
8538	0.068015
8537	0.068015
8536	0.068015
8529	0.068015
8526	0.068015
8525	0.068015
8632	0.068015
4121	0.067983
10018	0.067794
8712	0.067748
8303	0.067748
8302	0.067748
7362	0.067748
6359	0.067748
11964	0.067721
351	0.067678
9311	0.067655
6202	0.067653
2092	0.067554
13131	0.067545
11813	0.067540
11233	0.067535
9381	0.067535
113	0.067499
1044	0.067399
307	0.067306
9831	0.067189
8845	0.067026
5118	0.066881
14085	0.066825
6081	0.066644
8709	0.066573
777	0.066528
3588	0.066526
141	0.066472
12281	0.066471
6619	0.066471
2621	0.066413
2535	0.066411
4301	0.066372
9176	0.066321
8809	0.066321
4839	0.066315
10192	0.066305
10184	0.066305
11798	0.066164
7560	0.066145
1113	0.066091
9953	0.066022
5697	0.065961
11121	0.065808
2755	0.065726
8928	0.065695
977	0.065679
5541	0.065588
2575	0.065578
9627	0.065571
6179	0.065546
6587	0.065523
13767	0.065515
4241	0.065476
7114	0.065416
2380	0.065386
1800	0.065364
8530	0.065301
13076	0.065267
1837	0.065245
227	0.065233
1756	0.065182
3870	0.065118
114	0.065052
9338	0.065029
12041	0.065016
1403	0.064981
9204	0.064889
8592	0.064889
14290	0.064821
14004	0.064806
4866	0.064806
1094	0.064770
13456	0.064766
13342	0.064766
10637	0.064743
6913	0.064736
609	0.064729
582	0.064676
3700	0.064673
13533	0.064464
13532	0.064464
13531	0.064464
771	0.064410
1280	0.064391
9609	0.064370
9580	0.064370
9710	0.064335
9356	0.064269
5123	0.064109
5142	0.064104
10776	0.064026
6557	0.064002
12250	0.063928
11818	0.063909
825	0.063741
12125	0.063604
5513	0.063575
3940	0.063569
2831	0.063507
9788	0.063466
5512	0.063418
14427	0.063372
6055	0.063321
875	0.063319
4509	0.063275
7581	0.063206
8636	0.063202
10809	0.063200
7580	0.063200
6473	0.063197
5221	0.063136
2944	0.063071
3921	0.062956
745	0.062953
3438	0.062927
1115	0.062906
5062	0.062886
3710	0.062833
7917	0.062766
12403	0.062736
9423	0.062646
795	0.062498
9034	0.062471
11849	0.062451
10356	0.062450
8180	0.062403
716	0.062395
3427	0.062373
6636	0.062295
5696	0.062189
4485	0.062145
4853	0.062084
9538	0.062071
13889	0.061898
9244	0.061824
12357	0.061788
9220	0.061788
7954	0.061744
2014	0.061743
10232	0.061677
743	0.061658
9706	0.061611
4245	0.061532
4248	0.061523
7883	0.061520
4249	0.061520
4247	0.061520
4246	0.061520
4242	0.061520
4244	0.061512
2602	0.061481
9534	0.061445
9533	0.061445
9529	0.061445
9509	0.061445
9385	0.061438
11147	0.061404
5291	0.061370
9855	0.061368
8713	0.061368
7642	0.061242
13557	0.061208
13556	0.061208
5059	0.061203
9713	0.061141
2283	0.061124
4832	0.061037
9611	0.061013
385	0.060948
1986	0.060897
930	0.060853
7881	0.060821
2579	0.060661
10227	0.060543
4619	0.060336
3784	0.060273
13374	0.060273
13373	0.060273
4363	0.060252
3736	0.060247
6072	0.060071
3193	0.060065
11019	0.060060
814	0.060013
3590	0.059953
11065	0.059878
1598	0.059863
8628	0.059846
12430	0.059827
14375	0.059820
4664	0.059772
13970	0.059757
7606	0.059671
4348	0.059649
5101	0.059639
1008	0.059620
13999	0.059503
5005	0.059503
10168	0.059490
10022	0.059490
8036	0.059490
5790	0.059489
3443	0.059433
6754	0.059136
6378	0.059096
11976	0.059033
4116	0.058917
2093	0.058773
9466	0.058765
9700	0.058710
13032	0.058604
13031	0.058604
12429	0.058604
3974	0.058449
10127	0.058440
10666	0.058424
13693	0.058387
11977	0.058309
830	0.058180
1297	0.058125
5477	0.058030
13749	0.058018
339	0.057995
1187	0.057978
2203	0.057971
11767	0.057910
9673	0.057906
6307	0.057867
6663	0.057826
10740	0.057822
3654	0.057816
4463	0.057795
1039	0.057788
4659	0.057765
9302	0.057764
13994	0.057741
7931	0.057741
4476	0.057740
8619	0.057699
2612	0.057683
1751	0.057561
4087	0.057540
7888	0.057526
4144	0.057492
121	0.057401
751	0.057387
7655	0.057382
891	0.057377
4787	0.057365
7654	0.057319
14248	0.057291
8047	0.057291
4053	0.057291
10739	0.057260
10788	0.057260
10777	0.057260
10759	0.057260
4541	0.057208
13942	0.057179
6426	0.057179
12182	0.057178
4464	0.057178
5461	0.057163
11799	0.057140
13050	0.057111
9202	0.057102
588	0.057101
7263	0.057088
7468	0.057080
2967	0.057080
3596	0.057042
12036	0.056988
1254	0.056882
354	0.056879
5476	0.056816
8248	0.056815
10084	0.056777
10405	0.056750
10050	0.056734
13910	0.056717
1001	0.056688
9917	0.056664
4312	0.056543
11242	0.056495
3430	0.056469
2965	0.056399
4660	0.056378
5245	0.056341
3747	0.056334
7715	0.056327
8875	0.056323
14406	0.056317
14405	0.056317
4349	0.056292
2442	0.056273
4725	0.056272
7195	0.056241
7193	0.056241
13945	0.056240
10916	0.056085
3735	0.056081
11784	0.056078
12908	0.056050
9411	0.056050
9412	0.056048
2263	0.056020
6406	0.055994
13156	0.055991
10176	0.055991
10087	0.055991
10086	0.055991
6697	0.055976
12093	0.055969
12414	0.055965
3360	0.055937
7772	0.055927
2172	0.055842
1457	0.055762
6881	0.055757
11817	0.055756
6990	0.055756
11920	0.055685
3927	0.055685
3868	0.055685
9393	0.055659
11056	0.055638
10337	0.055609
2286	0.055512
11609	0.055511
8398	0.055509
10085	0.055434
3884	0.055417
2245	0.055358
2027	0.055341
1785	0.055313
10956	0.055290
6449	0.055241
4045	0.055199
13012	0.055155
13004	0.055155
6304	0.055071
10191	0.054991
14209	0.054885
2521	0.054859
14283	0.054785
10088	0.054646
2185	0.054634
5916	0.054618
9102	0.054597
7245	0.054587
4281	0.054575
3613	0.054513
