5571	0.109299
5570	0.106219
8329	0.105955
11226	0.102346
7306	0.099623
9050	0.094643
3562	0.094192
8678	0.093434
9043	0.092851
13027	0.092842
9049	0.092842
9048	0.092842
9046	0.092842
8420	0.092842
7027	0.092842
5216	0.092842
6201	0.092686
9047	0.092411
9512	0.091391
8418	0.091267
8953	0.090847
11989	0.090037
2097	0.089423
10045	0.088522
1939	0.088452
5433	0.088142
12851	0.088091
10050	0.088087
9909	0.088012
3505	0.087806
10156	0.087430
10088	0.087424
7710	0.086802
11556	0.086348
10943	0.086227
2828	0.086202
1132	0.086093
5434	0.085849
7745	0.085817
13724	0.085598
876	0.085584
7156	0.085514
11129	0.085090
5659	0.084719
9610	0.084652
2594	0.084189
12792	0.084045
6880	0.083854
1941	0.083678
9503	0.083495
12791	0.083254
12788	0.083254
4358	0.082873
3623	0.082390
13897	0.082262
13058	0.082226
7945	0.082226
12281	0.082159
6619	0.082159
8419	0.081817
781	0.081672
5072	0.081581
8207	0.081259
3654	0.081241
5215	0.080399
4520	0.079965
5650	0.079750
11818	0.079518
4262	0.079438
13490	0.079243
13632	0.079243
13631	0.079243
13633	0.079239
13449	0.078645
9021	0.078584
7409	0.078383
13082	0.078331
9133	0.078331
9129	0.078331
4998	0.078288
14003	0.078245
10740	0.077660
869	0.077531
10682	0.077140
578	0.076911
5649	0.076843
10389	0.076821
7158	0.076621
1419	0.076307
2600	0.076135
5958	0.075997
9578	0.075901
117	0.075891
9613	0.075665
8231	0.075506
3564	0.075241
6138	0.075141
9612	0.075085
5229	0.075067
12525	0.075032
2755	0.074723
12546	0.074355
4196	0.074330
12002	0.074305
903	0.074282
6252	0.073857
10511	0.073538
13012	0.073430
13004	0.073430
4086	0.073103
1459	0.072804
12670	0.072747
6967	0.072689
6689	0.072689
11626	0.072618
12267	0.072558
5126	0.072558
10852	0.072421
6026	0.072185
2577	0.072052
8312	0.072009
8622	0.071687
7560	0.071640
6191	0.071637
13932	0.071620
118	0.071599
11737	0.071587
12629	0.071575
13894	0.071546
14071	0.071545
6267	0.071504
6302	0.071504
9417	0.071308
1403	0.071273
9623	0.071272
11252	0.071236
9042	0.071186
10226	0.071158
887	0.071064
14342	0.070917
122	0.070722
6623	0.070684
12795	0.070581
5745	0.070579
5006	0.070389
1094	0.070376
5459	0.070148
4977	0.069944
12969	0.069917
4619	0.069870
11510	0.069774
320	0.069661
645	0.069294
12530	0.069279
7468	0.069101
2967	0.069101
9611	0.069100
5627	0.068921
2951	0.068893
1218	0.068789
4976	0.068694
1800	0.068579
7889	0.068455
4848	0.068435
4787	0.068416
2972	0.068403
11852	0.068297
2105	0.068062
2117	0.067966
10455	0.067946
11475	0.067896
716	0.067829
14233	0.067752
1136	0.067752
12816	0.067701
2965	0.067697
14433	0.067633
2132	0.067620
14410	0.067551
14409	0.067551
14408	0.067551
7919	0.067551
5500	0.067207
10523	0.067182
2881	0.067147
12041	0.067126
10694	0.067090
6529	0.066953
1507	0.066884
8206	0.066881
8205	0.066881
5208	0.066880
13914	0.066757
8296	0.066757
2892	0.066658
11161	0.066652
115	0.066391
11415	0.066363
2060	0.066306
14283	0.066285
6305	0.066248
5276	0.066175
13030	0.066165
3081	0.066023
13926	0.065942
12807	0.065823
4786	0.065818
9646	0.065733
565	0.065698
13815	0.065693
3254	0.065670
10556	0.065634
9081	0.065571
9078	0.065571
9028	0.065503
8043	0.065379
7758	0.065265
4598	0.065256
13545	0.065238
4855	0.065136
11679	0.065026
3633	0.065010
1420	0.064997
12787	0.064990
3343	0.064809
1835	0.064755
14375	0.064422
977	0.064418
10557	0.064311
8045	0.064294
4093	0.064245
4175	0.064193
12626	0.064069
609	0.064003
8611	0.063994
4176	0.063960
6217	0.063939
12276	0.063855
14263	0.063855
14002	0.063855
14001	0.063855
14000	0.063855
13998	0.063855
13996	0.063855
6666	0.063855
5064	0.063855
4854	0.063855
4852	0.063855
1838	0.063782
13970	0.063720
2206	0.063712
9983	0.063603
9982	0.063561
2181	0.063479
12089	0.063468
6117	0.063418
6731	0.063415
5855	0.063403
2208	0.063401
1236	0.063401
7782	0.063385
5191	0.063217
3811	0.063157
8247	0.063127
3598	0.063031
13006	0.062993
11712	0.062958
14249	0.062936
11523	0.062820
7692	0.062666
13945	0.062626
12636	0.062605
6564	0.062520
11502	0.062469
10376	0.062465
10417	0.062413
5299	0.062325
2595	0.062286
14250	0.062254
10558	0.062254
10555	0.062254
6968	0.062254
12694	0.062239
8042	0.062212
12698	0.062210
11176	0.062202
9704	0.062185
5482	0.062150
9400	0.062044
10666	0.062036
12237	0.062016
465	0.061977
11237	0.061818
11419	0.061713
13928	0.061650
12238	0.061486
10318	0.061446
113	0.061413
2052	0.061304
6971	0.061298
7966	0.061236
1426	0.061210
8942	0.061182
8144	0.061154
14351	0.061110
2107	0.060889
2821	0.060889
12502	0.060869
4349	0.060825
4719	0.060820
2248	0.060780
5021	0.060763
5019	0.060763
3390	0.060760
411	0.060617
4532	0.060586
11033	0.060561
9633	0.060508
9630	0.060508
9628	0.060508
9626	0.060508
9625	0.060508
9624	0.060508
9622	0.060508
9621	0.060508
9620	0.060508
9619	0.060508
9618	0.060508
9615	0.060508
9482	0.060508
14162	0.060475
2118	0.060474
2682	0.060472
10920	0.060385
782	0.060345
8487	0.060337
5778	0.060322
12242	0.060308
11019	0.060275
2247	0.060230
12130	0.060228
5779	0.060226
4983	0.060220
8531	0.060207
633	0.060205
2096	0.060204
11600	0.060195
371	0.060186
11609	0.060123
4021	0.060069
2116	0.060038
5049	0.059997
12229	0.059995
10739	0.059971
10788	0.059971
10777	0.059971
10759	0.059971
11394	0.059952
10236	0.059911
6304	0.059901
2576	0.059826
10554	0.059799
7101	0.059735
3841	0.059697
11902	0.059679
784	0.059581
13838	0.059572
7917	0.059437
10403	0.059428
3851	0.059387
7918	0.059360
13997	0.059330
1509	0.059321
9168	0.059305
3931	0.059284
7888	0.059222
2207	0.059093
12492	0.058995
9045	0.058976
7245	0.058900
1930	0.058862
7295	0.058845
10921	0.058823
14370	0.058817
1231	0.058792
4980	0.058775
3151	0.058734
8661	0.058670
2518	0.058581
3817	0.058554
7879	0.058554
5023	0.058533
119	0.058521
2612	0.058362
7261	0.058311
6303	0.058300
4530	0.058257
10127	0.058230
14367	0.058221
10477	0.058182
4118	0.058141
4521	0.058009
12243	0.057987
7276	0.057979
5796	0.057926
13396	0.057798
13338	0.057798
14379	0.057775
2981	0.057725
4256	0.057708
12642	0.057622
5346	0.057500
6371	0.057447
2293	0.057441
6614	0.057406
5403	0.057395
1017	0.057388
1125	0.057384
10264	0.057377
10751	0.057370
3552	0.057354
2894	0.057322
705	0.057315
10795	0.057299
14357	0.057292
7787	0.057292
8453	0.057290
3590	0.057286
10548	0.057261
9437	0.057255
6737	0.057212
7137	0.057198
12936	0.057166
5062	0.057133
10350	0.057103
5534	0.057083
5038	0.057075
6655	0.057056
6072	0.057042
2582	0.056928
4042	0.056835
9614	0.056801
12143	0.056782
4171	0.056768
222	0.056633
12431	0.056605
6447	0.056544
11211	0.056489
13300	0.056396
7553	0.056394
13095	0.056386
6969	0.056386
13121	0.056361
4789	0.056361
4788	0.056361
9699	0.056355
9711	0.056284
9708	0.056284
9707	0.056284
9705	0.056284
9703	0.056284
569	0.056144
498	0.056086
7676	0.056052
3222	0.056041
2210	0.056032
14393	0.056003
14377	0.056003
5201	0.055984
352	0.055865
9248	0.055752
6616	0.055749
11575	0.055739
14395	0.055733
7891	0.055733
14111	0.055731
14080	0.055731
11243	0.055724
14219	0.055623
12141	0.055582
9341	0.055539
3717	0.055522
11977	0.055495
13813	0.055493
2944	0.055487
1037	0.055401
5026	0.055385
5027	0.055385
1186	0.055354
7453	0.055350
6116	0.055328
7420	0.055327
2816	0.055325
2581	0.055298
9961	0.055297
6360	0.055174
7062	0.055168
14151	0.055138
12850	0.055120
6260	0.055091
13851	0.055071
13179	0.055031
13178	0.055031
7344	0.055031
13898	0.054946
10427	0.054923
7105	0.054784
4982	0.054723
12455	0.054700
10566	0.054683
1119	0.054618
12107	0.054598
1120	0.054577
8864	0.054567
8863	0.054567
8583	0.054567
8124	0.054567
7904	0.054567
7903	0.054567
7902	0.054567
7901	0.054567
7900	0.054567
7899	0.054567
7897	0.054567
7896	0.054567
7895	0.054567
11970	0.054517
7526	0.054494
11850	0.054452
3569	0.054427
10841	0.054388
10761	0.054383
12628	0.054300
13247	0.054291
3177	0.054268
10762	0.054253
2860	0.054202
13075	0.054102
14369	0.054074
14366	0.054057
14361	0.054057
14355	0.054057
8456	0.054057
114	0.053943
6954	0.053921
8628	0.053898
7784	0.053893
7960	0.053886
14398	0.053873
14383	0.053873
8454	0.053873
7916	0.053873
7083	0.053873
7450	0.053839
12854	0.053835
6519	0.053809
13374	0.053808
13373	0.053808
7211	0.053797
1511	0.053745
2110	0.053734
13739	0.053729
11447	0.053645
10456	0.053611
9135	0.053560
5651	0.053495
9989	0.053429
1429	0.053393
10684	0.053385
7425	0.053356
6837	0.053339
221	0.053248
8778	0.053247
8779	0.053224
11746	0.053194
1131	0.053192
11047	0.053174
9520	0.053081
2263	0.053063
10722	0.053032
10559	0.052999
9608	0.052978
7479	0.052970
9198	0.052943
13855	0.052938
10351	0.052915
11457	0.052901
1897	0.052852
4537	0.052815
12435	0.052805
13060	0.052753
13055	0.052753
13048	0.052753
13014	0.052753
13009	0.052753
12892	0.052753
8379	0.052753
12631	0.052752
11082	0.052735
6942	0.052727
5447	0.052707
5183	0.052694
7013	0.052688
6399	0.052643
10982	0.052624
3079	0.052580
5995	0.052497
1075	0.052476
9343	0.052441
7967	0.052377
6278	0.052372
13899	0.052300
13892	0.052300
7965	0.052300
9923	0.052263
1161	0.052209
12219	0.052113
3282	0.052058
4979	0.052051
7887	0.051996
11064	0.051989
4886	0.051988
5134	0.051977
5135	0.051976
13874	0.051976
6361	0.051926
2579	0.051840
14266	0.051804
5994	0.051774
9466	0.051690
7581	0.051664
2602	0.051660
10809	0.051659
7580	0.051659
1889	0.051633
13116	0.051623
11938	0.051618
5221	0.051611
5114	0.051480
4850	0.051441
12853	0.051432
7504	0.051414
12744	0.051409
5608	0.051400
10337	0.051392
3183	0.051392
9946	0.051376
10478	0.051311
11491	0.051304
12630	0.051289
5797	0.051287
12306	0.051270
6369	0.051270
6368	0.051270
9460	0.051267
11467	0.051266
872	0.051252
1746	0.051203
3281	0.051185
10051	0.051162
11315	0.051125
4932	0.051117
11469	0.051102
10028	0.051095
7337	0.051044
6838	0.051020
3113	0.051001
12411	0.050989
9131	0.050978
2267	0.050976
10723	0.050952
13286	0.050875
13761	0.050841
5323	0.050768
5835	0.050715
9375	0.050692
5993	0.050676
1128	0.050667
12874	0.050645
12979	0.050599
9342	0.050589
11121	0.050557
8773	0.050527
6621	0.050527
3286	0.050500
13164	0.050470
3152	0.050459
13013	0.050444
12962	0.050444
7011	0.050438
4664	0.050429
6904	0.050403
3884	0.050400
4536	0.050371
10970	0.050350
1830	0.050341
6921	0.050317
9881	0.050272
6618	0.050249
11942	0.050193
3362	0.050193
12364	0.050115
11325	0.050065
2014	0.050052
7909	0.050042
2453	0.050015
13891	0.049980
11332	0.049969
12852	0.049941
10475	0.049915
1513	0.049844
14091	0.049842
11988	0.049838
14253	0.049823
1735	0.049793
4348	0.049778
8666	0.049674
7929	0.049669
5058	0.049644
3361	0.049644
7801	0.049642
14040	0.049630
13574	0.049576
13765	0.049518
6472	0.049517
11723	0.049497
2575	0.049495
9404	0.049491
12739	0.049454
12738	0.049454
12735	0.049454
12534	0.049403
5110	0.049399
11400	0.049356
5089	0.049354
1074	0.049350
2541	0.049345
10356	0.049330
11550	0.049330
7061	0.049316
6351	0.049304
13834	0.049303
771	0.049286
12673	0.049247
7385	0.049229
12553	0.049202
9477	0.049195
5748	0.049192
10497	0.049162
1008	0.049150
773	0.049149
5546	0.049146
4535	0.049137
9481	0.049131
9479	0.049131
9478	0.049131
9476	0.049131
9475	0.049131
9473	0.049131
9472	0.049131
9471	0.049131
9470	0.049131
9468	0.049131
9345	0.049131
8667	0.049131
8665	0.049131
8664	0.049131
8663	0.049131
8662	0.049131
8630	0.049131
8629	0.049131
8627	0.049131
8626	0.049131
9353	0.049116
14415	0.049106
9277	0.049106
6525	0.049088
7890	0.049036
9945	0.049035
792	0.048982
777	0.048976
11633	0.048970
11632	0.048970
1247	0.048955
9770	0.048949
12713	0.048947
12000	0.048944
4593	0.048944
4592	0.048944
9627	0.048943
12944	0.048938
3116	0.048932
13018	0.048931
11631	0.048931
5125	0.048848
10049	0.048821
7969	0.048801
7228	0.048774
7958	0.048774
2197	0.048768
9469	0.048753
4531	0.048726
9605	0.048712
2174	0.048672
13675	0.048670
6649	0.048663
6647	0.048663
6646	0.048663
5610	0.048663
6598	0.048631
9609	0.048604
9580	0.048604
8405	0.048601
12726	0.048525
2452	0.048524
12542	0.048504
12679	0.048486
7659	0.048479
2195	0.048461
7730	0.048457
7445	0.048457
7444	0.048457
7175	0.048457
7080	0.048457
3203	0.048441
5888	0.048436
14004	0.048423
4866	0.048423
9338	0.048391
12186	0.048381
5637	0.048343
7082	0.048326
6576	0.048315
11407	0.048309
6234	0.048193
11312	0.048158
3706	0.048150
6426	0.048147
7926	0.048121
12836	0.048120
12824	0.048120
7939	0.048098
12496	0.048089
13061	0.048038
12061	0.047990
6695	0.047964
1081	0.047930
2123	0.047911
1952	0.047895
13581	0.047884
6322	0.047866
9971	0.047814
7012	0.047810
11367	0.047801
10409	0.047799
11233	0.047781
9381	0.047781
7941	0.047715
13820	0.047708
8091	0.047671
9118	0.047663
10278	0.047640
13003	0.047608
12869	0.047608
13123	0.047600
10034	0.047600
997	0.047582
3341	0.047564
6673	0.047534
7661	0.047532
873	0.047530
9682	0.047463
11731	0.047429
5059	0.047407
11987	0.047383
6378	0.047379
12741	0.047339
7722	0.047259
13007	0.047249
11682	0.047197
9371	0.047191
4165	0.047190
11509	0.047106
12594	0.047090
10916	0.047088
12408	0.047068
2199	0.047064
2114	0.047028
13582	0.047019
5410	0.047019
5409	0.047019
5408	0.047019
5356	0.047019
5203	0.047004
11906	0.046971
9857	0.046925
12497	0.046904
6281	0.046864
11548	0.046831
268	0.046799
6470	0.046780
6523	0.046736
1129	0.046716
1514	0.046709
12767	0.046709
5142	0.046708
13664	0.046702
9870	0.046697
9840	0.046685
3960	0.046680
3956	0.046680
13322	0.046677
13676	0.046633
10302	0.046614
8660	0.046607
8659	0.046607
8658	0.046607
12804	0.046591
9311	0.046588
13819	0.046579
7964	0.046503
2945	0.046489
3169	0.046475
12352	0.046452
3934	0.046428
12391	0.046427
10040	0.046420
9319	0.046419
1925	0.046416
1425	0.046404
11969	0.046392
3764	0.046385
9461	0.046362
12462	0.046328
10685	0.046328
4630	0.046307
14407	0.046294
9702	0.046286
8295	0.046284
12354	0.046268
8242	0.046254
7662	0.046238
11207	0.046208
11362	0.046207
3630	0.046207
5150	0.046205
12707	0.046179
5769	0.046158
456	0.046140
6628	0.046082
7284	0.046075
10776	0.046045
11838	0.046013
7283	0.046013
13131	0.045993
13858	0.045981
7802	0.045981
351	0.045968
12821	0.045966
6130	0.045937
6636	0.045924
4709	0.045921
11358	0.045912
7182	0.045911
12664	0.045894
4297	0.045848
4327	0.045832
5954	0.045825
6049	0.045819
3004	0.045785
4818	0.045781
14033	0.045769
9121	0.045756
9112	0.045756
3665	0.045749
11799	0.045743
9020	0.045708
13764	0.045691
4351	0.045691
14275	0.045691
14039	0.045691
14036	0.045691
14030	0.045691
14029	0.045691
14026	0.045691
8415	0.045691
8400	0.045691
8378	0.045691
8375	0.045691
8363	0.045691
8360	0.045691
8350	0.045691
8294	0.045691
8218	0.045691
12872	0.045689
4087	0.045674
11212	0.045609
2880	0.045604
10483	0.045599
10902	0.045569
