6660	0.112536
2156	0.100995
2155	0.097183
2162	0.096476
2234	0.096090
11094	0.093395
10531	0.093364
12574	0.093297
9948	0.092123
558	0.091768
13166	0.091459
5502	0.090724
12704	0.090386
8054	0.090074
6887	0.090058
3163	0.089942
10069	0.089758
12597	0.089629
12194	0.089616
11539	0.088856
520	0.088775
10033	0.087995
10046	0.087555
9398	0.087022
9399	0.086978
8353	0.086978
12426	0.086908
1515	0.086893
563	0.086839
3845	0.086797
4279	0.086746
887	0.086395
11721	0.086151
3342	0.085981
11580	0.085973
10684	0.085573
2700	0.085571
9936	0.085548
11082	0.085425
387	0.085406
9857	0.085373
9937	0.085351
12621	0.085139
12148	0.084551
7411	0.084551
397	0.084416
10068	0.084383
13154	0.084088
5349	0.083907
5041	0.083900
2240	0.083652
1923	0.083489
12551	0.083067
5836	0.082860
894	0.082811
5250	0.082712
6418	0.082681
12189	0.082644
2586	0.082424
4744	0.082399
2545	0.082249
12542	0.082064
1712	0.082053
167	0.081967
2698	0.081915
11247	0.081106
1470	0.081036
9996	0.080785
14108	0.080684
4745	0.080684
7762	0.080526
10530	0.080395
10714	0.080387
10660	0.080161
13169	0.080146
13141	0.080146
7166	0.079920
10674	0.079901
8930	0.079733
3173	0.079649
7030	0.079607
1363	0.079477
1570	0.079435
9835	0.079149
4067	0.079035
4065	0.079035
10486	0.078353
10547	0.078245
10340	0.078210
9944	0.078176
391	0.077845
12656	0.077682
6877	0.077229
6289	0.077052
10114	0.077031
5434	0.077016
6825	0.077006
10441	0.077006
11173	0.076849
6577	0.076846
10682	0.076649
12701	0.076587
8900	0.076435
13856	0.076354
7687	0.076250
10503	0.076235
2038	0.076129
388	0.075994
2983	0.075820
575	0.075631
12588	0.075630
10139	0.075596
10476	0.075567
8970	0.075479
379	0.075321
12552	0.075306
11168	0.075290
5567	0.075251
4036	0.075195
10142	0.075186
10944	0.075067
11518	0.074996
13153	0.074843
10171	0.074843
10170	0.074843
10141	0.074764
10035	0.074764
10364	0.074658
9881	0.074652
3630	0.074567
10658	0.074559
567	0.074548
11431	0.074468
12413	0.074416
560	0.074325
4842	0.074323
9395	0.074224
11554	0.074166
10336	0.074163
8401	0.074140
10857	0.074118
10722	0.074017
10657	0.073994
2701	0.073971
10140	0.073903
12415	0.073865
12607	0.073784
12595	0.073759
10721	0.073631
12571	0.073533
8594	0.073524
7432	0.073524
12575	0.073459
6490	0.073382
11160	0.073366
5608	0.073343
12412	0.073312
12637	0.073307
2984	0.073166
10998	0.072805
10997	0.072805
3633	0.072794
2063	0.072655
9689	0.072579
11463	0.072574
2635	0.072559
10843	0.072481
366	0.072429
4819	0.072351
11491	0.072339
555	0.072324
1827	0.072084
2680	0.072051
11151	0.072026
11368	0.071989
11571	0.071924
11142	0.071909
8513	0.071873
12536	0.071844
10095	0.071721
525	0.071693
7313	0.071661
1352	0.071650
6523	0.071614
14340	0.071610
3495	0.071522
8211	0.071490
7393	0.071490
2714	0.071463
7425	0.071371
12727	0.071092
10982	0.071066
12500	0.070966
8622	0.070831
1218	0.070680
6733	0.070617
6809	0.070581
9417	0.070574
1963	0.070569
12633	0.070475
2877	0.070395
12653	0.070226
6485	0.070172
1538	0.070091
2368	0.070039
13361	0.070026
2663	0.070008
10866	0.069977
3262	0.069886
960	0.069855
3304	0.069794
11125	0.069778
1037	0.069693
11400	0.069653
6649	0.069640
6647	0.069640
6646	0.069640
5610	0.069640
11657	0.069584
10867	0.069537
11485	0.069484
12401	0.069479
13377	0.069459
8003	0.069455
12596	0.069453
5311	0.069186
10048	0.069172
3368	0.069140
1507	0.069132
14063	0.069021
13060	0.068999
13055	0.068999
13048	0.068999
13014	0.068999
13009	0.068999
12892	0.068999
8379	0.068999
11150	0.068960
544	0.068929
4951	0.068922
6114	0.068900
10969	0.068641
958	0.068620
11572	0.068567
1033	0.068443
4379	0.068442
1212	0.068431
11213	0.068419
2048	0.068318
9938	0.068271
7551	0.068271
7550	0.068271
7539	0.068271
7538	0.068271
6499	0.068039
11218	0.068025
2778	0.067926
13151	0.067808
9949	0.067776
13383	0.067753
12650	0.067635
10487	0.067546
4716	0.067542
1213	0.067525
9827	0.067511
7645	0.067426
4629	0.067399
3065	0.067292
12617	0.067282
2390	0.067269
10687	0.067249
7819	0.067222
10907	0.067163
4765	0.067115
3597	0.067089
12776	0.066984
1728	0.066976
5127	0.066962
12408	0.066902
12579	0.066819
13619	0.066776
5366	0.066711
10263	0.066711
3497	0.066537
1362	0.066535
9396	0.066535
4481	0.066535
4478	0.066532
134	0.066385
3542	0.066372
1216	0.066358
13333	0.066320
8656	0.066246
6842	0.066204
1393	0.066189
12654	0.066120
4684	0.066105
2986	0.066086
12697	0.066084
10686	0.066037
3740	0.065990
10609	0.065974
13472	0.065948
11515	0.065948
12095	0.065888
2471	0.065886
10492	0.065849
2665	0.065833
11217	0.065828
1208	0.065810
477	0.065809
12509	0.065787
4568	0.065735
8730	0.065681
9971	0.065632
959	0.065608
10349	0.065586
4586	0.065492
12695	0.065485
12625	0.065473
1211	0.065439
11565	0.065416
6991	0.065412
6714	0.065288
12807	0.065207
6497	0.065197
5519	0.065170
11159	0.065165
6163	0.065109
3325	0.065094
2638	0.065093
13324	0.065017
1732	0.065001
1584	0.064879
6062	0.064835
10207	0.064818
957	0.064811
954	0.064811
8856	0.064796
3269	0.064796
13113	0.064711
7139	0.064657
1095	0.064644
4185	0.064638
5488	0.064634
3346	0.064617
1018	0.064604
12660	0.064567
12711	0.064548
10126	0.064445
2699	0.064425
1888	0.064402
6201	0.064371
11011	0.064371
399	0.064359
13569	0.064348
530	0.064340
400	0.064340
6626	0.064265
1214	0.064265
3726	0.064233
4833	0.064218
277	0.064208
3413	0.064175
3367	0.064080
12109	0.064074
5948	0.064074
7094	0.064029
13379	0.064023
7779	0.064018
3451	0.064007
5391	0.063900
10738	0.063898
11419	0.063846
8422	0.063834
10836	0.063832
1594	0.063799
8405	0.063768
8069	0.063735
805	0.063715
9278	0.063698
564	0.063698
13483	0.063694
11510	0.063670
3345	0.063652
8947	0.063542
8802	0.063540
7988	0.063512
11516	0.063457
7973	0.063399
132	0.063395
11252	0.063342
9550	0.063322
919	0.063299
5288	0.063249
11502	0.063221
531	0.063193
4221	0.063103
815	0.063081
10903	0.063069
3372	0.062990
9089	0.062939
5638	0.062935
892	0.062911
3332	0.062880
581	0.062814
6613	0.062778
13794	0.062773
3664	0.062764
559	0.062734
5854	0.062517
11654	0.062510
11222	0.062403
13470	0.062383
10130	0.062368
13117	0.062367
13038	0.062322
13037	0.062322
12409	0.062247
10535	0.062205
2781	0.062205
4729	0.062203
11720	0.062163
13061	0.062150
5526	0.062122
2878	0.062102
13413	0.062081
10851	0.062045
5483	0.061846
9961	0.061837
8797	0.061767
11354	0.061739
5074	0.061643
12499	0.061618
12398	0.061593
11301	0.061510
12795	0.061496
6361	0.061451
12512	0.061447
11290	0.061376
10029	0.061369
4295	0.061350
2233	0.061298
12813	0.061296
10195	0.061219
6021	0.061148
11257	0.061096
12567	0.061081
3496	0.061077
10647	0.061053
7337	0.061024
1217	0.060914
2726	0.060894
1205	0.060888
3591	0.060887
6759	0.060872
2995	0.060865
5957	0.060861
11315	0.060848
13469	0.060757
8079	0.060741
5040	0.060735
10659	0.060688
6808	0.060666
5670	0.060545
10770	0.060521
2770	0.060448
3196	0.060411
13340	0.060410
11807	0.060403
5690	0.060402
11223	0.060401
9020	0.060400
11891	0.060393
2657	0.060380
5692	0.060357
956	0.060350
6450	0.060297
11201	0.060203
6266	0.060189
12145	0.060189
10515	0.060189
5956	0.060189
11501	0.060169
3764	0.060167
13765	0.060084
10037	0.060051
12720	0.060047
7666	0.060047
3277	0.060046
10856	0.059933
10859	0.059898
13441	0.059889
548	0.059800
11486	0.059759
10735	0.059731
12496	0.059683
12799	0.059680
13372	0.059617
11477	0.059524
9927	0.059515
9896	0.059515
7208	0.059515
4434	0.059506
12445	0.059479
12444	0.059472
13129	0.059355
6061	0.059355
5170	0.059338
1684	0.059324
13547	0.059282
13546	0.059282
13368	0.059282
9604	0.059219
13257	0.059213
13221	0.059213
9648	0.059213
9647	0.059213
9340	0.059213
137	0.059191
8564	0.059142
7165	0.059137
3742	0.059122
11007	0.059112
8237	0.059092
4206	0.059087
9142	0.059075
4514	0.059074
561	0.059016
176	0.059006
3369	0.058996
6471	0.058987
2738	0.058936
10368	0.058921
8297	0.058920
11963	0.058836
11512	0.058823
12627	0.058818
5201	0.058797
8496	0.058781
10152	0.058703
2739	0.058677
10832	0.058670
3983	0.058633
14109	0.058622
10736	0.058622
6012	0.058605
7530	0.058509
11433	0.058496
4557	0.058467
9405	0.058435
11332	0.058431
6655	0.058419
929	0.058415
1518	0.058390
2311	0.058389
5613	0.058379
3531	0.058368
9008	0.058341
3519	0.058322
11723	0.058307
3217	0.058291
13164	0.058255
6174	0.058240
9865	0.058232
11495	0.058220
10885	0.058178
2167	0.058159
7975	0.058118
12350	0.058106
11853	0.058085
12349	0.058075
11564	0.058068
4978	0.058022
8542	0.058019
7055	0.057984
11493	0.057975
11555	0.057974
5751	0.057963
2515	0.057948
11474	0.057915
6247	0.057881
7081	0.057860
5623	0.057828
7062	0.057767
7602	0.057710
3349	0.057690
10147	0.057654
10174	0.057564
2315	0.057518
173	0.057511
11126	0.057497
5492	0.057423
4226	0.057351
402	0.057328
5039	0.057288
9976	0.057268
990	0.057264
5491	0.057215
7964	0.057175
2259	0.057154
5148	0.057141
9951	0.057130
1294	0.057125
10091	0.057090
10081	0.057090
7722	0.057067
6290	0.057063
4188	0.057045
2655	0.056921
557	0.056874
6915	0.056840
12638	0.056797
6766	0.056790
1686	0.056678
7084	0.056642
12698	0.056640
12220	0.056640
9069	0.056530
9068	0.056530
9067	0.056530
12832	0.056522
10304	0.056519
10884	0.056512
2284	0.056487
10425	0.056424
10517	0.056407
12397	0.056406
2860	0.056395
11380	0.056357
799	0.056355
2362	0.056339
2681	0.056333
5522	0.056304
12636	0.056278
1717	0.056250
2988	0.056249
11361	0.056242
5521	0.056236
809	0.056228
11161	0.056193
1924	0.056142
13826	0.056104
4827	0.056102
10879	0.056083
11351	0.056072
3250	0.056058
12809	0.056050
10880	0.056042
9552	0.056037
1555	0.056023
8734	0.056014
13696	0.056000
12555	0.055990
14238	0.055967
14175	0.055967
14044	0.055967
3370	0.055922
7520	0.055916
761	0.055854
6234	0.055853
10432	0.055825
5565	0.055792
5611	0.055783
1611	0.055780
11551	0.055761
3312	0.055742
5135	0.055740
7951	0.055680
5865	0.055640
244	0.055602
2237	0.055587
12741	0.055585
3181	0.055543
6387	0.055543
6525	0.055541
10692	0.055456
8887	0.055454
3408	0.055446
971	0.055441
9265	0.055436
13073	0.055431
6941	0.055431
5368	0.055431
7434	0.055412
9401	0.055409
1215	0.055393
14017	0.055390
7914	0.055390
13750	0.055327
12573	0.055318
12713	0.055307
14045	0.055300
11490	0.055276
12200	0.055269
12584	0.055237
6570	0.055233
11528	0.055230
10423	0.055203
5870	0.055191
4222	0.055131
12743	0.055125
9946	0.055123
13058	0.055104
7945	0.055104
13834	0.055091
5208	0.055084
12790	0.055081
1219	0.055043
6563	0.055018
528	0.054977
1737	0.054969
13719	0.054938
10588	0.054938
7547	0.054938
3171	0.054859
10561	0.054816
10820	0.054786
8043	0.054757
3551	0.054740
5134	0.054719
12628	0.054705
10780	0.054688
11492	0.054647
10136	0.054543
2776	0.054532
1077	0.054472
7156	0.054439
5367	0.054425
4192	0.054410
9988	0.054381
8369	0.054369
11890	0.054346
11889	0.054346
8139	0.054346
2149	0.054346
2148	0.054346
2147	0.054346
11053	0.054321
11092	0.054283
8045	0.054224
9088	0.054219
4786	0.054213
11533	0.054203
5095	0.054183
7028	0.054172
10911	0.054149
11375	0.054114
9146	0.054043
7529	0.054027
3516	0.054025
4645	0.054010
12435	0.054009
10927	0.053993
319	0.053920
4314	0.053910
3763	0.053892
11405	0.053873
12732	0.053849
12606	0.053829
10926	0.053811
12510	0.053809
12589	0.053809
11670	0.053799
12797	0.053783
9027	0.053751
5202	0.053751
4818	0.053732
12715	0.053724
12557	0.053686
12215	0.053683
11047	0.053676
10163	0.053661
11494	0.053637
10358	0.053622
12213	0.053563
10149	0.053516
10596	0.053474
9614	0.053442
4589	0.053439
4300	0.053438
9555	0.053434
13887	0.053427
10350	0.053426
8330	0.053352
12405	0.053345
9094	0.053343
9093	0.053343
9092	0.053343
9065	0.053343
6988	0.053325
5495	0.053321
4889	0.053311
10527	0.053299
11508	0.053249
11667	0.053240
2142	0.053215
13155	0.053173
12624	0.053151
10939	0.053149
11568	0.053146
9950	0.053106
2636	0.053106
10811	0.053071
6768	0.053036
7986	0.053033
7961	0.053011
2722	0.053011
11544	0.052996
11225	0.052950
10909	0.052950
11019	0.052888
11685	0.052883
562	0.052882
12712	0.052869
14227	0.052865
11535	0.052841
10875	0.052822
4354	0.052766
592	0.052731
1209	0.052723
13838	0.052666
10485	0.052657
10353	0.052646
9490	0.052621
13116	0.052611
10451	0.052600
8040	0.052534
9324	0.052527
1435	0.052503
12787	0.052496
13406	0.052477
1681	0.052449
10985	0.052418
3350	0.052392
12587	0.052330
3200	0.052302
8359	0.052288
8358	0.052288
521	0.052259
7465	0.052245
11534	0.052211
4078	0.052118
9989	0.052116
11540	0.052108
9029	0.052051
7721	0.052035
12634	0.052029
1722	0.052021
10992	0.052021
6810	0.051984
7720	0.051953
2880	0.051951
570	0.051949
3982	0.051948
11542	0.051945
3790	0.051928
10468	0.051902
9963	0.051889
10816	0.051846
10313	0.051827
3371	0.051821
6703	0.051800
10392	0.051775
12064	0.051772
3518	0.051767
10677	0.051760
2400	0.051736
12611	0.051726
3499	0.051677
7327	0.051609
12290	0.051593
6331	0.051593
12389	0.051591
12796	0.051590
10713	0.051568
7140	0.051559
7137	0.051537
5389	0.051522
12593	0.051521
9992	0.051498
5455	0.051482
526	0.051477
11669	0.051470
6375	0.051470
8421	0.051461
7132	0.051453
12874	0.051425
12107	0.051420
10373	0.051372
4567	0.051315
4565	0.051315
12742	0.051310
9194	0.051302
3210	0.051300
6203	0.051258
11497	0.051252
6922	0.051229
11689	0.051209
13841	0.051193
3672	0.051174
12149	0.051112
12708	0.051108
999	0.051091
4933	0.051090
4885	0.051087
12375	0.051085
2643	0.051068
4420	0.051063
1429	0.050999
6628	0.050992
2596	0.050989
6535	0.050962
1426	0.050934
4339	0.050927
12767	0.050905
8901	0.050872
10949	0.050850
7289	0.050843
11455	0.050830
11426	0.050830
12749	0.050795
12748	0.050795
7583	0.050770
10772	0.050754
10852	0.050750
12129	0.050732
12792	0.050731
12594	0.050726
10020	0.050677
6945	0.050606
10683	0.050604
5643	0.050595
10500	0.050573
6432	0.050550
12508	0.050448
11584	0.050437
7061	0.050416
7230	0.050371
10435	0.050361
10904	0.050358
6328	0.050355
955	0.050355
3201	0.050338
5086	0.050251
358	0.050245
6700	0.050231
11597	0.050173
11398	0.050168
10676	0.050151
5842	0.050137
11044	0.050133
4563	0.050128
12762	0.050057
2761	0.049995
10019	0.049980
12941	0.049969
5369	0.049929
9762	0.049884
7260	0.049851
2563	0.049771
12494	0.049765
5056	0.049750
12791	0.049735
12788	0.049735
5739	0.049713
12386	0.049706
5129	0.049664
4228	0.049663
4223	0.049663
3816	0.049663
5802	0.049659
12880	0.049619
6431	0.049614
8465	0.049592
8462	0.049579
11574	0.049559
12940	0.049534
8563	0.049522
8562	0.049522
8561	0.049522
8559	0.049522
7582	0.049522
2989	0.049522
2153	0.049489
11637	0.049469
9945	0.049458
752	0.049396
3057	0.049386
24	0.049381
6000	0.049355
897	0.049344
5912	0.049334
6063	0.049309
12730	0.049290
7026	0.049278
12227	0.049244
14204	0.049243
12411	0.049237
7817	0.049216
