5347	0.168667
7774	0.168492
5641	0.168492
5642	0.168476
9462	0.167071
11858	0.163949
9439	0.163532
2105	0.159909
4538	0.154548
2052	0.149217
6838	0.148524
4542	0.147839
13265	0.146367
11658	0.146102
3837	0.145645
1673	0.144680
9218	0.142971
9623	0.142607
2820	0.142229
2958	0.141832
7526	0.141233
8864	0.141161
8863	0.141161
8583	0.141161
8124	0.141161
7904	0.141161
7903	0.141161
7902	0.141161
7901	0.141161
7900	0.141161
7899	0.141161
7897	0.141161
7896	0.141161
7895	0.141161
2968	0.140385
3539	0.139779
1419	0.138500
5546	0.135825
9226	0.133855
9217	0.133855
8534	0.133855
7827	0.133804
1420	0.132994
2952	0.131637
9231	0.130755
8634	0.130725
6806	0.129967
3741	0.127852
9177	0.126783
7659	0.126186
12909	0.125512
9413	0.125466
3389	0.125335
51	0.125154
7767	0.124727
2114	0.124397
4304	0.123407
4302	0.123407
11999	0.123395
8676	0.122265
8892	0.122005
4106	0.121078
8352	0.120773
8351	0.120773
2957	0.120773
2956	0.120773
7872	0.120770
7295	0.120276
4105	0.119693
11607	0.119681
13850	0.119440
12348	0.119315
6896	0.119056
6895	0.119026
4667	0.118793
6889	0.118456
2277	0.118258
8615	0.117606
235	0.117390
8584	0.117388
4111	0.117371
3906	0.117225
1756	0.117199
5413	0.116958
9152	0.116581
5219	0.116344
7258	0.116028
2902	0.115886
2996	0.115770
13688	0.115220
7288	0.115158
4671	0.114644
4669	0.114644
2990	0.114640
12252	0.114440
9702	0.114370
4305	0.114295
8531	0.114183
6278	0.113812
9135	0.113741
4670	0.113678
8604	0.113463
9415	0.113400
8851	0.113400
8850	0.113400
14266	0.112938
1656	0.112929
6473	0.112403
6482	0.112255
4416	0.112149
304	0.111899
4383	0.111779
9204	0.111743
8592	0.111743
13545	0.111672
14407	0.111605
7131	0.111486
8625	0.111343
6532	0.111173
11989	0.110889
2107	0.110870
2128	0.110762
225	0.110626
9207	0.110567
9205	0.110567
8528	0.110567
9794	0.110374
2109	0.110136
7752	0.109809
9775	0.109466
2523	0.109229
7757	0.108971
14415	0.108803
9277	0.108803
2064	0.108784
1400	0.108765
4668	0.108736
12030	0.108468
2110	0.108356
7379	0.107853
876	0.107702
404	0.106875
8792	0.106376
1232	0.106215
1229	0.106215
6149	0.105888
4537	0.105678
9869	0.105439
38	0.105118
2600	0.104857
6102	0.104843
2	0.104802
353	0.104681
9711	0.104518
9708	0.104518
9707	0.104518
9705	0.104518
9703	0.104518
9699	0.104441
3438	0.104432
2097	0.104274
3437	0.104222
370	0.104160
6295	0.104044
3507	0.104028
1458	0.103531
7453	0.103336
6501	0.103262
13449	0.103177
12873	0.103028
7676	0.102674
268	0.102650
7955	0.102503
8635	0.102496
9201	0.101990
1119	0.101136
5746	0.100787
1952	0.100710
9347	0.100640
1228	0.100590
1120	0.100581
11646	0.100455
13247	0.100112
221	0.100085
4169	0.099727
8671	0.099672
9235	0.099658
9230	0.099658
9228	0.099658
9225	0.099658
9224	0.099658
9221	0.099658
9219	0.099658
9214	0.099658
9213	0.099658
9211	0.099658
9209	0.099658
9208	0.099658
9206	0.099658
9193	0.099658
8807	0.099658
8679	0.099658
8677	0.099658
8675	0.099658
8674	0.099658
8673	0.099658
8670	0.099658
8637	0.099658
8633	0.099658
8631	0.099658
8610	0.099658
8591	0.099658
8539	0.099658
8538	0.099658
8537	0.099658
8536	0.099658
8529	0.099658
8526	0.099658
8525	0.099658
8632	0.099658
2954	0.099635
6913	0.099604
6443	0.099603
13533	0.099054
13532	0.099054
13531	0.099054
9484	0.099049
9483	0.099049
1402	0.098929
5967	0.098827
7913	0.098748
5968	0.098748
470	0.098748
469	0.098729
861	0.098727
4485	0.098711
13394	0.098585
4672	0.098529
4306	0.098383
4466	0.098314
5296	0.098290
879	0.097825
9145	0.097719
11739	0.097576
6742	0.097522
3940	0.097490
2283	0.096656
4168	0.096651
352	0.096621
9787	0.096270
9786	0.096270
9785	0.096270
9784	0.096270
9783	0.096270
9782	0.096270
9781	0.096270
9778	0.096270
9280	0.096270
8585	0.096270
8567	0.096270
8553	0.096270
6465	0.096255
1118	0.095967
11987	0.095930
2542	0.095656
35	0.095505
9706	0.095454
307	0.095425
2845	0.095421
13694	0.095299
2666	0.095249
9780	0.095241
3002	0.095202
9385	0.095090
4935	0.094971
13557	0.094956
13556	0.094956
9150	0.094916
8636	0.094850
5433	0.094603
874	0.094413
7642	0.094209
2950	0.094156
12357	0.093768
2280	0.093753
9438	0.093300
8711	0.093220
8530	0.093216
8090	0.093180
2847	0.093180
2843	0.093180
2839	0.093180
8732	0.093167
8710	0.092918
2840	0.092906
882	0.092892
817	0.092776
14303	0.092740
14302	0.092740
14301	0.092740
14300	0.092740
14299	0.092740
9192	0.092724
7167	0.092706
4778	0.092678
14290	0.092646
9913	0.092622
7606	0.092612
9220	0.092479
1030	0.092411
9210	0.092338
9709	0.092309
9460	0.092274
6127	0.092268
10227	0.092214
11678	0.092117
5354	0.092111
8451	0.092030
524	0.091910
11715	0.091753
498	0.091661
2621	0.091604
2111	0.091458
4094	0.091356
11147	0.091355
8845	0.091332
9307	0.091259
12296	0.091030
6244	0.091030
10232	0.090734
9024	0.090627
9023	0.090627
9022	0.090627
8949	0.090627
2955	0.090560
2953	0.090560
6255	0.090513
7954	0.090150
13076	0.089879
14416	0.089753
331	0.089739
224	0.089697
823	0.089643
5245	0.089556
4692	0.089474
4865	0.089462
7400	0.089448
6378	0.089421
14269	0.089412
8712	0.089390
8303	0.089390
8302	0.089390
7362	0.089390
6359	0.089390
6202	0.089301
8180	0.089220
1265	0.089147
2522	0.088920
10694	0.088894
888	0.088883
6393	0.088806
9244	0.088774
4231	0.088630
2964	0.088539
9121	0.088519
9112	0.088519
4977	0.088248
12069	0.088131
8312	0.088123
2186	0.088094
10226	0.087823
3588	0.087772
2605	0.087706
11733	0.087596
6317	0.087466
5033	0.087071
6081	0.086939
426	0.086920
316	0.086586
5346	0.086562
13665	0.086528
7263	0.086526
4976	0.086499
2521	0.086443
6036	0.086352
5302	0.086347
8709	0.086324
4873	0.086277
9480	0.086188
8533	0.086188
8503	0.086146
3778	0.086077
3427	0.085997
4659	0.085907
599	0.085883
14162	0.085768
4294	0.085767
4758	0.085564
11798	0.085467
5500	0.085427
311	0.085365
5034	0.085245
13517	0.085234
3209	0.085190
1816	0.085176
2274	0.085103
9215	0.084987
4824	0.084913
786	0.084864
6557	0.084818
314	0.084704
6695	0.084667
9788	0.084399
683	0.084394
3973	0.084288
10233	0.084164
8076	0.084119
4361	0.084071
14418	0.084020
14417	0.084020
13284	0.084020
13152	0.084020
9795	0.084020
9793	0.084020
9792	0.084020
9791	0.084020
9789	0.084020
9745	0.084020
9163	0.084020
8614	0.084020
8613	0.084020
8177	0.084020
4163	0.084018
9200	0.083687
13687	0.083602
14186	0.083583
312	0.083546
9222	0.083087
414	0.083014
2113	0.082999
9686	0.082941
3636	0.082901
6841	0.082876
9710	0.082735
2979	0.082651
6689	0.082548
6967	0.082548
6835	0.082532
6741	0.082491
8611	0.082479
10661	0.082271
13285	0.082191
9713	0.082031
11737	0.081937
12915	0.081896
12914	0.081896
9673	0.081850
4377	0.081828
2708	0.081823
11998	0.081816
4450	0.081800
3739	0.081790
3604	0.081564
11988	0.081497
303	0.081443
877	0.081410
4974	0.081225
6191	0.081029
310	0.080986
4175	0.080926
330	0.080920
329	0.080899
1300	0.080857
335	0.080830
334	0.080830
327	0.080830
305	0.080830
302	0.080830
6302	0.080801
6267	0.080801
3745	0.080768
12053	0.080750
10110	0.080253
1097	0.080168
5268	0.080154
10800	0.080146
1109	0.080098
11781	0.080004
4857	0.079777
4922	0.079745
4176	0.079595
6217	0.079520
3320	0.079512
1111	0.079455
12276	0.079415
14263	0.079415
14002	0.079415
14001	0.079415
14000	0.079415
13998	0.079415
13996	0.079415
6666	0.079415
5064	0.079415
4854	0.079415
4852	0.079415
9704	0.079222
13036	0.079003
7306	0.078888
332	0.078803
9942	0.078769
9931	0.078769
9930	0.078769
9921	0.078769
9901	0.078769
9899	0.078769
9895	0.078769
9866	0.078769
9836	0.078769
9832	0.078769
9810	0.078769
9698	0.078769
9636	0.078769
9570	0.078769
9299	0.078769
6663	0.078706
321	0.078668
9174	0.078640
633	0.078635
9232	0.078532
14248	0.078359
8047	0.078359
13634	0.078266
13535	0.078258
4465	0.078152
13942	0.078131
2821	0.078094
2881	0.078053
6671	0.078032
10230	0.078010
14358	0.078000
10698	0.077968
11703	0.077966
6618	0.077951
3144	0.077832
8928	0.077759
13448	0.077685
8773	0.077613
6621	0.077613
12074	0.077567
2892	0.077465
4581	0.077327
4281	0.077250
8204	0.077218
685	0.077174
1238	0.077090
14342	0.077086
6623	0.077085
1346	0.077022
2182	0.077012
9202	0.076991
9195	0.076837
11298	0.076814
10994	0.076814
5423	0.076787
6294	0.076780
1689	0.076780
13360	0.076769
6064	0.076614
4301	0.076592
13673	0.076558
13672	0.076558
13671	0.076558
13355	0.076528
10696	0.076519
5038	0.076514
155	0.076505
613	0.076461
6065	0.076328
10697	0.076313
354	0.076298
6078	0.076284
13698	0.076273
13544	0.076273
13997	0.076211
8714	0.076032
3142	0.075989
9237	0.075893
1293	0.075869
1039	0.075819
4053	0.075782
10582	0.075714
7654	0.075585
1919	0.075572
1731	0.075307
220	0.075205
4262	0.075150
730	0.075140
9610	0.075077
8335	0.075014
2962	0.074851
7655	0.074772
781	0.074768
63	0.074750
3448	0.074742
2765	0.074721
11806	0.074702
7686	0.074539
6506	0.074499
6587	0.074472
341	0.074405
6044	0.074308
5424	0.074241
6697	0.074066
7458	0.073969
306	0.073900
713	0.073890
340	0.073808
9361	0.073757
392	0.073717
11212	0.073699
1885	0.073698
1884	0.073698
1883	0.073698
231	0.073603
4396	0.073517
1254	0.073495
4766	0.073472
9606	0.073455
13050	0.073438
8026	0.073368
12131	0.073306
2641	0.073306
2640	0.073306
13326	0.073198
13456	0.073175
13342	0.073175
13384	0.073102
13054	0.073009
6305	0.072969
758	0.072904
13030	0.072866
5604	0.072864
13578	0.072851
13576	0.072851
13390	0.072851
3007	0.072832
12093	0.072671
6035	0.072655
6277	0.072641
11896	0.072554
9633	0.072477
9630	0.072477
9628	0.072477
9626	0.072477
9625	0.072477
9624	0.072477
9622	0.072477
9621	0.072477
9620	0.072477
9619	0.072477
9618	0.072477
9615	0.072477
9482	0.072477
8334	0.072358
6117	0.072325
6007	0.072307
5442	0.072239
326	0.072233
1953	0.072028
1954	0.072028
4849	0.072003
2773	0.072001
5123	0.071995
9176	0.071895
8809	0.071895
5747	0.071814
1734	0.071774
239	0.071772
5770	0.071731
10097	0.071712
12077	0.071697
6461	0.071697
3711	0.071697
1882	0.071589
8099	0.071589
6034	0.071580
492	0.071516
13235	0.071509
11638	0.071452
9520	0.071436
8468	0.071408
2978	0.071408
2977	0.071408
4850	0.071364
3921	0.071316
1651	0.071304
308	0.071299
1141	0.071201
2102	0.071088
9248	0.071087
1905	0.071068
10642	0.070918
3638	0.070867
7880	0.070726
1836	0.070611
8383	0.070527
3736	0.070517
6616	0.070497
4848	0.070424
9539	0.070366
9831	0.070302
13462	0.070298
1951	0.070213
8207	0.070151
1269	0.070119
2697	0.070084
4148	0.070043
11681	0.069926
9700	0.069885
11982	0.069865
5414	0.069865
5412	0.069865
4216	0.069851
12295	0.069841
6243	0.069841
11756	0.069829
6888	0.069829
13320	0.069797
13926	0.069770
9503	0.069636
1231	0.069577
9796	0.069486
4855	0.069484
9269	0.069362
3977	0.069331
13928	0.069266
503	0.069260
12234	0.069224
6395	0.069208
4165	0.069193
1237	0.069142
1780	0.068897
5305	0.068771
2276	0.068617
11634	0.068563
10549	0.068557
9909	0.068163
3729	0.068108
10231	0.068104
4118	0.068094
13633	0.068015
7420	0.067993
4522	0.067988
7874	0.067921
11767	0.067862
6006	0.067797
586	0.067753
124	0.067689
13490	0.067624
13632	0.067624
13631	0.067624
6494	0.067527
696	0.067497
12141	0.067434
5118	0.067397
782	0.067283
7089	0.067279
6472	0.067204
5272	0.067176
2124	0.067150
385	0.067072
6157	0.066934
4693	0.066836
14085	0.066830
4447	0.066627
8412	0.066563
86	0.066514
328	0.066510
2286	0.066396
1654	0.066293
11679	0.066254
9957	0.066227
9212	0.066212
8910	0.066162
12063	0.066150
9613	0.066011
11840	0.065992
6101	0.065950
11635	0.065939
6866	0.065900
6017	0.065806
2423	0.065794
5829	0.065754
12219	0.065712
9436	0.065705
13767	0.065601
7830	0.065587
7449	0.065574
7584	0.065548
4946	0.065446
5189	0.065409
7343	0.065408
3212	0.065363
5555	0.065347
3505	0.065346
2980	0.065293
2380	0.065261
5779	0.065252
10229	0.065184
11914	0.065158
1640	0.065158
9102	0.065145
9612	0.065059
4463	0.064998
14004	0.064986
4866	0.064986
7993	0.064934
1173	0.064934
9143	0.064932
6242	0.064932
2458	0.064909
5830	0.064856
5987	0.064810
10534	0.064778
6530	0.064715
13497	0.064707
5778	0.064689
6528	0.064656
11968	0.064614
949	0.064614
5324	0.064599
13659	0.064591
13658	0.064591
13325	0.064553
699	0.064466
7920	0.064331
9609	0.064314
9580	0.064314
5063	0.064211
6598	0.064098
5035	0.064024
14052	0.063994
10065	0.063994
2278	0.063986
10748	0.063969
9834	0.063969
141	0.063966
6292	0.063951
9223	0.063940
700	0.063934
690	0.063931
5476	0.063931
1044	0.063891
3710	0.063766
5062	0.063728
6605	0.063723
9578	0.063623
5451	0.063540
3000	0.063523
9120	0.063515
4661	0.063429
8922	0.063379
8319	0.063362
9928	0.063331
7650	0.063326
7096	0.063326
3907	0.063253
295	0.063203
808	0.063189
2263	0.063130
6380	0.063083
5299	0.062952
13621	0.062877
4853	0.062821
3934	0.062786
13889	0.062619
5206	0.062577
1315	0.062565
12116	0.062555
12182	0.062552
4464	0.062552
1285	0.062541
4767	0.062529
743	0.062434
12721	0.062390
6656	0.062360
9531	0.062308
6576	0.062240
8661	0.062091
2188	0.062078
13999	0.062001
5005	0.062001
1854	0.061934
5321	0.061877
1743	0.061832
12010	0.061826
13651	0.061814
6971	0.061785
14283	0.061753
5697	0.061725
9170	0.061643
13597	0.061572
13596	0.061572
13595	0.061572
13583	0.061572
13554	0.061572
13402	0.061572
7990	0.061572
5788	0.061559
13815	0.061504
7855	0.061458
2185	0.061450
3111	0.061445
13945	0.061412
13321	0.061392
11624	0.061306
6908	0.061292
1078	0.061180
5918	0.061132
3093	0.061109
215	0.061066
11300	0.061058
13442	0.060950
13094	0.060928
13498	0.060906
129	0.060890
3203	0.060838
3738	0.060684
4660	0.060591
11686	0.060564
8565	0.060500
1635	0.060474
7958	0.060346
6571	0.060326
6179	0.060295
2104	0.060295
29	0.060276
4511	0.060138
6886	0.060077
2054	0.060034
13910	0.060032
79	0.059966
9729	0.059950
9062	0.059941
3870	0.059929
5541	0.059908
948	0.059774
3283	0.059770
8171	0.059732
125	0.059721
2844	0.059708
2108	0.059685
11226	0.059614
8464	0.059527
10664	0.059486
3841	0.059297
4721	0.059288
13706	0.059269
13738	0.059260
13731	0.059260
9357	0.059193
6725	0.059183
13541	0.059161
1991	0.059148
2112	0.059133
227	0.059091
1956	0.059050
2831	0.059029
3700	0.059000
13603	0.058990
13238	0.058990
9553	0.058990
2959	0.058990
12103	0.058990
1403	0.058976
338	0.058967
1598	0.058932
3654	0.058924
5510	0.058911
1486	0.058850
12201	0.058849
10098	0.058817
3735	0.058811
2768	0.058778
686	0.058724
6643	0.058723
13707	0.058698
4467	0.058691
628	0.058651
4193	0.058648
1777	0.058640
9512	0.058576
4559	0.058504
6804	0.058499
4596	0.058482
9761	0.058382
7342	0.058367
2168	0.058340
3751	0.058325
3750	0.058325
