2174	0.174317
2175	0.154423
13602	0.117965
11818	0.112228
11677	0.111481
4494	0.111481
4493	0.111481
9354	0.106473
6583	0.105337
6580	0.105337
6579	0.105179
7630	0.103212
11112	0.102475
12778	0.100576
14224	0.099909
13391	0.099909
11110	0.099909
14236	0.099836
13901	0.099836
13601	0.099836
7863	0.099836
7862	0.099836
7859	0.099836
13356	0.099822
4204	0.099087
9909	0.097866
7860	0.097823
7264	0.096664
6147	0.096261
2982	0.096082
13599	0.096014
5493	0.095660
13900	0.093506
7861	0.093506
13894	0.092386
13490	0.091840
13632	0.091840
13631	0.091840
13633	0.091539
3505	0.090894
12636	0.090550
13449	0.090498
9870	0.090393
9840	0.089984
10427	0.089934
13589	0.089725
12462	0.089420
10685	0.089420
7858	0.089195
2976	0.089065
7909	0.088926
7967	0.088127
13899	0.088106
13892	0.088106
7965	0.088106
7972	0.087564
12354	0.087534
9371	0.087498
12286	0.087276
11111	0.086887
2622	0.086231
4886	0.086141
11761	0.085608
6097	0.085608
5547	0.085608
3595	0.085608
5650	0.085578
2569	0.085148
5582	0.085094
6263	0.084823
12502	0.083487
7817	0.083171
10751	0.083019
13295	0.082722
2173	0.082249
12795	0.082019
11289	0.081749
4787	0.081747
13358	0.081684
2452	0.080248
6680	0.080009
10625	0.079780
3594	0.079409
8065	0.079389
1889	0.078732
2817	0.078707
11466	0.078647
13611	0.078382
10943	0.078312
11129	0.078143
11137	0.078050
10701	0.077804
8066	0.077744
14297	0.077727
6260	0.077579
7966	0.077487
5491	0.077460
12832	0.077420
13898	0.077367
2828	0.077335
5583	0.077151
323	0.076931
13110	0.076758
1132	0.076744
2453	0.076339
2695	0.076292
13897	0.076235
2809	0.076017
10511	0.076007
3306	0.075643
13875	0.075624
2952	0.075358
7670	0.075007
10042	0.074951
7969	0.074867
10212	0.074449
8131	0.074257
7359	0.073349
9081	0.073180
9078	0.073180
11987	0.073007
9028	0.072979
12525	0.072777
12136	0.072557
3934	0.072535
1675	0.072383
10674	0.072084
4087	0.071982
8794	0.071870
5212	0.071778
13165	0.071725
7101	0.071674
10898	0.071634
12530	0.071612
5585	0.071321
13164	0.071292
1120	0.071291
13247	0.071101
8407	0.071094
1119	0.070966
1952	0.070677
12836	0.070324
12824	0.070324
13121	0.070291
4789	0.070291
4788	0.070291
13036	0.070240
13819	0.070172
11575	0.070152
10361	0.069980
10920	0.069909
13716	0.069860
3737	0.069844
11556	0.069827
3287	0.069792
11467	0.069780
4158	0.069645
11136	0.069626
11486	0.069572
5584	0.069522
8927	0.069393
3739	0.069343
1361	0.069338
12792	0.069325
3745	0.069262
12053	0.069251
11178	0.069206
9998	0.068904
14203	0.068894
13907	0.068894
13906	0.068894
13407	0.068894
11171	0.068894
8372	0.068894
7978	0.068894
3942	0.068894
12791	0.068763
12788	0.068763
10852	0.068568
9168	0.068540
10389	0.068325
2461	0.068276
10038	0.068271
7939	0.068179
1133	0.068121
221	0.068100
3764	0.068012
4497	0.067983
6695	0.067973
10767	0.067936
10214	0.067922
5649	0.067799
11019	0.067799
4093	0.067722
11989	0.067656
10657	0.067612
10739	0.067433
10788	0.067433
10777	0.067433
10759	0.067433
10658	0.067278
11040	0.067262
10612	0.067187
10921	0.067157
53	0.067139
12699	0.067115
119	0.067097
9796	0.066952
3921	0.066928
3001	0.066832
10859	0.066818
10454	0.066785
4463	0.066628
1403	0.066443
2097	0.066263
5220	0.066106
12803	0.065938
12182	0.065861
4464	0.065861
4349	0.065559
5679	0.065533
9087	0.065402
13656	0.065283
13655	0.065283
13378	0.065283
9071	0.065283
7114	0.065174
12497	0.065096
2810	0.065080
12642	0.065077
10871	0.065028
2594	0.065024
13427	0.064536
876	0.064396
10666	0.064366
5351	0.064284
11447	0.064228
5110	0.064190
1619	0.064178
10226	0.064139
12698	0.064050
11332	0.063980
11516	0.063626
14214	0.063578
11862	0.063538
11551	0.063417
8622	0.063276
5026	0.063251
5027	0.063251
11207	0.063196
11358	0.063110
13332	0.063019
11240	0.062921
8432	0.062856
8431	0.062856
12355	0.062736
11143	0.062723
11394	0.062622
8295	0.062579
8242	0.062510
3717	0.062479
10694	0.062461
11089	0.062365
11033	0.062344
2600	0.062333
7306	0.062239
12522	0.062175
13076	0.062162
1115	0.061951
4619	0.061943
14033	0.061842
13858	0.061828
7802	0.061828
13764	0.061638
4351	0.061638
14275	0.061638
14039	0.061638
14036	0.061638
14030	0.061638
14029	0.061638
14026	0.061638
8415	0.061638
8400	0.061638
8378	0.061638
8375	0.061638
8363	0.061638
8360	0.061638
8350	0.061638
8294	0.061638
8218	0.061638
2477	0.061442
4998	0.061294
12754	0.061289
13657	0.061286
1719	0.061286
5392	0.061268
10556	0.061263
14003	0.061241
6277	0.061129
8376	0.061123
8241	0.061123
6035	0.061117
13855	0.061020
11626	0.060994
11483	0.060972
11503	0.060962
11408	0.060927
6205	0.060878
9884	0.060853
1396	0.060808
13649	0.060728
14253	0.060694
10712	0.060645
12187	0.060607
13836	0.060582
14028	0.060570
11436	0.060559
10711	0.060559
11226	0.060529
12804	0.060515
5125	0.060479
9469	0.060440
11578	0.060402
12800	0.060376
11315	0.060344
10376	0.060278
11280	0.060224
2301	0.060216
13088	0.060074
13695	0.060063
8726	0.060050
11064	0.060045
9769	0.060008
10557	0.059971
9596	0.059915
1583	0.059908
10946	0.059901
12519	0.059840
5346	0.059639
5586	0.059580
10899	0.059552
10624	0.059489
5631	0.059447
11487	0.059344
12773	0.059340
8130	0.059340
2185	0.059293
5487	0.059263
2595	0.059235
7200	0.059075
8137	0.059049
10860	0.058983
3428	0.058888
11484	0.058877
14250	0.058876
10558	0.058876
10555	0.058876
6968	0.058876
7690	0.058871
7348	0.058871
7349	0.058871
8042	0.058863
12710	0.058831
11852	0.058828
7007	0.058761
6138	0.058610
12435	0.058569
111	0.058563
12638	0.058545
13374	0.058512
13373	0.058512
11415	0.058455
10462	0.058453
8140	0.058438
2812	0.058377
10977	0.058312
11491	0.058293
14233	0.058259
1136	0.058259
7158	0.058205
8230	0.058170
10127	0.058123
7581	0.058064
10809	0.058030
7580	0.058030
12238	0.057997
1707	0.057981
14249	0.057939
304	0.057926
11481	0.057858
1420	0.057802
5221	0.057764
1419	0.057692
5691	0.057580
7941	0.057579
12581	0.057546
11569	0.057523
4495	0.057391
1838	0.057320
14291	0.057275
9021	0.057248
14335	0.057216
9883	0.057216
5712	0.057172
5711	0.057172
5710	0.057172
7070	0.057101
3183	0.057082
7615	0.056977
2105	0.056931
10976	0.056922
2206	0.056893
10678	0.056859
2110	0.056791
3544	0.056775
8289	0.056765
3949	0.056754
11502	0.056739
2107	0.056736
14034	0.056733
7207	0.056682
8305	0.056682
11469	0.056681
9915	0.056622
7857	0.056615
6876	0.056596
11211	0.056544
4343	0.056527
5957	0.056452
2208	0.056446
1236	0.056446
3177	0.056443
115	0.056441
12145	0.056412
10515	0.056412
5956	0.056412
13167	0.056398
10122	0.056398
11479	0.056362
6935	0.056361
13805	0.056359
5132	0.056359
13574	0.056358
12431	0.056294
13095	0.056269
6969	0.056269
2109	0.056207
8450	0.056198
12610	0.056137
6134	0.056116
10318	0.056099
11473	0.056081
11559	0.055979
1618	0.055939
7856	0.055891
7183	0.055828
12403	0.055801
14317	0.055779
6279	0.055764
2382	0.055715
6655	0.055688
742	0.055678
3120	0.055648
10040	0.055612
9169	0.055599
11468	0.055469
10264	0.055411
10025	0.055406
5484	0.055376
10523	0.055315
1118	0.055308
6034	0.055295
13493	0.055273
13184	0.055271
11601	0.055082
1778	0.055078
2674	0.055036
10614	0.054975
2207	0.054804
10551	0.054636
9917	0.054579
4376	0.054568
1785	0.054556
6938	0.054551
10819	0.054546
7930	0.054533
9123	0.054526
6614	0.054458
3623	0.054382
10887	0.054362
6252	0.054306
13448	0.054274
7468	0.054263
2967	0.054263
6694	0.054259
9980	0.054255
12262	0.054209
11093	0.054174
3107	0.054136
10048	0.054104
11504	0.054084
12356	0.054040
11510	0.054024
11478	0.053995
11308	0.053971
10700	0.053965
10680	0.053885
12237	0.053854
4947	0.053843
6102	0.053831
11480	0.053817
13896	0.053771
13495	0.053750
7082	0.053744
10888	0.053733
6838	0.053614
10554	0.053495
12764	0.053482
5824	0.053476
2114	0.053371
12818	0.053331
9849	0.053321
415	0.053312
11096	0.053300
11127	0.053283
1542	0.053266
5885	0.053223
13265	0.053191
2381	0.053172
5375	0.053169
1541	0.053160
11338	0.053157
6395	0.053083
14037	0.053049
10764	0.053009
10679	0.053009
2052	0.053003
14040	0.052907
11988	0.052904
11679	0.052893
10766	0.052887
10765	0.052887
10482	0.052853
13536	0.052836
5270	0.052771
6737	0.052711
7395	0.052689
12714	0.052656
4895	0.052640
503	0.052609
7962	0.052592
4469	0.052580
9170	0.052578
1951	0.052529
6886	0.052441
7530	0.052421
13557	0.052386
13556	0.052386
4348	0.052350
7700	0.052270
10499	0.052265
9385	0.052260
8003	0.052216
3822	0.052203
11658	0.052193
8907	0.052176
7699	0.052162
11489	0.052132
8621	0.052124
1125	0.052095
6280	0.052087
118	0.052035
9683	0.051993
465	0.051991
4451	0.051964
2965	0.051942
12756	0.051913
11227	0.051873
11638	0.051826
13125	0.051706
3005	0.051667
7239	0.051613
3638	0.051594
14004	0.051557
4866	0.051557
11303	0.051538
11419	0.051515
10333	0.051479
10572	0.051472
12492	0.051466
12527	0.051460
3418	0.051399
3548	0.051313
12629	0.051281
13545	0.051272
12767	0.051270
7372	0.051179
7526	0.051150
8864	0.051110
8863	0.051110
8583	0.051110
8124	0.051110
7904	0.051110
7903	0.051110
7902	0.051110
7901	0.051110
7900	0.051110
7899	0.051110
7897	0.051110
7896	0.051110
7895	0.051110
12391	0.051072
1898	0.051046
4530	0.050991
6340	0.050979
2682	0.050960
12267	0.050928
5126	0.050928
10836	0.050859
6378	0.050849
13939	0.050790
12605	0.050716
10475	0.050708
7337	0.050603
11237	0.050582
13135	0.050549
3933	0.050530
2731	0.050528
12041	0.050522
5269	0.050519
6009	0.050510
4742	0.050510
13496	0.050460
7328	0.050375
12787	0.050368
3489	0.050329
2451	0.050329
9967	0.050309
12741	0.050308
4314	0.050263
1835	0.050223
3734	0.050219
3370	0.050206
6026	0.050186
12560	0.050171
10641	0.050140
1714	0.050041
8611	0.050024
10455	0.050000
10182	0.049999
3591	0.049982
12594	0.049906
3545	0.049903
11577	0.049894
12434	0.049846
12390	0.049846
9466	0.049842
13293	0.049829
4531	0.049758
13130	0.049699
10144	0.049699
4537	0.049665
13500	0.049621
5935	0.049587
716	0.049573
11403	0.049563
6148	0.049563
4662	0.049546
10518	0.049524
4743	0.049486
10589	0.049482
3193	0.049478
1535	0.049447
3884	0.049446
10638	0.049403
5345	0.049394
4824	0.049304
12101	0.049279
10682	0.049243
6963	0.049198
9215	0.049176
11278	0.049152
11299	0.049131
7119	0.049028
7893	0.048941
9198	0.048912
12670	0.048880
540	0.048837
10351	0.048810
5178	0.048772
10609	0.048691
8225	0.048689
609	0.048680
2816	0.048625
8322	0.048623
4367	0.048620
4536	0.048618
5477	0.048612
10491	0.048560
1953	0.048539
1954	0.048539
8044	0.048447
10758	0.048430
7535	0.048313
12609	0.048307
11300	0.048187
1245	0.048103
2613	0.048087
12623	0.048083
8875	0.048080
10135	0.048071
10671	0.048049
10683	0.048042
11689	0.048028
14101	0.048013
8365	0.048013
10305	0.048012
10203	0.047994
14032	0.047994
12908	0.047990
9411	0.047990
9412	0.047988
5108	0.047964
6032	0.047958
6406	0.047940
6535	0.047908
5879	0.047900
3360	0.047897
5829	0.047895
5830	0.047770
14187	0.047750
6530	0.047738
8678	0.047678
13847	0.047662
3434	0.047654
6528	0.047619
14063	0.047545
10984	0.047531
122	0.047494
6334	0.047493
5157	0.047483
2118	0.047472
12172	0.047455
10432	0.047344
11712	0.047329
14410	0.047329
14409	0.047329
14408	0.047329
7919	0.047329
14071	0.047316
11485	0.047304
14433	0.047272
6101	0.047234
3598	0.047191
10507	0.047145
13426	0.047138
3425	0.047121
3773	0.047121
3713	0.047107
12649	0.047101
11402	0.047080
10307	0.047080
12654	0.047077
12808	0.047036
10308	0.047002
12766	0.046962
1509	0.046935
11753	0.046915
4153	0.046827
8836	0.046825
4221	0.046672
4116	0.046669
7937	0.046640
13910	0.046627
1734	0.046573
1186	0.046570
4534	0.046560
12070	0.046558
9986	0.046547
13914	0.046539
8296	0.046539
5175	0.046490
11545	0.046455
12002	0.046446
10634	0.046441
13322	0.046417
5006	0.046407
7889	0.046345
5534	0.046332
13394	0.046307
2281	0.046305
5143	0.046301
9847	0.046288
13838	0.046201
12630	0.046171
12352	0.046167
14245	0.046132
117	0.046109
1880	0.046099
2201	0.046029
7273	0.046018
9982	0.046007
2841	0.045997
2251	0.045981
12726	0.045971
12515	0.045965
9983	0.045962
11242	0.045958
13396	0.045956
13338	0.045956
2823	0.045955
7676	0.045934
9179	0.045914
7120	0.045912
13444	0.045879
11250	0.045871
11539	0.045802
7321	0.045775
5651	0.045752
2616	0.045749
2815	0.045741
10559	0.045729
11146	0.045682
10045	0.045647
13552	0.045637
13511	0.045637
13507	0.045637
3081	0.045625
12607	0.045620
12821	0.045616
13868	0.045610
13761	0.045571
578	0.045561
4509	0.045554
991	0.045548
11531	0.045500
7710	0.045467
9319	0.045467
8953	0.045459
2117	0.045437
11548	0.045415
7453	0.045405
13303	0.045335
3260	0.045271
3982	0.045260
6405	0.045200
12512	0.045199
13820	0.045185
9050	0.045106
6157	0.045104
13724	0.045095
1507	0.045078
2492	0.045048
9047	0.045040
3714	0.044956
12694	0.044924
10330	0.044813
12780	0.044770
9486	0.044724
11472	0.044709
13932	0.044683
9098	0.044645
3371	0.044624
13089	0.044481
3341	0.044475
9311	0.044454
3826	0.044369
4296	0.044366
9964	0.044312
3324	0.044310
8327	0.044300
14111	0.044300
14080	0.044300
11075	0.044260
9043	0.044240
2525	0.044236
9954	0.044222
12536	0.044195
13027	0.044182
9049	0.044182
9048	0.044182
9046	0.044182
8420	0.044182
7027	0.044182
5216	0.044182
10357	0.044177
2602	0.044166
10232	0.044164
3152	0.044101
8797	0.044042
5141	0.044032
14072	0.044010
6393	0.044000
12577	0.043999
2889	0.043978
10692	0.043976
12106	0.043946
5379	0.043890
10392	0.043873
4664	0.043856
7295	0.043856
14091	0.043854
5418	0.043842
12576	0.043777
3738	0.043777
633	0.043726
3774	0.043691
10227	0.043691
9200	0.043676
1161	0.043645
456	0.043641
3438	0.043637
3323	0.043578
5101	0.043498
11147	0.043490
5887	0.043483
4355	0.043482
7894	0.043420
8141	0.043420
13685	0.043410
13684	0.043410
13683	0.043410
13565	0.043410
10853	0.043400
6366	0.043329
7774	0.043243
5641	0.043243
5642	0.043239
10263	0.043207
12776	0.043179
4865	0.043164
9512	0.043154
6727	0.043143
1094	0.043132
1121	0.043129
12322	0.043112
2813	0.043105
13456	0.043088
13342	0.043088
6426	0.043082
3736	0.043057
7668	0.043039
11091	0.043017
3549	0.043014
12270	0.043008
10162	0.042908
7729	0.042857
7394	0.042850
6587	0.042840
12552	0.042829
5045	0.042768
10771	0.042651
8092	0.042629
7137	0.042531
10349	0.042460
9747	0.042453
5347	0.042453
8043	0.042413
1939	0.042349
4786	0.042320
11312	0.042291
6430	0.042288
1123	0.042288
14393	0.042265
14377	0.042265
11077	0.042190
13835	0.042182
5082	0.042182
8535	0.042151
7707	0.042141
1897	0.042132
10854	0.042122
874	0.042106
9770	0.042096
5413	0.042085
4358	0.042068
1131	0.042062
6472	0.042042
6880	0.042038
7662	0.042001
1997	0.041986
5430	0.041975
10773	0.041963
12679	0.041947
13323	0.041863
8339	0.041844
8045	0.041828
498	0.041801
11393	0.041792
11400	0.041779
5213	0.041731
12807	0.041721
11094	0.041717
13609	0.041716
13679	0.041708
1459	0.041694
1798	0.041659
7784	0.041632
14073	0.041629
5229	0.041609
