2622	0.238824
2569	0.237542
11761	0.237507
6097	0.237507
5547	0.237507
3595	0.237507
9514	0.210944
1541	0.209204
3306	0.188828
1542	0.183487
3933	0.175345
1034	0.163202
9028	0.160845
9081	0.160570
9078	0.160570
9402	0.159178
3934	0.158134
2613	0.157617
1714	0.137841
7966	0.136504
1798	0.122356
12041	0.122131
609	0.120809
1125	0.120216
2616	0.116038
3854	0.115572
3548	0.113814
3594	0.110750
13444	0.108553
1131	0.107644
8726	0.106919
6018	0.106313
3549	0.105746
1509	0.105155
1128	0.103001
9645	0.102956
3544	0.102212
3545	0.101503
1327	0.100858
1245	0.099749
3949	0.098896
6032	0.095165
578	0.094105
2682	0.093882
7893	0.092639
11877	0.091246
1129	0.090885
2614	0.088836
9358	0.087828
10491	0.086818
2174	0.086658
3504	0.086459
1511	0.085930
12058	0.085148
7450	0.085131
12306	0.084727
6369	0.084727
6368	0.084727
13252	0.083558
13251	0.083558
7394	0.082936
9980	0.082875
4158	0.082494
9401	0.082227
10482	0.082007
259	0.081549
6631	0.080930
10236	0.080754
7939	0.079647
10889	0.079514
10682	0.078616
10032	0.078517
10666	0.078283
11353	0.078179
10715	0.078179
13341	0.078082
11434	0.078009
10305	0.077675
9627	0.076844
13162	0.076155
10123	0.076155
12785	0.074489
11146	0.074178
12784	0.073635
9503	0.073216
1889	0.073105
1483	0.072618
875	0.072533
6400	0.072465
496	0.072239
11358	0.072123
11207	0.072012
11027	0.072000
5179	0.071997
5180	0.071930
1454	0.071755
10511	0.071384
11992	0.071381
1132	0.071228
2828	0.071193
13295	0.070809
11019	0.070730
2453	0.070709
2122	0.070610
1419	0.070058
10589	0.069983
2619	0.069771
6026	0.069675
13036	0.069145
12267	0.068873
5126	0.068873
3739	0.068655
10045	0.068495
5183	0.068368
10559	0.067822
4093	0.067590
6592	0.067539
12530	0.067417
6281	0.067415
3745	0.067386
12053	0.067382
2014	0.067254
3476	0.067146
2531	0.067055
13611	0.067008
1897	0.066899
774	0.066862
13676	0.066803
10739	0.066606
10788	0.066606
10777	0.066606
10759	0.066606
1010	0.066489
8611	0.066317
13664	0.066219
12208	0.065897
12850	0.065875
2452	0.065299
12854	0.065289
9881	0.065254
4664	0.064979
10007	0.064809
8907	0.064666
2116	0.064502
1778	0.064090
12502	0.063925
1420	0.063899
13025	0.063876
13024	0.063876
13022	0.063876
8486	0.063876
11096	0.063849
2052	0.063834
4349	0.063645
9608	0.063627
6702	0.063608
5650	0.063476
11231	0.063433
1008	0.063400
9986	0.063399
5697	0.063381
997	0.063247
2541	0.063131
11232	0.063009
11230	0.063009
11229	0.063009
11228	0.063009
10226	0.062664
2841	0.062612
5042	0.062545
8628	0.062468
12415	0.062433
2904	0.062410
12412	0.062220
10982	0.062171
10852	0.061918
1563	0.061754
3921	0.061674
6117	0.061618
10694	0.061272
2118	0.061016
13089	0.060824
6252	0.060721
1346	0.060712
8391	0.060686
3087	0.060686
6680	0.060502
9248	0.060439
12070	0.060398
5745	0.060224
9520	0.060072
1151	0.059972
9912	0.059793
9911	0.059793
6707	0.059718
9870	0.059529
4787	0.059525
11873	0.059505
10028	0.059469
12270	0.059453
13116	0.059371
14072	0.059358
2952	0.059292
1925	0.059282
4537	0.059216
10162	0.059197
9840	0.059195
12623	0.059178
2965	0.059154
12322	0.059131
3083	0.059004
8312	0.058891
5637	0.058883
12462	0.058857
10685	0.058857
4154	0.058789
2809	0.058695
2617	0.058689
10127	0.058635
9007	0.058631
10203	0.058604
13130	0.058571
10144	0.058571
6204	0.058538
13271	0.058513
12853	0.058354
2461	0.058329
2813	0.058300
7380	0.058171
4179	0.058011
2812	0.057902
6351	0.057846
13374	0.057841
13373	0.057841
10761	0.057810
7468	0.057789
2967	0.057789
9477	0.057742
11111	0.057735
9481	0.057733
9479	0.057733
9478	0.057733
9476	0.057733
9475	0.057733
9473	0.057733
9472	0.057733
9471	0.057733
9470	0.057733
9468	0.057733
9345	0.057733
8667	0.057733
8665	0.057733
8664	0.057733
8663	0.057733
8662	0.057733
8630	0.057733
8629	0.057733
8627	0.057733
8626	0.057733
9512	0.057630
10671	0.057584
5375	0.057567
10762	0.057552
2228	0.057540
114	0.057392
1510	0.057333
2175	0.057312
14253	0.057289
716	0.057249
10657	0.057225
2060	0.057129
10658	0.057024
1114	0.057015
11415	0.057002
10712	0.056973
11436	0.056921
10711	0.056921
6395	0.056877
7758	0.056733
3825	0.056690
4719	0.056665
11407	0.056553
10946	0.056522
8092	0.056461
13427	0.056439
2810	0.056413
9437	0.056408
11289	0.056400
12795	0.056329
200	0.056324
12940	0.056305
2755	0.056244
10523	0.056122
2783	0.055920
13060	0.055849
13055	0.055849
13048	0.055849
13014	0.055849
13009	0.055849
12892	0.055849
8379	0.055849
9061	0.055739
9060	0.055739
5715	0.055739
2565	0.055739
9804	0.055692
9674	0.055674
2618	0.055631
13581	0.055580
1941	0.055569
7239	0.055515
2293	0.055394
12165	0.055336
1186	0.055306
5125	0.055283
2976	0.055251
9029	0.055235
13826	0.055144
8230	0.055116
96	0.055065
9469	0.055011
12872	0.054943
2105	0.054920
1126	0.054864
10264	0.054844
2931	0.054825
10683	0.054813
12411	0.054780
13438	0.054755
1011	0.054673
7617	0.054598
7951	0.054578
5299	0.054525
2932	0.054488
13144	0.054451
2629	0.054412
9198	0.054281
10859	0.054203
11679	0.054195
2532	0.054140
3826	0.054120
11556	0.054117
7670	0.054040
12237	0.054032
8207	0.054014
1959	0.054006
13019	0.053955
13061	0.053894
2201	0.053847
8232	0.053845
6587	0.053784
2117	0.053761
12807	0.053708
6525	0.053698
6695	0.053652
9486	0.053625
2451	0.053581
14233	0.053523
1136	0.053523
10644	0.053402
13456	0.053339
13342	0.053339
9311	0.053309
5111	0.053276
2397	0.053196
11671	0.053174
7694	0.053110
10050	0.053065
837	0.053058
14068	0.052986
6563	0.052960
2594	0.052916
12950	0.052777
12694	0.052747
10186	0.052709
10719	0.052593
121	0.052567
13236	0.052562
10140	0.052544
9354	0.052525
12238	0.052476
13038	0.052400
13037	0.052400
1901	0.052343
4322	0.052336
5391	0.052302
1130	0.052157
11191	0.052004
3677	0.052000
12941	0.051992
10163	0.051988
3837	0.051958
7981	0.051929
1800	0.051893
12252	0.051893
7261	0.051865
10678	0.051848
12952	0.051844
12951	0.051844
3841	0.051807
7917	0.051797
2817	0.051754
13388	0.051751
13387	0.051751
10088	0.051743
9859	0.051714
6583	0.051657
6580	0.051657
2982	0.051598
2981	0.051575
6579	0.051574
3473	0.051460
11443	0.051428
11369	0.051428
12015	0.051419
115	0.051413
2079	0.051387
10156	0.051309
633	0.051275
6439	0.051179
391	0.051154
6074	0.051147
12101	0.050966
1751	0.050923
6134	0.050880
7101	0.050822
113	0.050792
13582	0.050694
5410	0.050694
5409	0.050694
5408	0.050694
5356	0.050694
11491	0.050678
6021	0.050675
12107	0.050667
10038	0.050661
12497	0.050657
10557	0.050615
3700	0.050608
14162	0.050566
5087	0.050548
8246	0.050546
438	0.050539
1880	0.050524
2395	0.050520
611	0.050511
881	0.050363
4087	0.050234
2949	0.050203
9724	0.050198
3389	0.050046
10556	0.050044
6102	0.050032
13449	0.050022
10214	0.049975
7207	0.049935
12778	0.049909
11237	0.049842
11601	0.049817
10497	0.049815
13121	0.049771
4789	0.049771
4788	0.049771
12800	0.049748
273	0.049709
10227	0.049684
10581	0.049678
10333	0.049659
5433	0.049608
13602	0.049595
9769	0.049589
2396	0.049497
977	0.049444
6694	0.049436
9614	0.049411
12816	0.049410
3081	0.049374
4582	0.049370
10376	0.049326
2107	0.049302
565	0.049282
8535	0.049237
13081	0.049224
13080	0.049224
13079	0.049224
13078	0.049224
13074	0.049224
13071	0.049224
13057	0.049224
13049	0.049224
13047	0.049224
13045	0.049224
13043	0.049224
13017	0.049224
12959	0.049224
12904	0.049224
7936	0.049224
8329	0.049217
5581	0.049200
12064	0.049177
10547	0.049150
9076	0.049138
10108	0.049052
5088	0.049043
12754	0.049031
5038	0.048998
11902	0.048967
13013	0.048955
12962	0.048955
5089	0.048935
12304	0.048918
5855	0.048818
13914	0.048787
8296	0.048787
7425	0.048753
13509	0.048750
14351	0.048724
8773	0.048711
6621	0.048711
14375	0.048683
6618	0.048620
6768	0.048617
13040	0.048605
12792	0.048567
10871	0.048556
11127	0.048535
14236	0.048527
13901	0.048527
13601	0.048527
7863	0.048527
7862	0.048527
7859	0.048527
13356	0.048525
4021	0.048510
11578	0.048503
11099	0.048482
12266	0.048481
11243	0.048424
1361	0.048406
9480	0.048397
8533	0.048397
3243	0.048375
10076	0.048360
12874	0.048358
7958	0.048330
13970	0.048301
10077	0.048275
3287	0.048271
14250	0.048262
10558	0.048262
10555	0.048262
6968	0.048262
12136	0.048255
8042	0.048227
12061	0.048146
1433	0.048121
6017	0.048085
13026	0.048049
8339	0.047977
12354	0.047951
10915	0.047921
12826	0.047831
13508	0.047831
12791	0.047766
12788	0.047766
10921	0.047763
9613	0.047758
7918	0.047691
12670	0.047682
11072	0.047621
7782	0.047617
9436	0.047565
11469	0.047519
11398	0.047513
6997	0.047499
10392	0.047447
2595	0.047423
14367	0.047250
12229	0.047245
11159	0.047236
6922	0.047173
12031	0.047131
14249	0.047118
1686	0.047086
13589	0.047082
11682	0.047074
10337	0.047059
11047	0.047031
1133	0.046962
7920	0.046956
9371	0.046950
1675	0.046891
13358	0.046889
9610	0.046872
7860	0.046862
2714	0.046808
5779	0.046770
13142	0.046757
7430	0.046757
10139	0.046704
3967	0.046679
10403	0.046635
12756	0.046629
1127	0.046625
5649	0.046605
14370	0.046604
5555	0.046566
5631	0.046553
11211	0.046541
9612	0.046496
5778	0.046481
4343	0.046471
1121	0.046465
1396	0.046448
3503	0.046407
12858	0.046363
6447	0.046356
13095	0.046332
6969	0.046332
6731	0.046318
12431	0.046301
12435	0.046282
10701	0.046269
387	0.046188
13110	0.046151
10212	0.046145
11803	0.046077
12764	0.046058
10389	0.046042
4917	0.046003
3785	0.045981
7692	0.045926
10505	0.045864
12899	0.045836
9375	0.045831
6717	0.045809
12525	0.045785
12243	0.045776
10278	0.045754
12010	0.045750
6138	0.045739
6564	0.045718
8453	0.045690
14357	0.045690
7787	0.045690
2188	0.045649
10795	0.045647
10475	0.045611
3960	0.045610
3956	0.045610
10303	0.045584
5993	0.045579
6279	0.045571
6322	0.045487
5233	0.045475
11367	0.045463
742	0.045439
5403	0.045422
12457	0.045420
12456	0.045420
12450	0.045420
12443	0.045420
9798	0.045420
13076	0.045368
13077	0.045347
12895	0.045347
111	0.045318
6430	0.045294
1123	0.045294
12511	0.045288
10302	0.045277
13286	0.045240
11862	0.045217
10286	0.045200
12749	0.045181
12748	0.045181
4672	0.045151
530	0.045150
400	0.045150
5026	0.045138
5027	0.045138
10518	0.045080
6149	0.045080
12281	0.045058
6619	0.045058
10648	0.045039
9168	0.045019
3169	0.044970
9794	0.044949
12851	0.044945
4709	0.044937
10455	0.044926
9304	0.044910
10943	0.044843
12403	0.044825
12455	0.044817
2667	0.044791
7264	0.044772
4216	0.044755
497	0.044750
831	0.044706
12242	0.044703
5347	0.044703
11850	0.044626
6737	0.044607
12631	0.044603
9623	0.044580
3341	0.044577
4304	0.044573
4302	0.044573
11999	0.044568
10992	0.044527
12413	0.044490
5156	0.044408
7630	0.044404
10501	0.044385
11545	0.044327
3116	0.044271
11129	0.044260
11626	0.044259
14219	0.044251
5642	0.044236
7774	0.044234
5641	0.044234
12146	0.044221
8582	0.044221
7599	0.044221
3695	0.044221
3694	0.044221
3616	0.044221
2425	0.044198
9474	0.044182
6961	0.044182
6295	0.044151
10443	0.044138
119	0.044137
13164	0.044134
3773	0.044129
10336	0.044129
13462	0.044113
645	0.044073
6411	0.044021
5696	0.044006
7999	0.043936
11447	0.043930
3423	0.043918
5455	0.043911
11968	0.043909
949	0.043909
1930	0.043898
11160	0.043867
5147	0.043807
1094	0.043801
5482	0.043745
12522	0.043717
13012	0.043666
13004	0.043666
4710	0.043651
6971	0.043641
9115	0.043637
4818	0.043571
9170	0.043553
13536	0.043509
6413	0.043497
6761	0.043461
12414	0.043431
3957	0.043397
10749	0.043352
12979	0.043324
10953	0.043302
9578	0.043275
1636	0.043265
1586	0.043196
10998	0.043188
10997	0.043188
13874	0.043182
8202	0.043174
6436	0.043173
9504	0.043147
11607	0.043118
7032	0.043095
12348	0.043072
4116	0.043047
13042	0.042989
12425	0.042959
6746	0.042959
7390	0.042924
13058	0.042913
7945	0.042913
13298	0.042896
13739	0.042879
3772	0.042879
7306	0.042848
10167	0.042847
13469	0.042838
13897	0.042818
13299	0.042817
12391	0.042806
10419	0.042801
11548	0.042794
10614	0.042765
5430	0.042714
4163	0.042704
10883	0.042696
5201	0.042645
7115	0.042643
3505	0.042634
14418	0.042605
14417	0.042605
13284	0.042605
13152	0.042605
9795	0.042605
9793	0.042605
9792	0.042605
9791	0.042605
9789	0.042605
9745	0.042605
9163	0.042605
8614	0.042605
8613	0.042605
8177	0.042605
6838	0.042572
8076	0.042517
3590	0.042507
11401	0.042503
11399	0.042503
9788	0.042474
7114	0.042461
13315	0.042457
2941	0.042436
2889	0.042429
13552	0.042401
13511	0.042401
13507	0.042401
12967	0.042381
10554	0.042378
7888	0.042333
7964	0.042313
10247	0.042307
1007	0.042301
11142	0.042268
5345	0.042245
14111	0.042233
14080	0.042233
9343	0.042198
12434	0.042181
12390	0.042181
304	0.042169
10284	0.042149
12182	0.042140
4464	0.042140
7526	0.042125
2011	0.042115
8864	0.042100
8863	0.042100
8583	0.042100
8124	0.042100
7904	0.042100
7903	0.042100
7902	0.042100
7901	0.042100
7900	0.042100
7899	0.042100
7897	0.042100
7896	0.042100
7895	0.042100
7560	0.042032
224	0.042020
7932	0.042002
11258	0.041994
1648	0.041986
11569	0.041907
11677	0.041869
4494	0.041869
4493	0.041869
13545	0.041839
13656	0.041832
13655	0.041832
13378	0.041832
9071	0.041832
13135	0.041808
7479	0.041788
9555	0.041769
6171	0.041760
4683	0.041760
11057	0.041749
390	0.041726
2860	0.041707
891	0.041674
9923	0.041673
6280	0.041620
9258	0.041601
1459	0.041554
14310	0.041542
13894	0.041493
6535	0.041484
10542	0.041460
13490	0.041457
13632	0.041457
13631	0.041457
12654	0.041456
9204	0.041388
8592	0.041388
8223	0.041384
13633	0.041318
1997	0.041266
5418	0.041249
12355	0.041245
3593	0.041226
10405	0.041226
4463	0.041222
5492	0.041134
4774	0.041125
2120	0.041094
118	0.041082
13599	0.041022
412	0.041001
13495	0.040989
10456	0.040988
5221	0.040981
5045	0.040899
7488	0.040881
9087	0.040877
10042	0.040876
11903	0.040866
8229	0.040853
832	0.040848
2114	0.040806
3408	0.040767
4153	0.040761
10939	0.040715
9200	0.040703
5343	0.040700
9673	0.040681
9917	0.040668
3203	0.040656
2064	0.040628
12235	0.040628
6170	0.040625
10809	0.040618
7580	0.040618
10548	0.040578
7581	0.040567
6806	0.040567
10972	0.040556
3536	0.040534
12859	0.040532
12860	0.040530
10500	0.040529
787	0.040520
8008	0.040492
104	0.040490
14379	0.040483
9909	0.040480
8423	0.040471
9499	0.040428
9201	0.040363
5712	0.040355
5711	0.040355
5710	0.040355
7972	0.040343
6662	0.040327
235	0.040319
6072	0.040282
5780	0.040238
13838	0.040226
4272	0.040192
739	0.040178
10417	0.040145
9135	0.040142
5379	0.040072
14366	0.040059
14361	0.040059
14355	0.040059
8456	0.040059
14369	0.040021
9780	0.040015
11368	0.040000
6942	0.039992
9704	0.039987
12780	0.039985
4824	0.039966
13028	0.039960
11158	0.039954
5012	0.039927
9215	0.039918
7707	0.039909
11362	0.039898
5196	0.039848
12741	0.039806
3613	0.039795
323	0.039795
11151	0.039778
257	0.039775
12212	0.039738
9796	0.039732
1135	0.039729
10040	0.039671
1006	0.039661
4808	0.039640
