1370	0.151034
4005	0.150217
1078	0.149290
539	0.147795
9537	0.146035
11848	0.143750
1376	0.140365
12071	0.140003
175	0.140003
5067	0.138425
6604	0.138274
10278	0.137636
9827	0.137614
176	0.135869
155	0.135054
10205	0.134933
11809	0.134865
102	0.134689
5590	0.133663
9465	0.133191
2778	0.132675
2864	0.131885
77	0.131875
142	0.131654
13240	0.131292
7337	0.131034
6603	0.130432
1488	0.130353
7233	0.130291
9188	0.130244
12146	0.130219
8582	0.130219
7599	0.130219
3695	0.130219
3694	0.130219
3616	0.130219
5037	0.129721
1648	0.129611
9584	0.129134
3530	0.128911
3568	0.128427
12871	0.128148
3535	0.128143
1391	0.127993
8979	0.127675
2055	0.126510
12803	0.126414
126	0.126386
11925	0.125978
4238	0.125844
11257	0.125627
12543	0.125620
4130	0.125604
2306	0.125270
13242	0.125227
13241	0.125227
5595	0.125227
5594	0.125227
13239	0.125198
4491	0.125197
2441	0.125002
5598	0.124792
2789	0.124684
2784	0.124671
2752	0.124631
10713	0.124451
2006	0.124319
2026	0.124122
2971	0.124084
978	0.123892
6344	0.123749
2751	0.123712
2868	0.123550
9726	0.122986
8132	0.122864
1492	0.121943
10303	0.121864
9897	0.121781
8731	0.121438
6110	0.121359
5751	0.121318
5849	0.121211
3615	0.121188
4483	0.121096
1494	0.120981
137	0.120729
131	0.120335
10369	0.120241
12571	0.119999
11656	0.119935
5439	0.119857
11132	0.119855
10142	0.119741
3249	0.119415
5592	0.119135
9644	0.119115
12160	0.118993
1495	0.118993
2478	0.118717
12958	0.118717
12870	0.118717
12846	0.118717
12159	0.118717
12158	0.118717
1484	0.118717
12838	0.118710
974	0.118492
13153	0.118243
10171	0.118243
10170	0.118243
11214	0.118184
2040	0.117281
106	0.117267
10435	0.117250
1501	0.117214
12804	0.117041
1168	0.116848
11655	0.116756
12939	0.116697
12084	0.116697
4286	0.116697
4283	0.116697
4220	0.116697
2851	0.116390
2872	0.116122
10537	0.116073
171	0.115863
11474	0.115858
2329	0.115728
9426	0.115714
13114	0.115092
5459	0.114817
11907	0.114269
9316	0.114241
6049	0.113981
9375	0.113928
10535	0.113898
1922	0.113279
11683	0.112965
5458	0.112623
1642	0.112596
6020	0.112472
12386	0.112441
10318	0.112430
10204	0.112125
412	0.111972
2874	0.111928
7327	0.111857
3667	0.111362
13196	0.111063
5597	0.111001
5782	0.110595
4434	0.110594
1691	0.110528
3691	0.110495
12113	0.110339
3019	0.110122
180	0.110020
10206	0.110013
8079	0.109904
2290	0.109887
11926	0.109761
1500	0.109698
10907	0.109661
61	0.109571
7190	0.109357
7030	0.109319
9008	0.109235
864	0.108965
11502	0.108947
3519	0.108914
9337	0.108691
844	0.108536
6326	0.108530
8929	0.108259
182	0.108164
12445	0.108138
1480	0.108135
11979	0.108001
1392	0.107976
1502	0.107913
1499	0.107856
12444	0.107799
2749	0.107776
1166	0.107639
13112	0.107565
13734	0.107492
12845	0.107440
494	0.107428
8444	0.107287
12350	0.107094
12349	0.106844
2251	0.106615
174	0.106600
4313	0.106549
937	0.106434
4317	0.106283
4315	0.106283
4311	0.106283
4310	0.106197
1482	0.106163
9601	0.106154
1388	0.106063
12524	0.105987
7946	0.105811
9238	0.105713
4942	0.105640
1382	0.105617
10463	0.105546
3021	0.105438
3173	0.105343
6686	0.105288
6446	0.105229
7062	0.105165
12938	0.104857
5884	0.104686
1936	0.104623
12530	0.104378
3312	0.104193
2777	0.104191
2775	0.103883
11400	0.103834
105	0.103832
138	0.103719
8051	0.103599
4041	0.103406
1937	0.103344
5596	0.103281
2256	0.103234
8930	0.103012
521	0.102994
2814	0.102992
10073	0.102931
2713	0.102887
962	0.102804
8465	0.102526
12200	0.102374
1385	0.102357
12755	0.102216
1897	0.102152
4218	0.101985
2897	0.101982
1489	0.101920
4694	0.101883
9585	0.101805
1493	0.101805
11708	0.101740
1383	0.101718
12865	0.101604
3155	0.101547
11935	0.101524
7697	0.101494
7254	0.101494
12863	0.101474
10175	0.100930
10373	0.100707
11936	0.100610
2862	0.100610
4190	0.100597
10247	0.100571
12593	0.100567
1483	0.100326
12401	0.100200
1764	0.100122
132	0.100079
549	0.100032
12590	0.099971
12936	0.099891
9955	0.099887
3277	0.099803
14247	0.099753
3339	0.099589
4285	0.099563
4280	0.099563
5593	0.099370
5665	0.099274
10948	0.099125
237	0.098740
7010	0.098434
11558	0.098347
12720	0.098233
7666	0.098233
934	0.098223
4717	0.098203
10831	0.098153
6322	0.098131
1381	0.098104
10780	0.098079
12083	0.098057
8622	0.098053
2015	0.098020
8146	0.097941
11507	0.097940
8602	0.097797
11490	0.097698
9397	0.097566
1490	0.097563
6012	0.097447
11941	0.097430
2356	0.097356
12547	0.097334
5230	0.097236
12031	0.097209
87	0.097111
13020	0.097064
9252	0.096799
12763	0.096725
3607	0.096704
3764	0.096698
1148	0.096644
12956	0.096632
10159	0.096526
1870	0.096515
10517	0.096425
13328	0.096402
12496	0.096317
9582	0.096297
1865	0.096181
11464	0.096160
13587	0.095782
13586	0.095782
13525	0.095782
4161	0.095782
13347	0.095711
5627	0.095697
13735	0.095680
13728	0.095680
13726	0.095680
7028	0.095629
1386	0.095626
11510	0.095549
2466	0.095400
7975	0.095360
7061	0.095353
5985	0.095192
3171	0.095072
10160	0.095034
3754	0.094991
12937	0.094951
2213	0.094710
11215	0.094685
3675	0.094527
12632	0.094466
2796	0.094446
10017	0.094411
12808	0.094408
12719	0.094371
1289	0.094329
4629	0.094305
11529	0.094207
6704	0.094166
3248	0.094130
9586	0.093968
2683	0.093705
4744	0.093705
6169	0.093595
12638	0.093592
1143	0.093425
9539	0.093410
4181	0.093363
5667	0.093285
6013	0.093281
8052	0.093220
10832	0.093187
13223	0.093123
1491	0.093105
5448	0.093087
3669	0.093081
7961	0.093059
5266	0.093014
13023	0.093013
1901	0.092964
9715	0.092877
4993	0.092778
10015	0.092673
2010	0.092673
7991	0.092572
11007	0.092562
12898	0.092510
532	0.092482
4226	0.092473
1487	0.092433
5840	0.092321
11104	0.092307
13352	0.092264
14108	0.092259
4745	0.092259
12382	0.092200
2001	0.092165
1481	0.092144
3490	0.092116
10441	0.092109
14245	0.092067
11642	0.091984
12944	0.091899
6865	0.091898
5387	0.091788
12542	0.091767
3633	0.091758
569	0.091757
5143	0.091718
10674	0.091705
4561	0.091625
10859	0.091549
9583	0.091421
11323	0.091369
2018	0.091231
8390	0.091077
3732	0.091043
5957	0.090914
4831	0.090832
233	0.090740
309	0.090737
10244	0.090700
10926	0.090475
2219	0.090436
11554	0.090341
1810	0.090331
1378	0.090289
11845	0.090156
11501	0.090083
2428	0.089988
10879	0.089952
5311	0.089904
2048	0.089876
5174	0.089785
758	0.089710
13122	0.089677
2925	0.089602
12269	0.089559
10852	0.089528
358	0.089515
12795	0.089492
5244	0.089451
12521	0.089382
3049	0.089355
2499	0.089354
11385	0.089292
12205	0.088914
9040	0.088879
1134	0.088849
5249	0.088848
7398	0.088826
2257	0.088760
11492	0.088751
3235	0.088641
11955	0.088603
4557	0.088470
1498	0.088459
12588	0.088447
4488	0.088446
12640	0.088421
6450	0.088410
6383	0.088315
9167	0.088302
4576	0.088226
12145	0.088196
10515	0.088196
5956	0.088196
10851	0.088162
5485	0.088080
8909	0.088071
2152	0.088055
10256	0.088048
773	0.088029
2357	0.087991
6019	0.087861
12695	0.087851
12416	0.087845
10302	0.087844
10880	0.087785
10597	0.087655
2630	0.087598
7388	0.087589
145	0.087564
12033	0.087536
2754	0.087492
12793	0.087431
5264	0.087411
3689	0.087410
394	0.087382
6469	0.087381
4715	0.087345
9905	0.087327
12807	0.087322
3461	0.087281
1793	0.087271
6592	0.087237
9835	0.087193
11493	0.087192
12564	0.087170
933	0.087088
2889	0.086981
13157	0.086932
11196	0.086912
3234	0.086890
238	0.086795
3197	0.086678
11019	0.086585
2156	0.086541
5272	0.086496
14255	0.086439
10138	0.086437
3948	0.086331
4808	0.086256
12059	0.086142
10094	0.086091
8211	0.086017
7393	0.086017
110	0.085992
3267	0.085953
3350	0.085907
534	0.085899
4720	0.085852
2214	0.085793
97	0.085764
7390	0.085744
6221	0.085702
10722	0.085585
867	0.085551
1390	0.085469
4433	0.085453
1081	0.085444
4159	0.085436
11367	0.085426
12789	0.085413
5234	0.085408
6626	0.085318
10939	0.085287
5258	0.085275
5277	0.085227
2279	0.085187
11776	0.085161
6022	0.085161
430	0.085117
7081	0.085091
12567	0.085068
9142	0.085053
6595	0.085030
2433	0.085015
151	0.084990
135	0.084952
11636	0.084884
5288	0.084857
1507	0.084847
6418	0.084835
1207	0.084803
9203	0.084793
12550	0.084733
9059	0.084726
529	0.084686
1377	0.084635
8135	0.084633
12646	0.084577
7252	0.084564
11099	0.084561
9281	0.084473
9695	0.084465
8540	0.084465
6752	0.084465
6751	0.084465
6750	0.084465
4606	0.084458
2030	0.084397
10559	0.084381
5488	0.084246
6915	0.084233
5038	0.084152
12304	0.084081
3272	0.084081
3661	0.084018
11475	0.083996
11223	0.083993
12544	0.083945
9349	0.083909
6422	0.083834
2766	0.083821
10400	0.083759
11766	0.083741
12193	0.083705
1753	0.083701
12062	0.083550
3172	0.083547
10508	0.083443
307	0.083390
1638	0.083377
3031	0.083311
11463	0.083305
12617	0.083296
1735	0.083284
2005	0.083276
1075	0.083268
3794	0.083213
611	0.083182
9963	0.083178
12822	0.083153
14205	0.083088
11486	0.083075
5599	0.083060
8020	0.082976
6856	0.082954
71	0.082929
3175	0.082921
11516	0.082918
9724	0.082914
4324	0.082862
3810	0.082849
11491	0.082826
3470	0.082788
6614	0.082709
4933	0.082705
11676	0.082563
1436	0.082524
8019	0.082524
1609	0.082477
13715	0.082461
6384	0.082461
1736	0.082454
3910	0.082451
9106	0.082425
520	0.082417
1852	0.082392
7161	0.082382
1169	0.082339
4888	0.082333
6287	0.082294
10021	0.082246
5798	0.082193
8357	0.082186
9107	0.082147
5257	0.082142
3334	0.082112
8794	0.082090
11366	0.082034
12896	0.082022
4513	0.082022
6824	0.082000
13175	0.081992
3149	0.081978
1845	0.081977
5236	0.081957
12439	0.081936
1389	0.081919
11515	0.081885
1940	0.081843
5304	0.081827
1921	0.081779
484	0.081779
1087	0.081757
6631	0.081736
2790	0.081711
11755	0.081709
6360	0.081685
2252	0.081626
5872	0.081496
325	0.081491
6398	0.081463
10049	0.081425
3692	0.081413
11773	0.081265
7231	0.081252
12741	0.081216
9977	0.081195
3500	0.081152
7215	0.081119
12701	0.081114
6397	0.081114
3610	0.081108
3611	0.081039
6081	0.080969
9862	0.080929
4339	0.080887
13644	0.080863
2226	0.080817
2994	0.080814
12911	0.080813
7367	0.080809
10682	0.080790
8172	0.080774
7753	0.080756
7216	0.080756
7727	0.080754
968	0.080716
5301	0.080674
7093	0.080673
11844	0.080660
11759	0.080586
583	0.080583
9903	0.080469
9882	0.080469
7394	0.080447
11579	0.080418
4480	0.080380
8380	0.080375
9790	0.080289
12060	0.080279
12509	0.080267
750	0.080223
2937	0.080219
12383	0.080202
9769	0.080199
12305	0.080038
11114	0.080034
10264	0.080031
2029	0.079987
10218	0.079946
12901	0.079924
395	0.079924
5542	0.079883
7520	0.079845
9757	0.079831
12515	0.079829
5302	0.079804
1555	0.079803
525	0.079791
13227	0.079790
12653	0.079766
1251	0.079708
2464	0.079679
1017	0.079668
3553	0.079637
1462	0.079634
11928	0.079631
8501	0.079631
2779	0.079631
2756	0.079631
12426	0.079606
13272	0.079604
2786	0.079604
2782	0.079604
1505	0.079604
6176	0.079536
4581	0.079526
6371	0.079476
11927	0.079444
2759	0.079444
3279	0.079441
10450	0.079418
2714	0.079325
1434	0.079281
4823	0.079218
8972	0.079182
10207	0.079172
10509	0.079158
2021	0.079158
3268	0.079146
6382	0.079134
10108	0.079130
8856	0.079123
3269	0.079123
1851	0.079075
10288	0.079055
2360	0.079003
1737	0.079003
8081	0.078995
9158	0.078972
9946	0.078952
5780	0.078950
5688	0.078942
7560	0.078862
10835	0.078842
5260	0.078842
12726	0.078835
8290	0.078773
10406	0.078772
13482	0.078766
10126	0.078733
11482	0.078713
158	0.078678
5619	0.078675
10042	0.078597
10581	0.078592
11533	0.078585
12751	0.078581
2278	0.078557
9637	0.078509
9744	0.078508
11597	0.078444
1374	0.078437
12586	0.078435
11522	0.078409
3601	0.078387
1196	0.078382
2799	0.078373
3325	0.078359
12790	0.078335
1496	0.078321
3342	0.078280
3671	0.078249
616	0.078247
5465	0.078225
11539	0.078196
9906	0.078184
4349	0.078155
3084	0.078125
8249	0.078072
9344	0.078046
2768	0.077985
2413	0.077951
157	0.077893
5727	0.077883
12499	0.077857
5220	0.077813
12123	0.077756
12740	0.077687
6011	0.077687
12097	0.077647
154	0.077644
2285	0.077630
14008	0.077600
3114	0.077594
5827	0.077572
2434	0.077569
12851	0.077568
11567	0.077553
1092	0.077527
234	0.077527
10221	0.077505
9179	0.077505
10149	0.077472
6202	0.077446
7824	0.077445
999	0.077437
11740	0.077435
6359	0.077391
8712	0.077391
8303	0.077391
8302	0.077391
7362	0.077391
2910	0.077388
172	0.077358
13720	0.077351
10058	0.077351
5232	0.077351
5231	0.077351
5978	0.077345
10636	0.077344
11880	0.077342
2983	0.077336
11577	0.077303
3115	0.077279
4232	0.077260
10502	0.077222
5490	0.077215
10554	0.077106
9287	0.077024
7268	0.077008
8738	0.077007
3108	0.076975
10374	0.076863
7315	0.076860
10860	0.076851
3251	0.076832
3217	0.076812
8970	0.076791
5112	0.076762
7396	0.076688
3664	0.076682
6289	0.076676
10506	0.076638
1045	0.076638
4128	0.076562
4174	0.076546
364	0.076542
101	0.076537
406	0.076523
9740	0.076513
2457	0.076491
8412	0.076489
4126	0.076481
2462	0.076475
5611	0.076466
3726	0.076460
399	0.076450
1379	0.076425
10992	0.076411
11506	0.076411
9555	0.076389
13697	0.076378
13364	0.076378
8080	0.076345
6554	0.076344
12238	0.076343
9808	0.076334
4655	0.076320
2882	0.076298
787	0.076282
490	0.076229
11569	0.076228
3451	0.076221
2429	0.076220
4036	0.076199
12570	0.076196
6299	0.076189
2705	0.076142
13423	0.076074
3806	0.076063
79	0.076054
3655	0.076037
3424	0.076028
9721	0.076007
7948	0.076007
7778	0.076007
7618	0.076007
7113	0.076007
9868	0.076001
5182	0.075978
7980	0.075935
12273	0.075921
10407	0.075862
13113	0.075852
7053	0.075841
9383	0.075838
14094	0.075836
13585	0.075784
7984	0.075776
545	0.075713
8806	0.075707
4251	0.075706
3854	0.075680
9653	0.075663
11469	0.075649
10351	0.075642
6928	0.075589
11650	0.075577
11723	0.075564
11681	0.075519
14069	0.075510
12787	0.075460
11827	0.075435
3159	0.075435
13365	0.075432
5276	0.075416
1647	0.075410
5697	0.075379
236	0.075377
810	0.075358
10265	0.075340
9418	0.075329
11546	0.075316
3160	0.075311
9616	0.075266
3200	0.075258
9088	0.075237
402	0.075203
9187	0.075165
12629	0.075149
9965	0.075120
11089	0.075114
11151	0.075100
6007	0.075086
4006	0.075060
6076	0.075040
8022	0.074980
2860	0.074976
2594	0.074943
7706	0.074943
4563	0.074886
10802	0.074870
7378	0.074856
14076	0.074823
8552	0.074813
10583	0.074813
11312	0.074797
2770	0.074766
5438	0.074735
4697	0.074731
4638	0.074649
929	0.074647
5256	0.074626
11213	0.074604
3900	0.074551
12792	0.074550
8037	0.074487
3341	0.074486
6702	0.074466
11181	0.074444
5469	0.074427
8957	0.074423
6168	0.074398
11854	0.074326
8017	0.074322
1387	0.074320
5491	0.074315
7416	0.074251
3195	0.074215
10139	0.074189
530	0.074172
400	0.074172
8926	0.074168
7051	0.074158
5342	0.074138
5306	0.074138
14011	0.074132
14010	0.074132
1476	0.074132
1474	0.074132
2353	0.074100
12596	0.074086
7762	0.074074
