2789	0.163970
2329	0.163698
2680	0.159860
5627	0.158831
137	0.156139
138	0.151000
4255	0.149626
9715	0.148401
158	0.147879
6577	0.145253
5083	0.144031
14213	0.140741
13543	0.140741
3883	0.140603
9008	0.140580
3519	0.140490
13636	0.138677
12350	0.138068
12349	0.137735
13895	0.137653
1459	0.137570
1391	0.134317
140	0.133913
1196	0.133575
1370	0.132548
4086	0.131903
11848	0.131581
5229	0.131351
780	0.130926
5271	0.129838
784	0.128958
11642	0.128802
11600	0.127837
3351	0.126905
157	0.126656
2741	0.126350
147	0.125972
8956	0.125893
8955	0.125893
3608	0.125692
5020	0.125353
3572	0.125059
3026	0.124532
3291	0.124375
8132	0.124330
135	0.124275
2972	0.123981
844	0.123548
2356	0.123112
9540	0.122578
2907	0.122553
9627	0.122169
102	0.121981
4904	0.121400
371	0.121283
1071	0.121206
171	0.120840
3521	0.120090
11659	0.120052
4317	0.119765
4315	0.119765
4311	0.119765
4310	0.119716
3568	0.119341
7946	0.119055
3691	0.118626
1079	0.118406
6303	0.118309
1274	0.118125
867	0.118027
3611	0.117911
1376	0.117836
7372	0.117826
7190	0.117486
869	0.117463
12071	0.116644
175	0.116644
11740	0.116507
10918	0.115873
2630	0.115832
6460	0.115539
130	0.115538
2040	0.115305
2904	0.115086
864	0.114916
1075	0.114803
1163	0.114669
717	0.114462
2792	0.113637
1940	0.113540
936	0.113534
2910	0.113380
3492	0.113273
2681	0.113262
935	0.112658
11676	0.112197
2285	0.112101
890	0.111872
2713	0.111859
11908	0.111779
11719	0.111776
9316	0.111686
6360	0.110937
4571	0.110803
3126	0.110305
3339	0.110276
5782	0.110159
5021	0.109839
5019	0.109839
826	0.109702
5517	0.109606
4313	0.109598
862	0.109450
1259	0.109380
12000	0.109343
4593	0.109343
4592	0.109343
3530	0.109225
1264	0.109055
4754	0.108950
1487	0.108830
9437	0.108767
12146	0.108679
8582	0.108679
7599	0.108679
3695	0.108679
3694	0.108679
3616	0.108679
12130	0.108661
3730	0.108416
3535	0.108381
11603	0.108199
13255	0.108152
7830	0.107981
3378	0.107530
5654	0.107478
1247	0.107431
1735	0.107396
1445	0.107256
3754	0.107227
849	0.107211
9550	0.107208
183	0.106996
5023	0.106915
3292	0.106631
681	0.106630
2860	0.106461
3939	0.106439
1480	0.106327
3131	0.106115
9645	0.105922
1389	0.105712
7041	0.105431
126	0.105348
233	0.104952
1070	0.104873
4590	0.104869
11984	0.104637
863	0.104609
6074	0.104601
11851	0.104552
6927	0.104552
6915	0.103936
1831	0.103883
12854	0.103767
6130	0.103660
12850	0.103623
11911	0.103539
2209	0.103474
12193	0.103430
1251	0.103378
139	0.103229
884	0.103204
154	0.103101
1077	0.103082
1800	0.102957
1289	0.102954
9279	0.102838
1261	0.102788
9325	0.102765
209	0.102580
343	0.102438
4196	0.102428
9028	0.102389
13788	0.102239
1268	0.102186
12891	0.102146
1645	0.102087
12122	0.101804
2684	0.101804
976	0.101771
6448	0.101758
9726	0.101433
5017	0.101404
1574	0.101337
4594	0.101273
1321	0.101244
1074	0.101191
9081	0.101083
9078	0.101083
5018	0.100873
1078	0.100829
11670	0.100802
928	0.100719
1390	0.100655
12107	0.100618
903	0.100519
9685	0.100481
9734	0.100330
9732	0.100330
9730	0.100330
8868	0.100330
8866	0.100330
4256	0.100088
6950	0.100027
7820	0.099903
181	0.099896
781	0.099767
12852	0.099553
2905	0.099511
2859	0.099389
1319	0.099372
6080	0.098909
502	0.098771
729	0.098664
3509	0.098334
1298	0.098203
968	0.098168
9563	0.098137
3494	0.098079
8228	0.097923
12874	0.097874
823	0.097750
12097	0.097661
2293	0.097637
749	0.097330
11610	0.097307
3124	0.097107
9614	0.097064
565	0.097024
843	0.096915
152	0.096851
9041	0.096814
159	0.096761
13035	0.096457
2645	0.096431
5655	0.096382
2311	0.096246
9073	0.096128
1312	0.095906
3408	0.095843
422	0.095793
3709	0.095767
2909	0.095732
13909	0.095710
730	0.095638
178	0.095569
11047	0.095555
11774	0.095542
2226	0.095478
9733	0.095407
841	0.095386
1446	0.095184
9009	0.095181
8260	0.095181
1072	0.095153
2919	0.094906
3639	0.094894
8944	0.094887
5089	0.094880
5904	0.094767
3615	0.094730
8261	0.094583
3195	0.094566
822	0.094529
12115	0.094391
7617	0.094348
1155	0.094246
3707	0.094020
3640	0.094010
1328	0.094000
534	0.093933
1035	0.093928
6991	0.093928
2689	0.093739
6469	0.093652
6436	0.093640
4808	0.093563
5072	0.093555
11547	0.093505
4017	0.093392
551	0.093062
2691	0.093055
3920	0.092989
6929	0.092986
9552	0.092969
9573	0.092946
834	0.092904
3537	0.092904
1564	0.092849
11400	0.092784
12164	0.092671
7922	0.092671
594	0.092597
1371	0.092581
3759	0.092547
9149	0.092430
3569	0.092335
2214	0.092228
2138	0.092185
821	0.092116
4630	0.092086
13058	0.092034
7945	0.092034
9858	0.091970
11975	0.091833
2656	0.091794
11972	0.091781
2854	0.091781
3523	0.091774
12046	0.091762
4717	0.091546
10163	0.091403
1068	0.091248
1317	0.091198
9809	0.091132
10362	0.091116
365	0.091081
627	0.091011
6025	0.090827
3710	0.090808
11768	0.090634
9284	0.090629
2685	0.090592
2678	0.090592
5867	0.090587
6992	0.090490
900	0.090485
13717	0.090363
7156	0.090280
9548	0.090216
2688	0.090187
9344	0.090187
728	0.090138
5985	0.090133
13235	0.090132
2145	0.090098
12077	0.090044
6461	0.090044
3711	0.090044
2137	0.090023
4901	0.090015
4579	0.090005
3511	0.089933
11769	0.089922
1576	0.089920
5559	0.089910
1726	0.089859
406	0.089851
1266	0.089819
4570	0.089702
3850	0.089674
11604	0.089666
9688	0.089662
4589	0.089616
8207	0.089606
2086	0.089595
2682	0.089534
2597	0.089461
9731	0.089438
3683	0.089396
6076	0.089251
6083	0.089203
2855	0.089180
2425	0.089159
12339	0.089136
13705	0.089101
939	0.089067
933	0.088861
2220	0.088811
1324	0.088806
168	0.088756
185	0.088737
2851	0.088719
2755	0.088644
12368	0.088431
7163	0.088431
4179	0.088423
5548	0.088356
3705	0.088354
8945	0.088288
7164	0.088224
2166	0.088147
5182	0.087897
5311	0.087842
2687	0.087826
3155	0.087798
12411	0.087791
1638	0.087691
13767	0.087554
1970	0.087528
4906	0.087474
842	0.087470
3564	0.087307
3277	0.087025
3910	0.087009
1941	0.086984
2339	0.086956
2210	0.086925
6110	0.086786
6602	0.086782
2288	0.086753
7089	0.086683
2623	0.086655
13261	0.086647
3475	0.086608
824	0.086573
3343	0.086564
1461	0.086531
1099	0.086414
12929	0.086388
12860	0.086378
369	0.086375
12859	0.086365
12784	0.086301
182	0.086284
1254	0.086256
14085	0.086253
2903	0.086235
12720	0.086216
7666	0.086216
2333	0.086179
5328	0.086131
7090	0.086117
833	0.086095
5201	0.086003
10939	0.085981
4147	0.085901
13050	0.085845
6131	0.085834
2520	0.085826
6524	0.085786
2213	0.085758
12486	0.085685
12483	0.085685
12482	0.085685
12481	0.085685
12465	0.085685
12464	0.085685
3975	0.085685
3562	0.085611
5814	0.085558
6109	0.085506
7639	0.085503
11257	0.085439
9189	0.085367
11967	0.085356
2758	0.085332
12435	0.085304
2974	0.085292
11775	0.085253
3525	0.085253
3407	0.085207
8983	0.085190
3527	0.085188
9268	0.085038
1320	0.084949
12079	0.084904
4714	0.084804
12876	0.084779
12785	0.084622
3561	0.084583
1744	0.084486
5459	0.084460
9020	0.084428
2428	0.084283
13230	0.084282
13229	0.084282
3766	0.084282
3762	0.084282
3769	0.084282
585	0.084243
846	0.084219
11751	0.084218
1255	0.084217
7560	0.084189
3765	0.084167
814	0.084141
988	0.084137
56	0.084134
9252	0.084127
7546	0.084111
9160	0.084063
1326	0.084062
3172	0.083905
3488	0.083879
6437	0.083865
11550	0.083815
5006	0.083771
9238	0.083727
3510	0.083666
5769	0.083657
14246	0.083649
12960	0.083649
8050	0.083649
6945	0.083647
127	0.083592
5050	0.083533
9969	0.083513
2415	0.083511
309	0.083446
8853	0.083387
718	0.083362
1323	0.083314
11880	0.083258
5760	0.083197
3771	0.083194
14242	0.083169
13816	0.083169
2885	0.083169
8982	0.083141
11682	0.083140
761	0.083133
1149	0.083056
3167	0.083037
4582	0.083028
14071	0.082768
8335	0.082751
3522	0.082690
163	0.082620
5407	0.082573
4710	0.082551
6652	0.082533
1793	0.082455
12977	0.082428
2853	0.082410
9069	0.082408
9068	0.082408
9067	0.082408
9610	0.082407
940	0.082391
8115	0.082347
10437	0.082264
480	0.082182
11619	0.082171
6410	0.082151
11252	0.082070
1444	0.082056
4243	0.082035
1733	0.081970
1502	0.081954
2038	0.081915
1040	0.081903
3138	0.081807
1301	0.081785
6305	0.081709
1226	0.081701
13030	0.081666
3327	0.081631
11965	0.081624
1942	0.081581
3973	0.081549
9456	0.081509
3847	0.081509
2167	0.081458
1223	0.081320
7988	0.081318
161	0.081230
11737	0.081203
4229	0.081140
12417	0.081100
4034	0.081100
4587	0.080986
3843	0.080888
11819	0.080868
13645	0.080848
9019	0.080826
645	0.080789
8229	0.080748
12931	0.080741
6767	0.080690
6765	0.080690
6764	0.080690
6302	0.080654
6267	0.080654
10892	0.080653
180	0.080646
4074	0.080637
5325	0.080624
6191	0.080605
5518	0.080561
9353	0.080552
4900	0.080548
9044	0.080534
2961	0.080531
9042	0.080519
3125	0.080509
2357	0.080424
11630	0.080415
9590	0.080395
8929	0.080386
4056	0.080267
2257	0.080246
11784	0.080104
6079	0.080088
9088	0.080069
2858	0.080060
13965	0.080017
1483	0.080011
142	0.080008
2095	0.079959
10142	0.079867
4254	0.079802
9333	0.079757
6094	0.079647
9332	0.079642
11893	0.079627
2908	0.079616
11681	0.079611
8419	0.079592
1377	0.079569
1454	0.079528
4720	0.079513
9746	0.079397
1186	0.079389
6689	0.079356
6967	0.079356
1267	0.079352
6300	0.079318
3980	0.079297
2130	0.079290
11366	0.079192
1302	0.079191
4165	0.079092
12817	0.079050
11461	0.078926
8251	0.078876
3493	0.078871
1426	0.078863
4825	0.078855
5287	0.078788
9443	0.078782
12803	0.078757
2886	0.078638
8928	0.078626
6716	0.078625
12793	0.078563
2754	0.078534
12004	0.078496
5578	0.078496
5577	0.078496
2662	0.078496
9639	0.078490
3757	0.078480
4052	0.078473
11398	0.078452
9055	0.078415
8524	0.078363
1349	0.078363
3571	0.078285
13142	0.078256
7430	0.078256
11226	0.078169
3529	0.078127
13153	0.078034
10171	0.078034
10170	0.078034
3294	0.078001
1383	0.077994
2328	0.077972
4120	0.077959
10040	0.077938
4704	0.077813
1293	0.077788
4035	0.077751
3297	0.077732
3612	0.077720
12316	0.077719
3379	0.077691
6673	0.077663
2222	0.077644
3186	0.077565
2458	0.077552
342	0.077497
5751	0.077466
94	0.077397
10488	0.077365
5762	0.077365
1069	0.077355
368	0.077336
934	0.077261
10879	0.077241
1491	0.077201
4005	0.077188
3581	0.077174
4546	0.077160
1065	0.077155
9827	0.077029
10278	0.077026
6005	0.077011
2722	0.076991
10658	0.076971
2729	0.076937
372	0.076932
8016	0.076892
1777	0.076891
7528	0.076865
4851	0.076844
1305	0.076786
10657	0.076766
12080	0.076757
10351	0.076749
12094	0.076737
3570	0.076737
3021	0.076683
174	0.076676
10748	0.076602
9834	0.076602
5047	0.076599
7745	0.076568
6238	0.076560
4983	0.076482
6653	0.076377
5436	0.076339
9245	0.076325
5437	0.076325
6313	0.076264
5049	0.076092
12741	0.076074
2856	0.076072
2778	0.076020
9103	0.076000
750	0.075975
9582	0.075953
12391	0.075935
9157	0.075913
153	0.075885
11974	0.075856
8019	0.075783
8954	0.075772
1304	0.075762
12294	0.075650
5639	0.075566
9584	0.075517
10880	0.075477
2449	0.075468
12938	0.075463
3825	0.075275
1725	0.075257
5552	0.075246
9871	0.075243
12135	0.075215
5073	0.075163
9837	0.075145
4545	0.075144
2355	0.075139
5172	0.075130
7647	0.075120
569	0.075110
4548	0.075073
4268	0.075065
2911	0.075039
2719	0.075012
7252	0.074947
9586	0.074947
10187	0.074940
151	0.074827
146	0.074797
3487	0.074778
11597	0.074770
13135	0.074763
133	0.074737
2321	0.074685
12853	0.074675
13809	0.074632
11741	0.074607
2693	0.074606
12653	0.074603
12926	0.074598
3601	0.074572
8312	0.074543
176	0.074519
13158	0.074457
774	0.074441
12434	0.074435
12390	0.074435
7451	0.074348
12686	0.074296
2116	0.074295
2062	0.074208
3384	0.074175
9671	0.074171
4909	0.074161
6082	0.074135
10285	0.074125
7481	0.074080
4455	0.074005
10495	0.073986
2571	0.073984
5063	0.073951
782	0.073885
8952	0.073882
2252	0.073809
2060	0.073776
2219	0.073708
5038	0.073703
1276	0.073616
4753	0.073589
880	0.073575
5469	0.073539
7981	0.073488
2892	0.073484
1249	0.073458
8942	0.073445
136	0.073419
13659	0.073371
13658	0.073371
11671	0.073350
3540	0.073302
3933	0.073282
3589	0.073247
3761	0.073221
165	0.073212
1315	0.073198
8993	0.073131
4119	0.073118
9375	0.073061
11151	0.073036
412	0.073035
8231	0.073029
8425	0.072988
5058	0.072975
3361	0.072975
12685	0.072966
3636	0.072942
3703	0.072908
10070	0.072877
4561	0.072825
9404	0.072774
1296	0.072772
9897	0.072731
12031	0.072728
11593	0.072715
5438	0.072695
12306	0.072653
6369	0.072653
6368	0.072653
4115	0.072622
11577	0.072493
5986	0.072441
9578	0.072440
4855	0.072424
6803	0.072417
1901	0.072358
12281	0.072357
6619	0.072357
6172	0.072335
2973	0.072302
9881	0.072297
6411	0.072289
5740	0.072241
1379	0.072236
11368	0.072209
845	0.072178
8946	0.072153
7986	0.072114
9743	0.072095
5835	0.072090
14162	0.072083
11048	0.072049
105	0.072014
2384	0.071981
5391	0.071967
3321	0.071962
2836	0.071947
5147	0.071935
11478	0.071920
11773	0.071878
5783	0.071836
9561	0.071808
11623	0.071802
1723	0.071747
1076	0.071692
4638	0.071686
6523	0.071686
3377	0.071680
3249	0.071673
2073	0.071628
12937	0.071569
1372	0.071568
4053	0.071504
14057	0.071474
13971	0.071466
7804	0.071466
2494	0.071466
837	0.071444
3877	0.071427
11656	0.071421
1500	0.071413
11420	0.071400
13330	0.071377
10247	0.071351
3596	0.071340
9522	0.071276
2596	0.071260
1307	0.071219
4597	0.071169
2499	0.071149
11407	0.071085
3692	0.071030
1488	0.070960
1169	0.070942
4181	0.070920
11609	0.070885
3248	0.070817
3322	0.070814
12072	0.070810
8203	0.070810
932	0.070810
931	0.070810
3398	0.070789
13254	0.070724
12934	0.070724
12933	0.070724
12932	0.070724
12081	0.070724
8996	0.070724
8994	0.070724
8992	0.070724
5439	0.070722
12935	0.070712
6304	0.070695
9115	0.070633
1386	0.070630
3355	0.070616
6354	0.070615
9116	0.070610
902	0.070607
13853	0.070558
2679	0.070554
10516	0.070547
9281	0.070506
6603	0.070505
6413	0.070500
1464	0.070369
12684	0.070360
2574	0.070348
10297	0.070337
1494	0.070306
12282	0.070290
9422	0.070272
5824	0.070264
12406	0.070247
825	0.070241
7146	0.070231
12930	0.070230
12928	0.070230
14005	0.070204
2495	0.070204
4640	0.070170
2125	0.070167
3482	0.070138
4581	0.070107
7310	0.070103
7309	0.070103
4072	0.070101
12838	0.070079
2478	0.070079
12958	0.070079
12870	0.070079
12846	0.070079
12159	0.070079
12158	0.070079
1484	0.070079
2912	0.070071
2821	0.070060
1658	0.070053
3818	0.070031
6344	0.070027
1492	0.070008
12089	0.069983
6788	0.069980
5272	0.069954
11792	0.069923
6361	0.069917
3618	0.069912
9995	0.069902
7758	0.069885
5191	0.069846
1310	0.069837
6371	0.069780
3157	0.069759
1284	0.069720
14205	0.069699
1017	0.069586
11708	0.069580
2857	0.069579
3651	0.069579
692	0.069554
13223	0.069532
