5375	0.112841
6761	0.107260
10366	0.104986
6395	0.104847
1466	0.104126
13182	0.103870
10636	0.103280
10365	0.102160
12827	0.101968
10510	0.097505
7774	0.096873
5641	0.096873
5642	0.096851
13265	0.096765
5347	0.096322
11658	0.096197
5898	0.095816
5032	0.095418
5031	0.093762
13517	0.092316
9692	0.092227
6017	0.091724
7920	0.091441
5902	0.091396
5901	0.091396
5900	0.091396
5899	0.091396
8965	0.091163
5893	0.090679
5892	0.090679
5891	0.090679
5890	0.090679
5889	0.090679
4216	0.090557
5030	0.090208
5029	0.089900
10412	0.089751
13881	0.089454
8964	0.089454
8063	0.089454
11835	0.089437
4409	0.089437
4944	0.089412
4943	0.089412
4396	0.088964
991	0.088475
10672	0.087601
2107	0.087575
11216	0.087471
11386	0.087424
2105	0.087109
8109	0.086622
4406	0.086520
9172	0.086304
4399	0.086178
4404	0.086077
2841	0.085293
4394	0.085292
498	0.085047
11968	0.084653
949	0.084653
9099	0.084397
5555	0.084368
9124	0.083535
6715	0.083433
2945	0.083418
6006	0.083188
3209	0.082798
12572	0.082394
8293	0.081694
2188	0.081575
11178	0.081227
10589	0.080913
12010	0.080893
8916	0.080840
8915	0.080840
8914	0.080840
8913	0.080840
8912	0.080840
8911	0.080840
7634	0.080840
6568	0.080840
6874	0.080702
3212	0.080583
2110	0.080472
13054	0.080325
4839	0.079880
2189	0.079836
1756	0.079802
12785	0.079692
9025	0.079464
10821	0.079273
7635	0.078549
7633	0.078549
13545	0.078282
12784	0.078184
9237	0.077760
2600	0.077491
12281	0.077238
6619	0.077238
2280	0.077212
11733	0.077191
4400	0.076415
2522	0.076357
4618	0.076254
6008	0.076160
6060	0.076086
3840	0.075787
8910	0.075710
11863	0.075293
2732	0.075293
3636	0.075170
11858	0.074931
4111	0.074670
9439	0.074582
1812	0.074538
1811	0.074538
11977	0.074380
12403	0.073911
5033	0.073884
13689	0.073810
13489	0.073810
13319	0.073641
9356	0.073430
1809	0.073261
13680	0.073120
13076	0.073003
13665	0.072897
2277	0.072719
9462	0.072698
12517	0.072659
3550	0.072408
9105	0.072205
9104	0.072205
5034	0.071752
6245	0.071234
10678	0.070908
11037	0.070881
11964	0.070765
1120	0.070457
2944	0.070426
5660	0.070415
1119	0.070355
2109	0.070332
13247	0.070048
1262	0.069928
593	0.069729
2097	0.069707
221	0.069595
1248	0.069346
3539	0.069208
3428	0.069073
13224	0.068408
633	0.067588
8565	0.067578
227	0.067358
1030	0.067355
8246	0.067348
7519	0.067269
9453	0.067167
5918	0.067162
2821	0.067036
6695	0.066975
2598	0.066915
2185	0.066759
4466	0.066556
5451	0.066394
837	0.066311
8773	0.066284
6621	0.066284
4977	0.065981
10733	0.065834
3437	0.065789
6618	0.065547
2579	0.065362
9690	0.065320
8110	0.065309
1946	0.064986
1419	0.064720
823	0.064161
2052	0.064150
4707	0.064079
4976	0.063565
268	0.063434
10469	0.063232
2828	0.063021
1315	0.062966
5500	0.062962
7730	0.062867
7445	0.062867
7444	0.062867
7175	0.062867
7080	0.062867
2708	0.062829
1132	0.062802
304	0.062688
4468	0.062617
3906	0.062595
5815	0.062516
7507	0.062313
13199	0.062308
13198	0.062308
11906	0.062088
4947	0.061983
3438	0.061867
12173	0.061712
2952	0.061704
11989	0.061644
586	0.061594
1420	0.061286
1878	0.061233
4175	0.061059
14276	0.061048
13428	0.061048
7422	0.060930
5877	0.060866
9769	0.060704
1952	0.060700
6689	0.060665
6967	0.060665
3665	0.060543
5876	0.060243
13449	0.060103
645	0.060003
1945	0.059852
5397	0.059687
5396	0.059687
5395	0.059612
12134	0.059608
2182	0.059565
7258	0.059538
9829	0.059418
14003	0.059137
2979	0.059133
4998	0.059052
2418	0.059044
6217	0.059031
6838	0.059009
3429	0.059000
4176	0.058999
7744	0.058986
12276	0.058956
14263	0.058956
14002	0.058956
14001	0.058956
14000	0.058956
13998	0.058956
13996	0.058956
6666	0.058956
5064	0.058956
4854	0.058956
4852	0.058956
9987	0.058730
14128	0.058477
3358	0.058474
6191	0.058467
2128	0.058441
6302	0.058422
6267	0.058422
9384	0.058362
3246	0.058362
14078	0.058329
7114	0.058207
10273	0.058164
781	0.058162
6987	0.058126
2486	0.058095
11652	0.058088
677	0.058080
1111	0.057872
2954	0.057850
7207	0.057792
9775	0.057771
1109	0.057712
11987	0.057549
8093	0.057294
4582	0.057092
7964	0.057055
4426	0.057050
13448	0.056962
6380	0.056912
3907	0.056910
11737	0.056837
3544	0.056735
9204	0.056685
8592	0.056685
2575	0.056662
997	0.056630
2267	0.056598
3981	0.056492
4204	0.056470
11073	0.056447
13443	0.056387
3359	0.056383
9095	0.056262
876	0.056191
9686	0.056073
7224	0.055947
6574	0.055947
5527	0.055947
4873	0.055894
10749	0.055817
4850	0.055808
10694	0.055721
6836	0.055635
13561	0.055622
10133	0.055622
6875	0.055537
4706	0.055475
12555	0.055316
8635	0.055304
13698	0.055293
13544	0.055293
13374	0.055244
13373	0.055244
13440	0.055153
8864	0.055150
8863	0.055150
8583	0.055150
8124	0.055150
7904	0.055150
7903	0.055150
7902	0.055150
7901	0.055150
7900	0.055150
7899	0.055150
7897	0.055150
7896	0.055150
7895	0.055150
7526	0.055086
3258	0.054834
12756	0.054786
10582	0.054774
7702	0.054764
13200	0.054658
9320	0.054658
9318	0.054658
9315	0.054658
9314	0.054658
9313	0.054658
9312	0.054658
9310	0.054658
9309	0.054658
9306	0.054658
9305	0.054658
8733	0.054658
8669	0.054658
8668	0.054658
8608	0.054658
8607	0.054658
8605	0.054658
8603	0.054658
7703	0.054658
7477	0.054658
7408	0.054658
589	0.054616
2958	0.054300
2168	0.054116
6834	0.054114
2820	0.054032
4235	0.053998
1412	0.053948
1403	0.053902
13394	0.053830
5035	0.053803
7379	0.053711
12525	0.053648
5183	0.053642
4118	0.053471
13028	0.053437
3441	0.053314
4659	0.053229
7932	0.053205
3742	0.053150
10507	0.053146
10226	0.053116
10132	0.053101
5989	0.053092
10106	0.053018
2283	0.052979
12683	0.052967
12814	0.052960
6305	0.052955
13997	0.052923
7306	0.052885
13030	0.052881
9938	0.052877
7551	0.052877
7550	0.052877
7539	0.052877
7538	0.052877
2111	0.052713
3778	0.052676
6393	0.052660
1673	0.052621
4951	0.052513
12716	0.052506
12706	0.052491
1150	0.052420
4865	0.052378
12219	0.052359
2881	0.052285
596	0.052264
1118	0.052233
6065	0.052090
5366	0.051959
6294	0.051823
2879	0.051755
5745	0.051691
2892	0.051651
4537	0.051643
3740	0.051525
4672	0.051307
5591	0.051118
2203	0.051089
9317	0.050864
12234	0.050841
13850	0.050831
13173	0.050829
6064	0.050793
2646	0.050776
12678	0.050729
4112	0.050643
5883	0.050619
6472	0.050531
10751	0.050502
316	0.050471
5934	0.050446
5933	0.050446
8329	0.050417
702	0.050405
11091	0.050380
4542	0.050319
11090	0.050283
4262	0.050268
11112	0.050255
1094	0.050161
4842	0.050063
11818	0.050035
6896	0.050003
5880	0.049941
14004	0.049920
4866	0.049920
10105	0.049918
1133	0.049884
4113	0.049833
9863	0.049797
3243	0.049745
6533	0.049679
3241	0.049657
11548	0.049506
9346	0.049454
11321	0.049435
2523	0.049416
11902	0.049403
218	0.049376
5746	0.049372
459	0.049249
4037	0.049248
457	0.049235
9232	0.049209
683	0.049197
2281	0.049103
2442	0.049071
10245	0.049050
3356	0.049026
3882	0.048998
13226	0.048981
5546	0.048923
1115	0.048869
3545	0.048851
6798	0.048833
13036	0.048828
5878	0.048795
3257	0.048774
487	0.048593
8636	0.048493
12357	0.048470
1307	0.048465
3739	0.048450
4106	0.048421
5879	0.048310
3949	0.048205
3357	0.048024
10844	0.047993
9978	0.047828
6317	0.047789
7872	0.047781
8352	0.047779
8351	0.047779
2957	0.047779
2956	0.047779
13429	0.047756
3940	0.047716
6794	0.047701
260	0.047655
4855	0.047649
4660	0.047639
2151	0.047628
6616	0.047614
3905	0.047606
2113	0.047544
12907	0.047528
9410	0.047528
9409	0.047528
9408	0.047528
9407	0.047528
9406	0.047528
12007	0.047500
7511	0.047487
13633	0.047467
13490	0.047441
13632	0.047441
13631	0.047441
9226	0.047437
9217	0.047437
8534	0.047437
8606	0.047408
7827	0.047407
3538	0.047390
2176	0.047378
3364	0.047364
9460	0.047357
4407	0.047352
4737	0.047309
12764	0.047280
1837	0.047269
3745	0.047259
12053	0.047259
11618	0.047205
6407	0.047071
4743	0.047050
5305	0.047026
5487	0.047002
1044	0.046909
6009	0.046861
4742	0.046861
474	0.046819
4538	0.046787
4169	0.046751
4093	0.046742
9235	0.046705
9230	0.046705
9228	0.046705
9225	0.046705
9224	0.046705
9221	0.046705
9219	0.046705
9214	0.046705
9213	0.046705
9211	0.046705
9209	0.046705
9208	0.046705
9206	0.046705
9193	0.046705
8807	0.046705
8679	0.046705
8677	0.046705
8675	0.046705
8674	0.046705
8673	0.046705
8670	0.046705
8637	0.046705
8633	0.046705
8631	0.046705
8610	0.046705
8591	0.046705
8539	0.046705
8538	0.046705
8537	0.046705
8536	0.046705
8529	0.046705
8526	0.046705
8525	0.046705
8632	0.046705
8671	0.046689
2823	0.046685
6758	0.046626
2085	0.046607
6443	0.046605
7893	0.046597
4661	0.046579
12141	0.046530
2	0.046488
10127	0.046451
9307	0.046420
4105	0.046408
5185	0.046283
13148	0.046281
13147	0.046281
7892	0.046281
6298	0.046281
6297	0.046281
12677	0.046267
4799	0.046247
9999	0.046240
6198	0.046202
13897	0.046199
5167	0.046193
13918	0.046190
5896	0.046131
7468	0.046084
2967	0.046084
4935	0.046000
11800	0.045876
13060	0.045874
13055	0.045874
13048	0.045874
13014	0.045874
13009	0.045874
12892	0.045874
8379	0.045874
7713	0.045853
6377	0.045803
6665	0.045728
11779	0.045705
5536	0.045705
11147	0.045678
6895	0.045600
2201	0.045523
5634	0.045500
14269	0.045368
5118	0.045333
10505	0.045212
11349	0.045198
13389	0.045159
5935	0.044997
2822	0.044990
817	0.044983
11298	0.044978
10994	0.044978
7766	0.044961
6077	0.044945
2248	0.044942
3921	0.044916
3336	0.044898
4848	0.044891
7036	0.044864
2184	0.044852
4798	0.044844
492	0.044703
3425	0.044613
4321	0.044603
8740	0.044578
4763	0.044392
10019	0.044385
639	0.044374
13439	0.044362
9231	0.044348
8634	0.044326
12287	0.044294
8515	0.044294
578	0.044285
716	0.044268
2247	0.044261
4644	0.044216
877	0.044141
11677	0.044108
4494	0.044108
4493	0.044108
4522	0.044101
5252	0.044101
2648	0.044079
5235	0.044015
10020	0.043948
7659	0.043917
2970	0.043891
13360	0.043873
6003	0.043817
8623	0.043808
12142	0.043798
6102	0.043779
1238	0.043708
1052	0.043657
2950	0.043654
6457	0.043634
7245	0.043617
9861	0.043568
9819	0.043568
7676	0.043557
249	0.043488
6292	0.043465
51	0.043435
11415	0.043368
7453	0.043339
11903	0.043247
4692	0.043242
11703	0.043023
2023	0.043008
116	0.042925
383	0.042923
10232	0.042875
782	0.042641
12310	0.042632
13999	0.042632
5005	0.042632
1232	0.042626
1229	0.042626
6732	0.042578
10089	0.042559
10523	0.042528
14162	0.042495
5184	0.042476
13910	0.042416
7976	0.042384
2902	0.042375
2965	0.042320
713	0.042317
5433	0.042295
1346	0.042237
331	0.042213
8584	0.042197
12711	0.042164
10301	0.042133
2198	0.042122
2108	0.042069
3977	0.042063
4042	0.042062
12143	0.041973
3638	0.041911
12077	0.041909
6461	0.041909
3711	0.041909
11202	0.041785
9909	0.041779
8312	0.041728
2124	0.041726
13235	0.041698
14303	0.041692
14302	0.041692
14301	0.041692
14300	0.041692
14299	0.041692
13687	0.041687
10773	0.041686
3447	0.041678
5472	0.041663
698	0.041660
7295	0.041653
2480	0.041640
8129	0.041574
10683	0.041507
6806	0.041498
11896	0.041495
4895	0.041462
13942	0.041415
1145	0.041347
6762	0.041326
7328	0.041310
7167	0.041270
14248	0.041255
8047	0.041255
314	0.041219
14262	0.041188
7642	0.041177
874	0.041155
9797	0.041089
4463	0.041077
2117	0.041049
848	0.041013
5299	0.040980
621	0.040962
2831	0.040935
7359	0.040925
597	0.040911
4569	0.040895
3001	0.040831
6482	0.040708
5219	0.040699
11638	0.040698
5832	0.040690
2968	0.040647
7131	0.040594
9120	0.040591
13820	0.040577
14233	0.040499
1136	0.040499
4361	0.040478
4090	0.040456
2197	0.040443
85	0.040405
9220	0.040387
11904	0.040359
4239	0.040234
10771	0.040166
5189	0.040127
11556	0.040055
11718	0.039976
6963	0.039893
6889	0.039878
614	0.039848
8168	0.039835
4632	0.039813
6731	0.039801
2955	0.039783
2953	0.039783
599	0.039782
2118	0.039763
1953	0.039738
1954	0.039738
9869	0.039732
333	0.039619
9273	0.039583
6517	0.039581
10808	0.039572
13597	0.039564
13596	0.039564
13595	0.039564
13583	0.039564
13554	0.039564
13402	0.039564
7990	0.039564
13574	0.039522
7855	0.039509
7767	0.039487
13651	0.039487
4325	0.039460
456	0.039460
3111	0.039418
4416	0.039372
11685	0.039312
7261	0.039289
10723	0.039222
4193	0.039211
11004	0.039189
6147	0.039094
13573	0.039042
11460	0.039003
11288	0.039003
12048	0.038996
6741	0.038995
7955	0.038994
6754	0.038979
13094	0.038939
8922	0.038889
11377	0.038888
11237	0.038887
875	0.038858
12101	0.038835
10431	0.038811
5479	0.038785
12636	0.038771
3027	0.038709
2521	0.038676
10233	0.038652
9770	0.038614
1734	0.038596
13095	0.038560
6969	0.038560
10611	0.038531
13557	0.038522
13556	0.038522
12670	0.038521
9385	0.038516
6910	0.038499
9218	0.038495
254	0.038489
14290	0.038469
3587	0.038458
2981	0.038458
6804	0.038412
7152	0.038372
12431	0.038372
2181	0.038326
1237	0.038280
79	0.038248
4529	0.038226
5829	0.038220
13285	0.038188
9423	0.038186
11599	0.038147
2169	0.038147
11211	0.038107
9940	0.038085
9914	0.038085
7044	0.038085
6848	0.038085
8530	0.038053
5272	0.038049
2871	0.038048
4045	0.038043
5830	0.037987
13061	0.037984
9202	0.037966
6841	0.037964
4596	0.037960
2116	0.037949
6185	0.037945
3440	0.037931
2278	0.037877
6530	0.037796
6101	0.037791
12207	0.037783
1745	0.037779
12074	0.037746
14266	0.037739
10982	0.037735
13749	0.037710
9881	0.037686
5916	0.037608
6078	0.037600
883	0.037590
5860	0.037573
6835	0.037556
13928	0.037555
1919	0.037555
2875	0.037524
9210	0.037459
792	0.037446
1950	0.037433
1951	0.037325
11616	0.037305
4648	0.037305
4643	0.037305
11739	0.037293
730	0.037277
250	0.037202
3505	0.037187
2191	0.037173
6278	0.037169
10511	0.037161
13131	0.037137
11817	0.037125
6990	0.037125
4497	0.037088
12070	0.037061
1285	0.037050
14120	0.037037
6255	0.037034
5346	0.037031
377	0.037017
7404	0.036983
12002	0.036961
10676	0.036959
14250	0.036952
10558	0.036952
10555	0.036952
6968	0.036952
8042	0.036924
13948	0.036908
8552	0.036847
4094	0.036839
6528	0.036765
4343	0.036755
12182	0.036747
4464	0.036747
1144	0.036746
6007	0.036722
9274	0.036707
9347	0.036694
4465	0.036602
4029	0.036594
879	0.036571
3967	0.036526
115	0.036504
5245	0.036486
10377	0.036462
10378	0.036430
10556	0.036334
6663	0.036306
3355	0.036296
7874	0.036262
4974	0.036261
6303	0.036254
10557	0.036237
3536	0.036229
6157	0.036186
5268	0.036124
2595	0.036123
771	0.036110
5926	0.036054
6755	0.036017
11798	0.035981
9086	0.035952
2951	0.035935
193	0.035833
303	0.035803
9085	0.035741
9960	0.035683
253	0.035646
13111	0.035610
13109	0.035610
9959	0.035610
4853	0.035599
4088	0.035569
6251	0.035553
6249	0.035553
117	0.035550
10125	0.035488
11416	0.035468
10227	0.035459
11109	0.035448
4667	0.035405
13293	0.035368
6598	0.035364
13889	0.035273
5631	0.035125
3789	0.035124
4778	0.035121
4708	0.035092
