3652	0.349602
13059	0.334529
12334	0.334529
6549	0.334529
3099	0.334269
9541	0.323714
4797	0.293991
806	0.293398
665	0.276995
697	0.274978
8963	0.235091
294	0.228719
10617	0.228224
5238	0.224459
9130	0.222532
9113	0.222532
11432	0.221860
10616	0.221860
12360	0.218104
7711	0.218104
12381	0.207507
8208	0.205189
6676	0.204156
11701	0.204105
3828	0.202462
3827	0.199064
12359	0.198279
6468	0.198279
12585	0.197322
206	0.195784
2696	0.195335
12191	0.193832
3805	0.193505
3743	0.191969
3809	0.191160
10474	0.190974
6370	0.186596
12541	0.186543
10830	0.181651
4796	0.180401
46	0.178411
6550	0.171903
4800	0.171502
11293	0.170609
9992	0.169691
7024	0.167775
2620	0.167683
3746	0.166117
13638	0.166105
12073	0.165512
3879	0.163420
12862	0.163330
1009	0.163135
9725	0.162987
5237	0.162939
7536	0.162276
638	0.160665
276	0.160311
4191	0.159821
41	0.158858
606	0.153642
1447	0.153624
4639	0.151920
4635	0.151920
4634	0.151920
3082	0.151920
11830	0.151920
12834	0.151222
12828	0.151222
7022	0.150746
12655	0.150480
3643	0.148427
11860	0.148416
11702	0.146096
9190	0.146072
2642	0.145667
3649	0.145289
2472	0.144801
34	0.144302
286	0.144085
5061	0.144062
7371	0.143806
4795	0.143072
4393	0.142493
3053	0.142238
293	0.141365
292	0.141365
291	0.141365
290	0.141365
287	0.141365
12428	0.140995
282	0.140432
280	0.139228
5119	0.138826
9664	0.137852
4910	0.137688
10956	0.137668
5240	0.137601
5844	0.137581
3052	0.136969
199	0.136661
3964	0.136471
219	0.136384
269	0.134914
5239	0.134117
3600	0.132759
13072	0.132565
13069	0.132565
12857	0.132565
279	0.131795
272	0.131607
1190	0.131527
1341	0.131322
9039	0.131318
285	0.130795
4453	0.130550
10965	0.130425
11371	0.129473
11370	0.129473
10955	0.129473
270	0.129435
194	0.128800
5708	0.128514
205	0.128513
203	0.128513
858	0.128174
12154	0.127511
12245	0.127368
289	0.127287
13277	0.127156
39	0.125733
5709	0.125711
10496	0.125634
12948	0.125538
10473	0.125458
188	0.125310
12910	0.124864
1138	0.124602
4078	0.123275
2628	0.123136
2627	0.123136
3753	0.122934
1201	0.122775
2144	0.122290
3059	0.122160
31	0.121077
12178	0.120828
13524	0.120597
25	0.119801
7213	0.119662
11920	0.119315
3927	0.119315
3868	0.119315
12313	0.119226
8167	0.119226
11026	0.119016
6449	0.118839
7709	0.118602
1549	0.118449
10458	0.118041
98	0.117884
8886	0.117836
30	0.117832
11537	0.117814
10459	0.117472
9820	0.116792
8735	0.116792
10023	0.116614
7397	0.116268
2546	0.116008
66	0.115364
11918	0.114534
3929	0.114150
3928	0.114150
12560	0.114125
11919	0.113868
10950	0.113713
5670	0.113700
6328	0.113534
13466	0.113365
2051	0.113340
13668	0.113321
13952	0.113172
5799	0.113063
629	0.112882
3296	0.112823
288	0.112747
686	0.112745
43	0.112644
13434	0.112556
1621	0.112258
819	0.111820
2547	0.111540
10472	0.111446
5725	0.111165
7100	0.111011
986	0.110963
9505	0.110285
699	0.110068
680	0.109858
791	0.109687
12597	0.109571
195	0.109089
5717	0.108994
12388	0.108928
7864	0.108776
2548	0.108326
8463	0.108196
2997	0.108164
14096	0.108156
13721	0.107864
13709	0.107864
4482	0.107674
5905	0.107662
7807	0.107573
9034	0.107527
283	0.107429
1557	0.107396
3213	0.107325
261	0.107307
3078	0.107153
5684	0.107102
4368	0.106798
5112	0.106595
8618	0.106486
382	0.106351
6208	0.106042
208	0.105171
4144	0.105153
7957	0.104837
13313	0.104822
8507	0.104822
13994	0.104810
7931	0.104810
1913	0.104699
44	0.104468
274	0.104380
4832	0.104158
1421	0.104150
5606	0.103952
10864	0.103852
4033	0.102862
6600	0.102720
11985	0.102659
8147	0.102659
8100	0.102659
8086	0.102659
8085	0.102659
8084	0.102659
7898	0.102392
2545	0.102385
277	0.102334
2503	0.102289
13052	0.102113
13010	0.102113
12879	0.102113
339	0.102087
10862	0.101493
10863	0.100986
1439	0.100055
1414	0.099773
3804	0.099331
1829	0.099323
3784	0.098474
820	0.098338
10432	0.098250
3721	0.098108
13570	0.098091
13228	0.098091
731	0.098091
732	0.098055
49	0.097923
1243	0.097686
12297	0.097278
8098	0.097278
11313	0.097257
10901	0.097142
3645	0.096922
12228	0.096691
191	0.096617
9212	0.096379
1551	0.096374
65	0.095741
632	0.094982
7553	0.094888
5261	0.094571
13580	0.094468
7947	0.094189
11175	0.094147
3621	0.094105
4929	0.093821
3867	0.093278
13314	0.093196
12109	0.093194
5948	0.093194
12277	0.093143
8073	0.093143
6150	0.093143
5944	0.093143
5943	0.093143
12880	0.092874
1014	0.092854
2322	0.092852
55	0.092804
13011	0.092622
11148	0.092567
671	0.092529
6926	0.092033
11256	0.091968
5928	0.091450
1678	0.091325
6117	0.090905
13766	0.090618
1892	0.090551
33	0.090464
204	0.090265
4818	0.090217
12184	0.090032
6509	0.089415
5159	0.089402
3849	0.089099
1344	0.088767
9503	0.088745
8661	0.088573
1422	0.088415
9119	0.087976
5533	0.087976
3650	0.087903
12038	0.087899
888	0.087863
9121	0.087825
9112	0.087825
6908	0.087597
5497	0.087586
11824	0.087517
5946	0.087370
216	0.087005
5014	0.086899
8169	0.086691
5198	0.086691
9416	0.086678
8800	0.086521
11264	0.086240
218	0.086190
5318	0.086138
9005	0.086091
363	0.086076
11535	0.086012
1579	0.085838
9002	0.085814
3582	0.085076
50	0.085062
610	0.085057
6264	0.084883
408	0.084721
7412	0.084714
4025	0.084513
11666	0.084477
10935	0.084477
10934	0.084477
10931	0.084477
4794	0.084477
10936	0.084477
10932	0.084442
7712	0.084040
11071	0.084003
11070	0.083941
12956	0.083796
3626	0.083779
7928	0.083741
5320	0.083465
695	0.083366
647	0.083363
13362	0.083322
6479	0.083314
7420	0.083195
9943	0.083179
14167	0.083116
3943	0.082774
1629	0.082768
42	0.082303
9497	0.082006
4398	0.082005
1260	0.081958
1345	0.081889
12066	0.081848
8395	0.081740
2975	0.081380
10110	0.081311
10800	0.081162
12249	0.080976
5008	0.080976
3326	0.080924
643	0.080800
9599	0.080738
13837	0.080614
4955	0.080586
6816	0.080471
882	0.080011
653	0.079895
11374	0.079710
3238	0.079653
278	0.079632
1021	0.079423
8897	0.079244
9436	0.079150
5109	0.079111
2444	0.079026
1359	0.078808
1581	0.078608
4031	0.078389
7128	0.078076
5011	0.078065
9942	0.078044
9931	0.078044
9930	0.078044
9921	0.078044
9901	0.078044
9899	0.078044
9895	0.078044
9866	0.078044
9836	0.078044
9832	0.078044
9810	0.078044
9698	0.078044
9636	0.078044
9570	0.078044
9299	0.078044
13039	0.077870
8749	0.077812
8748	0.077812
12314	0.077812
2991	0.077786
4932	0.077739
7127	0.077679
59	0.077665
10301	0.077506
644	0.077418
383	0.077373
3135	0.077322
6960	0.077320
674	0.077320
673	0.077320
664	0.077320
657	0.077320
652	0.077320
646	0.077320
189	0.077320
4318	0.077185
649	0.077038
9916	0.076992
9880	0.076992
9842	0.076992
9838	0.076992
9822	0.076992
9372	0.076992
8791	0.076992
8790	0.076992
8768	0.076992
10580	0.076889
5930	0.076889
9763	0.076768
9759	0.076768
9758	0.076768
8717	0.076768
8716	0.076768
8715	0.076768
5546	0.076729
9616	0.076603
628	0.076424
655	0.076416
6253	0.076181
9764	0.076147
196	0.076094
5007	0.075999
8816	0.075991
8815	0.075991
8814	0.075991
8812	0.075991
8796	0.075991
8795	0.075991
8777	0.075991
7923	0.075991
1456	0.075945
341	0.075863
190	0.075840
8780	0.075620
6971	0.075419
5354	0.075370
68	0.075166
5942	0.075151
12856	0.074897
12408	0.074842
9269	0.074688
9006	0.074672
9004	0.074672
9003	0.074672
9001	0.074672
9000	0.074672
8999	0.074672
8941	0.074672
637	0.074598
7267	0.074539
3841	0.074524
2540	0.074173
666	0.074158
37	0.074046
6922	0.073873
2584	0.073628
8998	0.073593
11498	0.073453
5940	0.073315
10253	0.073251
11795	0.073125
5446	0.073085
6527	0.073024
273	0.072929
64	0.072606
8361	0.072465
7049	0.072416
2489	0.072349
4965	0.072295
14153	0.072256
1747	0.071943
6882	0.071812
3247	0.071812
11312	0.071604
3763	0.071179
11711	0.071164
6056	0.071164
8324	0.071104
40	0.071085
12039	0.071081
2238	0.070773
1417	0.070755
3427	0.070755
10813	0.070719
5573	0.070314
3549	0.070204
10632	0.070167
656	0.070099
4180	0.070098
10933	0.069954
3304	0.069932
6176	0.069821
6974	0.069801
9991	0.069728
5009	0.069712
6729	0.069641
7984	0.069629
2549	0.069620
4523	0.069573
661	0.069556
1597	0.069357
379	0.069201
7162	0.069173
8898	0.069082
13567	0.069008
5731	0.069008
5730	0.069008
5726	0.069008
5723	0.069008
5722	0.069008
5721	0.069008
5681	0.069008
12299	0.068945
12298	0.068945
3583	0.068945
7534	0.068926
1472	0.068892
4856	0.068885
12372	0.068853
852	0.068794
1368	0.068666
7050	0.068657
2998	0.068553
4213	0.068494
12999	0.068454
4713	0.068357
3266	0.068335
6126	0.068324
6125	0.068324
1270	0.068279
10386	0.068246
4030	0.068224
10385	0.068158
7433	0.068116
3504	0.068110
4000	0.068033
658	0.068008
6316	0.067966
3486	0.067708
220	0.067643
9612	0.067448
1634	0.067063
2094	0.067053
9968	0.067048
660	0.067007
1415	0.066930
1471	0.066895
3485	0.066862
2725	0.066856
9613	0.066730
12247	0.066491
3708	0.066485
4792	0.066451
4308	0.066389
6435	0.066068
12749	0.066028
12748	0.066028
11410	0.065960
4588	0.065597
9928	0.065576
4326	0.065573
13363	0.065464
2709	0.065362
3106	0.065214
7526	0.065111
8864	0.064969
8863	0.064969
8583	0.064969
8124	0.064969
7904	0.064969
7903	0.064969
7902	0.064969
7901	0.064969
7900	0.064969
7899	0.064969
7897	0.064969
7896	0.064969
7895	0.064969
14115	0.064964
32	0.064855
634	0.064552
3545	0.064523
1807	0.064445
8714	0.064166
9919	0.064071
1847	0.064063
6843	0.064030
663	0.064021
3544	0.063935
4143	0.063923
7932	0.063907
9196	0.063858
3066	0.063419
668	0.063401
10026	0.063381
10249	0.063349
12192	0.063252
9534	0.062993
9533	0.062993
9529	0.062993
9509	0.062993
4114	0.062971
5317	0.062901
4763	0.062801
8186	0.062271
5217	0.062171
271	0.062148
10277	0.061981
12622	0.061836
10923	0.061787
8489	0.061583
3254	0.061525
4764	0.061299
10375	0.061157
4378	0.061140
9716	0.061132
232	0.061132
10951	0.060968
8775	0.060761
13068	0.060753
13067	0.060753
13066	0.060753
13065	0.060753
13064	0.060753
13063	0.060753
13062	0.060753
13056	0.060753
13053	0.060753
13046	0.060753
13044	0.060753
12971	0.060753
12921	0.060753
8057	0.060739
6999	0.060629
9694	0.060608
9633	0.060564
9630	0.060564
9628	0.060564
9626	0.060564
9625	0.060564
9624	0.060564
9622	0.060564
9621	0.060564
9620	0.060564
9619	0.060564
9618	0.060564
9615	0.060564
9482	0.060564
10749	0.060534
12505	0.060382
3644	0.060315
3253	0.060291
9075	0.060254
12794	0.060040
13606	0.060002
11322	0.059955
12747	0.059751
10834	0.059635
9191	0.059429
12757	0.059295
11667	0.059199
5449	0.059103
1384	0.059055
9072	0.058911
2550	0.058755
1231	0.058685
3342	0.058661
6838	0.058572
13812	0.058571
8265	0.058571
7095	0.058466
7673	0.058259
8995	0.058180
10927	0.058132
11215	0.058082
2796	0.057980
9609	0.057970
9580	0.057970
6638	0.057969
9960	0.057954
13111	0.057894
13109	0.057894
9959	0.057894
5319	0.057882
7056	0.057684
6121	0.057587
7828	0.057382
10125	0.057361
7457	0.057331
1655	0.057140
2250	0.057121
6814	0.057072
10018	0.057071
6664	0.057013
12734	0.056962
9606	0.056779
1640	0.056666
13846	0.056580
8459	0.056580
11212	0.056551
3813	0.056509
3812	0.056464
4028	0.056348
4533	0.056325
14241	0.056263
13948	0.056230
10847	0.056131
6910	0.056058
3412	0.056038
7152	0.055967
1856	0.055952
7991	0.055877
6490	0.055828
4517	0.055759
12658	0.055650
11116	0.055650
2795	0.055650
2794	0.055650
4508	0.055590
1352	0.055589
2800	0.055525
537	0.055508
9307	0.055473
5195	0.055463
5	0.055443
8264	0.055404
1416	0.055281
6129	0.055159
13023	0.054936
9958	0.054873
9917	0.054844
4154	0.054669
760	0.054604
2797	0.054544
641	0.054540
13827	0.054530
13108	0.054530
13107	0.054530
12882	0.054530
10121	0.054530
8458	0.054530
10891	0.054507
8855	0.054421
5686	0.054357
10890	0.054241
6829	0.054172
12198	0.054169
215	0.054137
11846	0.054089
5784	0.054089
11729	0.054087
198	0.054077
6517	0.054050
331	0.054042
4252	0.054035
9274	0.053879
1781	0.053719
14	0.053683
2326	0.053482
11728	0.053473
3558	0.053391
5068	0.053276
7229	0.053182
5069	0.053172
5558	0.053156
2944	0.053129
6697	0.053095
13032	0.053065
13031	0.053065
12429	0.053065
12430	0.052994
9531	0.052983
3363	0.052972
13467	0.052855
57	0.052751
319	0.052728
9519	0.052633
662	0.052597
10573	0.052589
2999	0.052561
12848	0.052458
10574	0.052452
6482	0.052412
12923	0.052225
9491	0.052225
2325	0.052225
2324	0.052225
1332	0.052157
11323	0.052068
13607	0.052045
9504	0.052006
12821	0.051904
891	0.051866
9940	0.051853
9914	0.051853
7044	0.051853
6848	0.051853
1861	0.051846
10793	0.051811
5186	0.051811
7114	0.051776
835	0.051759
10611	0.051547
5977	0.051531
5736	0.051522
8253	0.051369
7560	0.051346
9159	0.051334
11143	0.051294
13270	0.051265
6623	0.051243
10604	0.051231
1817	0.051214
1893	0.051172
3985	0.051139
14342	0.051107
9338	0.051106
4633	0.051086
7789	0.051073
5916	0.051068
329	0.051058
330	0.051018
7404	0.051015
10973	0.050931
12613	0.050851
5915	0.050718
6955	0.050714
9169	0.050698
10017	0.050664
12687	0.050653
3998	0.050565
5688	0.050518
3065	0.050500
7825	0.050460
4392	0.050434
12241	0.050431
12240	0.050431
8074	0.050431
7294	0.050431
6054	0.050431
4336	0.050431
6956	0.050404
5512	0.050370
8889	0.050359
3656	0.050242
5811	0.050240
9148	0.050188
14349	0.050156
14344	0.050156
14316	0.050156
14309	0.050156
14306	0.050156
14260	0.050156
14240	0.050156
14216	0.050156
14168	0.050156
13143	0.050139
8087	0.050063
4001	0.050040
9915	0.050012
14107	0.049956
10318	0.049955
9155	0.049938
9154	0.049938
9151	0.049938
13807	0.049888
2466	0.049835
3091	0.049800
3089	0.049800
3088	0.049800
5768	0.049800
14147	0.049796
3090	0.049796
7223	0.049795
14148	0.049771
1556	0.049754
12759	0.049660
14199	0.049588
10811	0.049582
14146	0.049529
13269	0.049445
10223	0.049444
12798	0.049374
9535	0.049320
9530	0.049320
9527	0.049320
9526	0.049320
9525	0.049320
9524	0.049320
9523	0.049320
9521	0.049320
9517	0.049320
9516	0.049320
9515	0.049320
9513	0.049320
9511	0.049320
9510	0.049320
9243	0.049320
9161	0.049320
6099	0.049320
9532	0.049315
13120	0.049260
7368	0.049212
759	0.049208
11718	0.049168
9273	0.049141
13904	0.049113
8832	0.049093
10938	0.049052
8508	0.049049
11395	0.048959
9080	0.048912
7295	0.048852
12612	0.048817
4651	0.048804
12055	0.048781
10903	0.048716
10423	0.048663
10421	0.048596
12214	0.048575
9950	0.048566
6366	0.048538
6185	0.048535
4408	0.048521
7826	0.048502
12758	0.048411
6159	0.048221
6158	0.048221
1197	0.048173
10810	0.048115
12058	0.048081
7554	0.048078
8064	0.048064
9377	0.048047
9587	0.048039
10382	0.047918
3064	0.047903
13252	0.047844
13251	0.047844
2182	0.047824
275	0.047796
13222	0.047714
2123	0.047656
7048	0.047589
2927	0.047545
12954	0.047219
11286	0.047163
