137	0.185137
2680	0.181816
9008	0.174352
3519	0.174299
12350	0.172495
12349	0.172245
12189	0.171769
6577	0.171358
12194	0.166182
1075	0.163963
6360	0.163019
138	0.162648
2596	0.155780
1515	0.154278
3531	0.150776
11597	0.150720
135	0.147146
864	0.146281
2167	0.145861
11848	0.145711
1264	0.144383
2630	0.143449
1391	0.142322
8132	0.140093
3530	0.140070
3535	0.139414
157	0.138453
844	0.138158
11642	0.137377
2681	0.137303
6203	0.136316
2329	0.136082
3568	0.135864
2904	0.135560
9550	0.135399
12850	0.135249
12854	0.135091
4317	0.134284
4315	0.134284
4311	0.134284
4310	0.134228
8421	0.134046
5201	0.133587
7946	0.133532
2851	0.133304
3339	0.133286
2137	0.133192
11600	0.133048
2910	0.132899
2597	0.132565
2789	0.132359
176	0.132185
4597	0.131478
1077	0.130960
12071	0.130779
175	0.130779
12107	0.130628
1079	0.130624
9437	0.130351
1196	0.129987
10163	0.129811
2425	0.129747
11670	0.129504
1289	0.129328
2145	0.129231
5020	0.129211
10939	0.128987
4313	0.128715
2713	0.128670
2150	0.128608
784	0.128478
1574	0.127594
12874	0.127316
7156	0.126945
2859	0.125754
9614	0.125659
2285	0.125246
3021	0.124864
9715	0.124214
4594	0.124007
1274	0.123930
1071	0.123858
834	0.123782
1926	0.123752
5311	0.123248
2293	0.123102
3509	0.122885
990	0.122229
12411	0.121249
11683	0.121122
933	0.120896
1251	0.120830
5089	0.120659
11047	0.120501
4179	0.120187
2860	0.120158
6469	0.119678
171	0.119313
11719	0.119266
936	0.118704
9316	0.118695
867	0.118428
2682	0.118424
1941	0.118286
12860	0.117794
12859	0.117788
6991	0.117723
9881	0.117549
9027	0.117508
5202	0.117508
968	0.116982
890	0.116857
11598	0.116094
6672	0.116094
185	0.115654
139	0.115555
2907	0.115543
11769	0.115370
7820	0.115079
5259	0.114493
774	0.114411
6130	0.113990
10284	0.113750
371	0.113749
5769	0.113611
2722	0.113499
130	0.113012
11740	0.112993
12306	0.112973
6369	0.112973
6368	0.112973
7030	0.111841
5782	0.111706
11610	0.111694
8229	0.111684
6673	0.111674
2252	0.111425
12097	0.111365
154	0.111091
3521	0.110985
3291	0.110671
11890	0.110606
11889	0.110606
8139	0.110606
2149	0.110606
2148	0.110606
2147	0.110606
3378	0.110522
6436	0.110438
11398	0.109968
1259	0.109564
1658	0.109411
158	0.109322
3026	0.109315
140	0.109285
717	0.109106
2209	0.109056
9028	0.108972
3920	0.108906
126	0.108881
9734	0.108740
9732	0.108740
9730	0.108740
8868	0.108740
8866	0.108740
11603	0.108493
862	0.108303
5086	0.108251
1068	0.108142
9081	0.107932
9078	0.107932
3351	0.107801
780	0.107784
4255	0.107616
2311	0.107410
11984	0.107382
4710	0.107261
3155	0.106987
6074	0.106820
3335	0.106369
525	0.106224
521	0.106166
1461	0.106049
12193	0.105909
11676	0.105883
10437	0.105788
5087	0.105676
1744	0.105640
11975	0.105614
2166	0.105530
928	0.105384
4052	0.105285
8956	0.105283
8955	0.105283
358	0.105266
2357	0.105240
9608	0.105053
3933	0.105031
12853	0.104857
934	0.104763
3492	0.104748
11908	0.104716
5050	0.104637
4196	0.104496
6303	0.104410
183	0.104321
11671	0.104050
2714	0.104001
9029	0.103897
9859	0.103876
12208	0.103750
7385	0.103634
181	0.103619
422	0.103612
5542	0.103554
12852	0.103436
5459	0.103282
4036	0.103175
3572	0.103134
12524	0.103039
8944	0.102888
6021	0.102846
6131	0.102830
787	0.102770
12940	0.102521
1370	0.102364
13058	0.102170
7945	0.102170
8954	0.102145
182	0.102115
11992	0.102058
2919	0.101992
12858	0.101832
3408	0.101791
1095	0.101750
5021	0.101677
5019	0.101677
622	0.101630
2040	0.101583
11257	0.101563
13223	0.101480
4808	0.101443
7639	0.101233
9238	0.101177
3608	0.101118
3877	0.101019
10278	0.100936
6460	0.100841
12941	0.100837
12872	0.100790
12130	0.100758
12588	0.100596
12950	0.100587
3523	0.100462
5328	0.100417
884	0.099995
147	0.099799
12122	0.099793
2684	0.099793
3639	0.099590
7425	0.099577
869	0.099486
8983	0.099361
2136	0.099301
4921	0.099256
6563	0.099133
6411	0.099092
5391	0.099023
412	0.098834
520	0.098745
4932	0.098743
4888	0.098626
13019	0.098568
96	0.098541
4570	0.098522
11604	0.098511
2038	0.098499
2778	0.098495
940	0.098482
5751	0.098473
3564	0.098428
9548	0.098421
9844	0.098374
1070	0.098340
5023	0.098274
11819	0.098074
2905	0.098030
387	0.097933
9019	0.097886
2317	0.097882
1645	0.097715
4056	0.097709
3008	0.097686
11911	0.097589
5111	0.097549
11502	0.097507
750	0.097406
4754	0.097379
3510	0.097373
14246	0.097364
12960	0.097364
8050	0.097364
163	0.097323
12784	0.097308
12899	0.097298
6717	0.097192
13060	0.097147
13055	0.097147
13048	0.097147
13014	0.097147
13009	0.097147
12892	0.097147
8379	0.097147
1725	0.097060
10892	0.096941
11474	0.096761
12785	0.096682
13003	0.096483
12869	0.096483
2726	0.096460
3601	0.096399
14239	0.095984
8232	0.095953
3494	0.095863
2226	0.095801
12929	0.095724
9076	0.095719
4917	0.095631
275	0.095598
2155	0.095581
11884	0.095550
5455	0.095507
13020	0.095444
6739	0.095308
6738	0.095308
6929	0.095263
6389	0.095195
11400	0.095138
6825	0.095129
6076	0.095129
12653	0.095042
10114	0.095014
642	0.094943
3819	0.094892
9733	0.094874
935	0.094780
13735	0.094728
13728	0.094728
13726	0.094728
1096	0.094589
3047	0.094508
530	0.094478
400	0.094478
11768	0.094423
13040	0.094422
13379	0.094386
5867	0.094384
13081	0.094334
13080	0.094334
13079	0.094334
13078	0.094334
13074	0.094334
13071	0.094334
13057	0.094334
13049	0.094334
13047	0.094334
13045	0.094334
13043	0.094334
13017	0.094334
12959	0.094334
12904	0.094334
7936	0.094334
12952	0.094276
12951	0.094276
142	0.094275
5088	0.094181
399	0.094078
13438	0.094012
12046	0.093960
8970	0.093860
2079	0.093711
7028	0.093624
12064	0.093616
1186	0.093606
4374	0.093568
2384	0.093534
12165	0.093483
14068	0.093461
2063	0.093342
5740	0.093277
627	0.093229
11151	0.092940
960	0.092869
12931	0.092854
7961	0.092551
11368	0.092533
12891	0.092453
11013	0.092386
10722	0.092310
13388	0.092289
13387	0.092289
3843	0.092252
8423	0.092165
1099	0.092093
6525	0.092072
8054	0.092016
6887	0.092003
391	0.091954
9599	0.091901
1686	0.091740
8251	0.091509
1298	0.091481
5203	0.091468
11723	0.091383
168	0.091337
551	0.091331
3569	0.091316
3915	0.091235
1483	0.090971
12415	0.090950
2449	0.090904
623	0.090869
180	0.090492
8354	0.090197
2266	0.090191
939	0.090177
5549	0.090151
6165	0.090150
12412	0.090142
178	0.090116
1518	0.090089
3560	0.090063
6164	0.089961
5632	0.089961
14255	0.089917
2321	0.089847
1028	0.089688
5017	0.089614
5072	0.089608
849	0.089604
152	0.089458
1034	0.089413
1516	0.089390
992	0.089277
12435	0.089142
5018	0.089080
2156	0.089058
12080	0.089003
146	0.088994
1446	0.088986
6674	0.088963
2571	0.088890
3297	0.088811
2339	0.088756
6025	0.088741
3493	0.088733
9590	0.088621
5548	0.088580
534	0.088568
11036	0.088423
173	0.088414
6594	0.088343
729	0.088311
12938	0.088027
4981	0.087954
11027	0.087951
13061	0.087883
10092	0.087836
3292	0.087811
728	0.087791
12926	0.087700
6418	0.087668
9332	0.087655
1376	0.087601
1073	0.087592
8022	0.087528
10373	0.087388
1425	0.087388
10501	0.087364
278	0.087344
3763	0.087291
3514	0.087280
3513	0.087280
13142	0.087278
7430	0.087278
12593	0.087260
5836	0.087252
12417	0.087228
4034	0.087228
5200	0.087227
2868	0.087224
8115	0.087218
10832	0.087200
10070	0.087182
9283	0.087117
10879	0.087053
3581	0.087020
5199	0.086986
3277	0.086944
5783	0.086917
2655	0.086875
2743	0.086827
3487	0.086827
3384	0.086761
988	0.086720
2220	0.086716
13116	0.086670
1445	0.086627
5627	0.086589
9343	0.086582
2741	0.086575
2520	0.086569
7388	0.086372
9499	0.086364
10859	0.086321
4969	0.086307
581	0.086168
12720	0.086151
7666	0.086151
5639	0.086129
9923	0.086118
12079	0.086070
10140	0.086036
4557	0.086007
11851	0.085986
6927	0.085986
5985	0.085985
10139	0.085982
1459	0.085969
2719	0.085967
4185	0.085902
1726	0.085891
11407	0.085882
2048	0.085868
941	0.085857
3876	0.085804
10880	0.085759
9128	0.085744
11252	0.085649
4582	0.085621
1205	0.085569
1328	0.085513
2915	0.085485
13826	0.085443
4226	0.085432
14167	0.085391
10200	0.085389
13038	0.085348
13037	0.085348
7528	0.085296
3825	0.085203
3875	0.085163
13035	0.085162
7545	0.085120
7951	0.085060
13639	0.085010
2931	0.085007
1464	0.084974
2139	0.084950
2909	0.084882
11492	0.084850
1793	0.084728
9726	0.084713
2857	0.084700
9837	0.084623
9522	0.084612
13181	0.084592
6289	0.084535
2836	0.084424
9790	0.084272
5655	0.084264
3540	0.083957
13255	0.083912
3126	0.083884
3379	0.083881
3761	0.083838
5698	0.083816
12927	0.083713
5277	0.083678
9142	0.083632
8552	0.083631
5258	0.083575
2973	0.083543
2328	0.083493
6922	0.083489
8247	0.083462
6992	0.083457
2932	0.083368
6094	0.083296
9375	0.083258
2228	0.083180
7378	0.083134
12939	0.083104
12084	0.083104
4286	0.083104
4283	0.083104
4220	0.083104
10802	0.083043
11877	0.083038
2288	0.082967
11392	0.082855
3131	0.082697
10682	0.082668
846	0.082596
13959	0.082566
1576	0.082533
13140	0.082480
10142	0.082450
7327	0.082438
4630	0.082392
6767	0.082316
6765	0.082316
6764	0.082316
2151	0.082257
2143	0.082164
132	0.082151
10969	0.082065
8465	0.082040
8918	0.081977
7451	0.081929
3865	0.081857
692	0.081803
594	0.081769
1723	0.081709
7481	0.081699
136	0.081673
11231	0.081644
9268	0.081576
5315	0.081497
9281	0.081481
10362	0.081450
1163	0.081408
5196	0.081387
9561	0.081354
6281	0.081347
7964	0.081342
11491	0.081275
13254	0.081167
12934	0.081167
12933	0.081167
12932	0.081167
12081	0.081167
8996	0.081167
8994	0.081167
8992	0.081167
754	0.081161
12935	0.081142
5042	0.081106
1564	0.081101
7619	0.081085
2574	0.081083
6354	0.081049
6413	0.081037
8945	0.081035
5619	0.081007
9115	0.080990
13153	0.080932
10171	0.080932
10170	0.080932
5517	0.080922
11232	0.080916
11230	0.080916
11229	0.080916
11228	0.080916
14205	0.080870
4629	0.080852
3482	0.080807
12407	0.080803
4181	0.080803
3470	0.080729
2318	0.080722
365	0.080605
5652	0.080491
11893	0.080479
9827	0.080419
1800	0.080411
5288	0.080391
1940	0.080306
3102	0.080120
13005	0.079995
12749	0.079958
12748	0.079958
1268	0.079944
4455	0.079912
4822	0.079781
3845	0.079766
9731	0.079652
7664	0.079600
7663	0.079600
11792	0.079556
165	0.079506
681	0.079463
1101	0.079454
1100	0.079454
12912	0.079413
3661	0.079251
2541	0.079164
10982	0.079116
12851	0.078969
9189	0.078958
10495	0.078915
5228	0.078873
13389	0.078872
3475	0.078855
8425	0.078780
4261	0.078741
13217	0.078697
6974	0.078527
12406	0.078464
1728	0.078462
7146	0.078453
12930	0.078452
12928	0.078452
6768	0.078387
9088	0.078339
995	0.078325
3806	0.078264
12793	0.078256
13218	0.078245
5373	0.078232
4256	0.078181
6706	0.078173
902	0.078151
843	0.078118
5895	0.078098
4072	0.078059
8233	0.078009
1390	0.078009
3411	0.077972
13664	0.077971
2115	0.077968
1261	0.077887
4285	0.077883
4280	0.077883
10040	0.077864
13676	0.077815
5372	0.077813
10983	0.077775
7687	0.077746
102	0.077681
4077	0.077671
5865	0.077661
4067	0.077648
4065	0.077648
2290	0.077633
1247	0.077631
12864	0.077603
7986	0.077598
10918	0.077571
12146	0.077537
8582	0.077537
7599	0.077537
3695	0.077537
3694	0.077537
3616	0.077537
558	0.077481
6868	0.077420
5058	0.077408
3361	0.077408
3561	0.077339
4909	0.077333
9404	0.077301
1442	0.077266
2210	0.077258
12235	0.077251
873	0.077174
3935	0.077157
4825	0.077152
10392	0.077119
56	0.077117
10046	0.077102
9540	0.077086
11159	0.077082
906	0.077072
1650	0.077012
1426	0.076996
10303	0.076964
2656	0.076944
4086	0.076887
12936	0.076883
9724	0.076866
6631	0.076831
6	0.076793
4545	0.076783
4548	0.076768
734	0.076744
6599	0.076706
1901	0.076670
1195	0.076569
1040	0.076544
9764	0.076533
13006	0.076529
965	0.076504
6392	0.076491
8496	0.076480
4916	0.076478
6626	0.076468
5147	0.076346
9916	0.076346
9880	0.076346
9842	0.076346
9838	0.076346
9822	0.076346
9372	0.076346
8791	0.076346
8790	0.076346
8768	0.076346
5482	0.076321
9763	0.076320
9759	0.076320
9758	0.076320
8717	0.076320
8716	0.076320
8715	0.076320
11650	0.076309
1914	0.076304
3854	0.076304
3250	0.076296
9020	0.076279
1094	0.076239
4115	0.076223
11609	0.076188
13112	0.076183
6304	0.076142
9558	0.076142
4813	0.076142
718	0.076134
2623	0.076132
9567	0.076129
3709	0.076041
5229	0.076027
10713	0.075999
9627	0.075966
10406	0.075955
3866	0.075950
3864	0.075950
12803	0.075943
4041	0.075781
4691	0.075768
8164	0.075735
7389	0.075735
6685	0.075735
6612	0.075735
6611	0.075735
6433	0.075735
12695	0.075683
12391	0.075669
8165	0.075632
1648	0.075623
3691	0.075619
11994	0.075619
2826	0.075619
6539	0.075613
1321	0.075578
6523	0.075566
10535	0.075561
1433	0.075500
4690	0.075496
2165	0.075476
7394	0.075445
815	0.075420
12089	0.075411
1078	0.075379
13717	0.075357
8599	0.075338
174	0.075336
8490	0.075334
10336	0.075325
5191	0.075308
611	0.075281
5947	0.075280
2645	0.075245
12413	0.075244
2972	0.075227
4126	0.075209
1922	0.075170
4017	0.075102
8931	0.075098
3554	0.075079
2162	0.075069
12596	0.075042
5492	0.075035
10928	0.075000
10322	0.075000
7949	0.074983
10400	0.074916
3518	0.074894
7560	0.074787
7190	0.074783
12957	0.074759
6391	0.074749
8934	0.074742
10581	0.074725
233	0.074563
12394	0.074556
5073	0.074540
11160	0.074516
4714	0.074496
11837	0.074485
898	0.074485
6172	0.074484
1302	0.074453
9079	0.074444
9963	0.074389
899	0.074356
3050	0.074271
7081	0.074247
1301	0.074177
1722	0.074165
10823	0.074115
12889	0.074097
10779	0.074097
9132	0.074097
9110	0.074097
9101	0.074097
8512	0.074097
6388	0.074097
9348	0.074087
3757	0.074018
3758	0.073961
13135	0.073960
3495	0.073940
12078	0.073934
6390	0.073892
11593	0.073869
10855	0.073829
10407	0.073796
5656	0.073778
3172	0.073756
4005	0.073743
3869	0.073695
10108	0.073676
9149	0.073653
2903	0.073620
10323	0.073618
3730	0.073617
5254	0.073609
4579	0.073603
12434	0.073587
12390	0.073587
9402	0.073570
12623	0.073565
1074	0.073555
6604	0.073549
11942	0.073543
3362	0.073543
2263	0.073284
12401	0.073247
7617	0.073216
10700	0.073209
2135	0.073197
9578	0.073158
4040	0.073092
2665	0.072982
11907	0.072970
2855	0.072866
3340	0.072850
529	0.072841
1277	0.072829
9563	0.072815
3499	0.072766
7973	0.072753
1033	0.072740
3343	0.072722
10998	0.072707
10997	0.072707
9996	0.072701
3477	0.072603
10028	0.072535
9259	0.072518
11366	0.072497
863	0.072424
2631	0.072390
10900	0.072341
9687	0.072295
496	0.072239
11308	0.072236
4563	0.072198
1081	0.072184
483	0.072171
2416	0.072067
781	0.072030
12371	0.072015
7612	0.072015
7008	0.072015
10718	0.071988
10517	0.071975
2622	0.071962
10488	0.071940
5762	0.071940
12408	0.071924
9543	0.071900
5638	0.071899
1480	0.071867
3294	0.071814
6512	0.071801
619	0.071749
11901	0.071747
880	0.071695
156	0.071670
