6537	0.188787
3196	0.176955
999	0.169451
734	0.150934
1728	0.150376
1362	0.148340
9396	0.148340
4481	0.148340
4478	0.148338
919	0.147112
2643	0.147050
8211	0.145010
7393	0.145010
2153	0.144615
2638	0.144038
8856	0.143891
3269	0.143891
10207	0.143890
11654	0.143837
3325	0.143447
13113	0.143424
10126	0.143409
132	0.142921
4300	0.142665
559	0.141774
5303	0.137691
3198	0.137288
11688	0.137152
6683	0.136785
6684	0.136767
3171	0.136618
484	0.136311
5628	0.136081
4214	0.135865
5364	0.134070
3541	0.133713
1363	0.133329
8930	0.133017
10506	0.132875
1045	0.132875
3173	0.132734
7053	0.132220
5429	0.131944
6878	0.131683
9963	0.131542
11687	0.131445
6027	0.131402
995	0.130623
560	0.130408
6092	0.130398
9803	0.129593
3265	0.129044
5511	0.127775
6660	0.127726
14340	0.125530
7313	0.125289
12095	0.124888
13856	0.121940
1046	0.121743
1179	0.120615
12575	0.120228
3298	0.119685
2635	0.118506
3350	0.118064
4885	0.117743
5836	0.117449
3262	0.117289
7091	0.116673
1453	0.116593
740	0.116475
13385	0.116280
1729	0.116263
908	0.116063
2668	0.115952
1935	0.115179
592	0.114668
12668	0.114542
544	0.114066
2830	0.113786
12	0.113756
2751	0.113707
2829	0.113552
558	0.113550
9395	0.113406
11936	0.113082
2862	0.113082
496	0.113082
960	0.112902
548	0.112511
6626	0.112390
998	0.111246
2636	0.111202
6842	0.111161
131	0.110250
379	0.108933
1333	0.108612
2259	0.108424
5473	0.108178
10820	0.107470
5124	0.107462
555	0.107389
8369	0.106703
6485	0.106686
13339	0.105452
5095	0.105026
907	0.104945
9278	0.104800
564	0.104800
12215	0.104607
8594	0.104554
7432	0.104554
3304	0.104315
12220	0.104186
913	0.103102
2873	0.102952
1000	0.102885
1040	0.102772
10436	0.102376
11602	0.102196
14220	0.102146
7327	0.102051
388	0.101709
11087	0.101500
7501	0.100586
13834	0.100564
5884	0.100529
3273	0.100377
7602	0.100198
1924	0.100147
1724	0.100146
1095	0.099372
3919	0.099014
2290	0.098911
13112	0.098895
2864	0.098797
1739	0.098706
6250	0.098534
7030	0.098443
523	0.098395
4942	0.097945
557	0.097777
2778	0.097502
2156	0.097452
13887	0.097237
3267	0.096988
2880	0.095955
11891	0.094994
2545	0.094883
2776	0.093279
12571	0.093183
176	0.092373
87	0.091388
1450	0.091319
2872	0.091209
3261	0.090899
562	0.090841
2710	0.090510
12253	0.090007
2983	0.089962
13441	0.089626
11724	0.089561
2734	0.089357
13547	0.088908
13546	0.088908
13368	0.088908
11037	0.088871
6012	0.088804
7975	0.088722
12551	0.088073
1005	0.087831
9059	0.087756
3197	0.087634
4833	0.087586
3268	0.087396
7315	0.087349
397	0.087000
10303	0.086822
772	0.086628
6802	0.086477
1294	0.086437
1038	0.086401
167	0.086342
7465	0.086026
12766	0.085881
4734	0.085724
6367	0.085559
545	0.085412
897	0.085346
5563	0.085275
2354	0.085142
7134	0.085066
2151	0.085061
1159	0.084831
563	0.084785
1515	0.084652
2237	0.084637
990	0.084551
1160	0.084317
5383	0.084144
583	0.083997
4629	0.083895
4146	0.083714
5515	0.083420
12704	0.083410
3950	0.083381
483	0.083201
10531	0.083198
10434	0.083058
4601	0.082937
12524	0.082908
137	0.082846
10412	0.082722
4279	0.082666
134	0.082634
10350	0.082225
9424	0.082196
9425	0.082144
5801	0.081963
3519	0.081862
9008	0.081805
1004	0.081722
1003	0.081722
996	0.081722
757	0.081722
546	0.081660
5572	0.081622
1449	0.081615
12350	0.081593
2984	0.081564
12349	0.081554
3200	0.081549
12669	0.081449
963	0.081282
13383	0.081139
14205	0.080819
8045	0.080802
9281	0.080687
4775	0.080673
8043	0.080657
2874	0.080634
1470	0.080621
11959	0.080583
12213	0.080128
11195	0.080075
6195	0.079887
10636	0.079278
4776	0.079157
4777	0.078951
173	0.078827
12807	0.078788
13340	0.078646
10596	0.078444
937	0.078392
10674	0.078320
1464	0.078119
539	0.078114
4551	0.078096
13719	0.078045
10588	0.078045
7547	0.078045
9689	0.078016
2714	0.077988
1134	0.077958
7512	0.077693
10142	0.077569
7434	0.077567
11516	0.077457
13328	0.077456
12827	0.077235
2448	0.077185
13153	0.076951
10171	0.076951
10170	0.076951
3534	0.076853
9337	0.076725
2784	0.076577
10595	0.076430
9762	0.076258
13182	0.076212
12555	0.076177
10188	0.076077
11765	0.075981
1387	0.075701
11890	0.075610
11889	0.075610
8139	0.075610
2149	0.075610
2148	0.075610
2147	0.075610
1794	0.075349
10816	0.075323
581	0.075283
2142	0.075221
966	0.075172
12593	0.074968
9465	0.074894
138	0.074850
9890	0.074686
10373	0.074621
10714	0.074551
3843	0.074547
5751	0.074514
1289	0.074492
5389	0.074394
10366	0.074359
6469	0.074318
8797	0.074227
3305	0.074216
3302	0.074216
10530	0.074027
5208	0.073892
11161	0.073870
481	0.073652
4681	0.073635
938	0.073622
4594	0.073549
5430	0.073533
4908	0.073530
1538	0.073463
4567	0.073403
4565	0.073403
12727	0.073247
1738	0.073120
10365	0.072931
11925	0.072910
2868	0.072875
10046	0.072791
3845	0.072705
1378	0.072504
520	0.072472
906	0.072431
2752	0.072340
3509	0.072339
12929	0.072212
8465	0.072167
2663	0.072129
2241	0.072091
11214	0.072083
4033	0.071825
7989	0.071749
10136	0.071718
13154	0.071604
13060	0.071602
13055	0.071602
13048	0.071602
13014	0.071602
13009	0.071602
12892	0.071602
8379	0.071602
10068	0.071496
11796	0.071458
13114	0.071424
4130	0.071274
5349	0.071238
10073	0.071165
6877	0.071162
10114	0.071107
5144	0.071051
10517	0.070884
5638	0.070852
2667	0.070808
13175	0.070778
2055	0.070762
2736	0.070731
10021	0.070685
13357	0.070637
6063	0.070564
620	0.070520
6825	0.070512
13288	0.070425
12711	0.070387
9881	0.070359
733	0.070247
14252	0.070152
3718	0.070152
10802	0.070148
2655	0.070049
933	0.070030
1138	0.069992
3272	0.069972
12852	0.069968
8380	0.069956
8444	0.069901
4889	0.069898
5590	0.069742
3112	0.069473
185	0.069454
9903	0.069416
9882	0.069416
494	0.069348
8079	0.069316
3866	0.069303
3864	0.069303
904	0.069238
1168	0.068966
5607	0.068806
8054	0.068804
6887	0.068775
16	0.068768
9493	0.068768
4822	0.068672
5609	0.068642
1648	0.068537
3300	0.068535
9948	0.068357
11934	0.068346
402	0.068236
13166	0.068234
11642	0.068225
2777	0.068219
4907	0.068078
805	0.068004
8884	0.067936
10510	0.067915
2236	0.067888
5592	0.067824
13753	0.067785
12871	0.067778
9889	0.067765
12607	0.067710
6577	0.067698
8467	0.067683
5350	0.067676
13757	0.067611
5122	0.067611
5121	0.067611
1827	0.067610
14326	0.067427
3648	0.067399
969	0.067310
8329	0.067216
9419	0.067165
10866	0.067159
3601	0.067139
1435	0.067108
5037	0.067100
10867	0.067049
11807	0.067022
773	0.066980
12588	0.066968
2306	0.066916
12444	0.066912
12617	0.066900
13242	0.066896
13241	0.066896
5595	0.066896
5594	0.066896
1923	0.066875
12445	0.066873
4491	0.066862
13239	0.066849
8935	0.066803
165	0.066661
13754	0.066649
10037	0.066615
1753	0.066608
11879	0.066599
2842	0.066599
4434	0.066560
13223	0.066536
11518	0.066518
750	0.066514
4831	0.066449
5598	0.066426
3782	0.066389
13619	0.066306
755	0.066298
7026	0.066284
8918	0.066281
3342	0.066274
12931	0.066273
12864	0.066041
14255	0.066027
5526	0.065910
4888	0.065902
8359	0.065898
8358	0.065898
12071	0.065843
175	0.065843
12496	0.065833
10778	0.065717
358	0.065700
5502	0.065688
12080	0.065673
535	0.065662
7762	0.065598
4354	0.065577
2698	0.065574
8003	0.065513
12004	0.065216
5578	0.065216
5577	0.065216
2662	0.065216
11941	0.065216
9827	0.065215
567	0.065113
9426	0.065070
3672	0.065063
11494	0.064967
11565	0.064926
5067	0.064886
3707	0.064844
6328	0.064802
616	0.064759
992	0.064742
11219	0.064657
13832	0.064576
77	0.064527
10139	0.064488
2726	0.064486
9537	0.064368
2680	0.064319
11119	0.064240
1507	0.064168
5859	0.064115
5803	0.064114
1518	0.063993
13061	0.063907
5832	0.063862
13765	0.063791
13227	0.063747
11928	0.063724
8501	0.063724
2779	0.063724
2756	0.063724
7	0.063703
13272	0.063690
2786	0.063690
2782	0.063690
1505	0.063690
2743	0.063675
11927	0.063659
2759	0.063659
11878	0.063656
5236	0.063597
1570	0.063547
10521	0.063537
4483	0.063528
11495	0.063421
13275	0.063407
6289	0.063171
1166	0.063168
3014	0.063103
5244	0.062978
9848	0.062888
126	0.062845
9138	0.062797
387	0.062763
11599	0.062734
2169	0.062734
10278	0.062720
1865	0.062695
12595	0.062673
4680	0.062672
10336	0.062640
12415	0.062626
10195	0.062542
2665	0.062493
12413	0.062468
964	0.062435
8979	0.062373
3301	0.062340
11160	0.062247
4477	0.062171
12386	0.062013
9146	0.061955
3516	0.061943
1047	0.061922
10482	0.061766
2234	0.061686
3551	0.061666
1108	0.061637
3540	0.061636
2130	0.061621
10998	0.061613
10997	0.061613
14109	0.061590
10736	0.061590
7687	0.061548
9550	0.061520
13943	0.061506
2722	0.061499
6535	0.061454
12146	0.061392
8582	0.061392
7599	0.061392
3695	0.061392
3694	0.061392
3616	0.061392
3202	0.061377
7146	0.061375
2233	0.061372
12930	0.061372
12928	0.061372
12406	0.061366
13225	0.061365
12799	0.061360
12412	0.061349
8016	0.061249
13839	0.061146
3189	0.061114
4164	0.061058
10735	0.061015
957	0.060967
954	0.060967
4862	0.060957
11535	0.060919
4451	0.060822
9967	0.060818
463	0.060782
12573	0.060778
12509	0.060757
14247	0.060704
11515	0.060674
8425	0.060604
1783	0.060581
5639	0.060551
9188	0.060530
13155	0.060433
714	0.060413
12701	0.060397
9572	0.060397
4458	0.060385
11655	0.060357
12142	0.060330
4978	0.060309
774	0.060307
5426	0.060239
11877	0.060219
10982	0.060187
10985	0.060151
4558	0.060144
10358	0.060141
1376	0.060131
8564	0.060120
12634	0.060088
9522	0.060080
6471	0.060078
12621	0.060060
8146	0.060050
8602	0.060046
2596	0.060027
12609	0.060020
10069	0.059995
14196	0.059979
6349	0.059937
18	0.059936
13254	0.059871
12934	0.059871
12933	0.059871
12932	0.059871
12081	0.059871
8996	0.059871
8994	0.059871
8992	0.059871
6354	0.059871
10721	0.059869
12926	0.059861
1079	0.059853
12935	0.059853
1205	0.059831
11497	0.059816
11843	0.059758
6998	0.059758
11842	0.059757
6486	0.059757
934	0.059743
5608	0.059741
5800	0.059734
12574	0.059717
12733	0.059688
4238	0.059622
6604	0.059617
5311	0.059599
5022	0.059549
10140	0.059515
2572	0.059457
139	0.059392
8656	0.059385
6649	0.059375
6647	0.059375
6646	0.059375
5610	0.059375
12580	0.059335
3199	0.059259
464	0.059231
3332	0.059231
4137	0.059195
10547	0.059155
11095	0.059133
10586	0.059126
739	0.059112
12649	0.059105
1469	0.059073
12163	0.058967
4430	0.058967
4429	0.058967
4428	0.058967
6444	0.058966
7396	0.058961
9088	0.058953
6603	0.058880
11223	0.058854
5854	0.058826
7614	0.058799
7613	0.058799
11683	0.058792
940	0.058789
5120	0.058771
324	0.058722
13584	0.058703
5686	0.058671
8422	0.058611
12557	0.058599
5549	0.058559
6165	0.058558
5833	0.058548
8354	0.058492
9398	0.058480
9399	0.058458
8353	0.058458
1466	0.058449
7727	0.058400
7753	0.058399
7216	0.058399
8172	0.058387
7619	0.058378
7367	0.058376
11311	0.058314
2761	0.058301
11368	0.058292
8249	0.058277
9976	0.058267
561	0.058259
7215	0.058242
3869	0.058180
7231	0.058177
9862	0.058123
2971	0.058117
12650	0.058115
12592	0.058075
10851	0.058071
5798	0.058025
5840	0.058021
10983	0.058018
3366	0.058015
11419	0.057932
13439	0.057924
9936	0.057878
7388	0.057872
11650	0.057871
4023	0.057857
5567	0.057834
9937	0.057797
10575	0.057784
2783	0.057689
11151	0.057667
9238	0.057634
5170	0.057632
10162	0.057592
61	0.057588
11474	0.057586
12079	0.057584
3877	0.057541
1007	0.057531
5235	0.057530
3497	0.057508
8072	0.057489
6446	0.057441
3615	0.057415
968	0.057385
3518	0.057374
531	0.057323
12169	0.057317
8917	0.057317
8730	0.057304
4909	0.057302
12695	0.057260
6164	0.057246
5632	0.057246
941	0.057234
14103	0.057219
8495	0.057219
12503	0.057205
11310	0.057184
6136	0.057150
4455	0.057123
9944	0.057087
528	0.057066
12610	0.057030
3201	0.057011
6348	0.056989
10074	0.056968
11539	0.056941
6460	0.056939
8056	0.056919
13324	0.056918
3607	0.056846
4261	0.056818
13758	0.056715
9835	0.056709
11721	0.056583
6733	0.056528
6355	0.056524
4591	0.056522
12227	0.056396
4488	0.056373
10706	0.056321
10033	0.056306
12515	0.056275
9283	0.056165
12927	0.056152
12329	0.056094
10075	0.056083
13559	0.056069
1240	0.056064
6007	0.056040
958	0.055928
6714	0.055881
12608	0.055877
1143	0.055875
10324	0.055861
12500	0.055861
12343	0.055851
7589	0.055851
12293	0.055816
7181	0.055816
4078	0.055813
2029	0.055752
6655	0.055751
12745	0.055748
12525	0.055719
2209	0.055689
3597	0.055670
4765	0.055669
3875	0.055659
2480	0.055656
7333	0.055616
1033	0.055601
8919	0.055600
10703	0.055593
10339	0.055568
12741	0.055563
1573	0.055541
11458	0.055537
7620	0.055499
11894	0.055456
2747	0.055456
11117	0.055456
3021	0.055448
3876	0.055391
9029	0.055375
12193	0.055348
2311	0.055320
4457	0.055312
6467	0.055220
12874	0.055200
2035	0.055194
10503	0.055192
12898	0.055101
5985	0.055100
2713	0.055076
11597	0.055076
182	0.055046
11571	0.055038
10682	0.054979
10020	0.054972
7153	0.054942
846	0.054939
7518	0.054889
7545	0.054828
10325	0.054824
6000	0.054805
11554	0.054798
10713	0.054788
11872	0.054760
4185	0.054727
1393	0.054704
1028	0.054703
3451	0.054701
2859	0.054700
1932	0.054697
9757	0.054628
4704	0.054626
11376	0.054604
12408	0.054597
12411	0.054538
4984	0.054525
7958	0.054517
812	0.054497
6431	0.054483
7336	0.054476
3632	0.054439
5727	0.054433
5932	0.054409
11084	0.054392
11083	0.054392
9380	0.054392
9378	0.054392
9376	0.054392
9374	0.054392
7339	0.054392
7338	0.054392
7335	0.054392
7334	0.054392
7416	0.054358
3989	0.054333
2586	0.054305
13174	0.054291
9958	0.054251
14063	0.054225
2155	0.054214
10027	0.054182
2652	0.054180
11294	0.054179
10769	0.054179
11385	0.054166
11400	0.054139
11036	0.054122
10019	0.054108
8080	0.054107
6062	0.054068
4579	0.054056
12156	0.054048
8201	0.054048
3501	0.054048
3502	0.054028
13337	0.053998
5507	0.053998
11485	0.053961
1208	0.053877
5277	0.053776
741	0.053761
7062	0.053741
5258	0.053731
9025	0.053714
3409	0.053706
8022	0.053668
3495	0.053627
11007	0.053613
971	0.053586
181	0.053538
11366	0.053519
3369	0.053504
1017	0.053475
1239	0.053468
14042	0.053467
6371	0.053450
7906	0.053397
3542	0.053384
12407	0.053326
13838	0.053322
1826	0.053308
2681	0.053293
9111	0.053292
9107	0.053288
12596	0.053213
12232	0.053208
9106	0.053112
10483	0.053105
3624	0.053102
3523	0.053097
349	0.053078
12859	0.053020
12860	0.053016
9099	0.052992
12107	0.052969
3626	0.052939
10526	0.052934
11257	0.052932
8887	0.052931
12956	0.052889
3608	0.052884
3514	0.052877
3513	0.052877
2583	0.052869
12597	0.052846
10522	0.052843
4827	0.052791
2260	0.052694
8024	0.052663
1584	0.052642
10927	0.052615
569	0.052612
1712	0.052574
5870	0.052532
10441	0.052524
3339	0.052506
130	0.052501
13995	0.052485
12536	0.052448
180	0.052425
10032	0.052397
8993	0.052352
6169	0.052320
14119	0.052307
9769	0.052224
7139	0.052221
9091	0.052138
6703	0.052105
