13265	0.169303
11658	0.168420
7774	0.149185
5641	0.149185
5642	0.149162
5347	0.148709
2105	0.141819
3209	0.140361
9462	0.138691
11858	0.137924
9439	0.137549
13054	0.136393
3212	0.134713
4618	0.132307
1419	0.129921
2958	0.126460
1673	0.125794
2820	0.125594
3428	0.124040
11073	0.123243
4538	0.122574
1420	0.121900
991	0.120891
3389	0.119672
3438	0.119612
2052	0.119369
5423	0.119281
13076	0.118398
5424	0.118350
3007	0.117467
6695	0.117336
392	0.117255
2280	0.116403
2708	0.115972
2277	0.115028
11989	0.114962
2600	0.113306
2952	0.112839
2097	0.111972
1030	0.111955
5033	0.110563
876	0.109866
2107	0.109650
4537	0.109627
677	0.109491
13665	0.109077
1756	0.109058
5034	0.107744
11178	0.107464
3429	0.107077
2831	0.106675
4947	0.106609
8171	0.106488
6938	0.106265
4468	0.106084
4106	0.105933
7872	0.105589
8352	0.105584
8351	0.105584
2957	0.105584
2956	0.105584
7224	0.105012
6574	0.105012
5527	0.105012
4542	0.104885
2110	0.104354
3441	0.103875
4105	0.103758
304	0.103663
4235	0.103612
6895	0.102743
3837	0.102703
2109	0.102562
7526	0.101703
2486	0.101673
8864	0.101659
8863	0.101659
8583	0.101659
8124	0.101659
7904	0.101659
7903	0.101659
7902	0.101659
7901	0.101659
7900	0.101659
7899	0.101659
7897	0.101659
7896	0.101659
7895	0.101659
6838	0.101429
5918	0.099705
874	0.099433
4463	0.099045
7281	0.098632
14128	0.098546
2902	0.098251
13850	0.098093
6896	0.096960
6754	0.096439
11279	0.096222
8009	0.095966
2968	0.095842
11091	0.095779
13036	0.094428
11739	0.094224
5185	0.093986
3176	0.093159
7131	0.092995
51	0.092982
9086	0.092706
13394	0.092641
3739	0.092357
5815	0.092345
5433	0.092276
498	0.092253
9085	0.092223
10245	0.091963
11416	0.091914
3745	0.091565
12053	0.091535
3437	0.091409
4416	0.091356
4466	0.091033
11202	0.090649
5219	0.090638
235	0.090570
11109	0.090425
12182	0.089978
4464	0.089978
12101	0.089664
4113	0.089608
4112	0.089374
5546	0.089353
10089	0.089281
6102	0.089188
2871	0.088805
14248	0.088488
8047	0.088488
13942	0.088454
6987	0.088352
3425	0.088121
2962	0.088081
221	0.087469
6532	0.087447
1119	0.086921
1120	0.086793
3440	0.086628
7036	0.086551
2114	0.086366
13247	0.086184
4204	0.085981
2423	0.085241
4465	0.084930
1952	0.084738
5500	0.084732
2281	0.084665
5035	0.084648
3921	0.084530
4111	0.084187
1285	0.084115
12281	0.083880
6619	0.083880
3636	0.083791
589	0.083654
268	0.083308
4175	0.082880
9237	0.082634
13448	0.082408
1109	0.082404
6077	0.082148
9775	0.082107
2182	0.082081
352	0.082079
4667	0.081614
7295	0.081397
12030	0.081352
10098	0.081346
7955	0.081219
1232	0.081215
1229	0.081215
9218	0.081093
11987	0.081085
633	0.080757
7510	0.080662
7379	0.080660
1111	0.080509
6482	0.080227
4304	0.080203
4302	0.080203
11999	0.080183
8329	0.080044
4176	0.079834
10097	0.079754
6217	0.079727
12276	0.079705
14263	0.079705
14002	0.079705
14001	0.079705
14000	0.079705
13998	0.079705
13996	0.079705
6666	0.079705
5064	0.079705
4854	0.079705
4852	0.079705
4671	0.079509
4669	0.079509
2990	0.079488
11733	0.079444
12873	0.079396
2185	0.079264
861	0.079151
1919	0.079146
2821	0.079138
469	0.079116
4670	0.078890
7913	0.078859
5968	0.078859
470	0.078859
12219	0.078777
2522	0.078722
8615	0.078677
4977	0.078627
10507	0.078425
2170	0.078298
3789	0.078291
877	0.077927
10273	0.077861
6380	0.077568
2128	0.077415
2892	0.077407
9438	0.077373
3907	0.077346
4118	0.077343
5375	0.077207
7207	0.076929
5967	0.076905
1132	0.076526
3507	0.076358
2828	0.076320
6393	0.075970
2111	0.075939
2267	0.075685
12348	0.075632
12207	0.075512
4865	0.075323
4037	0.075273
1133	0.075139
1115	0.074956
4976	0.074906
823	0.074811
2996	0.074741
11607	0.074170
4168	0.074123
2119	0.074018
7676	0.073714
7511	0.073535
404	0.073502
5413	0.073395
7453	0.073337
3538	0.073318
3905	0.073239
11618	0.073172
1816	0.073104
10550	0.073001
4850	0.072905
4838	0.072644
4305	0.072505
13997	0.072487
4090	0.072421
6407	0.072385
6689	0.072361
6967	0.072361
10249	0.072295
353	0.072266
11964	0.072194
6305	0.072185
13030	0.072163
10255	0.072157
9307	0.072138
2274	0.072055
12338	0.072053
7757	0.071995
12069	0.071804
10275	0.071739
12252	0.071703
3383	0.071694
6920	0.071508
7381	0.071508
6317	0.071471
12954	0.071316
4668	0.071047
11968	0.070986
949	0.070986
1402	0.070882
12909	0.070781
1118	0.070776
7414	0.070771
9413	0.070656
4383	0.070541
2188	0.070417
12070	0.070413
7713	0.070331
10274	0.070264
9231	0.070132
2113	0.070122
8634	0.070110
11737	0.070085
9361	0.069779
12010	0.069417
1346	0.069354
4849	0.069328
5299	0.069078
2523	0.069054
6191	0.068998
4873	0.068923
6302	0.068796
6267	0.068796
9623	0.068754
2881	0.068670
6616	0.068670
2283	0.068634
4306	0.068608
781	0.068363
2823	0.068050
9869	0.067607
4262	0.067498
8910	0.067457
6395	0.067442
14004	0.067369
4866	0.067369
12315	0.067305
1400	0.067041
14003	0.066998
4998	0.066947
85	0.066708
5184	0.066576
3068	0.066379
9226	0.066330
9217	0.066330
8534	0.066330
7827	0.066314
5745	0.066179
12414	0.066150
5354	0.066099
11074	0.066057
1228	0.066029
2176	0.065983
10076	0.065890
10077	0.065742
8584	0.065705
11076	0.065701
487	0.065681
1833	0.065657
4319	0.065622
3977	0.065423
2442	0.065346
14162	0.065332
1403	0.064921
2118	0.064848
6677	0.064684
11072	0.064604
4958	0.064437
5746	0.064170
492	0.064024
5177	0.063888
6472	0.063765
6598	0.063666
1785	0.063641
5217	0.063629
9207	0.063444
9205	0.063444
8528	0.063444
2203	0.063362
4121	0.063313
1291	0.063237
6761	0.063127
8635	0.063109
4855	0.062930
6017	0.062808
7457	0.062726
9204	0.062718
8592	0.062718
4935	0.062629
7288	0.062495
4596	0.062436
5118	0.062417
6415	0.062378
9957	0.062370
14269	0.062248
2709	0.062241
6732	0.062238
4672	0.062229
370	0.062038
2124	0.061934
6051	0.061875
524	0.061783
12357	0.061738
7920	0.061712
8636	0.061696
9484	0.061616
9483	0.061616
11903	0.061587
713	0.061512
10801	0.061365
4660	0.061362
645	0.061353
4216	0.061261
4692	0.061180
8773	0.061057
6621	0.061057
2117	0.061027
4169	0.060932
8671	0.060841
9235	0.060841
9230	0.060841
9228	0.060841
9225	0.060841
9224	0.060841
9221	0.060841
9219	0.060841
9214	0.060841
9213	0.060841
9211	0.060841
9209	0.060841
9208	0.060841
9206	0.060841
9193	0.060841
8807	0.060841
8679	0.060841
8677	0.060841
8675	0.060841
8674	0.060841
8673	0.060841
8670	0.060841
8637	0.060841
8633	0.060841
8631	0.060841
8610	0.060841
8591	0.060841
8539	0.060841
8538	0.060841
8537	0.060841
8536	0.060841
8529	0.060841
8526	0.060841
8525	0.060841
8632	0.060841
6443	0.060770
8312	0.060691
6576	0.060614
6889	0.060556
3320	0.060466
6758	0.060462
86	0.060282
4836	0.060256
6618	0.060194
3778	0.060148
716	0.059934
4240	0.059874
12296	0.059792
6244	0.059792
11988	0.059621
2	0.059597
4778	0.059574
2197	0.059302
13999	0.059243
5005	0.059243
881	0.059174
8090	0.059165
2847	0.059165
2843	0.059165
2839	0.059165
9024	0.059102
9023	0.059102
9022	0.059102
8949	0.059102
11112	0.059102
2840	0.058917
2191	0.058643
1905	0.058625
9177	0.058513
7468	0.058505
2967	0.058505
4693	0.058447
7422	0.058427
7400	0.058324
997	0.058180
13545	0.058126
12141	0.058031
9202	0.058018
2521	0.057987
3986	0.057952
13449	0.057791
9942	0.057750
9931	0.057750
9930	0.057750
9921	0.057750
9901	0.057750
9899	0.057750
9895	0.057750
9866	0.057750
9836	0.057750
9832	0.057750
9810	0.057750
9698	0.057750
9636	0.057750
9570	0.057750
9299	0.057750
7767	0.057721
13928	0.057705
9706	0.057695
9317	0.057616
2954	0.057555
6806	0.057408
7282	0.057357
12367	0.057250
10701	0.057149
10808	0.057125
3908	0.057118
3388	0.057107
6127	0.057079
8565	0.057033
247	0.057013
13293	0.056900
13013	0.056865
12962	0.056865
8293	0.056857
4824	0.056834
12138	0.056781
12137	0.056781
12068	0.056781
11864	0.056781
9215	0.056764
1745	0.056525
9415	0.056452
8851	0.056452
8850	0.056452
7261	0.056437
14052	0.056212
10065	0.056212
13926	0.056202
38	0.056156
6255	0.056122
7977	0.056070
5348	0.056003
9201	0.055929
3940	0.055862
8041	0.055823
2981	0.055815
578	0.055757
11678	0.055746
9919	0.055737
12915	0.055719
12914	0.055719
3738	0.055701
586	0.055684
9192	0.055556
2108	0.055491
4834	0.055427
782	0.055389
679	0.055381
9347	0.055304
2363	0.055299
35	0.055096
3666	0.054985
5272	0.054955
2965	0.054870
3973	0.054809
9686	0.054752
7642	0.054733
5555	0.054705
1534	0.054689
4241	0.054592
1953	0.054584
1954	0.054584
12799	0.054580
12234	0.054560
11646	0.054504
8319	0.054483
8792	0.054482
8503	0.054449
11800	0.054439
13910	0.054310
7200	0.054301
5883	0.054295
879	0.054262
2980	0.054250
2227	0.054210
12670	0.054173
11289	0.054098
5934	0.053991
5933	0.053991
9135	0.053955
4205	0.053954
5877	0.053923
1237	0.053852
1094	0.053784
10589	0.053551
4595	0.053540
1085	0.053473
12275	0.053446
243	0.053445
3311	0.053439
9741	0.053420
3310	0.053420
8611	0.053406
4624	0.053399
6065	0.053379
5183	0.053342
8916	0.053337
8915	0.053337
8914	0.053337
8913	0.053337
8912	0.053337
8911	0.053337
7634	0.053337
6568	0.053337
2955	0.053325
2953	0.053325
1835	0.053316
2080	0.053309
1951	0.053284
9220	0.053212
1836	0.053122
5880	0.053040
11998	0.053001
295	0.052989
11715	0.052983
4450	0.052950
4377	0.052946
1309	0.052922
2660	0.052919
13694	0.052898
1280	0.052886
3314	0.052847
2666	0.052769
10800	0.052684
4248	0.052580
10110	0.052579
7883	0.052577
4249	0.052577
4247	0.052577
4246	0.052577
4242	0.052577
4244	0.052574
4245	0.052563
5305	0.052543
6457	0.052541
6908	0.052506
4848	0.052503
14290	0.052464
6064	0.052350
9200	0.052159
875	0.052078
3742	0.052073
830	0.052063
11849	0.052055
1734	0.051951
1235	0.051947
8530	0.051866
4087	0.051839
4120	0.051838
351	0.051762
73	0.051669
4045	0.051646
10511	0.051540
13698	0.051448
13544	0.051448
9210	0.051298
4160	0.051253
817	0.051250
12295	0.051231
6243	0.051231
6053	0.051203
1121	0.051137
4853	0.051104
5487	0.051069
4509	0.050963
4392	0.050941
12241	0.050917
12240	0.050917
8074	0.050917
7294	0.050917
6054	0.050917
4336	0.050917
13121	0.050903
4789	0.050903
4788	0.050903
11677	0.050880
4494	0.050880
4493	0.050880
10582	0.050841
13889	0.050835
2841	0.050793
11111	0.050781
591	0.050767
11552	0.050750
745	0.050747
1297	0.050743
5245	0.050723
4661	0.050675
3434	0.050668
9152	0.050660
9711	0.050601
9708	0.050601
9707	0.050601
9705	0.050601
9703	0.050601
9699	0.050514
10499	0.050340
6366	0.050293
11966	0.050279
2453	0.050268
8714	0.050234
751	0.050186
8471	0.050167
184	0.050157
9256	0.050019
3443	0.050017
9120	0.050011
6851	0.049997
11638	0.049989
3638	0.049912
8676	0.049887
3287	0.049881
5510	0.049836
13374	0.049687
13373	0.049687
11817	0.049643
6990	0.049643
6078	0.049622
11767	0.049618
1090	0.049502
13517	0.049462
2542	0.049403
11976	0.049391
4787	0.049362
2661	0.049319
4922	0.049295
9794	0.049268
10661	0.049181
7202	0.049177
930	0.049138
3747	0.049126
792	0.049110
6725	0.049067
2621	0.049050
11679	0.048996
3740	0.048860
4659	0.048808
4128	0.048799
7856	0.048779
5268	0.048732
7635	0.048731
7633	0.048731
3506	0.048647
1758	0.048617
9735	0.048607
13060	0.048518
13055	0.048518
13048	0.048518
13014	0.048518
13009	0.048518
12892	0.048518
8379	0.048518
11616	0.048504
4648	0.048504
4643	0.048504
9704	0.048351
225	0.048349
4325	0.048301
12310	0.048158
3426	0.048149
2380	0.048144
4148	0.048128
6812	0.048059
8922	0.047995
12572	0.047928
6147	0.047833
1535	0.047776
3002	0.047757
1812	0.047734
1811	0.047734
10839	0.047703
6303	0.047646
9938	0.047642
7551	0.047642
7550	0.047642
7539	0.047642
7538	0.047642
5346	0.047555
4163	0.047483
14418	0.047433
14417	0.047433
13284	0.047433
13152	0.047433
9795	0.047433
9793	0.047433
9792	0.047433
9791	0.047433
9789	0.047433
9745	0.047433
9163	0.047433
8614	0.047433
8613	0.047433
8177	0.047433
9460	0.047432
1656	0.047426
7958	0.047411
13897	0.047356
814	0.047352
2027	0.047342
1238	0.047319
8076	0.047314
10491	0.047278
14358	0.047236
14303	0.047231
14302	0.047231
14301	0.047231
14300	0.047231
14299	0.047231
4312	0.047168
13689	0.047100
13489	0.047100
4646	0.047078
9797	0.047057
1694	0.047056
13319	0.047011
4951	0.047008
10733	0.046989
4895	0.046973
1044	0.046949
9393	0.046859
7167	0.046834
3604	0.046834
13680	0.046782
12311	0.046774
11937	0.046771
2605	0.046759
3914	0.046739
1809	0.046712
3142	0.046674
14085	0.046666
5366	0.046645
11147	0.046629
7880	0.046542
2186	0.046361
10031	0.046341
11742	0.046315
5226	0.046315
6836	0.046313
1869	0.046313
224	0.046309
3715	0.046204
1731	0.046166
12188	0.046109
12048	0.046073
2064	0.046065
6009	0.046064
4742	0.046064
11177	0.046024
2102	0.046010
12756	0.046006
8432	0.045996
8431	0.045996
6473	0.045970
6295	0.045948
5477	0.045858
12764	0.045856
1777	0.045812
2199	0.045804
459	0.045706
457	0.045704
2073	0.045696
2112	0.045682
3093	0.045664
4294	0.045631
5914	0.045631
1112	0.045625
10838	0.045613
639	0.045601
9779	0.045578
11624	0.045557
6179	0.045469
683	0.045466
5541	0.045453
2116	0.045443
2104	0.045442
2201	0.045415
11298	0.045415
10994	0.045415
3952	0.045408
1956	0.045303
5935	0.045294
1889	0.045273
1097	0.045268
4743	0.045256
9174	0.045244
2979	0.045218
13442	0.045216
10694	0.045196
6430	0.045188
1123	0.045188
2195	0.045145
5712	0.045125
5711	0.045125
5710	0.045125
11123	0.045122
1898	0.045082
13603	0.045057
13238	0.045057
9553	0.045057
2959	0.045057
12103	0.045057
2046	0.045057
3870	0.045036
11930	0.045021
2192	0.045006
2204	0.044980
10377	0.044936
2184	0.044932
5829	0.044902
129	0.044897
10378	0.044880
1304	0.044817
11226	0.044798
8875	0.044795
13541	0.044779
11652	0.044697
5876	0.044673
10664	0.044652
6101	0.044638
12908	0.044623
9411	0.044623
4469	0.044622
9412	0.044622
8892	0.044617
11904	0.044609
8234	0.044589
6406	0.044579
3360	0.044563
12043	0.044457
8207	0.044448
10232	0.044428
12955	0.044402
2964	0.044373
11587	0.044356
12274	0.044321
8236	0.044321
8235	0.044321
6980	0.044321
6953	0.044321
298	0.044321
11784	0.044314
6157	0.044293
3064	0.044275
10277	0.044235
9928	0.044223
13199	0.044209
13198	0.044209
13767	0.044102
13621	0.044087
9232	0.043966
7700	0.043952
5790	0.043852
9870	0.043808
6656	0.043745
4511	0.043672
316	0.043655
2172	0.043654
2245	0.043644
12325	0.043588
12721	0.043583
2177	0.043582
5830	0.043557
3536	0.043550
9199	0.043533
7699	0.043521
2452	0.043495
3193	0.043492
7101	0.043479
2960	0.043469
6963	0.043462
9062	0.043432
3539	0.043393
4042	0.043376
1146	0.043361
11803	0.043337
12201	0.043315
12143	0.043311
6470	0.043298
10226	0.043258
6251	0.043239
6249	0.043239
6830	0.043239
7556	0.043189
6434	0.043189
6530	0.043173
8140	0.043140
596	0.043077
