3428	0.150377
11073	0.146566
4618	0.140757
4947	0.138009
6938	0.133737
7224	0.133489
6574	0.133489
5527	0.133489
11091	0.131696
3429	0.131124
4235	0.130915
5424	0.129360
677	0.128582
2831	0.127028
3007	0.126779
13265	0.126778
392	0.126424
3389	0.125811
11658	0.125413
5423	0.125349
991	0.125076
3441	0.125019
11109	0.123506
11178	0.123054
9085	0.121365
11416	0.121280
9086	0.121200
2486	0.121097
5185	0.120491
235	0.119287
2871	0.119149
11202	0.117822
5815	0.117574
14128	0.116605
4463	0.116393
6754	0.114556
3438	0.114081
2280	0.113864
4168	0.113500
10089	0.113358
7036	0.112704
3837	0.111496
2952	0.110165
11858	0.108662
9439	0.108576
6812	0.108369
12182	0.108229
4464	0.108229
9462	0.108132
2281	0.107937
5033	0.107225
3440	0.106623
10245	0.106126
13665	0.105589
5177	0.105236
5034	0.104328
1673	0.103262
2958	0.103094
14248	0.103062
8047	0.103062
13942	0.102954
1419	0.102901
4305	0.102444
7757	0.102292
2820	0.101652
3209	0.101598
3425	0.101579
4204	0.101276
1420	0.099975
2052	0.098904
4465	0.098417
10255	0.098261
13054	0.098255
7510	0.096289
4304	0.095850
4302	0.095850
11999	0.095841
1756	0.095752
2105	0.095580
4538	0.095243
3789	0.095227
7457	0.094788
8171	0.094093
4208	0.093853
12315	0.093830
10550	0.093407
12197	0.092775
10273	0.092304
3212	0.092179
12348	0.091709
10274	0.091705
9919	0.091593
6758	0.091526
11607	0.090635
10507	0.090630
10275	0.090349
7955	0.090021
7774	0.089119
5641	0.089119
5642	0.089094
4319	0.088892
5347	0.088187
10801	0.088090
4106	0.086758
4205	0.086706
7281	0.086597
2283	0.086345
4105	0.085978
7872	0.085919
8352	0.085915
8351	0.085915
2957	0.085915
2956	0.085915
268	0.085428
6895	0.084750
7201	0.083934
5413	0.083553
8009	0.083181
10808	0.082830
10249	0.082805
2423	0.082660
3986	0.081965
8615	0.080955
6415	0.080843
4693	0.080585
3838	0.080573
11279	0.080306
2968	0.080293
4542	0.080253
13036	0.079971
3739	0.079430
13850	0.079091
10480	0.078942
4537	0.078816
13568	0.078701
6987	0.078624
3745	0.078600
12053	0.078552
7131	0.078339
3176	0.078308
3715	0.078275
4392	0.077976
12241	0.077947
12240	0.077947
8074	0.077947
7294	0.077947
6054	0.077947
4336	0.077947
6896	0.077769
2660	0.077607
2902	0.077586
4792	0.077162
5035	0.077097
5071	0.077084
4416	0.077049
6747	0.076048
1785	0.075968
6102	0.075632
3068	0.075617
12029	0.075553
4306	0.074838
2114	0.074691
1030	0.074497
4958	0.074287
2170	0.073977
9307	0.073966
6457	0.073891
4090	0.073864
8383	0.073126
10837	0.073087
6844	0.072775
2823	0.072726
2661	0.072682
9256	0.072598
5028	0.072471
9775	0.072230
11998	0.072187
4377	0.072164
4450	0.072098
3977	0.071881
6051	0.071650
9706	0.071563
11365	0.071551
11270	0.071551
10957	0.071551
7144	0.071551
7200	0.071512
9218	0.071367
4291	0.071236
7526	0.070983
9900	0.070979
9165	0.070979
7387	0.070979
9908	0.070954
9164	0.070954
8864	0.070933
8863	0.070933
8583	0.070933
8124	0.070933
7904	0.070933
7903	0.070933
7902	0.070933
7901	0.070933
7900	0.070933
7899	0.070933
7897	0.070933
7896	0.070933
7895	0.070933
10916	0.070736
6838	0.070556
11297	0.070547
7207	0.070406
11112	0.070335
12030	0.070332
9917	0.070258
6532	0.070155
3921	0.070078
12252	0.069970
11989	0.069861
3908	0.069745
9276	0.069632
9275	0.069632
9166	0.069632
7173	0.069632
7138	0.069632
7133	0.069632
7069	0.069632
10628	0.069589
14	0.069368
6053	0.069273
11164	0.069209
4660	0.068974
6667	0.068863
11739	0.068836
11076	0.068354
11074	0.068270
10568	0.068158
6395	0.068043
13376	0.067675
4671	0.067670
4669	0.067670
2990	0.067661
4670	0.067660
5217	0.067645
11728	0.067336
10639	0.067261
10031	0.067254
7282	0.067171
1816	0.066935
5154	0.066843
1882	0.066822
4667	0.066470
3742	0.066247
8611	0.066108
9926	0.066048
9925	0.066048
9924	0.066048
9852	0.066048
7773	0.066048
7447	0.066048
6732	0.065994
876	0.065971
11239	0.065965
11238	0.065965
5219	0.065931
2996	0.065858
11729	0.065667
10615	0.065451
874	0.065448
2276	0.065443
2075	0.065439
6317	0.065347
3320	0.065288
9237	0.065202
6946	0.065082
5376	0.064943
7970	0.064807
12101	0.064696
13497	0.064692
7205	0.064690
10272	0.064663
9484	0.064626
9483	0.064626
1119	0.064425
1120	0.064422
7584	0.064199
13247	0.064128
221	0.064125
8314	0.064116
9438	0.063954
2600	0.063924
5433	0.063903
404	0.063867
1133	0.063833
11177	0.063698
2097	0.063648
2111	0.063472
6866	0.063437
6386	0.063187
2109	0.062950
1402	0.062688
7977	0.062529
11752	0.062396
9717	0.062247
1115	0.062129
11552	0.061958
5918	0.061945
11686	0.061897
2110	0.061838
51	0.061761
13498	0.061757
566	0.061748
6830	0.061625
11289	0.061517
5672	0.061431
14269	0.061339
10491	0.061288
2962	0.061258
8606	0.061057
1188	0.060983
3507	0.060954
1118	0.060937
1808	0.060909
3064	0.060894
2113	0.060819
11675	0.060814
10097	0.060664
2227	0.060656
2731	0.060603
6482	0.060601
8432	0.060585
8431	0.060585
4462	0.060578
5366	0.060473
11634	0.060251
5671	0.060207
4113	0.060205
9545	0.060172
4294	0.060084
4692	0.059937
5679	0.059884
3740	0.059863
4668	0.059840
7202	0.059834
4836	0.059795
5546	0.059730
877	0.059672
11111	0.059592
7856	0.059521
3135	0.059413
13321	0.059383
3210	0.059322
11587	0.059218
12873	0.059186
10098	0.059098
7379	0.059040
10661	0.059036
4721	0.058933
10925	0.058772
9938	0.058691
7551	0.058691
7550	0.058691
7539	0.058691
7538	0.058691
4112	0.058686
4951	0.058654
3174	0.058609
11964	0.058566
11182	0.058543
1400	0.058499
5354	0.058295
2832	0.058198
9207	0.058194
9205	0.058194
8528	0.058194
6829	0.058144
4037	0.058141
2833	0.058102
861	0.058100
469	0.058068
7676	0.058053
2078	0.058007
11800	0.057972
8855	0.057909
12367	0.057902
10701	0.057899
5680	0.057869
7913	0.057831
5968	0.057831
470	0.057831
11183	0.057814
6077	0.057788
1885	0.057732
1884	0.057732
1883	0.057732
7453	0.057720
3426	0.057712
3077	0.057581
8140	0.057556
3388	0.057449
3142	0.057282
7581	0.057201
6695	0.057129
6084	0.057097
4922	0.057073
6438	0.057067
10809	0.057056
7580	0.057056
2344	0.057012
11381	0.056953
7288	0.056929
8264	0.056894
11635	0.056841
7418	0.056813
3907	0.056772
8076	0.056754
4163	0.056721
6380	0.056692
14418	0.056684
14417	0.056684
13284	0.056684
13152	0.056684
9795	0.056684
9793	0.056684
9792	0.056684
9791	0.056684
9789	0.056684
9745	0.056684
9163	0.056684
8614	0.056684
8613	0.056684
8177	0.056684
2277	0.056634
6366	0.056548
9794	0.056198
8832	0.056167
589	0.056072
5967	0.056043
3434	0.056034
3211	0.056004
5221	0.055970
6814	0.055943
5355	0.055861
9192	0.055829
2666	0.055801
13394	0.055772
9779	0.055728
1535	0.055698
11677	0.055594
4494	0.055594
4493	0.055594
1346	0.055511
7511	0.055453
14358	0.055414
247	0.055397
1952	0.055365
11982	0.055272
5414	0.055272
5412	0.055272
3144	0.055171
3886	0.055141
12069	0.055020
3538	0.054984
1085	0.054966
3738	0.054964
1359	0.054943
13139	0.054860
11618	0.054836
1109	0.054755
5007	0.054709
4383	0.054694
10440	0.054653
6697	0.054572
11988	0.054560
3066	0.054536
9135	0.054442
8704	0.054427
4842	0.054368
6147	0.054349
4461	0.054333
8623	0.054253
3905	0.054194
6935	0.053988
13805	0.053976
5132	0.053976
4895	0.053960
9800	0.053790
6407	0.053733
7359	0.053711
5942	0.053666
11987	0.053653
14317	0.053652
7295	0.053630
13121	0.053545
4789	0.053545
4788	0.053545
6398	0.053480
370	0.053437
2523	0.053412
9942	0.053320
9931	0.053320
9930	0.053320
9921	0.053320
9901	0.053320
9899	0.053320
9895	0.053320
9866	0.053320
9836	0.053320
9832	0.053320
9810	0.053320
9698	0.053320
9636	0.053320
9570	0.053320
9299	0.053320
10852	0.053309
1921	0.053195
9998	0.053112
2176	0.053103
10509	0.053046
2021	0.053046
679	0.053019
3952	0.052858
9200	0.052826
13076	0.052780
14203	0.052719
13907	0.052719
13906	0.052719
13407	0.052719
11171	0.052719
8372	0.052719
7978	0.052719
3942	0.052719
4787	0.052709
10305	0.052508
4661	0.052477
9796	0.052447
3326	0.052442
73	0.052434
12249	0.052384
5008	0.052384
2002	0.052300
12764	0.052288
4659	0.052284
11556	0.052223
12399	0.052172
2182	0.052160
10498	0.052065
6127	0.052049
1141	0.052040
7419	0.051978
8041	0.051944
1812	0.051943
1811	0.051943
2020	0.051908
13812	0.051871
8265	0.051871
12527	0.051828
2124	0.051816
6291	0.051778
2185	0.051769
2522	0.051747
11733	0.051680
13319	0.051649
1184	0.051538
4469	0.051527
9711	0.051513
9708	0.051513
9707	0.051513
9705	0.051513
9703	0.051513
6397	0.051497
2381	0.051492
12756	0.051479
7713	0.051462
224	0.051446
9699	0.051412
13689	0.051407
13489	0.051407
10482	0.051407
1809	0.051323
5940	0.051304
4838	0.051264
2659	0.051185
6056	0.051183
13680	0.051168
6963	0.051153
9170	0.051138
5777	0.051081
12338	0.051005
5212	0.050908
2128	0.050837
2107	0.050829
353	0.050751
13293	0.050743
13448	0.050647
4045	0.050635
3370	0.050625
6920	0.050616
7381	0.050615
5272	0.050602
12396	0.050591
596	0.050585
5582	0.050580
12954	0.050568
5713	0.050438
2274	0.050415
12393	0.050366
7246	0.050354
11206	0.050352
10710	0.050325
1694	0.050258
1619	0.050089
6009	0.050079
4742	0.050079
3383	0.050054
13358	0.050014
5712	0.049962
5711	0.049962
5710	0.049962
11817	0.049898
6990	0.049898
7414	0.049892
5755	0.049786
14052	0.049739
10065	0.049739
4873	0.049664
10638	0.049636
13621	0.049582
12909	0.049575
12832	0.049562
5487	0.049533
1111	0.049503
2267	0.049482
13200	0.049477
9320	0.049477
9318	0.049477
9315	0.049477
9314	0.049477
9313	0.049477
9312	0.049477
9310	0.049477
9309	0.049477
9306	0.049477
9305	0.049477
8733	0.049477
8669	0.049477
8668	0.049477
8608	0.049477
8607	0.049477
8605	0.049477
8603	0.049477
7703	0.049477
7477	0.049477
7408	0.049477
9413	0.049453
9704	0.049438
12303	0.049398
2708	0.049392
5491	0.049332
11689	0.049322
6319	0.049214
7702	0.049120
9123	0.049102
1039	0.049049
2521	0.048995
12721	0.048953
11123	0.048858
4743	0.048845
5378	0.048744
13449	0.048672
3914	0.048662
10683	0.048642
5493	0.048550
5926	0.048530
1618	0.048463
12572	0.048444
5010	0.048433
13199	0.048293
13198	0.048293
3591	0.048291
11353	0.048275
10715	0.048275
11937	0.048227
10577	0.048143
4000	0.048084
12687	0.048043
11434	0.047970
5780	0.047965
8319	0.047922
10657	0.047903
8652	0.047880
11818	0.047842
10658	0.047841
12414	0.047738
304	0.047701
3328	0.047274
4935	0.047271
13427	0.047217
6255	0.047192
4087	0.047183
10589	0.047132
10032	0.047105
9174	0.047032
11968	0.046715
949	0.046715
2964	0.046653
14132	0.046628
7894	0.046608
10676	0.046590
676	0.046580
3120	0.046492
4121	0.046351
12286	0.046350
12357	0.046337
5451	0.046327
12818	0.046291
9201	0.046274
4169	0.046218
13435	0.046205
2059	0.046205
3371	0.046205
7422	0.046189
9495	0.046129
9147	0.046129
7206	0.046077
2067	0.046050
8671	0.046038
13162	0.046027
10123	0.046027
9235	0.046024
9230	0.046024
9228	0.046024
9225	0.046024
9224	0.046024
9221	0.046024
9219	0.046024
9214	0.046024
9213	0.046024
9211	0.046024
9209	0.046024
9208	0.046024
9206	0.046024
9193	0.046024
8807	0.046024
8679	0.046024
8677	0.046024
8675	0.046024
8674	0.046024
8673	0.046024
8670	0.046024
8637	0.046024
8633	0.046024
8631	0.046024
8610	0.046024
8591	0.046024
8539	0.046024
8538	0.046024
8537	0.046024
8536	0.046024
8529	0.046024
8526	0.046024
8525	0.046024
8632	0.046024
2057	0.045973
6443	0.045942
9231	0.045915
8634	0.045910
8503	0.045884
14120	0.045866
14073	0.045822
12187	0.045747
8636	0.045657
13422	0.045619
5377	0.045594
9623	0.045552
8391	0.045486
3087	0.045486
11244	0.045485
2108	0.045458
12127	0.045399
10889	0.045381
5270	0.045244
3949	0.045225
12145	0.045110
10515	0.045110
5956	0.045110
12525	0.045086
5477	0.045050
11782	0.045029
12093	0.045021
10920	0.044948
9964	0.044913
8635	0.044906
10878	0.044846
9202	0.044831
9222	0.044794
5346	0.044781
1232	0.044719
1229	0.044719
10677	0.044642
13332	0.044604
12799	0.044582
4778	0.044554
13946	0.044548
1592	0.044548
5268	0.044524
6091	0.044474
6090	0.044474
2809	0.044460
295	0.044427
2453	0.044418
6089	0.044418
10076	0.044409
1591	0.044404
38	0.044349
10077	0.044299
5957	0.044269
5996	0.044216
3873	0.044181
11753	0.044181
5248	0.044140
4111	0.044094
6506	0.044092
7245	0.044041
9317	0.043979
2320	0.043970
6725	0.043910
9109	0.043866
5175	0.043859
6472	0.043848
12528	0.043837
8875	0.043825
9026	0.043802
5184	0.043743
7400	0.043741
12679	0.043728
12692	0.043678
5768	0.043643
12908	0.043628
9411	0.043628
9412	0.043626
4387	0.043594
6406	0.043581
1596	0.043539
1656	0.043519
3360	0.043503
8090	0.043486
2847	0.043486
2843	0.043486
2839	0.043486
5650	0.043470
3194	0.043457
11072	0.043456
6562	0.043425
9840	0.043415
13105	0.043390
3001	0.043371
8430	0.043325
6052	0.043273
492	0.043243
9262	0.043236
13320	0.043200
2840	0.043169
13462	0.043148
9870	0.043083
5205	0.042987
9935	0.042960
4129	0.042960
12462	0.042921
10685	0.042921
3287	0.042900
6017	0.042833
9108	0.042826
5269	0.042714
12438	0.042659
11646	0.042561
3940	0.042541
10839	0.042488
8342	0.042448
7007	0.042422
385	0.042409
9176	0.042325
8809	0.042325
11098	0.042301
5293	0.042155
9875	0.042127
6889	0.042116
10214	0.042112
10499	0.042037
498	0.042033
2018	0.042025
713	0.042015
8907	0.041947
10853	0.041934
5292	0.041930
12573	0.041921
9220	0.041884
9928	0.041879
14290	0.041859
3751	0.041811
3750	0.041811
10038	0.041809
2363	0.041778
3083	0.041767
9654	0.041766
10538	0.041764
5441	0.041721
13517	0.041679
14224	0.041666
13391	0.041666
11110	0.041666
11298	0.041660
10994	0.041660
2753	0.041624
10749	0.041607
9370	0.041603
4824	0.041572
9520	0.041516
9215	0.041514
14214	0.041506
7686	0.041489
855	0.041480
7920	0.041450
10838	0.041449
13694	0.041423
5476	0.041402
14126	0.041398
14125	0.041398
2301	0.041379
1583	0.041378
3666	0.041341
6393	0.041306
4867	0.041299
9066	0.041289
10233	0.041149
10186	0.041135
4541	0.041106
1905	0.041101
10129	0.041087
10756	0.041016
6405	0.041014
12502	0.041014
9710	0.041012
13598	0.040937
9957	0.040910
7642	0.040897
5946	0.040883
10239	0.040869
3544	0.040864
4834	0.040848
8530	0.040784
11439	0.040777
1567	0.040749
4160	0.040738
184	0.040715
6677	0.040668
7343	0.040664
13698	0.040653
13544	0.040653
3496	0.040649
10694	0.040632
5348	0.040616
8794	0.040615
3700	0.040547
11200	0.040523
13687	0.040462
599	0.040461
2104	0.040405
8780	0.040334
10740	0.040316
10854	0.040314
8584	0.040310
12277	0.040287
8073	0.040287
6150	0.040287
5944	0.040287
5943	0.040287
9204	0.040252
8592	0.040252
10582	0.040247
10230	0.040241
3822	0.040233
2046	0.040158
2452	0.040140
90	0.040118
8471	0.040109
10226	0.040106
13374	0.040075
13373	0.040075
1836	0.040067
14291	0.040054
6299	0.040053
11077	0.040046
377	0.039997
3778	0.039985
13810	0.039959
4865	0.039956
2817	0.039955
2	0.039947
7942	0.039942
