1030	0.276729
2962	0.246721
10098	0.236079
10097	0.232179
13515	0.230793
8452	0.225990
8449	0.225990
2708	0.225525
2182	0.225333
2267	0.224701
9367	0.220246
241	0.213579
4652	0.209338
13270	0.200762
1112	0.196717
1867	0.192983
11989	0.191859
874	0.191646
4882	0.188041
876	0.187372
9175	0.183562
9173	0.183562
8831	0.183562
8830	0.183562
7688	0.183562
2171	0.182730
10018	0.181656
4650	0.179999
120	0.178731
6891	0.165905
12414	0.161110
589	0.160354
2709	0.158653
2097	0.158021
1111	0.149759
2600	0.144439
9366	0.144041
9365	0.144041
9364	0.144041
9363	0.144041
9359	0.144041
8869	0.144041
8849	0.144041
8848	0.144041
8846	0.144041
9393	0.143428
9457	0.142417
4152	0.142417
11658	0.141465
13265	0.141362
9433	0.138885
4651	0.135424
8847	0.133653
342	0.131859
352	0.129570
116	0.128476
2181	0.128355
2351	0.127191
2350	0.127191
2348	0.127191
2346	0.127191
7933	0.126315
347	0.126315
351	0.126315
2827	0.126030
9297	0.124955
8792	0.123034
2422	0.122623
2444	0.122156
8972	0.122024
7828	0.121224
4644	0.120236
2658	0.119868
1861	0.119502
8889	0.118753
6956	0.118645
2107	0.118565
716	0.118324
6955	0.117793
3279	0.117497
487	0.116712
1132	0.116651
9198	0.116599
8938	0.116490
1375	0.116441
2828	0.115792
492	0.115367
8980	0.115005
8978	0.115005
8977	0.115005
8976	0.115005
8940	0.115005
1950	0.114257
7468	0.112305
2967	0.112305
474	0.111975
5990	0.111609
2965	0.110499
3902	0.110416
991	0.110249
2347	0.110186
7288	0.109852
2109	0.109471
3209	0.109198
5347	0.107693
7774	0.107333
5641	0.107333
5642	0.107317
11073	0.107051
2105	0.106700
1270	0.106603
3428	0.105324
13054	0.105201
2110	0.104650
1109	0.103996
12120	0.103871
3993	0.103871
5915	0.103611
498	0.103544
5745	0.102820
891	0.101800
875	0.101651
2981	0.101629
13448	0.101612
6126	0.101419
6125	0.101419
3429	0.101268
7261	0.101213
11940	0.100630
10466	0.100556
10467	0.100230
6253	0.100051
7224	0.100038
6574	0.100038
5527	0.100038
3212	0.099693
8829	0.099619
4947	0.099524
2532	0.099496
4235	0.097917
677	0.097408
5185	0.097364
5788	0.096726
4618	0.096275
11091	0.094698
10089	0.094415
11988	0.094060
3441	0.094055
11178	0.093669
13394	0.093538
2538	0.093535
354	0.092878
2020	0.092840
1781	0.092713
9174	0.092369
2486	0.092282
5205	0.092060
2183	0.091771
14128	0.091164
3952	0.090245
2119	0.090086
8870	0.089940
2129	0.089904
11202	0.089621
3778	0.089083
10245	0.088635
3636	0.088622
2118	0.088191
2170	0.088108
877	0.087697
6225	0.087229
5916	0.087022
881	0.086485
2871	0.086416
6709	0.086406
8997	0.086317
4849	0.086267
4838	0.086230
7626	0.086134
221	0.086112
51	0.085808
12687	0.085711
5013	0.085437
12338	0.085277
1051	0.085250
6920	0.084809
7381	0.084808
9176	0.084617
8809	0.084617
565	0.084487
7414	0.084387
633	0.084312
11902	0.084166
3383	0.084153
12954	0.083992
10638	0.083927
997	0.083697
3837	0.083658
7036	0.083591
6697	0.083273
5217	0.083203
9361	0.083200
5768	0.083193
9623	0.082957
9199	0.082940
6393	0.082284
86	0.082248
8744	0.082130
8572	0.081955
8569	0.081955
8568	0.081955
9360	0.081949
3375	0.081747
2184	0.081620
11903	0.081550
4865	0.081539
4240	0.081514
12527	0.081435
1	0.081432
11100	0.081348
5918	0.081287
8707	0.080806
7526	0.080522
8864	0.080430
8863	0.080430
8583	0.080430
8124	0.080430
7904	0.080430
7903	0.080430
7902	0.080430
7901	0.080430
7900	0.080430
7899	0.080430
7897	0.080430
7896	0.080430
7895	0.080430
1745	0.080308
4306	0.080267
12283	0.080191
9121	0.080019
9112	0.080019
888	0.080014
1119	0.079921
5946	0.079868
1120	0.079780
10249	0.079532
4881	0.079515
4922	0.079381
9058	0.079221
6701	0.079221
4538	0.079014
14404	0.079003
14400	0.079003
8143	0.079003
8096	0.079003
4121	0.078936
13247	0.078898
1118	0.078831
9086	0.078429
8570	0.078120
11416	0.077837
72	0.077829
10550	0.077825
9085	0.077595
5546	0.077511
11679	0.077451
8038	0.077381
3425	0.077197
3440	0.077181
10584	0.077095
12101	0.077074
1952	0.076859
2191	0.076590
2172	0.076583
348	0.076287
4241	0.076169
2117	0.076061
10277	0.075840
5348	0.075278
11109	0.075177
3389	0.075170
648	0.075130
6216	0.075102
11379	0.075064
3789	0.074946
6250	0.074906
2727	0.074661
9177	0.074530
5219	0.074263
11016	0.074246
930	0.074226
461	0.074216
2111	0.074175
12138	0.074060
12137	0.074060
12068	0.074060
11864	0.074060
10377	0.073974
8383	0.073969
10378	0.073913
8566	0.073648
5183	0.073634
14052	0.073531
10065	0.073531
6838	0.073449
4824	0.073435
9215	0.073364
1309	0.073277
10274	0.073261
11849	0.073149
6771	0.073033
10255	0.073022
9436	0.072961
2621	0.072809
1291	0.072801
10507	0.072702
6251	0.072652
6249	0.072652
574	0.072417
713	0.072337
6295	0.072336
11987	0.072296
10639	0.072091
4541	0.072083
8319	0.071982
6938	0.071893
4204	0.071747
14402	0.071708
14392	0.071708
14387	0.071708
2116	0.071613
4090	0.071612
11739	0.071558
475	0.071414
11887	0.071339
788	0.071179
88	0.071025
4416	0.070928
7131	0.070926
2113	0.070840
9317	0.070789
1919	0.070418
2203	0.070413
4248	0.070340
7883	0.070340
4249	0.070340
4247	0.070340
4246	0.070340
4242	0.070340
4244	0.070338
2599	0.070333
4245	0.070302
3986	0.070070
3747	0.070062
3710	0.069843
540	0.069790
10275	0.069638
7894	0.069542
2274	0.069470
3204	0.069340
9462	0.069339
240	0.069278
7556	0.069206
6434	0.069206
2968	0.069123
751	0.068828
4319	0.068617
1419	0.068493
11976	0.068411
9066	0.068345
3068	0.068230
12010	0.068213
5815	0.068182
2188	0.068178
268	0.068170
14385	0.068111
578	0.068043
2831	0.067770
590	0.067662
1968	0.067614
3443	0.067586
3438	0.067556
5024	0.067532
2124	0.067519
2579	0.067517
3506	0.067514
591	0.067262
8615	0.067230
4312	0.067193
11966	0.067040
7295	0.066929
13331	0.066900
12424	0.066890
3077	0.066809
10628	0.066783
1297	0.066748
6618	0.066723
6844	0.066557
8773	0.066376
6621	0.066376
3136	0.066313
11968	0.066246
949	0.066246
6814	0.066021
12119	0.065959
13736	0.065939
8264	0.065879
7646	0.065879
14432	0.065879
14430	0.065879
14403	0.065879
14397	0.065879
14396	0.065879
14394	0.065879
14391	0.065879
14390	0.065879
14389	0.065879
14384	0.065879
14381	0.065879
14378	0.065879
14356	0.065879
8448	0.065879
8244	0.065879
8198	0.065879
8195	0.065879
8071	0.065879
7788	0.065879
7786	0.065879
8457	0.065879
6981	0.065840
13812	0.065834
8265	0.065834
9494	0.065730
5955	0.065708
257	0.065676
4645	0.065655
4135	0.065561
6117	0.065556
918	0.065416
8245	0.065252
10273	0.065117
10529	0.065064
3592	0.065015
12315	0.064777
11365	0.064603
11270	0.064603
10957	0.064603
7144	0.064603
6415	0.064602
11904	0.064539
14248	0.064370
8047	0.064370
5758	0.064319
73	0.064297
5423	0.064193
2102	0.064146
2179	0.064069
11297	0.064016
13942	0.064008
745	0.063883
568	0.063829
2052	0.063820
11977	0.063723
8531	0.063701
1833	0.063567
830	0.063545
6987	0.063502
8676	0.063466
6763	0.063422
1777	0.063368
5117	0.063364
9139	0.063355
10837	0.063199
9957	0.063179
2080	0.063175
1893	0.063143
100	0.063141
4540	0.063117
10916	0.063007
4543	0.062901
6317	0.062819
1187	0.062780
1420	0.062560
8714	0.062504
3398	0.062446
8178	0.062348
6781	0.062311
1519	0.062197
4120	0.062058
7669	0.062023
4463	0.061822
882	0.061799
10240	0.061785
5940	0.061770
3064	0.061736
3907	0.061729
4542	0.061656
6380	0.061441
6457	0.061433
5425	0.061340
9204	0.061334
8592	0.061334
2289	0.061094
5354	0.061056
1280	0.060982
11784	0.060972
2612	0.060965
472	0.060867
12072	0.060857
8203	0.060856
932	0.060856
931	0.060856
9633	0.060789
9630	0.060789
9628	0.060789
9626	0.060789
9625	0.060789
9624	0.060789
9622	0.060789
9621	0.060789
9620	0.060789
9619	0.060789
9618	0.060789
9615	0.060789
9482	0.060789
9439	0.060751
11653	0.060745
5942	0.060723
11858	0.060695
4725	0.060614
4239	0.060550
5007	0.060238
814	0.060123
235	0.060039
1743	0.060030
8604	0.059984
8661	0.059971
9075	0.059932
1529	0.059890
7785	0.059825
3135	0.059801
2944	0.059648
1528	0.059615
2177	0.059393
9775	0.059324
3735	0.059295
977	0.059259
4559	0.059224
2163	0.059175
5177	0.059167
9307	0.059167
7207	0.059155
1044	0.059066
3973	0.059062
4304	0.059053
4302	0.059053
11999	0.059049
8832	0.059045
7511	0.059045
4037	0.058985
10294	0.058971
3538	0.058941
4281	0.058856
11618	0.058817
12249	0.058722
5008	0.058722
3326	0.058691
6754	0.058677
5123	0.058559
1231	0.058537
10031	0.058509
1836	0.058499
6482	0.058488
6149	0.058459
10801	0.058448
8248	0.058389
6407	0.058336
4465	0.058274
1792	0.058263
1785	0.058255
7420	0.058216
12139	0.058056
4660	0.057960
4407	0.057902
10192	0.057764
10184	0.057764
3905	0.057703
4243	0.057567
6830	0.057528
1520	0.057526
13222	0.057360
9358	0.057187
10110	0.057187
9953	0.057170
5033	0.057128
5925	0.057067
10800	0.057057
5924	0.056885
5920	0.056885
586	0.056791
5184	0.056714
1536	0.056578
9942	0.056521
9931	0.056521
9930	0.056521
9921	0.056521
9901	0.056521
9899	0.056521
9895	0.056521
9866	0.056521
9836	0.056521
9832	0.056521
9810	0.056521
9698	0.056521
9636	0.056521
9570	0.056521
9299	0.056521
1797	0.056496
1711	0.056477
7713	0.056465
2280	0.056372
12182	0.056329
4464	0.056329
2442	0.056263
9503	0.056253
2426	0.056243
11607	0.056134
5034	0.056121
6051	0.056106
3133	0.056024
12277	0.056010
8073	0.056010
6150	0.056010
5944	0.056010
5943	0.056010
8800	0.055955
4128	0.055941
11212	0.055867
6732	0.055731
2120	0.055629
13665	0.055627
9606	0.055598
1455	0.055586
11065	0.055577
2820	0.055433
10084	0.055405
5790	0.055304
3194	0.055259
392	0.055236
2958	0.055147
2128	0.055109
14227	0.055059
6017	0.054866
12348	0.054770
1673	0.054716
12389	0.054674
9818	0.054656
9693	0.054656
3478	0.054604
12670	0.054553
2047	0.054422
2108	0.054360
1905	0.054315
9053	0.054131
9052	0.054131
9051	0.054131
5735	0.054099
307	0.054034
847	0.053950
1835	0.053946
7920	0.053915
2144	0.053877
9613	0.053861
6307	0.053793
13025	0.053757
13024	0.053757
13022	0.053757
8486	0.053757
3007	0.053754
9152	0.053698
9415	0.053553
8851	0.053553
8850	0.053553
3841	0.053550
227	0.053531
11145	0.053481
13076	0.053452
12692	0.053445
1693	0.053421
7453	0.053346
10839	0.053304
3741	0.053210
8712	0.053204
8303	0.053204
8302	0.053204
7362	0.053204
6359	0.053204
2908	0.053190
4427	0.053164
6202	0.053122
127	0.053106
6829	0.053033
1308	0.053030
8855	0.053029
11930	0.052975
2810	0.052971
2192	0.052957
12732	0.052903
1768	0.052856
4000	0.052815
353	0.052625
4305	0.052610
7676	0.052608
1526	0.052561
12367	0.052493
5424	0.052459
609	0.052448
9612	0.052427
11866	0.052340
107	0.052290
14230	0.052251
14229	0.052251
13886	0.052251
1237	0.052242
7003	0.052238
10838	0.052206
12192	0.052158
1986	0.052155
12070	0.052119
5150	0.052105
9873	0.052096
6255	0.052023
2114	0.052021
6472	0.052014
10615	0.051962
9319	0.051883
9935	0.051839
4129	0.051839
13621	0.051818
1232	0.051804
1229	0.051804
2078	0.051796
7457	0.051786
12058	0.051762
12721	0.051696
14342	0.051611
6623	0.051570
2452	0.051565
1304	0.051509
11242	0.051507
7757	0.051454
9210	0.051420
8625	0.051385
1786	0.051325
211	0.051315
10925	0.051311
4136	0.051254
9464	0.051249
8517	0.051249
8516	0.051249
4139	0.051249
4138	0.051249
6056	0.051233
12069	0.051192
12352	0.051124
7458	0.051068
7182	0.051052
9578	0.051026
1303	0.051000
225	0.050997
3206	0.050974
1756	0.050969
55	0.050933
1537	0.050918
3066	0.050907
3203	0.050852
3992	0.050791
6081	0.050709
9919	0.050692
10748	0.050669
9834	0.050669
2523	0.050589
4537	0.050581
8660	0.050544
8659	0.050544
8658	0.050544
5555	0.050516
8032	0.050388
4511	0.050275
247	0.050258
2458	0.050223
2615	0.050185
8634	0.050134
9231	0.050131
580	0.050074
8711	0.050071
2186	0.050014
8732	0.050009
3142	0.049974
8710	0.049895
2575	0.049840
13026	0.049795
13252	0.049781
13251	0.049781
6053	0.049728
1694	0.049718
4216	0.049708
6532	0.049705
5513	0.049686
4656	0.049589
12252	0.049566
4392	0.049535
12241	0.049522
12240	0.049522
8074	0.049522
7294	0.049522
6054	0.049522
4336	0.049522
1953	0.049514
1954	0.049514
2765	0.049386
1510	0.049382
2614	0.049367
1951	0.049361
3914	0.049361
2812	0.049273
6550	0.049266
12299	0.049116
12298	0.049116
3583	0.049116
1472	0.049082
10675	0.049080
2753	0.048988
8584	0.048985
12063	0.048959
5272	0.048928
9797	0.048905
295	0.048830
2104	0.048800
6908	0.048791
4399	0.048791
11616	0.048781
4648	0.048781
4643	0.048781
11937	0.048779
10456	0.048777
10841	0.048769
9269	0.048735
2997	0.048705
4168	0.048662
465	0.048641
10723	0.048634
12310	0.048580
2952	0.048499
6695	0.048466
2178	0.048441
4665	0.048394
2535	0.048252
11661	0.048245
2112	0.048236
4661	0.048175
883	0.048087
333	0.048071
1199	0.047961
4666	0.047961
13346	0.047945
2197	0.047915
3426	0.047883
11072	0.047879
1834	0.047825
1146	0.047810
10511	0.047799
9725	0.047788
5433	0.047752
4087	0.047722
8197	0.047693
5748	0.047631
9484	0.047626
9483	0.047626
2423	0.047558
10077	0.047508
9943	0.047484
10076	0.047453
1009	0.047229
11139	0.047160
11164	0.047148
4800	0.047065
11107	0.047007
9611	0.047005
489	0.046991
484	0.046983
13348	0.046976
2281	0.046968
9119	0.046966
5533	0.046966
223	0.046951
7200	0.046946
12041	0.046888
11914	0.046860
13433	0.046844
3328	0.046749
169	0.046735
2115	0.046732
6055	0.046730
1228	0.046720
1982	0.046717
11800	0.046643
12909	0.046597
7977	0.046576
13131	0.046567
9413	0.046549
13707	0.046541
96	0.046541
11143	0.046536
9124	0.046484
12458	0.046319
4025	0.046312
6557	0.046299
1889	0.046215
12030	0.046195
5743	0.046187
5497	0.046185
9202	0.046182
10506	0.046168
1045	0.046168
3899	0.046141
56	0.046097
10321	0.046062
12043	0.046036
488	0.046018
13706	0.045998
7053	0.045992
13738	0.045978
13731	0.045978
4659	0.045826
6127	0.045785
4406	0.045758
4394	0.045748
141	0.045699
9356	0.045698
7872	0.045681
8352	0.045679
8351	0.045679
2957	0.045679
2956	0.045679
4404	0.045670
4396	0.045589
12844	0.045581
12843	0.045581
12841	0.045581
12840	0.045581
4106	0.045531
11291	0.045508
3922	0.045487
6971	0.045467
3507	0.045460
2674	0.045303
4045	0.045292
8234	0.045271
2620	0.045212
1001	0.045134
4105	0.045115
3098	0.045052
1700	0.045016
9934	0.045004
14	0.045002
12066	0.045002
12514	0.044984
12118	0.044983
2083	0.044983
2074	0.044983
1899	0.044983
1896	0.044983
11233	0.044979
9381	0.044979
201	0.044976
11571	0.044963
2283	0.044912
13116	0.044889
9610	0.044829
1359	0.044795
4944	0.044788
4943	0.044788
2227	0.044697
8549	0.044599
4376	0.044589
2349	0.044576
596	0.044572
6895	0.044555
12532	0.044531
8099	0.044517
9449	0.044471
9562	0.044453
3100	0.044453
4646	0.044441
3062	0.044428
254	0.044205
1640	0.044192
6656	0.044112
2522	0.044091
