9835	0.157269
10521	0.152725
8794	0.150389
10483	0.144904
10706	0.144632
10324	0.143674
10522	0.143313
1538	0.142086
10325	0.141875
5491	0.141211
12832	0.140186
11554	0.139007
11486	0.137411
13794	0.136404
8476	0.133010
10647	0.131961
12551	0.131176
6499	0.130501
12666	0.130068
11556	0.129365
12812	0.128791
13329	0.127741
4819	0.127281
12517	0.126866
7070	0.126758
10153	0.125066
11163	0.124939
11533	0.124443
1507	0.124198
7055	0.122732
10784	0.122161
12537	0.122040
12536	0.121635
11496	0.120559
12711	0.120431
12833	0.119625
11439	0.119377
11094	0.118552
12654	0.118362
12526	0.118127
8397	0.117928
8003	0.116828
12525	0.116727
11351	0.116495
11010	0.116192
3217	0.116103
7523	0.115978
10024	0.115640
12505	0.114179
12897	0.113957
10069	0.113775
13375	0.113679
10941	0.113563
10531	0.113137
11037	0.112804
12829	0.112411
13361	0.112164
12804	0.112084
12628	0.111943
11419	0.111895
11343	0.111661
1963	0.111570
10674	0.111432
13288	0.111244
11283	0.110528
12809	0.110234
5887	0.110155
12336	0.110107
12704	0.110029
12571	0.109533
10903	0.109213
12774	0.109164
6334	0.109064
11101	0.108722
12638	0.108648
13838	0.108555
12513	0.108032
12562	0.107849
5041	0.107688
6138	0.106633
12401	0.106432
12808	0.106103
10783	0.105916
12708	0.105754
2594	0.105294
12554	0.105184
11536	0.104492
11354	0.104214
2933	0.104134
10389	0.103987
11162	0.103626
12426	0.103478
11518	0.103175
4279	0.102867
9971	0.102700
10852	0.102675
3630	0.102666
12559	0.102407
7463	0.102209
6066	0.102209
12555	0.101823
11053	0.101493
6660	0.101435
11491	0.101399
5649	0.101257
11502	0.101174
9948	0.101095
14111	0.101015
14080	0.101015
10993	0.100937
12595	0.100737
8797	0.100631
9720	0.100578
3451	0.100368
9989	0.100300
11154	0.100007
11175	0.099985
7875	0.099809
11626	0.099741
12621	0.099549
778	0.099519
13166	0.099406
567	0.099317
12630	0.098831
11218	0.098791
13820	0.098512
10033	0.098387
8054	0.098357
11574	0.098317
6887	0.098315
10636	0.098302
542	0.098297
12500	0.098269
10556	0.097929
12538	0.097801
12535	0.097485
7139	0.097347
11312	0.097347
5969	0.096836
10499	0.096772
12408	0.096765
7898	0.096737
12200	0.096608
4786	0.096581
10376	0.096161
5970	0.095269
14091	0.095079
7403	0.095041
9950	0.095027
12496	0.094766
10195	0.094724
4530	0.094634
3152	0.094366
2473	0.094241
4729	0.094177
11520	0.094060
12567	0.094056
2595	0.094004
10486	0.093988
5957	0.093919
8080	0.093878
9857	0.093825
12745	0.093792
12145	0.093727
10515	0.093727
5956	0.093727
14250	0.093640
10558	0.093640
10555	0.093640
6968	0.093640
8042	0.093609
11575	0.093519
12552	0.093494
10111	0.093474
8622	0.093469
11500	0.093386
10388	0.093354
323	0.093208
5994	0.093173
10714	0.093020
2251	0.092972
12187	0.092948
12580	0.092855
4349	0.092845
3266	0.092833
10530	0.092790
4611	0.092595
10683	0.092553
12667	0.092493
2983	0.092311
10554	0.092271
5650	0.092259
11124	0.092236
5567	0.092212
10492	0.092151
9944	0.091999
12607	0.091938
10649	0.091905
9847	0.091888
10687	0.091663
11485	0.091599
3163	0.091587
10778	0.091521
14063	0.091433
10658	0.091363
12792	0.091299
12508	0.091270
477	0.091134
14249	0.091133
9904	0.091002
10264	0.090947
10974	0.090887
11516	0.090830
11510	0.090688
12801	0.090571
10686	0.090557
11290	0.090487
12803	0.090479
12791	0.090277
12788	0.090277
7246	0.090221
10547	0.090104
10657	0.090074
12733	0.089844
11211	0.089612
10927	0.089581
4787	0.089575
12743	0.089565
5143	0.089504
10557	0.089463
14245	0.089332
4933	0.089233
12807	0.089207
7062	0.089205
8652	0.089197
13095	0.089158
6969	0.089158
7818	0.089087
12594	0.089070
12431	0.089058
1555	0.089054
12587	0.088964
10548	0.088820
779	0.088760
8656	0.088750
9917	0.088712
11173	0.088570
3726	0.088410
3838	0.088318
13737	0.088150
9389	0.087997
11069	0.087951
5651	0.087820
463	0.087775
12548	0.087499
464	0.087030
5995	0.086938
10970	0.086648
3342	0.086559
13121	0.086439
4789	0.086439
4788	0.086439
11188	0.086435
11187	0.086435
11186	0.086431
11189	0.086413
9872	0.086067
12153	0.086043
4702	0.086043
9964	0.086009
10523	0.085955
12756	0.085679
10412	0.085497
10916	0.085281
10127	0.085213
11405	0.085189
6737	0.085149
5250	0.085114
11565	0.085105
12695	0.084758
2471	0.084741
12148	0.084719
7411	0.084719
11495	0.084705
8513	0.084638
9662	0.084417
10172	0.084409
11139	0.084179
1737	0.084037
4531	0.083848
11494	0.083847
7975	0.083790
10836	0.083656
10037	0.083602
6012	0.083513
12610	0.083471
9747	0.083359
12606	0.083348
11415	0.083326
10843	0.083299
4289	0.083262
11497	0.083258
4712	0.083228
1807	0.083172
10482	0.083140
10816	0.083088
543	0.083084
6124	0.082708
7337	0.082697
8141	0.082688
13374	0.082501
13373	0.082501
8081	0.082424
3242	0.082410
7135	0.082407
11009	0.082354
11179	0.082334
10490	0.082307
12710	0.082280
12773	0.082258
7114	0.082250
6123	0.082189
9992	0.082123
11530	0.082076
10510	0.082029
3918	0.082004
4327	0.081987
5897	0.081977
9961	0.081957
12579	0.081912
11477	0.081761
3312	0.081749
11213	0.081648
13183	0.081630
11008	0.081630
12764	0.081499
8336	0.081458
971	0.081454
4221	0.081365
7236	0.081346
12492	0.081263
12827	0.081252
10042	0.081232
14017	0.081224
7914	0.081224
13151	0.081050
12597	0.080999
11180	0.080939
3641	0.080910
12576	0.080898
10808	0.080883
11555	0.080728
13383	0.080692
12410	0.080596
10048	0.080588
11185	0.080540
11783	0.080363
12589	0.080362
11217	0.080247
10739	0.080203
10788	0.080203
10777	0.080203
10759	0.080203
12633	0.080180
3764	0.079981
12624	0.079897
9691	0.079836
11007	0.079787
11237	0.079776
8654	0.079717
8653	0.079717
7819	0.079657
11086	0.079606
10489	0.079466
12409	0.079462
10365	0.079462
5660	0.079445
10526	0.079437
13182	0.079362
8638	0.079351
11156	0.079174
6245	0.079145
12573	0.079138
7505	0.079130
12787	0.079110
10542	0.078978
2586	0.078935
11551	0.078763
7268	0.078624
9946	0.078585
10859	0.078572
11463	0.078512
5894	0.078491
11522	0.078480
10500	0.078308
7530	0.078236
6569	0.078099
10141	0.078072
10035	0.078072
10366	0.077982
10367	0.077955
12604	0.077906
12514	0.077881
11319	0.077773
11318	0.077773
11317	0.077773
11316	0.077773
10339	0.077739
11474	0.077723
1408	0.077679
10485	0.077669
11045	0.077614
12502	0.077514
5447	0.077449
6052	0.077244
11511	0.077136
1554	0.077122
10305	0.077088
10841	0.077023
4945	0.077005
10851	0.076956
5346	0.076862
7137	0.076842
1161	0.076749
12542	0.076709
4536	0.076619
12553	0.076445
10468	0.076402
11539	0.076312
11564	0.076299
1945	0.076221
10318	0.076146
11475	0.076081
6809	0.076045
6613	0.076016
13333	0.075996
7061	0.075970
13122	0.075958
11568	0.075911
1946	0.075898
1466	0.075824
2770	0.075814
9967	0.075723
10722	0.075711
10520	0.075513
7245	0.075443
10517	0.075353
12650	0.075343
7275	0.075195
12744	0.075189
11498	0.075135
9958	0.075131
9094	0.075066
9093	0.075066
9092	0.075066
9065	0.075066
6289	0.075001
10426	0.074915
5529	0.074882
6877	0.074748
10349	0.074741
4655	0.074616
6535	0.074480
12461	0.074382
6628	0.074339
12605	0.074327
5112	0.074309
10740	0.074210
1150	0.074131
10212	0.074068
12795	0.074006
11190	0.073969
11528	0.073953
12701	0.073909
12173	0.073819
6283	0.073798
10263	0.073795
6733	0.073788
12836	0.073689
12824	0.073689
8957	0.073666
12697	0.073620
12776	0.073581
11476	0.073572
12783	0.073369
10215	0.073369
13155	0.073361
11585	0.073294
13165	0.073287
11297	0.073285
12660	0.073266
13117	0.073212
11403	0.073163
6148	0.073163
10781	0.073148
12789	0.073018
10995	0.072993
12648	0.072937
7311	0.072919
2404	0.072901
12822	0.072892
6366	0.072773
5663	0.072771
12799	0.072733
11365	0.072732
11270	0.072732
10957	0.072732
7144	0.072732
10358	0.072612
8091	0.072492
10609	0.072459
3633	0.072442
9179	0.072392
10921	0.072336
12528	0.072246
12512	0.072181
10682	0.072164
10074	0.072066
12609	0.072024
9026	0.072004
2984	0.071981
10049	0.071911
7319	0.071886
10046	0.071857
5254	0.071823
9960	0.071748
10125	0.071740
11464	0.071626
8329	0.071567
13111	0.071553
13109	0.071553
9959	0.071553
7234	0.071532
12574	0.071491
12561	0.071474
10735	0.071385
10606	0.071364
7030	0.071297
5492	0.071291
1506	0.071259
3418	0.071128
9790	0.071119
14109	0.071113
10736	0.071113
12769	0.071072
1957	0.070890
705	0.070771
756	0.070746
11519	0.070729
12707	0.070683
6290	0.070613
3822	0.070531
9988	0.070478
5028	0.070363
10721	0.070331
4206	0.070282
12629	0.070274
4535	0.070261
4780	0.070123
12557	0.070100
12835	0.070099
13133	0.070014
3625	0.069978
12393	0.069958
7094	0.069880
13086	0.069856
13085	0.069856
8947	0.069785
10650	0.069777
12161	0.069754
11870	0.069754
11794	0.069754
11204	0.069754
11203	0.069754
6144	0.069754
6143	0.069754
6142	0.069754
6141	0.069754
13765	0.069731
13449	0.069722
10809	0.069663
7580	0.069663
5221	0.069663
7581	0.069661
10476	0.069646
11512	0.069502
232	0.069463
5534	0.069440
10772	0.069114
10075	0.069027
6919	0.068930
4451	0.068909
10853	0.068895
10937	0.068875
12649	0.068838
11431	0.068755
12396	0.068534
9555	0.068524
7762	0.068507
11492	0.068440
12238	0.068439
6140	0.068398
6139	0.068398
4880	0.068365
10475	0.068285
4492	0.068223
12608	0.068215
5475	0.068195
9587	0.068147
11513	0.068064
10875	0.068056
11019	0.068045
3845	0.068039
10615	0.068031
4663	0.067927
5608	0.067918
4744	0.067745
11107	0.067686
10758	0.067641
6234	0.067614
1605	0.067500
8890	0.067460
10484	0.067456
10854	0.067419
10027	0.067383
6954	0.067246
11552	0.067147
11542	0.067060
10464	0.067058
3250	0.066917
12436	0.066900
10450	0.066862
9909	0.066690
10904	0.066656
12823	0.066634
13841	0.066606
8596	0.066525
10313	0.066308
13154	0.066150
10428	0.066081
966	0.065983
10068	0.065968
12658	0.065929
11116	0.065929
2795	0.065929
2794	0.065929
11301	0.065891
2800	0.065831
13832	0.065805
11490	0.065715
8522	0.065664
10465	0.065648
12659	0.065630
6911	0.065554
13856	0.065547
2777	0.065517
4534	0.065482
2798	0.065480
9349	0.065397
13404	0.065361
1599	0.065225
14108	0.065141
4745	0.065141
12147	0.065014
3851	0.064957
3341	0.064889
3824	0.064843
7238	0.064841
3795	0.064816
7529	0.064808
11447	0.064735
8040	0.064420
897	0.064371
9099	0.064273
12617	0.064273
569	0.064137
10860	0.064115
7668	0.064062
2301	0.063995
12696	0.063977
11085	0.063972
7073	0.063955
5284	0.063933
13716	0.063906
5129	0.063867
12813	0.063816
9929	0.063716
11025	0.063613
10844	0.063463
8135	0.063410
9015	0.063351
6485	0.063301
10166	0.063254
2889	0.063233
10226	0.063188
6418	0.063178
5033	0.063157
7072	0.063157
12713	0.063069
3672	0.062989
11068	0.062962
10149	0.062800
2280	0.062769
4588	0.062742
14291	0.062728
6649	0.062699
6647	0.062699
6646	0.062699
5610	0.062699
1407	0.062660
10186	0.062659
8900	0.062644
8884	0.062631
11145	0.062607
8405	0.062606
7418	0.062545
2276	0.062316
8660	0.062249
8659	0.062249
8658	0.062249
5664	0.062180
12063	0.062179
12458	0.062060
5512	0.062011
13802	0.062001
12237	0.061969
10031	0.061927
11509	0.061644
10738	0.061628
6808	0.061593
5109	0.061564
7166	0.061524
13665	0.061497
11315	0.061494
10139	0.061457
10751	0.061435
1560	0.061356
11102	0.061296
8908	0.061229
5150	0.061226
10152	0.061208
13416	0.061204
5483	0.061153
5514	0.061105
11159	0.061082
9169	0.061073
12444	0.061029
5856	0.061017
1018	0.060985
11394	0.060981
12445	0.060869
13123	0.060794
10034	0.060794
8888	0.060776
10612	0.060744
10425	0.060662
6062	0.060646
11467	0.060572
5034	0.060558
10353	0.060553
12726	0.060462
9915	0.060406
16	0.060335
12499	0.060327
8326	0.060310
10692	0.060235
8909	0.060052
11222	0.060044
11571	0.060032
6570	0.059978
5135	0.059959
10694	0.059950
11082	0.059883
1619	0.059846
7535	0.059802
10374	0.059783
11201	0.059764
12292	0.059759
12262	0.059667
12419	0.059665
4434	0.059659
12625	0.059649
8359	0.059593
8358	0.059593
10511	0.059539
10681	0.059508
14252	0.059507
3718	0.059507
4354	0.059493
9632	0.059439
11081	0.059406
12403	0.059270
9990	0.059269
11964	0.059199
6988	0.059187
13073	0.059067
6941	0.059067
5368	0.059067
8402	0.059041
5110	0.059039
10020	0.059021
11515	0.058992
4673	0.058953
13992	0.058891
5513	0.058783
12509	0.058765
5134	0.058743
566	0.058674
6630	0.058669
10435	0.058644
7088	0.058633
12636	0.058579
10319	0.058541
9830	0.058536
12556	0.058503
12546	0.058491
12386	0.058455
929	0.058410
4295	0.058331
12397	0.058302
12501	0.058301
13398	0.058290
12109	0.058272
5948	0.058272
12637	0.058272
10689	0.058260
10688	0.058260
5367	0.058258
1779	0.058226
277	0.058210
10717	0.058203
12560	0.058195
10019	0.058176
10095	0.058123
1552	0.057967
11332	0.057889
4038	0.057819
11433	0.057776
2739	0.057743
1848	0.057696
13619	0.057664
6622	0.057663
7506	0.057623
5522	0.057581
9926	0.057475
9925	0.057475
9924	0.057475
9852	0.057475
7773	0.057475
7447	0.057475
5528	0.057296
10907	0.057283
11353	0.057269
10715	0.057269
11434	0.057263
10496	0.057261
10188	0.057259
8043	0.057258
1925	0.057249
7396	0.057194
8045	0.057167
7930	0.057166
5565	0.057164
13332	0.057110
11582	0.057025
10491	0.056958
10573	0.056955
9565	0.056932
10574	0.056930
11142	0.056844
10140	0.056774
11508	0.056719
2738	0.056717
12503	0.056715
11041	0.056654
8343	0.056621
10552	0.056616
13530	0.056611
3120	0.056606
7964	0.056557
12815	0.056556
12647	0.056489
5521	0.056413
12779	0.056379
10225	0.056313
12679	0.056237
7313	0.056234
12760	0.056179
12413	0.056120
10336	0.056099
12582	0.056052
10545	0.056039
9089	0.056032
1017	0.055825
10304	0.055813
5314	0.055787
4751	0.055782
11161	0.055770
8103	0.055737
10676	0.055729
10857	0.055719
2039	0.055688
12572	0.055679
6371	0.055674
12730	0.055590
11160	0.055574
10819	0.055542
9717	0.055505
8017	0.055473
11060	0.055473
6810	0.055454
1967	0.055433
14340	0.055430
12494	0.055414
10926	0.055394
11132	0.055377
7419	0.055370
3316	0.055264
12698	0.055244
1008	0.055239
10534	0.055219
13023	0.055192
10985	0.055164
11493	0.055143
11570	0.055131
10911	0.055131
11225	0.055043
10909	0.055043
12712	0.055028
10032	0.055009
12510	0.054978
9756	0.054941
12729	0.054922
11200	0.054851
10677	0.054803
6758	0.054760
12770	0.054722
10136	0.054698
10998	0.054578
10997	0.054578
10660	0.054576
5661	0.054559
5833	0.054524
12662	0.054474
3713	0.054399
6812	0.054386
366	0.054320
10613	0.054305
9949	0.054272
4532	0.054249
11352	0.054220
10684	0.054116
5208	0.054111
5670	0.054065
12402	0.054047
747	0.054029
6564	0.053999
244	0.053980
10357	0.053930
6655	0.053843
10441	0.053840
4177	0.053814
10026	0.053749
10610	0.053737
6800	0.053657
10869	0.053573
11506	0.053505
9951	0.053465
11184	0.053460
2642	0.053447
9016	0.053420
11581	0.053329
3505	0.053296
6098	0.053268
10598	0.053182
11540	0.053137
12622	0.053107
12592	0.053061
11572	0.053053
2778	0.052992
4664	0.052983
8704	0.052967
14200	0.052917
13804	0.052917
13803	0.052917
13800	0.052917
13797	0.052917
13701	0.052917
10889	0.052902
7201	0.052864
10104	0.052855
11728	0.052785
570	0.052751
10599	0.052632
7595	0.052628
11030	0.052612
11029	0.052612
10920	0.052567
12398	0.052555
10787	0.052553
