5916	0.214659
3902	0.212008
1861	0.210669
7828	0.203397
5915	0.165321
461	0.130331
5425	0.126780
5788	0.126484
2052	0.123320
3478	0.121997
4725	0.119251
5925	0.118726
5924	0.118290
5920	0.118290
3735	0.118016
6225	0.118008
8248	0.116711
6017	0.116025
7920	0.115570
5555	0.115498
2182	0.113280
9053	0.110034
9052	0.110034
9051	0.110034
1420	0.109537
4216	0.109379
1419	0.108509
4839	0.103736
11968	0.101806
949	0.101806
76	0.100715
10675	0.100188
235	0.099516
3389	0.098890
3837	0.098458
4538	0.096034
11661	0.094363
7114	0.093026
1918	0.092785
11639	0.092756
12403	0.092522
6834	0.091702
9192	0.090038
4306	0.089025
6127	0.088882
1030	0.088051
7774	0.087549
5641	0.087549
5642	0.087546
9415	0.087274
8851	0.087274
8850	0.087274
5347	0.087160
4537	0.085036
4168	0.084914
641	0.084011
2267	0.083779
9462	0.082901
8615	0.082858
11858	0.082799
9439	0.082793
13500	0.082398
3209	0.082349
225	0.082236
9204	0.082200
8592	0.082200
5413	0.081843
2114	0.081475
5219	0.081434
2544	0.081145
8792	0.081058
3773	0.080578
9794	0.079585
2968	0.079271
2952	0.079264
4542	0.078716
9623	0.078485
9307	0.078388
9891	0.077841
4659	0.077158
5044	0.076658
1854	0.076492
13552	0.076074
13511	0.076074
13507	0.076074
12663	0.075661
4304	0.075513
4302	0.075513
11999	0.075508
12909	0.075303
4832	0.075236
9413	0.075213
5045	0.075096
6077	0.075066
3774	0.074900
4112	0.074706
1656	0.074634
51	0.074341
4113	0.074085
9098	0.074047
4111	0.073859
13054	0.073541
227	0.073527
5212	0.073227
2064	0.072984
1673	0.072956
3170	0.072358
5918	0.071916
12756	0.071252
1905	0.071227
11607	0.071221
12348	0.071012
12764	0.070981
7686	0.070864
9484	0.070858
9483	0.070858
2962	0.070837
7676	0.070787
6697	0.070753
2820	0.070650
7453	0.070645
12204	0.070643
5038	0.070483
2958	0.070420
6395	0.070280
10916	0.070147
7955	0.069997
1780	0.069875
12252	0.069799
3212	0.069798
8383	0.069599
10097	0.069370
7288	0.068874
3741	0.068850
6896	0.068711
13850	0.068630
9917	0.068417
10683	0.068407
4106	0.068371
4105	0.068292
9796	0.068257
11703	0.068195
2280	0.068117
7872	0.068066
8352	0.068061
8351	0.068061
2957	0.068061
2956	0.068061
11365	0.068026
11270	0.068026
10957	0.068026
7144	0.068026
9237	0.067961
11297	0.067860
2708	0.067793
6895	0.067652
14052	0.067610
10065	0.067610
8319	0.067548
2996	0.067531
9145	0.067443
6742	0.067317
9875	0.067287
4404	0.067052
239	0.066808
10837	0.066740
6334	0.066740
5443	0.066642
13763	0.066620
5779	0.066572
11998	0.066571
4377	0.066569
4667	0.066555
5917	0.066550
4450	0.066485
10839	0.066439
7379	0.066360
3314	0.066355
4396	0.066235
10838	0.066211
4671	0.066067
4669	0.066067
4670	0.066066
2990	0.066064
5778	0.065955
4394	0.065913
14118	0.065872
6532	0.065843
3405	0.065547
3838	0.065547
5909	0.065508
4944	0.065375
4943	0.065375
5777	0.065289
6464	0.065132
6463	0.065132
5217	0.065109
8965	0.065084
5923	0.065035
4950	0.064756
7921	0.064719
2666	0.064705
4160	0.064536
8714	0.064344
11798	0.064290
7239	0.064185
8619	0.064174
268	0.064129
11835	0.063992
4409	0.063992
10642	0.063977
13881	0.063946
8964	0.063946
8063	0.063946
5558	0.063894
6758	0.063892
5033	0.063887
4406	0.063884
10098	0.063788
10694	0.063691
13449	0.063604
9717	0.063595
7229	0.063590
2902	0.063504
10723	0.063454
9831	0.063281
6952	0.063271
4301	0.063194
12030	0.063177
13497	0.063175
2950	0.063162
10226	0.063144
9942	0.063133
9931	0.063133
9930	0.063133
9921	0.063133
9901	0.063133
9899	0.063133
9895	0.063133
9866	0.063133
9836	0.063133
9832	0.063133
9810	0.063133
9698	0.063133
9636	0.063133
9570	0.063133
9299	0.063133
7245	0.063046
11164	0.063026
4764	0.062971
2382	0.062922
7719	0.062816
10615	0.062739
13665	0.062529
7458	0.062461
11147	0.062240
8611	0.062236
2628	0.062177
2627	0.062177
12093	0.062135
6908	0.062119
4107	0.061802
5780	0.061798
4399	0.061786
10212	0.061760
8109	0.061752
11964	0.061690
4661	0.061615
4668	0.061379
1400	0.061337
10232	0.061283
8135	0.061271
4724	0.061151
5354	0.061145
9706	0.061110
4305	0.061089
8398	0.060944
5034	0.060925
3736	0.060893
14209	0.060888
3751	0.060785
3750	0.060785
13498	0.060778
3840	0.060716
9099	0.060715
13165	0.060697
4416	0.060505
14226	0.060457
14225	0.060457
13873	0.060457
13872	0.060457
13871	0.060457
13870	0.060457
8437	0.060457
8435	0.060457
8434	0.060457
11065	0.060381
6844	0.060364
6155	0.060226
12300	0.060108
13131	0.060050
8531	0.060048
2731	0.060022
2179	0.060007
11635	0.059996
7942	0.059976
7131	0.059887
1882	0.059853
5477	0.059820
456	0.059800
4838	0.059720
6278	0.059605
11817	0.059595
6990	0.059595
3320	0.059555
424	0.059509
12954	0.059282
12338	0.059272
11121	0.059249
11077	0.059240
2773	0.059224
13626	0.059213
13425	0.059213
5346	0.059203
1458	0.059174
9124	0.059114
10042	0.059110
4766	0.059096
2105	0.059095
10456	0.059039
1862	0.059013
7954	0.058961
6294	0.058923
10377	0.058913
3957	0.058906
10378	0.058899
3899	0.058894
2363	0.058872
8875	0.058825
3203	0.058821
5491	0.058732
14266	0.058729
3383	0.058702
12908	0.058664
9411	0.058664
9412	0.058662
6699	0.058637
4721	0.058620
6406	0.058611
7182	0.058563
3360	0.058545
7201	0.058532
5748	0.058466
8837	0.058337
6065	0.058198
6920	0.058168
7381	0.058168
6695	0.058045
3144	0.058027
13688	0.057996
10628	0.057936
8436	0.057929
10549	0.057907
2438	0.057887
4660	0.057837
6064	0.057804
13265	0.057775
9302	0.057764
12832	0.057734
9495	0.057706
9147	0.057706
10127	0.057681
9520	0.057665
13435	0.057645
2059	0.057645
7414	0.057637
1402	0.057592
7757	0.057533
2057	0.057462
9231	0.057451
8634	0.057448
370	0.057447
2067	0.057402
11233	0.057376
9381	0.057376
50	0.057370
6251	0.057287
6249	0.057287
6881	0.057284
2765	0.057260
2181	0.057232
4750	0.057192
6656	0.057125
11658	0.057084
2424	0.057027
3311	0.056945
4001	0.056928
7659	0.056896
2944	0.056794
9616	0.056793
599	0.056721
3539	0.056696
6550	0.056649
5378	0.056645
3666	0.056625
404	0.056622
141	0.056586
11556	0.056476
9170	0.056446
7178	0.056430
2575	0.056339
10233	0.056225
5377	0.056173
2186	0.056131
9370	0.056094
5697	0.056006
566	0.055946
4958	0.055824
10227	0.055786
6405	0.055711
11634	0.055686
6806	0.055671
10740	0.055597
11982	0.055544
5414	0.055544
5412	0.055544
2831	0.055511
9741	0.055498
3310	0.055498
243	0.055487
4624	0.055482
12275	0.055467
2845	0.055458
6663	0.055434
7526	0.055346
3604	0.055312
8864	0.055310
8863	0.055310
8583	0.055310
8124	0.055310
7904	0.055310
7903	0.055310
7902	0.055310
7901	0.055310
7900	0.055310
7899	0.055310
7897	0.055310
7896	0.055310
7895	0.055310
2037	0.055235
2548	0.055235
4709	0.055161
3960	0.055161
3956	0.055161
5291	0.055118
13517	0.055099
14303	0.055043
14302	0.055043
14301	0.055043
14300	0.055043
14299	0.055043
5545	0.055021
13947	0.054928
6055	0.054839
38	0.054803
1777	0.054803
817	0.054786
3435	0.054763
751	0.054762
10674	0.054762
5946	0.054732
7167	0.054673
5424	0.054668
4834	0.054583
2547	0.054573
1232	0.054493
1229	0.054493
8892	0.054487
4383	0.054464
5911	0.054447
11906	0.054302
2579	0.054292
10776	0.054261
7306	0.054192
9926	0.054164
9925	0.054164
9924	0.054164
9852	0.054164
7773	0.054164
7447	0.054164
2351	0.054151
2350	0.054151
2348	0.054151
2346	0.054151
5107	0.054142
5433	0.054105
184	0.054095
9702	0.054012
10031	0.053974
10198	0.053960
13374	0.053951
13373	0.053951
224	0.053881
12250	0.053648
14427	0.053584
10356	0.053533
855	0.053521
5142	0.053491
3001	0.053459
6252	0.053427
9538	0.053416
4400	0.053356
10491	0.053268
5957	0.053252
11813	0.053226
2542	0.053226
2380	0.053175
6851	0.053068
12125	0.053068
13199	0.053058
13198	0.053058
14407	0.053054
11977	0.053053
1906	0.053021
9735	0.052950
4672	0.052940
8606	0.052923
10230	0.052895
1850	0.052878
9770	0.052868
12145	0.052842
10515	0.052842
5956	0.052842
1690	0.052656
4511	0.052481
11646	0.052471
6731	0.052394
10236	0.052365
3665	0.052356
13693	0.052231
596	0.052137
2189	0.052117
7650	0.052043
7096	0.052043
6636	0.052005
4363	0.051949
680	0.051908
882	0.051753
3007	0.051578
7449	0.051565
10318	0.051564
6754	0.051513
10341	0.051480
14132	0.051415
7510	0.051403
4767	0.051390
6465	0.051349
7328	0.051325
3764	0.051263
9787	0.051239
9786	0.051239
9785	0.051239
9784	0.051239
9783	0.051239
9782	0.051239
9781	0.051239
9778	0.051239
9280	0.051239
8585	0.051239
8567	0.051239
8553	0.051239
11298	0.051209
10994	0.051209
9780	0.051163
14269	0.051142
392	0.051127
459	0.051107
457	0.051089
9800	0.051024
11739	0.050987
6820	0.050975
5561	0.050975
4743	0.050916
5320	0.050904
9109	0.050897
8489	0.050845
4922	0.050818
7752	0.050791
6299	0.050758
6838	0.050746
9226	0.050733
9217	0.050733
8534	0.050733
6009	0.050705
4742	0.050705
7827	0.050705
6482	0.050656
13946	0.050594
1592	0.050594
9108	0.050592
8794	0.050587
9135	0.050573
10018	0.050539
4692	0.050531
1591	0.050506
1694	0.050497
3068	0.050496
10045	0.050458
808	0.050405
11743	0.050394
1039	0.050366
4755	0.050359
13600	0.050350
73	0.050344
8076	0.050341
4163	0.050324
14418	0.050239
14417	0.050239
13284	0.050239
13152	0.050239
9795	0.050239
9793	0.050239
9792	0.050239
9791	0.050239
9789	0.050239
9745	0.050239
9163	0.050239
8614	0.050239
8613	0.050239
8177	0.050239
9913	0.050235
7681	0.050233
1359	0.050231
12716	0.050213
4504	0.050124
4114	0.050109
5544	0.050097
9460	0.050055
11782	0.050032
9218	0.049948
5028	0.049943
1596	0.049871
8382	0.049668
3588	0.049594
2930	0.049574
3507	0.049490
8314	0.049442
8342	0.049379
79	0.049353
12175	0.049337
3279	0.049183
6291	0.049108
9909	0.049087
1291	0.049066
8862	0.049012
8861	0.049012
8860	0.049012
8859	0.049012
8858	0.049012
8857	0.049012
8844	0.049012
8843	0.049012
8842	0.049012
8841	0.049012
8840	0.049012
8839	0.049012
8838	0.049012
8834	0.049012
8824	0.049012
8823	0.049012
8822	0.049012
8820	0.049012
8818	0.049012
8817	0.049012
8803	0.049012
8798	0.049012
8737	0.049012
8639	0.049012
7682	0.049012
7677	0.049012
7382	0.049012
7247	0.049012
7553	0.049004
5546	0.048957
5795	0.048948
1090	0.048935
1346	0.048789
861	0.048658
469	0.048649
10661	0.048648
6506	0.048590
7913	0.048578
5968	0.048578
470	0.048578
4476	0.048551
1020	0.048475
8661	0.048467
3951	0.048418
1403	0.048417
6042	0.048416
6041	0.048416
6040	0.048416
6039	0.048416
678	0.048151
4109	0.048138
7881	0.048127
5967	0.048025
675	0.048012
4439	0.048003
6038	0.047889
5213	0.047855
5908	0.047854
331	0.047851
3699	0.047820
1521	0.047748
10186	0.047742
9928	0.047725
92	0.047645
4469	0.047526
4761	0.047447
6295	0.047446
12237	0.047377
3135	0.047350
6866	0.047337
304	0.047293
3712	0.047281
11988	0.047259
11686	0.047239
7584	0.047220
9269	0.047198
5734	0.047194
1986	0.047172
1766	0.047171
771	0.047163
10337	0.047163
2039	0.047119
5649	0.047107
3161	0.047090
11799	0.047076
4792	0.047053
13462	0.047028
14358	0.046990
2435	0.046984
6366	0.046947
9174	0.046862
3061	0.046849
3914	0.046831
9025	0.046829
4774	0.046787
4382	0.046762
12178	0.046761
10646	0.046726
10197	0.046711
2621	0.046697
6149	0.046679
9024	0.046649
9023	0.046649
9022	0.046649
8949	0.046649
9295	0.046600
4240	0.046591
4787	0.046557
9215	0.046550
10088	0.046483
4824	0.046456
13076	0.046386
10482	0.046379
6102	0.046338
9605	0.046336
10050	0.046285
1119	0.046276
6571	0.046265
5712	0.046214
5711	0.046214
5710	0.046214
10943	0.046207
11439	0.046187
11818	0.046172
5289	0.046153
12414	0.046152
3423	0.046137
8180	0.046079
10156	0.046044
6343	0.046042
1504	0.046042
13200	0.046041
9320	0.046041
9318	0.046041
9315	0.046041
9314	0.046041
9313	0.046041
9312	0.046041
9310	0.046041
9309	0.046041
9306	0.046041
9305	0.046041
8733	0.046041
8669	0.046041
8668	0.046041
8608	0.046041
8607	0.046041
8605	0.046041
8603	0.046041
7703	0.046041
7477	0.046041
7408	0.046041
1120	0.046007
11129	0.045997
3631	0.045994
13545	0.045979
9999	0.045978
6544	0.045977
8387	0.045956
7154	0.045951
13148	0.045951
13147	0.045951
7892	0.045951
6298	0.045951
6297	0.045951
9873	0.045946
6198	0.045879
10894	0.045815
7356	0.045792
7759	0.045772
7357	0.045772
7355	0.045772
3952	0.045709
10305	0.045687
11937	0.045622
10110	0.045594
13247	0.045572
12525	0.045561
10800	0.045511
6091	0.045410
6090	0.045410
7420	0.045392
9200	0.045361
6089	0.045357
2170	0.045227
4505	0.045212
4501	0.045212
1503	0.045212
221	0.045191
6006	0.045150
2440	0.045064
1187	0.045044
7702	0.045018
12273	0.045000
4895	0.044998
5914	0.044976
3739	0.044961
3071	0.044944
3242	0.044915
12238	0.044908
5746	0.044884
2954	0.044845
4613	0.044838
11996	0.044820
2303	0.044804
1946	0.044803
3128	0.044800
3121	0.044800
3048	0.044800
2624	0.044800
2177	0.044774
7977	0.044766
6473	0.044757
8173	0.044696
12069	0.044690
1767	0.044682
6184	0.044652
1188	0.044628
8974	0.044616
11300	0.044596
2522	0.044467
250	0.044454
9436	0.044403
629	0.044400
6188	0.044385
114	0.044370
10443	0.044339
323	0.044268
2178	0.044262
10059	0.044237
9855	0.044221
8713	0.044221
10640	0.044195
8584	0.044185
2394	0.044159
9710	0.044156
3745	0.044047
12053	0.044009
13569	0.044005
1848	0.043965
10389	0.043924
5453	0.043906
11548	0.043902
12229	0.043892
7457	0.043863
524	0.043857
5243	0.043856
3054	0.043842
7622	0.043776
6117	0.043772
854	0.043724
9222	0.043720
5770	0.043710
2535	0.043674
8854	0.043672
2371	0.043626
9633	0.043610
9630	0.043610
9628	0.043610
9626	0.043610
9625	0.043610
9624	0.043610
9622	0.043610
9621	0.043610
9620	0.043610
9619	0.043610
9618	0.043610
9615	0.043610
9482	0.043610
3662	0.043584
9788	0.043560
4778	0.043533
10229	0.043505
10808	0.043498
14233	0.043492
1136	0.043492
7343	0.043463
187	0.043460
2227	0.043456
9244	0.043450
2941	0.043423
1243	0.043408
2283	0.043390
7959	0.043252
249	0.043193
2372	0.043180
14367	0.043165
3286	0.043158
11896	0.043135
2320	0.043116
7342	0.043116
9919	0.043095
7359	0.043029
513	0.043010
13394	0.043007
377	0.042985
12873	0.042984
2477	0.042935
5919	0.042790
1945	0.042788
9711	0.042758
9708	0.042758
9707	0.042758
9705	0.042758
9703	0.042758
8090	0.042724
2847	0.042724
2843	0.042724
2839	0.042724
4241	0.042697
14370	0.042675
14078	0.042670
1632	0.042660
14249	0.042650
9699	0.042629
10761	0.042614
3784	0.042610
5650	0.042608
3287	0.042606
6737	0.042559
11626	0.042553
4530	0.042523
6732	0.042502
2840	0.042492
5109	0.042489
3505	0.042470
7654	0.042447
353	0.042444
6234	0.042436
9539	0.042431
5030	0.042427
3406	0.042391
11234	0.042387
12138	0.042344
12137	0.042344
12068	0.042344
11864	0.042344
7246	0.042342
2347	0.042205
14214	0.042166
10554	0.042156
10451	0.042153
10762	0.042148
3067	0.042131
14186	0.042114
1368	0.042114
