2342	0.274996
3286	0.204662
810	0.190395
12255	0.149051
6749	0.147781
811	0.147781
11446	0.141466
9507	0.138952
13710	0.135923
11031	0.132465
10657	0.119767
10658	0.119269
5491	0.112769
12832	0.111693
12795	0.109484
8622	0.107189
12803	0.105583
11510	0.105344
10674	0.105216
12804	0.103660
11486	0.100997
8794	0.100383
12502	0.099037
10441	0.098540
9917	0.098131
11516	0.097794
11354	0.095910
11019	0.095320
10212	0.095145
7070	0.094723
4349	0.093324
12426	0.093244
12807	0.092854
12787	0.092738
11556	0.092728
12551	0.092545
5650	0.092292
10722	0.092034
11094	0.091806
10682	0.091200
10852	0.090516
12536	0.090230
10042	0.089463
11554	0.088624
323	0.088209
10475	0.088057
3822	0.087753
3764	0.087271
3825	0.086967
10318	0.086214
10921	0.086074
11491	0.085915
12623	0.085844
7114	0.085803
10739	0.085655
10788	0.085655
10777	0.085655
10759	0.085655
3342	0.085524
12654	0.085218
10683	0.085186
8907	0.085039
12792	0.085017
12571	0.084872
13165	0.084751
3341	0.084603
12666	0.084113
12791	0.084078
12788	0.084078
10927	0.083702
3826	0.083637
11506	0.083608
10482	0.083552
10203	0.083392
5957	0.083260
11502	0.083243
10547	0.083126
10671	0.082958
11539	0.082690
12554	0.082641
8513	0.082627
547	0.082534
9926	0.082303
9925	0.082303
9924	0.082303
9852	0.082303
7773	0.082303
7447	0.082303
12145	0.081991
10515	0.081991
5956	0.081991
8797	0.081873
11474	0.081851
9835	0.081747
7898	0.081743
8003	0.081570
5346	0.081548
12638	0.081518
7201	0.081314
1433	0.081031
9948	0.080884
2889	0.080833
13166	0.080487
12597	0.080364
13151	0.080232
7337	0.080189
10926	0.080046
10264	0.079510
4818	0.079449
9016	0.079379
3312	0.079308
9857	0.079283
9486	0.079119
14072	0.079077
9986	0.078647
12015	0.078570
12595	0.078561
566	0.078508
1018	0.078494
12409	0.078479
2594	0.078455
6660	0.078426
1963	0.078253
13089	0.078153
10486	0.078132
567	0.078092
12322	0.078087
11575	0.077958
13361	0.077241
11007	0.077016
11312	0.076946
12408	0.076845
12270	0.076838
1040	0.076836
12542	0.076750
11447	0.076628
3633	0.076383
3451	0.076273
6535	0.076193
12525	0.076172
12187	0.075814
7062	0.075757
11492	0.075554
10523	0.075499
11415	0.075450
6922	0.075405
4786	0.075243
12741	0.075056
1778	0.074982
12235	0.074951
12496	0.074892
10476	0.074885
10305	0.074820
2168	0.074820
3630	0.074779
11431	0.074532
11467	0.074129
13449	0.074067
9724	0.074009
6289	0.073895
4819	0.073846
12516	0.073841
12617	0.073745
520	0.073741
3763	0.073633
4744	0.073610
12629	0.073374
11164	0.073355
11817	0.073319
6990	0.073319
11159	0.073257
11955	0.073231
12701	0.073142
12726	0.073080
13838	0.073024
6887	0.072984
1507	0.072967
8054	0.072883
7465	0.072881
12756	0.072827
6499	0.072767
12764	0.072689
2503	0.072577
12403	0.072364
4729	0.072262
11394	0.072259
10046	0.072219
14108	0.072123
4745	0.072123
11498	0.072121
7817	0.072054
10740	0.072012
2970	0.071911
11010	0.071837
12200	0.071819
12497	0.071804
3746	0.071717
10140	0.071514
10581	0.071305
8079	0.071251
5271	0.071195
2731	0.071187
10572	0.071166
10508	0.071089
10033	0.070994
11175	0.070921
13250	0.070914
12238	0.070903
11237	0.070801
2471	0.070732
3939	0.070618
10108	0.070595
14111	0.070592
14080	0.070592
9971	0.070316
10048	0.070287
2301	0.070256
12415	0.070234
12552	0.070214
9717	0.070211
2341	0.070085
4221	0.070017
2337	0.069870
12698	0.069627
12749	0.069612
12748	0.069612
12412	0.069581
12560	0.069525
3266	0.069497
12734	0.069223
6561	0.069219
5041	0.069150
8320	0.069019
8321	0.069015
11540	0.068922
3845	0.068903
11154	0.068828
8901	0.068719
1619	0.068674
6134	0.068583
11626	0.068541
6334	0.068504
7668	0.068246
12435	0.068233
12624	0.068225
7388	0.068197
12808	0.068060
12401	0.068032
12237	0.067972
11485	0.067969
12818	0.067805
12647	0.067746
10916	0.067688
10389	0.067596
1063	0.067587
14063	0.067563
10432	0.067447
12648	0.067238
4322	0.067184
1538	0.067178
13122	0.067174
6680	0.067161
4514	0.067122
13469	0.067112
11332	0.067066
11544	0.067042
5649	0.067015
11569	0.066989
9992	0.066921
10556	0.066912
10263	0.066878
966	0.066853
11315	0.066824
960	0.066725
11493	0.066720
11374	0.066650
7762	0.066633
12747	0.066594
9346	0.066544
12794	0.066536
12776	0.066509
2582	0.066466
7372	0.066447
5697	0.066399
7523	0.066350
7061	0.066052
10609	0.065938
5512	0.065899
12743	0.065880
2581	0.065864
412	0.065752
4787	0.065659
11853	0.065593
11509	0.065592
9026	0.065509
12757	0.065480
11242	0.065419
10376	0.065405
11419	0.065346
569	0.065283
12774	0.065278
12754	0.065242
1555	0.065229
6138	0.065123
10491	0.065057
9958	0.065021
13358	0.064988
277	0.064979
12621	0.064882
10834	0.064875
6758	0.064868
9800	0.064811
3323	0.064807
7055	0.064769
9519	0.064731
2251	0.064718
11534	0.064627
3726	0.064603
10375	0.064534
12798	0.064493
6614	0.064440
9790	0.064360
11143	0.064184
10647	0.064165
11434	0.064060
11293	0.063910
11353	0.063894
10715	0.063894
9964	0.063854
6290	0.063848
10939	0.063757
10139	0.063720
3324	0.063695
9847	0.063671
7028	0.063484
11518	0.063437
4451	0.063391
13470	0.063368
11351	0.063367
10503	0.063269
12613	0.063253
703	0.063215
12610	0.063180
12063	0.063135
14203	0.063102
13907	0.063102
13906	0.063102
13407	0.063102
11171	0.063102
8372	0.063102
7978	0.063102
3942	0.063102
9375	0.063097
10032	0.063023
11477	0.062949
12695	0.062837
10477	0.062827
12109	0.062786
5948	0.062786
13121	0.062744
4789	0.062744
4788	0.062744
12505	0.062693
12521	0.062677
9998	0.062660
12515	0.062641
12826	0.062638
7875	0.062499
10186	0.062477
11463	0.062452
10889	0.062438
7961	0.062424
4629	0.062336
9520	0.062312
11250	0.062232
12605	0.062173
10511	0.062137
10871	0.062093
14250	0.062046
10558	0.062046
10555	0.062046
6968	0.062046
8042	0.062015
11568	0.061875
11537	0.061863
7139	0.061814
11290	0.061753
9747	0.061727
2349	0.061727
2595	0.061719
11494	0.061641
9967	0.061551
5608	0.061532
513	0.061499
12606	0.061462
10428	0.061459
11405	0.061418
8297	0.061407
10670	0.061406
10443	0.061383
12704	0.061373
12561	0.061366
6450	0.061295
10485	0.061245
7930	0.061239
12632	0.061170
9989	0.061152
4433	0.061150
528	0.061080
12836	0.061067
12824	0.061067
10557	0.061053
10859	0.061036
5515	0.061000
14109	0.060995
10736	0.060995
11400	0.060980
10836	0.060952
10735	0.060844
6371	0.060813
12637	0.060792
1017	0.060770
6655	0.060735
9927	0.060680
9896	0.060680
7208	0.060680
13162	0.060507
10123	0.060507
10545	0.060495
12508	0.060468
3883	0.060311
7165	0.060128
10301	0.060070
14245	0.060060
11142	0.060056
10141	0.060044
10035	0.060044
10819	0.060020
6527	0.060016
9944	0.059970
1412	0.059962
5143	0.059861
12594	0.059849
9555	0.059822
6649	0.059797
6647	0.059797
6646	0.059797
5610	0.059797
12548	0.059712
10920	0.059622
14249	0.059603
4327	0.059577
1095	0.059532
10531	0.059528
10351	0.059508
5887	0.059480
11321	0.059318
3242	0.059250
5446	0.059187
4601	0.059175
12821	0.059123
11223	0.059096
9950	0.059094
10833	0.059063
5430	0.059028
12507	0.059003
5250	0.058954
1363	0.058951
11057	0.058935
9654	0.058931
10946	0.058927
11297	0.058906
11151	0.058853
7670	0.058824
11497	0.058790
1724	0.058760
12287	0.058759
8515	0.058759
6247	0.058740
10127	0.058727
4980	0.058655
6915	0.058652
10554	0.058633
9946	0.058624
5343	0.058588
11089	0.058581
8080	0.058560
11795	0.058519
12880	0.058513
11436	0.058512
10711	0.058512
10970	0.058509
487	0.058502
11263	0.058457
10712	0.058453
3155	0.058435
3587	0.058430
6418	0.058372
11368	0.058333
11551	0.058300
7661	0.058273
3210	0.058270
12078	0.058243
10336	0.058111
6946	0.058069
12413	0.058047
3967	0.058042
11211	0.058042
10761	0.057997
12589	0.057972
10330	0.057969
5670	0.057934
12609	0.057922
10972	0.057918
10589	0.057911
11365	0.057880
11270	0.057880
10957	0.057880
7144	0.057880
11035	0.057876
611	0.057796
13269	0.057793
10049	0.057772
4966	0.057742
11052	0.057691
12649	0.057685
9596	0.057680
5109	0.057667
14199	0.057617
11343	0.057573
12431	0.057550
1007	0.057512
13095	0.057507
6969	0.057507
10612	0.057460
10762	0.057411
8959	0.057317
11495	0.057276
13336	0.057266
11160	0.057220
4589	0.057216
13749	0.057202
3664	0.057202
11522	0.057172
5514	0.057171
9872	0.057157
6622	0.057070
8065	0.057060
11487	0.056976
971	0.056918
13675	0.056908
11496	0.056885
10419	0.056766
11191	0.056756
10903	0.056753
12438	0.056688
8230	0.056667
10447	0.056642
10446	0.056642
10445	0.056642
10442	0.056642
4664	0.056589
8405	0.056563
10784	0.056497
3919	0.056427
10455	0.056416
5951	0.056392
7268	0.056343
5259	0.056338
11818	0.056290
6405	0.056276
5780	0.056241
10998	0.056238
10997	0.056238
6723	0.056193
6722	0.056193
6837	0.056178
4052	0.056119
6406	0.056102
12908	0.056097
9411	0.056097
9412	0.056096
3360	0.056041
12780	0.055987
7105	0.055981
408	0.055950
11572	0.055936
5427	0.055928
10219	0.055926
10961	0.055890
12526	0.055889
13087	0.055878
8875	0.055853
10149	0.055829
7267	0.055792
5221	0.055789
12833	0.055747
8397	0.055723
4289	0.055703
11533	0.055701
7894	0.055638
10811	0.055612
10707	0.055592
9395	0.055490
11163	0.055481
10500	0.055477
7530	0.055457
13164	0.055452
8960	0.055431
13097	0.055332
11424	0.055303
6345	0.055302
12414	0.055292
12457	0.055264
12456	0.055264
12450	0.055264
12443	0.055264
9798	0.055264
620	0.055258
1442	0.055159
10399	0.055157
10860	0.055118
13088	0.055106
3586	0.055065
2669	0.054999
2347	0.054962
6737	0.054945
6550	0.054939
11139	0.054899
2738	0.054838
11033	0.054758
11081	0.054750
10693	0.054747
3412	0.054737
13404	0.054714
12336	0.054701
13430	0.054686
10827	0.054672
10809	0.054645
7580	0.054645
10853	0.054634
13381	0.054621
6632	0.054618
10911	0.054607
10843	0.054604
12400	0.054576
11586	0.054576
1061	0.054558
10352	0.054553
2739	0.054544
9988	0.054511
7581	0.054488
9960	0.054395
7932	0.054378
13333	0.054377
8066	0.054322
12579	0.054317
11675	0.054306
7425	0.054300
11433	0.054290
11101	0.054287
7981	0.054271
13111	0.054252
13109	0.054252
9959	0.054252
5477	0.054252
10250	0.054217
12708	0.054199
10125	0.054190
8947	0.054086
13332	0.054083
11479	0.054077
5508	0.054066
10615	0.054062
10040	0.054015
5208	0.054009
6416	0.053986
5220	0.053984
9094	0.053980
9093	0.053980
9092	0.053980
9065	0.053980
10854	0.053946
5381	0.053938
13374	0.053909
13373	0.053909
11707	0.053866
10440	0.053843
1737	0.053811
5509	0.053796
10749	0.053748
5580	0.053717
8264	0.053713
12799	0.053675
10357	0.053665
8011	0.053651
7776	0.053651
10967	0.053617
14308	0.053598
11257	0.053584
9377	0.053562
5751	0.053506
12665	0.053501
11161	0.053501
873	0.053495
11378	0.053421
12562	0.053414
5736	0.053398
7973	0.053375
10940	0.053373
1052	0.053366
4933	0.053335
11053	0.053293
12772	0.053275
10311	0.053269
616	0.053266
3120	0.053215
10163	0.053207
7310	0.053197
7309	0.053197
11334	0.053128
14222	0.053091
13866	0.053091
10991	0.053090
12633	0.053079
13608	0.053054
13409	0.053054
13408	0.053054
10544	0.052938
11469	0.052921
1506	0.052914
12636	0.052872
11548	0.052850
11121	0.052819
11182	0.052646
1807	0.052641
11173	0.052613
12607	0.052547
8314	0.052517
6812	0.052419
9809	0.052405
7035	0.052400
5952	0.052397
11162	0.052380
3923	0.052342
10450	0.052310
10253	0.052300
9493	0.052295
2942	0.052282
4291	0.052248
4295	0.052229
13493	0.052193
11328	0.052160
5534	0.052132
10484	0.052123
2359	0.052121
6366	0.052116
10304	0.052113
13413	0.052110
9756	0.052101
10542	0.052050
4226	0.052014
6911	0.052003
7134	0.051940
7667	0.051911
13792	0.051907
5085	0.051907
12494	0.051885
12710	0.051839
2485	0.051829
2487	0.051803
5323	0.051795
12727	0.051791
388	0.051764
2634	0.051759
10464	0.051690
10007	0.051687
4279	0.051625
7278	0.051618
8819	0.051606
11565	0.051471
11001	0.051462
2983	0.051348
7239	0.051345
12773	0.051292
3508	0.051281
13539	0.051280
12707	0.051267
6876	0.051259
9900	0.051235
9165	0.051235
7387	0.051235
7964	0.051203
9908	0.051202
9164	0.051202
5188	0.051149
10499	0.051125
12809	0.051078
5950	0.051046
5061	0.051017
7673	0.051016
6564	0.050981
12790	0.050948
6699	0.050945
1496	0.050943
13609	0.050906
12546	0.050863
12628	0.050862
7541	0.050819
13495	0.050791
12767	0.050776
7621	0.050766
2336	0.050762
10687	0.050748
9169	0.050723
1823	0.050722
10392	0.050691
5999	0.050680
5998	0.050680
11577	0.050680
10686	0.050619
10465	0.050571
12816	0.050570
11226	0.050556
10093	0.050548
4750	0.050525
4530	0.050483
794	0.050460
1218	0.050416
10548	0.050411
12800	0.050410
10649	0.050405
8656	0.050397
10890	0.050386
2419	0.050335
9915	0.050330
407	0.050321
5638	0.050273
10495	0.050268
2857	0.050235
11322	0.050224
11183	0.050192
1096	0.050180
387	0.050179
5502	0.050174
7929	0.050174
6809	0.050168
10627	0.050161
7081	0.050118
12576	0.050114
10349	0.050110
6810	0.050076
565	0.050048
11564	0.050009
969	0.049997
7820	0.049960
522	0.049938
12630	0.049929
1383	0.049894
8401	0.049893
8144	0.049871
3217	0.049837
11102	0.049798
12802	0.049744
12423	0.049682
12503	0.049676
10891	0.049659
8581	0.049658
391	0.049633
1961	0.049585
2473	0.049583
1000	0.049561
2118	0.049554
12500	0.049490
11504	0.049415
12709	0.049410
13751	0.049382
10660	0.049362
12577	0.049337
13398	0.049334
11578	0.049307
10198	0.049300
3810	0.049282
11258	0.049271
11252	0.049228
964	0.049217
2744	0.049207
12514	0.049187
2430	0.049170
967	0.049141
7553	0.049100
542	0.049099
10226	0.049081
13397	0.049076
10478	0.049075
12692	0.049046
3819	0.049026
10339	0.049007
10561	0.048978
3118	0.048945
3113	0.048905
12658	0.048859
11116	0.048859
2795	0.048859
2794	0.048859
10810	0.048840
10444	0.048828
9276	0.048810
9275	0.048810
9166	0.048810
7173	0.048810
7138	0.048810
7133	0.048810
7069	0.048810
7162	0.048794
232	0.048743
2800	0.048731
1583	0.048722
1728	0.048676
6415	0.048663
12528	0.048650
10912	0.048633
9170	0.048629
12660	0.048624
10095	0.048576
5520	0.048544
11934	0.048497
2263	0.048436
9021	0.048355
11217	0.048330
963	0.048321
11571	0.048309
11478	0.048308
12381	0.048298
7856	0.048270
8477	0.048266
7988	0.048253
13820	0.048236
7286	0.048218
4965	0.048206
10648	0.048146
12608	0.048119
6399	0.048082
4612	0.048080
1251	0.048074
2332	0.048067
7252	0.048056
12391	0.048051
12812	0.048016
12512	0.048002
364	0.047985
10741	0.047970
5112	0.047944
10714	0.047882
5640	0.047857
13120	0.047842
6344	0.047832
8654	0.047806
8653	0.047806
10613	0.047740
3281	0.047737
11088	0.047685
11453	0.047685
11452	0.047685
11451	0.047685
11449	0.047685
11445	0.047685
11427	0.047685
11391	0.047685
11388	0.047685
11331	0.047685
11327	0.047685
11268	0.047685
2973	0.047676
1108	0.047659
9417	0.047641
10530	0.047637
2949	0.047619
10780	0.047614
13376	0.047558
10841	0.047551
6667	0.047534
10783	0.047514
7819	0.047455
9179	0.047430
12604	0.047417
3162	0.047417
11475	0.047404
7505	0.047317
12573	0.047285
11464	0.047249
9424	0.047241
1460	0.047082
9922	0.047052
402	0.047044
10904	0.047030
9904	0.047026
10875	0.047018
10943	0.046983
2740	0.046982
