2052	0.165963
12252	0.158514
9462	0.155258
11858	0.154120
9439	0.153712
9135	0.153087
1419	0.152869
3837	0.150912
3741	0.149763
1420	0.149138
6295	0.147730
8615	0.145124
4538	0.143010
9706	0.141684
2621	0.140756
2968	0.139384
6149	0.137729
14407	0.137444
9702	0.137441
1905	0.137380
9711	0.137227
9708	0.137227
9707	0.137227
9705	0.137227
9703	0.137227
9699	0.137208
9623	0.136841
2274	0.136717
9710	0.136053
1673	0.135312
7752	0.134991
9218	0.134945
307	0.134927
2064	0.134708
2952	0.134414
2958	0.134052
9794	0.133789
2820	0.133782
8676	0.132683
3389	0.130583
5347	0.130239
155	0.130096
9415	0.129707
8851	0.129707
8850	0.129707
7774	0.129584
5641	0.129584
5642	0.129577
51	0.129486
8845	0.129478
14415	0.129447
9277	0.129447
4542	0.128816
5038	0.128662
2105	0.128382
225	0.128305
8711	0.127967
8732	0.127943
12909	0.127897
9413	0.127885
8710	0.127787
7659	0.127638
235	0.126848
8604	0.126628
6278	0.126610
8712	0.126542
8303	0.126542
8302	0.126542
7362	0.126542
6359	0.126542
6202	0.126474
4301	0.126321
9145	0.126312
8892	0.126034
6742	0.125976
5296	0.125476
8611	0.125416
5177	0.125362
7288	0.125239
6081	0.124948
14266	0.124680
6127	0.123921
268	0.123841
1458	0.123606
10226	0.123308
5219	0.123080
8709	0.122647
224	0.122390
2018	0.122383
13265	0.122240
11658	0.122134
10694	0.121997
9709	0.121567
8625	0.121079
9192	0.121065
9775	0.120740
4304	0.120369
4302	0.120369
11999	0.120367
11607	0.120192
6838	0.120081
7526	0.120074
8864	0.120040
8863	0.120040
8583	0.120040
8124	0.120040
7904	0.120040
7903	0.120040
7902	0.120040
7901	0.120040
7900	0.120040
7899	0.120040
7897	0.120040
7896	0.120040
7895	0.120040
4667	0.120002
2263	0.119096
4485	0.118914
9177	0.118235
13850	0.117860
4537	0.117792
4671	0.117534
4669	0.117534
2990	0.117496
6896	0.117468
9704	0.117440
4670	0.116975
8792	0.116656
5302	0.116595
12030	0.116366
4106	0.116317
2523	0.116296
9713	0.116070
12348	0.116058
6557	0.116007
8352	0.115956
8351	0.115956
2957	0.115956
2956	0.115956
7872	0.115951
4231	0.115659
6501	0.115523
2380	0.115458
5272	0.115033
4105	0.114952
5779	0.114518
6895	0.114349
5778	0.114155
5546	0.113778
4294	0.113754
6317	0.113534
6806	0.113201
4383	0.113131
5967	0.113021
404	0.112934
2996	0.112518
9152	0.112241
7913	0.112163
5968	0.112163
470	0.112163
469	0.112038
758	0.112027
861	0.112021
2015	0.111862
3209	0.111618
2902	0.111597
4672	0.111177
7263	0.111143
532	0.110901
10661	0.110710
8076	0.110396
2964	0.110382
9780	0.110200
4163	0.110071
14418	0.110030
14417	0.110030
13284	0.110030
13152	0.110030
9795	0.110030
9793	0.110030
9792	0.110030
9791	0.110030
9789	0.110030
9745	0.110030
9163	0.110030
8614	0.110030
8613	0.110030
8177	0.110030
7379	0.109936
11806	0.109862
406	0.109861
38	0.109682
370	0.109448
7295	0.109261
4128	0.109119
9226	0.109022
9217	0.109022
8534	0.109022
7827	0.109016
79	0.108694
4668	0.108302
3507	0.108282
6465	0.108240
9787	0.108194
9786	0.108194
9785	0.108194
9784	0.108194
9783	0.108194
9782	0.108194
9781	0.108194
9778	0.108194
9280	0.108194
8585	0.108194
8567	0.108194
8553	0.108194
9539	0.108046
1400	0.108033
141	0.107119
353	0.107108
4160	0.106981
7453	0.106474
9150	0.106386
4416	0.106122
1232	0.105893
1229	0.105893
7676	0.105857
1078	0.105750
2363	0.105687
7767	0.105504
6102	0.105473
9913	0.105112
7131	0.105077
4168	0.104812
1300	0.104706
3588	0.104658
13449	0.104379
6889	0.104260
9244	0.104128
9788	0.104093
4305	0.103933
5780	0.103740
6913	0.103720
2773	0.103692
9700	0.103673
5697	0.103580
3314	0.103474
14416	0.103404
12873	0.103277
10227	0.103070
239	0.103023
3666	0.103017
3311	0.102972
5777	0.102724
13533	0.102669
13532	0.102669
13531	0.102669
8180	0.102512
8451	0.102429
7955	0.102398
679	0.102294
10232	0.102095
3438	0.101983
2114	0.101825
1228	0.101767
8412	0.101631
599	0.101505
9231	0.101472
8634	0.101471
11147	0.101346
11799	0.101316
9480	0.101220
8533	0.101220
730	0.101037
2411	0.100953
8714	0.100864
2845	0.100779
14358	0.100705
243	0.100426
8584	0.100414
10233	0.100409
12275	0.100393
11681	0.100385
9741	0.100382
3310	0.100382
4624	0.100374
4111	0.100211
12077	0.100166
6461	0.100166
3711	0.100166
13235	0.100036
9248	0.099968
7954	0.099952
2280	0.099646
6482	0.099501
6851	0.099429
11646	0.099364
3604	0.099336
1265	0.099299
1491	0.099253
5305	0.099036
2424	0.099004
8531	0.098971
2639	0.098873
11989	0.098862
2458	0.098776
4834	0.098549
9307	0.098537
6255	0.098023
9174	0.097878
12069	0.097792
5914	0.097677
876	0.097648
10286	0.097404
3710	0.097365
2046	0.097320
2073	0.097220
7686	0.097116
10748	0.097099
9834	0.097099
3786	0.096984
4511	0.096629
4958	0.096620
7757	0.096310
9875	0.096214
10642	0.096203
6532	0.096114
9957	0.096094
9831	0.096025
13054	0.095882
5354	0.095864
6938	0.095831
1030	0.095773
2396	0.095058
1090	0.094960
11678	0.094939
9735	0.094828
8090	0.094797
2847	0.094797
2843	0.094797
2839	0.094797
6866	0.094712
5413	0.094679
4778	0.094662
6064	0.094660
4306	0.094589
2840	0.094521
35	0.094486
5033	0.094463
2097	0.094439
6252	0.094297
3388	0.094170
6065	0.094159
5346	0.094158
8207	0.094100
11298	0.094090
10994	0.094090
7584	0.094048
2542	0.093864
1173	0.093758
1402	0.093758
9673	0.093648
13665	0.093297
4463	0.093271
3751	0.093219
3750	0.093219
677	0.093046
1906	0.092838
5034	0.092802
6016	0.092669
4922	0.092601
12285	0.092555
5908	0.092466
6007	0.092427
4581	0.092307
9207	0.092017
9205	0.092017
8528	0.092017
5433	0.091962
9484	0.091951
9483	0.091951
11739	0.091917
13500	0.091916
5746	0.091832
10229	0.091777
9302	0.091730
8503	0.091219
5911	0.090840
7606	0.090737
74	0.090516
8312	0.090437
1656	0.090304
6322	0.090294
9460	0.090001
304	0.089538
11715	0.089469
3440	0.089438
5909	0.089371
4281	0.089273
823	0.089232
9170	0.089163
11178	0.089130
2600	0.089113
1903	0.089109
11840	0.089049
6704	0.088820
14162	0.088803
6198	0.088632
5913	0.088578
13148	0.088576
13147	0.088576
7892	0.088576
6298	0.088576
6297	0.088576
13600	0.088551
9999	0.088481
6473	0.088454
9942	0.088414
9931	0.088414
9930	0.088414
9921	0.088414
9901	0.088414
9899	0.088414
9895	0.088414
9866	0.088414
9836	0.088414
9832	0.088414
9810	0.088414
9698	0.088414
9636	0.088414
9570	0.088414
9299	0.088414
5790	0.088221
169	0.087977
11803	0.087951
9796	0.087931
5289	0.087925
2182	0.087855
231	0.087747
12182	0.087651
4464	0.087651
8204	0.087627
4053	0.087517
9201	0.087513
426	0.087438
11682	0.087367
10509	0.087225
2021	0.087225
5476	0.087221
12915	0.087136
12914	0.087136
12131	0.087117
2641	0.087117
2640	0.087117
2950	0.087063
3441	0.087053
11996	0.087027
8974	0.086872
4549	0.086805
2020	0.086726
1346	0.086726
6695	0.086403
6677	0.086345
2275	0.086155
2775	0.086103
11300	0.086025
5918	0.086024
9761	0.085946
4576	0.085804
5062	0.085800
5243	0.085798
3425	0.085597
5442	0.085585
11048	0.085439
6373	0.085355
186	0.085352
4112	0.085351
1958	0.085338
1850	0.085330
1922	0.085188
9438	0.085172
13688	0.085078
1691	0.084980
2666	0.084921
2593	0.084900
3225	0.084899
4113	0.084721
3203	0.084691
1756	0.084602
1816	0.084548
92	0.084537
9347	0.084382
5737	0.084309
184	0.084283
2522	0.084262
3613	0.084201
7390	0.084100
7654	0.084035
238	0.084004
1854	0.083795
10097	0.083692
2870	0.083624
13517	0.083620
11798	0.083618
6044	0.083594
888	0.083501
3212	0.083499
352	0.083394
10220	0.083381
9512	0.083376
9385	0.083282
10326	0.083257
524	0.083246
13557	0.083094
13556	0.083094
6397	0.083085
5593	0.083079
3448	0.083017
2521	0.082978
3539	0.082919
743	0.082914
1388	0.082855
9726	0.082827
6378	0.082791
9121	0.082760
9112	0.082760
874	0.082749
534	0.082611
9176	0.082583
8809	0.082583
991	0.082451
3288	0.082276
3429	0.082212
10230	0.082144
2214	0.082108
7655	0.082056
11998	0.081958
4377	0.081954
4450	0.081925
5123	0.081914
1921	0.081891
6299	0.081885
1097	0.081817
10186	0.081783
1118	0.081708
11988	0.081677
3128	0.081638
3121	0.081638
3048	0.081638
2624	0.081638
2303	0.081638
3071	0.081591
8929	0.081554
3142	0.081367
5963	0.081260
2037	0.081228
11566	0.081211
5424	0.081185
7182	0.081087
989	0.081073
3736	0.080957
13694	0.080953
145	0.080813
9024	0.080644
9023	0.080644
9022	0.080644
8949	0.080644
10916	0.080613
82	0.080612
4251	0.080604
11966	0.080587
6398	0.080585
1881	0.080560
4756	0.080516
2394	0.080403
2128	0.080400
3054	0.080400
6089	0.080384
10740	0.080366
879	0.080350
5500	0.080343
11733	0.080314
6091	0.080298
6090	0.080298
2831	0.080293
2281	0.080289
1919	0.080232
1777	0.080227
7856	0.080225
10542	0.080180
12273	0.080125
12188	0.080106
5386	0.079991
13545	0.079946
4692	0.079907
2863	0.079870
5275	0.079848
9797	0.079782
9269	0.079759
2758	0.079693
4032	0.079635
2954	0.079613
164	0.079592
1800	0.079540
392	0.079528
7942	0.079519
11019	0.079240
9436	0.079239
2277	0.079179
10838	0.079135
13076	0.079092
14248	0.078939
8047	0.078939
10127	0.078935
6291	0.078803
13942	0.078767
3007	0.078766
9610	0.078730
786	0.078653
12311	0.078506
6294	0.078478
6292	0.078402
2955	0.078400
2953	0.078400
1285	0.078387
10245	0.078359
1785	0.078310
2283	0.078308
2365	0.078304
414	0.078290
2455	0.078278
2632	0.078249
11077	0.078190
14269	0.078138
12310	0.077957
4465	0.077954
5221	0.077900
86	0.077883
3984	0.077828
1386	0.077710
2062	0.077700
11926	0.077691
12034	0.077673
6023	0.077661
10809	0.077660
7580	0.077660
7581	0.077625
3712	0.077602
9729	0.077447
10839	0.077429
7245	0.077372
12175	0.077305
8026	0.077283
1482	0.077100
4109	0.077042
4787	0.077023
10761	0.076988
11612	0.076876
2447	0.076840
7239	0.076792
7227	0.076759
678	0.076723
1952	0.076650
2286	0.076563
13552	0.076522
13511	0.076522
13507	0.076522
4229	0.076360
4659	0.076288
10762	0.076273
3774	0.076242
2278	0.076228
8171	0.076228
3428	0.076173
5035	0.076148
11760	0.076107
2109	0.076105
6155	0.076061
3144	0.076039
1754	0.075985
7981	0.075970
5268	0.075960
3061	0.075812
7830	0.075732
7824	0.075657
11987	0.075652
12549	0.075610
6623	0.075582
8928	0.075512
3700	0.075489
1293	0.075361
10646	0.075353
5423	0.075253
14342	0.075157
3957	0.074970
9098	0.074916
331	0.074890
1755	0.074846
7240	0.074761
6881	0.074692
9215	0.074529
9686	0.074456
11226	0.074437
4824	0.074414
2282	0.074384
6197	0.074337
10231	0.074301
5063	0.074093
2980	0.074088
11425	0.074040
10379	0.074040
13519	0.073909
13659	0.073867
13658	0.073867
4559	0.073863
13435	0.073859
2059	0.073859
10045	0.073846
7398	0.073833
2067	0.073827
9495	0.073778
9147	0.073778
2057	0.073746
4883	0.073727
2892	0.073724
252	0.073709
3000	0.073606
817	0.073489
11365	0.073366
11270	0.073366
10957	0.073366
7144	0.073366
6077	0.073341
11297	0.073263
6300	0.073237
3423	0.073217
2432	0.073181
8468	0.073128
2978	0.073128
2977	0.073128
2	0.073087
5841	0.073057
10594	0.073026
12126	0.073002
2821	0.072957
4469	0.072903
5299	0.072894
2438	0.072851
3596	0.072814
3170	0.072772
6415	0.072741
12093	0.072738
4094	0.072721
7306	0.072710
6663	0.072627
10198	0.072521
5712	0.072485
5711	0.072485
5710	0.072485
2040	0.072482
5045	0.072478
11065	0.072474
9200	0.072461
9909	0.072419
2594	0.072353
8471	0.072316
10507	0.072281
4167	0.072254
5257	0.072194
13320	0.072183
3420	0.072041
1479	0.071895
10197	0.071752
5604	0.071684
1254	0.071564
9520	0.071553
7351	0.071532
1231	0.071513
613	0.071381
13050	0.071356
8619	0.071301
11968	0.071190
949	0.071190
4709	0.071189
3611	0.071185
14404	0.071182
14400	0.071182
8143	0.071182
8096	0.071182
2748	0.071116
3960	0.071100
3956	0.071100
9633	0.071067
9630	0.071067
9628	0.071067
9626	0.071067
9625	0.071067
9624	0.071067
9622	0.071067
9621	0.071067
9620	0.071067
9619	0.071067
9618	0.071067
9615	0.071067
9482	0.071067
10199	0.070932
9928	0.070895
1092	0.070870
6296	0.070747
9540	0.070732
13462	0.070721
4848	0.070716
13947	0.070688
11737	0.070495
3789	0.070420
8387	0.070419
7759	0.070409
7357	0.070409
7355	0.070409
4977	0.070376
9247	0.070346
7356	0.070333
8731	0.070268
11034	0.070266
3749	0.070208
4947	0.070206
4781	0.070133
4758	0.070124
4204	0.070092
12686	0.070089
11475	0.070071
3773	0.069996
1094	0.069966
11813	0.069790
948	0.069776
4693	0.069687
1758	0.069675
8635	0.069584
3973	0.069542
13374	0.069509
13373	0.069509
11429	0.069494
11324	0.069494
4175	0.069491
9993	0.069485
7420	0.069458
4613	0.069353
1457	0.069353
8173	0.069332
3287	0.069242
11073	0.069223
11708	0.069217
4235	0.069189
3900	0.069169
5418	0.069162
4131	0.069148
10356	0.069109
8430	0.069079
6184	0.069069
3631	0.069048
6464	0.068988
6463	0.068988
12684	0.068947
3505	0.068928
4976	0.068890
227	0.068876
3739	0.068857
1	0.068811
9779	0.068772
11809	0.068763
10059	0.068745
11679	0.068731
5300	0.068692
12785	0.068595
12125	0.068559
4176	0.068554
4121	0.068513
12784	0.068459
5849	0.068453
6217	0.068422
10249	0.068416
12955	0.068403
5649	0.068389
12276	0.068371
14263	0.068371
14002	0.068371
14001	0.068371
14000	0.068371
13998	0.068371
13996	0.068371
6666	0.068371
5064	0.068371
4854	0.068371
4852	0.068371
12141	0.068350
10110	0.068330
12274	0.068271
8236	0.068271
8235	0.068271
6980	0.068271
6953	0.068271
298	0.068271
2267	0.068226
10800	0.068200
5419	0.068121
9869	0.068114
10098	0.068067
5748	0.067928
3512	0.067913
9559	0.067888
676	0.067796
4118	0.067725
10615	0.067697
9108	0.067674
4660	0.067625
8439	0.067609
7435	0.067609
7180	0.067609
5815	0.067599
8438	0.067565
2054	0.067548
6035	0.067516
9606	0.067506
6277	0.067503
7617	0.067496
7933	0.067489
347	0.067489
12300	0.067441
11233	0.067412
9381	0.067412
8383	0.067403
3974	0.067309
8000	0.067309
2708	0.067294
10723	0.067291
2941	0.067200
6737	0.067196
3745	0.067186
11212	0.067166
12053	0.067155
5923	0.067112
1862	0.067098
10511	0.067045
6767	0.067011
6765	0.067011
6764	0.067011
11121	0.066993
8661	0.066990
5523	0.066964
2110	0.066944
9613	0.066921
4665	0.066903
4169	0.066884
8636	0.066881
6967	0.066861
6689	0.066861
8671	0.066859
13926	0.066836
3654	0.066834
5461	0.066811
9235	0.066810
9230	0.066810
9228	0.066810
9225	0.066810
9224	0.066810
9221	0.066810
9219	0.066810
9214	0.066810
9213	0.066810
9211	0.066810
9209	0.066810
9208	0.066810
9206	0.066810
9193	0.066810
8807	0.066810
8679	0.066810
8677	0.066810
8675	0.066810
8674	0.066810
8673	0.066810
8670	0.066810
8637	0.066810
8633	0.066810
8631	0.066810
8610	0.066810
8591	0.066810
8539	0.066810
8538	0.066810
8537	0.066810
8536	0.066810
8529	0.066810
8526	0.066810
8525	0.066810
8632	0.066810
6443	0.066776
9109	0.066766
2107	0.066759
10300	0.066715
8398	0.066645
1380	0.066643
342	0.066576
