5512	0.167223
5514	0.160776
12063	0.157664
11145	0.156832
5650	0.148959
12525	0.147954
5513	0.147057
10389	0.143358
13156	0.142928
10176	0.142928
10087	0.142928
10086	0.142928
10085	0.142878
10191	0.142783
1733	0.142411
2594	0.142009
5649	0.141048
6138	0.137833
11626	0.134980
4787	0.133788
13121	0.132952
4789	0.132952
4788	0.132952
10921	0.132932
2105	0.130814
7013	0.125908
11447	0.124027
10556	0.119355
14091	0.118010
4786	0.117802
3152	0.117476
1746	0.117112
2595	0.116636
11556	0.116451
12502	0.116385
14249	0.116328
5994	0.115965
2107	0.115882
14250	0.115700
10558	0.115700
10555	0.115700
6968	0.115700
8042	0.115666
10554	0.115552
10376	0.115186
10557	0.114384
10499	0.113771
6737	0.113768
8813	0.113598
10920	0.112610
5995	0.112399
4530	0.112301
10758	0.112194
13838	0.110858
11094	0.110481
10127	0.110162
4349	0.108880
2473	0.108750
2108	0.108440
8794	0.108333
10553	0.108145
11211	0.107683
13095	0.107630
6969	0.107630
12431	0.107409
11033	0.107029
4531	0.106894
4116	0.106829
2634	0.106657
5651	0.106286
14111	0.106245
14080	0.106245
5491	0.104878
12832	0.103810
2110	0.103775
11189	0.102292
10264	0.102106
11188	0.102098
11187	0.102098
13374	0.101357
13373	0.101357
12153	0.101100
4702	0.101100
13575	0.100787
11403	0.100325
6148	0.100325
3120	0.099831
8133	0.097872
10739	0.097820
10788	0.097820
10777	0.097820
10759	0.097820
10523	0.097811
8622	0.097796
10916	0.097622
9958	0.097566
4535	0.097532
3442	0.097298
13579	0.097018
11039	0.097018
10852	0.096828
13820	0.095902
12792	0.095798
4147	0.095768
12791	0.094920
12788	0.094920
10757	0.094786
11415	0.094670
13265	0.094437
11175	0.094376
9917	0.093260
4536	0.093168
11658	0.093129
12237	0.092887
5433	0.092883
10042	0.092764
10388	0.092762
12238	0.092394
10548	0.092197
11237	0.092092
11007	0.091920
10511	0.091760
1109	0.091304
3418	0.091285
1836	0.090639
11510	0.090332
10650	0.090060
11457	0.089727
10426	0.089657
10937	0.088927
10045	0.088841
12161	0.088835
11870	0.088835
11794	0.088835
11204	0.088835
11203	0.088835
6144	0.088835
6143	0.088835
6142	0.088835
6141	0.088835
10500	0.088825
13122	0.088667
9989	0.088381
12695	0.088046
5888	0.087991
9439	0.087820
13165	0.087638
11858	0.087622
12807	0.087503
877	0.087398
8958	0.087316
9462	0.087200
5221	0.087011
10049	0.087006
11012	0.086939
5220	0.086831
10809	0.086570
7580	0.086570
7581	0.086507
5430	0.086423
7962	0.086189
3851	0.086165
12532	0.086145
5213	0.086107
1507	0.086044
10212	0.085790
10321	0.085786
10050	0.085602
9960	0.085474
5664	0.085424
5346	0.085408
6140	0.085311
6139	0.085311
10482	0.085252
13111	0.085208
13109	0.085208
9959	0.085208
10125	0.085079
10088	0.085012
8943	0.084920
10606	0.084817
10156	0.084577
8108	0.084470
9849	0.084417
2092	0.084297
6564	0.084274
2119	0.084214
2952	0.084158
5885	0.084127
7395	0.084045
12436	0.083995
11365	0.083868
11270	0.083868
10957	0.083868
7144	0.083868
8135	0.083865
11297	0.083856
12835	0.083848
12787	0.083828
2121	0.083729
8890	0.083412
10740	0.083344
498	0.083062
5178	0.083035
10305	0.083003
8596	0.082979
10491	0.082895
2820	0.082205
2958	0.082081
12147	0.081917
323	0.081908
14093	0.081813
9857	0.081481
12183	0.081217
971	0.081214
8346	0.081199
8345	0.081199
10956	0.081147
13955	0.081144
11371	0.080890
11370	0.080890
10955	0.080890
10682	0.080661
9948	0.080597
4532	0.080561
2111	0.080268
9117	0.080229
7676	0.080015
2113	0.079993
11914	0.079798
7453	0.079736
3778	0.079628
10547	0.079604
10658	0.079510
9982	0.079340
9983	0.079280
13166	0.079265
12795	0.079259
1673	0.079194
3390	0.079014
9375	0.078995
10808	0.078879
11176	0.078823
4106	0.078681
14060	0.078646
7025	0.078519
11274	0.078378
11273	0.078378
11272	0.078378
11271	0.078378
12496	0.078310
7032	0.078206
13621	0.078159
8352	0.078094
8351	0.078094
2957	0.078094
2956	0.078094
7872	0.078091
10657	0.078020
2104	0.077964
633	0.077946
9946	0.077739
10927	0.077705
7088	0.077398
11419	0.077370
11486	0.077327
2102	0.077307
5957	0.077265
5268	0.077151
12804	0.077073
4105	0.077023
12721	0.076913
12145	0.076611
10515	0.076611
5956	0.076611
7267	0.076452
5642	0.076427
7774	0.076424
5641	0.076424
12624	0.076421
11353	0.076228
10715	0.076228
12401	0.076071
6895	0.075913
11434	0.075679
10226	0.075663
12551	0.075627
5347	0.075589
1001	0.075265
8336	0.074877
10032	0.074770
4534	0.074753
6804	0.074251
10889	0.074200
13748	0.074080
10649	0.073885
12815	0.073794
2128	0.073695
13850	0.073532
13162	0.073403
10123	0.073403
11554	0.073346
11562	0.073291
705	0.073216
2349	0.073125
12457	0.072806
12456	0.072806
12450	0.072806
12443	0.072806
9798	0.072806
13738	0.072675
13731	0.072675
13706	0.072667
10023	0.072584
13707	0.072562
10369	0.072503
9016	0.072461
12628	0.072428
3764	0.072409
4342	0.072372
6896	0.072351
6366	0.072316
2731	0.072208
7070	0.072169
4878	0.072024
12399	0.071963
221	0.071810
11056	0.071764
10992	0.071661
12701	0.071656
11143	0.071502
11223	0.071330
1419	0.071288
3312	0.071286
11032	0.071134
12594	0.070949
9169	0.070764
12426	0.070705
11206	0.070694
2103	0.070672
10710	0.070669
4327	0.070613
6102	0.070499
2902	0.070305
12461	0.070268
6725	0.070253
9915	0.070252
8797	0.070165
10615	0.070121
10450	0.070020
10577	0.069871
11244	0.069851
3716	0.069759
10149	0.069511
11516	0.069437
3206	0.069380
12542	0.069367
5713	0.069355
8079	0.069329
11498	0.069203
7245	0.069175
6727	0.069113
8935	0.069098
295	0.069053
713	0.068950
565	0.068817
1120	0.068543
11154	0.068527
881	0.068494
1119	0.068473
8522	0.068434
7026	0.068412
9944	0.068407
2192	0.068192
11930	0.068190
13247	0.068139
11111	0.068117
3822	0.068075
11522	0.067873
11019	0.067864
12492	0.067850
10694	0.067802
408	0.067679
6562	0.067664
5579	0.067646
2471	0.067232
12790	0.067154
11242	0.067124
12640	0.067051
2591	0.066853
12500	0.066840
10483	0.066788
5608	0.066650
9835	0.066546
3451	0.066545
6482	0.066499
12597	0.066422
11102	0.066391
11030	0.066311
11029	0.066311
9623	0.066290
7898	0.066283
10395	0.066160
5283	0.066128
12694	0.066068
8343	0.066052
10674	0.066004
1506	0.065829
11343	0.065797
11191	0.065758
10475	0.065709
5546	0.065582
10838	0.065518
10024	0.065493
2889	0.065371
12679	0.065307
12444	0.065224
8003	0.065064
1823	0.065019
12445	0.065010
11439	0.065001
8091	0.064853
13469	0.064822
11954	0.064684
3341	0.064653
12809	0.064507
5862	0.064506
11491	0.064411
8864	0.064390
8863	0.064390
8583	0.064390
8124	0.064390
7904	0.064390
7903	0.064390
7902	0.064390
7901	0.064390
7900	0.064390
7899	0.064390
7897	0.064390
7896	0.064390
7895	0.064390
7526	0.064389
11132	0.064375
6532	0.064356
12557	0.064246
1555	0.064224
10272	0.064175
10843	0.064059
11289	0.064035
10839	0.063982
11263	0.063979
11568	0.063931
10007	0.063883
10722	0.063824
2582	0.063810
542	0.063778
1420	0.063576
11163	0.063492
2117	0.063475
5580	0.063439
4434	0.063399
12200	0.063356
11186	0.063293
4177	0.063249
5622	0.063030
11098	0.062937
232	0.062699
10903	0.062675
12336	0.062667
10890	0.062607
13470	0.062368
11490	0.062357
12708	0.062351
12658	0.062338
11116	0.062338
2795	0.062338
2794	0.062338
12561	0.062278
10853	0.062269
6472	0.062187
2800	0.062160
8405	0.062113
10735	0.062079
14109	0.062021
10736	0.062021
10891	0.061970
129	0.061912
8264	0.061890
3630	0.061883
2347	0.061863
2190	0.061683
2581	0.061676
11151	0.061558
2660	0.061519
10854	0.061510
9847	0.061433
3115	0.061416
11053	0.061413
3114	0.061399
7434	0.061369
3266	0.061349
7762	0.061334
10901	0.061298
6649	0.061213
6647	0.061213
6646	0.061213
5610	0.061213
13716	0.061210
10375	0.061131
7674	0.061103
9971	0.061013
2097	0.060926
8654	0.060684
8653	0.060684
12704	0.060556
11368	0.060492
7879	0.060488
11313	0.060404
9988	0.060379
7505	0.060353
12897	0.060346
10818	0.060293
2954	0.060256
13375	0.060211
13333	0.060176
3587	0.060141
7195	0.060124
7193	0.060124
6290	0.060067
34	0.060061
7772	0.060047
10186	0.060013
7166	0.059969
10497	0.059951
7715	0.059896
5110	0.059879
11497	0.059769
3633	0.059558
4744	0.059521
3142	0.059479
2522	0.059466
9675	0.059310
4933	0.059300
7062	0.059232
11544	0.059206
8513	0.059178
10907	0.059110
2124	0.058990
10526	0.058986
13449	0.058920
5510	0.058866
2118	0.058857
2327	0.058808
11312	0.058717
11575	0.058701
1161	0.058636
12262	0.058567
5734	0.058558
2093	0.058555
10486	0.058512
2828	0.058433
1132	0.058414
12536	0.058370
11579	0.058293
14108	0.058229
4745	0.058229
11509	0.058170
6134	0.058104
10531	0.058008
11494	0.058004
11533	0.058002
1963	0.057991
10502	0.057989
13749	0.057964
569	0.057908
4538	0.057874
11539	0.057871
9555	0.057832
11463	0.057824
4611	0.057651
10111	0.057606
12654	0.057604
6838	0.057525
12630	0.057456
11142	0.057420
5276	0.057394
7246	0.057390
11375	0.057370
10425	0.057367
12201	0.057352
13073	0.057345
6941	0.057345
5368	0.057345
3370	0.057338
11190	0.057323
13334	0.057310
12397	0.057234
10036	0.056938
6570	0.056931
12571	0.056928
12629	0.056851
10844	0.056825
8652	0.056758
2960	0.056592
7880	0.056547
11179	0.056518
10435	0.056372
2965	0.056365
9964	0.056358
13151	0.056357
2112	0.056353
13603	0.056347
13238	0.056347
9553	0.056347
2959	0.056347
12103	0.056347
5745	0.056335
13794	0.056296
5887	0.056277
8464	0.056275
13394	0.056257
13541	0.056228
5573	0.056178
13591	0.056172
10236	0.056139
8081	0.056097
5271	0.056034
2816	0.056004
8773	0.056003
6621	0.056003
6535	0.055964
2661	0.055941
2600	0.055929
12626	0.055917
12507	0.055863
3093	0.055832
12515	0.055742
11501	0.055718
6622	0.055712
876	0.055677
12398	0.055654
11733	0.055647
4596	0.055625
12499	0.055602
13398	0.055449
11218	0.055377
12621	0.055366
4279	0.055352
7529	0.055338
13442	0.055320
11961	0.055276
12709	0.055256
7553	0.055249
6371	0.055180
1017	0.055172
7031	0.055090
2949	0.055084
6618	0.055067
5250	0.055062
10664	0.055026
7033	0.055006
11989	0.055001
11332	0.054992
11485	0.054980
9181	0.054965
13361	0.054926
879	0.054890
14063	0.054874
7520	0.054870
7468	0.054861
2967	0.054861
1609	0.054774
10477	0.054739
3371	0.054689
12562	0.054672
11101	0.054668
13675	0.054612
11315	0.054562
11507	0.054547
4292	0.054526
487	0.054508
5434	0.054450
12627	0.054446
11564	0.054412
9218	0.054398
10949	0.054306
2251	0.054279
11455	0.054214
11426	0.054214
10033	0.054155
716	0.054129
3283	0.054115
9990	0.054106
8609	0.054080
4664	0.054056
12726	0.053915
12803	0.053912
1008	0.053815
10535	0.053809
6499	0.053767
2052	0.053749
11960	0.053746
10836	0.053743
5367	0.053694
2351	0.053686
2350	0.053686
2348	0.053686
2346	0.053686
2955	0.053645
2953	0.053645
10441	0.053559
1538	0.053540
5041	0.053500
1118	0.053354
9587	0.053221
11477	0.053217
10647	0.053210
12408	0.053193
14222	0.053183
13866	0.053183
13812	0.053045
8265	0.053045
566	0.053018
2188	0.053014
11689	0.052991
12745	0.052929
12552	0.052891
4324	0.052871
10946	0.052869
9926	0.052842
9925	0.052842
9924	0.052842
9852	0.052842
7773	0.052842
7447	0.052842
1111	0.052830
589	0.052754
2114	0.052690
13719	0.052636
10588	0.052636
7547	0.052636
1925	0.052497
4595	0.052484
13320	0.052402
2106	0.052305
10576	0.052287
10970	0.052279
3726	0.052275
8250	0.052274
7295	0.052268
5447	0.052266
6987	0.052255
2487	0.052238
6655	0.052238
1711	0.052211
3591	0.052188
1737	0.052155
7014	0.052143
2485	0.052086
11436	0.052028
10711	0.052028
11571	0.051998
12497	0.051960
7034	0.051955
10712	0.051912
611	0.051882
7206	0.051868
10141	0.051724
10035	0.051724
10517	0.051713
4492	0.051699
11511	0.051687
12410	0.051651
13427	0.051628
7055	0.051619
12605	0.051586
11530	0.051568
7061	0.051546
10138	0.051531
3217	0.051486
10339	0.051377
9179	0.051361
10234	0.051331
6614	0.051255
1235	0.051223
6323	0.051157
10530	0.051145
10166	0.051043
11283	0.051035
6887	0.050989
8054	0.050960
119	0.050938
352	0.050875
12493	0.050761
10687	0.050749
9200	0.050746
5322	0.050731
5112	0.050709
3689	0.050630
7530	0.050595
9168	0.050585
12595	0.050509
12374	0.050502
11565	0.050311
10542	0.050225
2799	0.050149
10714	0.050144
10027	0.050134
981	0.050110
10859	0.050047
11162	0.049999
11495	0.049971
10686	0.049944
8162	0.049931
11474	0.049917
4645	0.049917
4168	0.049885
4818	0.049873
7139	0.049865
5720	0.049838
12495	0.049831
2109	0.049771
3369	0.049748
11086	0.049699
9520	0.049657
11182	0.049655
7110	0.049556
12386	0.049455
5109	0.049446
13163	0.049438
10169	0.049438
5254	0.049419
5869	0.049393
11226	0.049352
7137	0.049347
12556	0.049318
12779	0.049264
2846	0.049202
1840	0.049185
13340	0.049180
11290	0.049143
12404	0.049078
9654	0.049066
5143	0.049045
10016	0.049043
12801	0.049026
14245	0.048981
11183	0.048979
10508	0.048904
9825	0.048895
10148	0.048881
12573	0.048834
6271	0.048807
10428	0.048806
12554	0.048778
8329	0.048744
12546	0.048701
8907	0.048644
12617	0.048635
2586	0.048341
12589	0.048340
12521	0.048335
8656	0.048313
12010	0.048286
1113	0.048270
12393	0.048247
8780	0.048235
9717	0.048188
10433	0.048121
9826	0.048117
9414	0.048086
8887	0.047911
9691	0.047863
5969	0.047859
11555	0.047827
12796	0.047794
3279	0.047784
10973	0.047768
9632	0.047703
10860	0.047691
7930	0.047657
4339	0.047635
235	0.047631
5870	0.047631
616	0.047556
2276	0.047488
12592	0.047486
12607	0.047474
8531	0.047466
11069	0.047428
10203	0.047394
11572	0.047355
5567	0.047313
9423	0.047307
8611	0.047307
10432	0.047292
4433	0.047251
3681	0.047220
10671	0.047195
2823	0.047163
11009	0.047139
12816	0.047117
8080	0.047035
5033	0.047031
7977	0.047022
9800	0.046992
8017	0.046942
7973	0.046925
10841	0.046919
4712	0.046853
12670	0.046779
12580	0.046703
9215	0.046699
4824	0.046664
7114	0.046661
12602	0.046640
6325	0.046582
13183	0.046482
11008	0.046482
11209	0.046438
351	0.046421
7372	0.046410
9796	0.046405
11208	0.046383
9170	0.046325
11140	0.046323
10784	0.046313
10037	0.046306
10717	0.046302
10781	0.046299
1835	0.046293
12396	0.046240
11346	0.046190
13023	0.046187
12698	0.046175
7029	0.046148
10677	0.046065
14349	0.046039
14344	0.046039
14316	0.046039
14309	0.046039
14306	0.046039
14260	0.046039
14240	0.046039
14216	0.046039
14168	0.046039
7261	0.046022
10030	0.046011
7201	0.045995
11464	0.045983
5129	0.045980
2798	0.045966
11178	0.045961
10358	0.045956
10325	0.045936
5379	0.045903
8253	0.045900
3918	0.045892
10819	0.045879
13155	0.045719
11542	0.045693
4504	0.045688
3323	0.045684
4945	0.045677
10468	0.045650
2930	0.045634
7094	0.045632
5156	0.045625
9062	0.045617
1824	0.045612
12826	0.045608
10609	0.045547
12666	0.045517
2981	0.045479
5970	0.045460
12710	0.045455
3496	0.045441
2770	0.045287
3324	0.045261
12633	0.045243
11902	0.045229
4699	0.045202
3838	0.045199
6047	0.045154
7403	0.045127
1619	0.045057
13665	0.045055
6289	0.044982
450	0.044965
10048	0.044960
1839	0.044918
12773	0.044909
10961	0.044836
11405	0.044829
11675	0.044753
9486	0.044739
12836	0.044729
12824	0.044729
12610	0.044707
10010	0.044676
