12202	0.219429
3988	0.219429
3987	0.218579
5846	0.121860
5843	0.117882
10632	0.114755
3135	0.113261
8855	0.113159
6829	0.113065
11148	0.112794
7397	0.111762
6457	0.110161
2546	0.109454
9694	0.108802
6480	0.107991
6830	0.107616
3226	0.105998
4895	0.105864
1344	0.105606
7285	0.105366
1359	0.105215
8832	0.104905
5582	0.104783
3064	0.104236
4763	0.103326
6814	0.101567
12247	0.101013
11667	0.100778
11711	0.100320
1345	0.099181
4856	0.098946
13087	0.098935
2547	0.098929
5007	0.098549
8489	0.098249
4114	0.097462
12358	0.096892
6394	0.096595
5248	0.096420
6963	0.096173
2548	0.095370
249	0.095176
4828	0.094957
254	0.094864
12286	0.093685
6259	0.093543
12291	0.092899
5293	0.092627
11591	0.092453
12249	0.092227
5008	0.092227
3326	0.092199
6306	0.092085
6979	0.092051
11592	0.092027
4078	0.091386
3077	0.091225
9005	0.091153
680	0.090885
6009	0.090677
4742	0.090677
819	0.090509
1581	0.090485
5695	0.087985
5583	0.087935
4947	0.087853
4743	0.087727
3078	0.087655
5942	0.087560
6729	0.087399
12734	0.087332
11742	0.085961
5226	0.085961
8618	0.085824
250	0.085806
13810	0.085616
12794	0.085309
12747	0.085295
12757	0.085204
14126	0.085138
14125	0.085138
10834	0.084801
11697	0.084795
6481	0.084770
14128	0.084639
2486	0.083934
12277	0.083369
8073	0.083369
6150	0.083369
5944	0.083369
5943	0.083369
9002	0.083026
850	0.082282
3834	0.081235
5940	0.080672
6934	0.079961
2588	0.079313
1778	0.078555
3678	0.078370
3673	0.078370
10733	0.077877
4841	0.077563
7359	0.077552
11438	0.077528
6946	0.077339
3213	0.077043
6836	0.076790
55	0.076735
11921	0.076498
34	0.076477
8314	0.076444
9370	0.075951
13204	0.075626
5946	0.075603
6328	0.075454
3210	0.075285
6010	0.075224
7541	0.074929
6935	0.074897
13805	0.074892
5132	0.074892
4713	0.074664
253	0.074463
6758	0.074338
5207	0.074292
4000	0.074117
14317	0.074047
9123	0.073703
10427	0.073671
6147	0.073333
459	0.072998
457	0.072859
568	0.072724
1421	0.072483
12613	0.072069
8800	0.071907
12066	0.071828
5217	0.071783
4497	0.071771
12385	0.071678
4800	0.071596
699	0.071399
13008	0.071126
7950	0.070714
10813	0.070626
7049	0.070547
7343	0.070501
6056	0.070379
11178	0.070282
2077	0.070062
10862	0.069640
10343	0.069635
6718	0.069635
7152	0.069632
6910	0.069618
5292	0.069608
11011	0.069540
6719	0.069449
11256	0.069347
961	0.069142
9006	0.069019
9004	0.069019
9003	0.069019
9001	0.069019
9000	0.069019
8999	0.069019
8941	0.069019
3428	0.068999
11334	0.068821
10863	0.068757
11091	0.068736
12880	0.068675
12314	0.068598
8749	0.068596
8748	0.068596
9551	0.068490
14073	0.068403
4033	0.068112
8998	0.067749
11920	0.067632
3927	0.067632
3868	0.067632
11795	0.067619
7050	0.067558
5240	0.067539
5844	0.067486
4031	0.067414
7342	0.067400
2540	0.067328
8886	0.067306
5446	0.067268
12372	0.067122
2701	0.067089
8622	0.066997
6449	0.066970
6527	0.066889
10441	0.066751
11007	0.066621
2381	0.066537
698	0.066426
458	0.066205
9026	0.066111
31	0.066081
8238	0.065946
8217	0.065793
7578	0.065793
5195	0.065774
8780	0.065771
6456	0.065730
7908	0.065664
12612	0.065630
10844	0.065627
10390	0.065551
7807	0.065549
11292	0.065513
4389	0.065477
6454	0.065472
13846	0.065409
8459	0.065409
3074	0.065273
11472	0.065165
10090	0.064911
2519	0.064841
2793	0.064676
11421	0.064643
11345	0.064643
11335	0.064643
10842	0.064643
4392	0.064572
12241	0.064566
12240	0.064566
8074	0.064566
7294	0.064566
6054	0.064566
4336	0.064566
8959	0.064561
3068	0.064449
11743	0.064427
5159	0.064293
8089	0.064259
7681	0.064181
6121	0.064135
4618	0.064100
1422	0.064042
10428	0.063936
12504	0.063908
12360	0.063804
7711	0.063804
3469	0.063781
11216	0.063729
11386	0.063694
11918	0.063601
206	0.063571
2823	0.063551
9725	0.063542
5606	0.063316
11919	0.063148
1138	0.062903
4453	0.062817
11510	0.062800
10672	0.062776
1009	0.062742
7475	0.062686
8835	0.062624
5937	0.062569
7399	0.062452
5025	0.062446
8862	0.062318
8861	0.062318
8860	0.062318
8859	0.062318
8858	0.062318
8857	0.062318
8844	0.062318
8843	0.062318
8842	0.062318
8841	0.062318
8840	0.062318
8839	0.062318
8838	0.062318
8834	0.062318
8824	0.062318
8823	0.062318
8822	0.062318
8820	0.062318
8818	0.062318
8817	0.062318
8803	0.062318
8798	0.062318
8737	0.062318
8639	0.062318
7682	0.062318
7677	0.062318
7382	0.062318
7247	0.062318
5795	0.062250
1613	0.062129
8382	0.062103
4797	0.062077
5520	0.062038
4204	0.061946
3951	0.061821
14	0.061797
3929	0.061660
3928	0.061660
10961	0.061636
5238	0.061401
11200	0.061222
6680	0.061137
3784	0.061108
12591	0.060925
3237	0.060842
12359	0.060822
6468	0.060822
4832	0.060775
286	0.060532
3642	0.060315
1463	0.060300
5239	0.060295
1273	0.060266
7224	0.060176
6574	0.060176
5527	0.060176
9392	0.060113
1020	0.060053
570	0.060029
57	0.060021
11728	0.059883
8960	0.059811
8128	0.059536
3879	0.059470
8259	0.059453
269	0.059388
8877	0.059360
13277	0.059354
4500	0.059206
2545	0.059112
3805	0.059071
10415	0.058919
858	0.058905
13146	0.058885
11729	0.058882
1456	0.058854
8836	0.058675
205	0.058662
203	0.058662
12787	0.058608
10756	0.058549
3254	0.058534
8430	0.058379
13551	0.058340
2440	0.058241
3982	0.058229
7864	0.058196
2997	0.058189
1593	0.058089
6882	0.058054
3247	0.058054
13721	0.058043
13709	0.058043
10876	0.058043
4792	0.058004
12409	0.057946
10734	0.057710
5905	0.057635
10416	0.057593
3363	0.057485
2753	0.057462
5441	0.057453
11752	0.057371
8209	0.057332
7977	0.057181
8284	0.057100
9085	0.056955
333	0.056941
1182	0.056724
3998	0.056667
851	0.056612
7165	0.056605
9086	0.056596
8593	0.056562
9094	0.056510
9093	0.056510
9092	0.056510
9065	0.056510
11416	0.056410
9766	0.056325
9765	0.056325
5343	0.056287
9377	0.056077
8802	0.056073
10833	0.056002
10237	0.055997
11595	0.055773
10812	0.055673
1418	0.055624
11109	0.055586
8699	0.055556
8463	0.055412
12109	0.055357
5948	0.055357
14096	0.055301
6624	0.055293
6938	0.055268
12795	0.055241
277	0.055145
11677	0.055104
4494	0.055104
4493	0.055104
2227	0.055094
10475	0.055069
10347	0.054814
12395	0.054690
4235	0.054675
9767	0.054671
6727	0.054544
10933	0.054501
12091	0.054388
5048	0.054388
262	0.054246
5009	0.054209
8572	0.054194
8569	0.054194
8568	0.054194
11675	0.054178
4393	0.054168
6001	0.054146
6208	0.054021
991	0.053997
4030	0.053924
10301	0.053914
4968	0.053863
2585	0.053849
10275	0.053796
10670	0.053696
6715	0.053535
7249	0.053494
3375	0.053439
4259	0.053388
4799	0.053320
8947	0.053301
10273	0.053186
2343	0.053084
13374	0.052985
13373	0.052985
8040	0.052947
6506	0.052914
3030	0.052865
5650	0.052853
199	0.052819
8237	0.052747
11202	0.052704
8113	0.052672
8696	0.052661
5489	0.052647
17	0.052643
10913	0.052588
8472	0.052578
8747	0.052526
8725	0.052526
10432	0.052438
8257	0.052400
45	0.052317
8170	0.052264
3668	0.052224
3316	0.052212
10099	0.052211
8135	0.052059
5856	0.052023
6216	0.052002
3429	0.051987
13530	0.051949
11564	0.051856
7641	0.051844
6341	0.051844
12283	0.051832
4376	0.051803
10589	0.051791
5585	0.051779
3729	0.051760
7932	0.051740
3315	0.051735
2948	0.051688
2946	0.051688
10749	0.051663
4798	0.051632
6483	0.051545
8701	0.051538
8500	0.051527
4685	0.051515
8724	0.051514
8723	0.051514
8722	0.051514
8721	0.051514
8720	0.051514
8719	0.051514
8702	0.051514
8698	0.051514
8695	0.051514
8694	0.051514
8693	0.051514
8692	0.051514
8691	0.051514
8690	0.051514
8689	0.051514
8688	0.051514
8687	0.051514
8686	0.051514
8685	0.051514
8684	0.051514
8683	0.051514
8682	0.051514
8681	0.051514
8680	0.051514
8649	0.051514
8648	0.051514
8647	0.051514
8646	0.051514
8645	0.051514
8644	0.051514
8643	0.051514
8642	0.051514
8640	0.051514
8554	0.051514
7577	0.051514
5584	0.051497
2230	0.051497
1616	0.051481
8069	0.051448
8837	0.051364
5574	0.051364
8362	0.051330
665	0.051328
7814	0.051324
8162	0.051305
1600	0.051278
1595	0.051278
1590	0.051278
3224	0.051277
11286	0.051263
4051	0.051245
5837	0.051203
10507	0.051174
628	0.051147
9915	0.051102
6159	0.051099
6158	0.051099
1886	0.051068
12759	0.050905
8208	0.050818
6002	0.050812
5214	0.050707
3626	0.050705
12772	0.050644
8307	0.050617
2674	0.050609
7482	0.050592
686	0.050591
10127	0.050581
5672	0.050543
5237	0.050535
8570	0.050495
8697	0.050468
8898	0.050421
7947	0.050348
12667	0.050272
30	0.050227
11267	0.050207
8491	0.050207
10346	0.050192
8192	0.050138
1053	0.050122
3066	0.050113
11754	0.050108
3341	0.050097
341	0.050064
10963	0.050003
10960	0.050003
10958	0.050003
8239	0.049996
7478	0.049993
12665	0.049986
5320	0.049961
2672	0.049945
8317	0.049938
8316	0.049938
9169	0.049938
11428	0.049871
5671	0.049856
759	0.049839
9021	0.049808
10511	0.049794
6776	0.049757
376	0.049692
12691	0.049641
7205	0.049628
7326	0.049586
13577	0.049565
8385	0.049547
10604	0.049486
3963	0.049477
6220	0.049388
1597	0.049366
10729	0.049357
5185	0.049318
7544	0.049261
10375	0.049225
14218	0.049223
10370	0.049217
6386	0.049196
10896	0.049173
3961	0.049116
3041	0.049104
6254	0.049102
1337	0.049071
12384	0.049040
7364	0.048997
598	0.048878
12758	0.048819
10850	0.048791
5318	0.048744
2871	0.048736
7789	0.048668
6053	0.048660
11344	0.048619
11306	0.048619
10728	0.048619
280	0.048394
3065	0.048303
3353	0.048153
12116	0.048065
12073	0.047995
1411	0.047988
11556	0.047912
220	0.047735
2081	0.047702
11753	0.047640
11337	0.047603
393	0.047592
10371	0.047589
13854	0.047583
7509	0.047561
7304	0.047561
11430	0.047537
11304	0.047537
10763	0.047537
10421	0.047433
10082	0.047371
5175	0.047367
4504	0.047353
12633	0.047308
4445	0.047085
11194	0.047002
2344	0.046786
4328	0.046740
2129	0.046722
10282	0.046697
703	0.046678
10921	0.046625
5684	0.046585
8907	0.046579
6458	0.046503
8995	0.046477
12502	0.046413
5024	0.046382
11240	0.046381
11404	0.046246
10922	0.046246
10858	0.046157
13363	0.046149
274	0.046066
3962	0.046041
2944	0.046030
7670	0.045890
8718	0.045855
7305	0.045845
7303	0.045845
14254	0.045830
11073	0.045738
3715	0.045727
6861	0.045683
11371	0.045501
11370	0.045501
10955	0.045501
10138	0.045500
10956	0.045369
3342	0.045366
11579	0.045347
14291	0.045329
5167	0.045316
12516	0.045296
7341	0.045209
2496	0.045163
6261	0.045094
11293	0.045060
11459	0.044954
11340	0.044954
6329	0.044954
7039	0.044946
3319	0.044941
44	0.044927
375	0.044856
8612	0.044822
46	0.044799
1878	0.044690
9919	0.044673
9917	0.044655
289	0.044651
11447	0.044649
10308	0.044627
10002	0.044581
10984	0.044523
3304	0.044508
10089	0.044407
4533	0.044268
7274	0.044260
12579	0.044255
8703	0.044243
3742	0.044176
13638	0.044175
11402	0.044154
10307	0.044154
12507	0.044118
11808	0.044110
3440	0.044105
629	0.044002
1829	0.043971
10852	0.043938
7499	0.043810
2341	0.043643
64	0.043604
11070	0.043557
1360	0.043549
10109	0.043533
7712	0.043487
11071	0.043446
10385	0.043350
43	0.043287
357	0.043216
6163	0.043075
6014	0.043060
8402	0.043012
3465	0.042964
10920	0.042929
7412	0.042915
331	0.042898
3656	0.042842
2889	0.042780
11661	0.042690
11666	0.042686
10935	0.042686
10934	0.042686
10931	0.042686
4794	0.042686
10936	0.042686
14061	0.042674
643	0.042639
12096	0.042630
7457	0.042628
9139	0.042620
10932	0.042620
4308	0.042571
12560	0.042498
12381	0.042493
2386	0.042488
2387	0.042488
3318	0.042474
5430	0.042474
4951	0.042372
13904	0.042357
7127	0.042339
12632	0.042324
4945	0.042187
8497	0.042171
12566	0.042148
10699	0.042108
11701	0.042106
11409	0.042089
11053	0.042085
7943	0.042041
379	0.041958
11507	0.041940
11357	0.041927
12145	0.041919
10515	0.041919
5956	0.041919
2709	0.041889
8901	0.041870
5225	0.041869
11356	0.041831
329	0.041808
11373	0.041803
10202	0.041803
330	0.041792
11534	0.041659
13547	0.041659
13546	0.041659
13368	0.041659
2289	0.041638
5154	0.041628
11349	0.041595
11112	0.041544
4349	0.041493
3999	0.041492
11055	0.041476
12317	0.041472
4661	0.041447
12178	0.041412
14332	0.041388
14320	0.041388
14257	0.041388
14235	0.041388
14231	0.041388
14217	0.041388
14143	0.041388
10519	0.041379
13441	0.041378
7128	0.041370
4820	0.041350
9541	0.041331
4913	0.041245
10962	0.041241
5014	0.041239
12715	0.041193
50	0.041186
964	0.041148
12658	0.041110
11116	0.041110
2795	0.041110
2794	0.041110
11175	0.041023
12597	0.041015
11313	0.041009
11783	0.041001
11374	0.040913
2800	0.040846
8557	0.040813
8555	0.040813
8547	0.040813
5524	0.040793
12315	0.040787
6556	0.040759
6555	0.040759
12621	0.040721
294	0.040710
8087	0.040666
12565	0.040656
5957	0.040629
11498	0.040591
3208	0.040584
561	0.040561
11410	0.040516
3182	0.040507
12798	0.040492
6966	0.040461
12636	0.040425
8252	0.040412
10386	0.040388
9416	0.040355
13685	0.040340
13684	0.040340
13683	0.040340
13565	0.040340
10643	0.040262
2477	0.040162
9964	0.040110
1584	0.040099
10295	0.039963
6972	0.039937
11180	0.039841
10318	0.039839
1050	0.039831
5041	0.039823
3867	0.039818
11506	0.039807
3441	0.039765
5298	0.039684
5297	0.039678
1185	0.039652
6625	0.039627
10634	0.039609
7306	0.039602
13946	0.039500
1592	0.039500
13766	0.039486
12862	0.039476
10901	0.039474
13333	0.039442
2549	0.039383
1591	0.039366
5366	0.039313
1817	0.039296
4340	0.039091
3211	0.039087
7036	0.039086
66	0.039073
11395	0.039072
5969	0.039022
14214	0.039008
8031	0.038980
10567	0.038943
10018	0.038898
5565	0.038889
760	0.038838
11501	0.038827
2927	0.038699
969	0.038673
6723	0.038654
6722	0.038654
1596	0.038654
958	0.038603
5580	0.038593
9981	0.038559
10793	0.038551
7732	0.038549
212	0.038524
4338	0.038467
7095	0.038444
10249	0.038388
11260	0.038380
10157	0.038380
8461	0.038311
11241	0.038238
13502	0.038225
10668	0.038225
10494	0.038225
3052	0.038216
12698	0.038186
5970	0.038185
10102	0.038153
10209	0.038126
13170	0.038101
8276	0.038076
9950	0.038072
11259	0.038069
7403	0.038064
8067	0.038016
13111	0.037947
13109	0.037947
9959	0.037947
9960	0.037927
13166	0.037904
3544	0.037894
10125	0.037894
12400	0.037873
11586	0.037873
5069	0.037868
8310	0.037860
14339	0.037858
14338	0.037858
14312	0.037858
14272	0.037858
14259	0.037858
14160	0.037858
14159	0.037858
14158	0.037858
14156	0.037858
14144	0.037858
14133	0.037858
14123	0.037858
14110	0.037858
14102	0.037858
14053	0.037858
13501	0.037858
8311	0.037858
8309	0.037858
8308	0.037858
8306	0.037858
8288	0.037858
8286	0.037858
8285	0.037858
8283	0.037858
8282	0.037858
8280	0.037858
8278	0.037858
8277	0.037858
8046	0.037858
4603	0.037858
13542	0.037805
3795	0.037789
4842	0.037760
1413	0.037742
1367	0.037742
14199	0.037710
5068	0.037686
2594	0.037681
388	0.037614
7542	0.037577
6688	0.037577
13318	0.037570
12428	0.037538
9587	0.037503
12561	0.037494
12410	0.037378
12191	0.037336
2269	0.037320
11086	0.037293
592	0.037289
3425	0.037259
9948	0.037251
