2180	0.259916
2297	0.253650
3428	0.228496
2298	0.217628
7224	0.215832
6574	0.215832
5527	0.215832
991	0.212792
4235	0.211297
4618	0.210346
556	0.210202
4947	0.209856
7422	0.209754
11073	0.208522
11178	0.208316
3429	0.206214
11091	0.205915
677	0.200069
5185	0.198200
2871	0.196158
7036	0.194726
3441	0.194627
11202	0.193003
10089	0.192725
11109	0.189183
9085	0.188209
9086	0.187952
11416	0.187697
2486	0.182911
14128	0.182171
10255	0.177353
2299	0.176653
10550	0.175311
3440	0.171605
10507	0.170521
3425	0.169836
12315	0.166730
4204	0.164997
10274	0.164710
10275	0.163998
3789	0.162987
10801	0.160755
10245	0.157557
6832	0.157114
2176	0.154006
4319	0.152918
4325	0.151615
8623	0.146360
10273	0.145872
2249	0.144680
3715	0.144539
6938	0.142533
11015	0.141851
2250	0.140449
5815	0.139625
3986	0.138344
3426	0.137940
10249	0.135855
5358	0.134038
4090	0.130547
10589	0.129616
6415	0.128489
5154	0.128488
12367	0.126651
11800	0.126590
11177	0.126004
7207	0.125024
11275	0.122795
7457	0.120145
284	0.119659
247	0.119642
1177	0.119538
6457	0.117335
2300	0.115671
568	0.111746
2129	0.111558
8570	0.111516
1778	0.110134
8572	0.109125
8569	0.109125
8568	0.109125
3375	0.108234
4392	0.108206
12241	0.108205
12240	0.108205
8074	0.108205
7294	0.108205
6054	0.108205
4336	0.108205
13054	0.107873
12283	0.107599
9919	0.105763
2344	0.102935
3209	0.102792
11742	0.102551
5226	0.102551
6216	0.102503
3212	0.102184
1172	0.101092
14	0.100326
1091	0.100045
7281	0.098304
11904	0.097880
7205	0.096776
6053	0.096771
9317	0.096201
3077	0.095770
589	0.095619
13265	0.095535
6386	0.095168
6758	0.094991
11658	0.094759
6830	0.094404
7202	0.094026
1808	0.093566
6946	0.093317
5441	0.093182
2709	0.093064
3742	0.093063
5883	0.093031
3210	0.092772
3064	0.092335
5934	0.092232
5933	0.092232
11675	0.092213
2289	0.091913
8009	0.091824
5880	0.091594
6084	0.091350
3176	0.091114
4792	0.091054
11677	0.090998
4494	0.090998
4493	0.090998
333	0.090982
8832	0.090584
570	0.090465
2753	0.090286
5672	0.089608
6829	0.089339
1030	0.089235
8855	0.089164
9120	0.088779
11279	0.088581
5671	0.088383
6680	0.088218
8314	0.088093
14227	0.087764
8922	0.087141
2698	0.086130
9433	0.086121
11728	0.086011
6010	0.085835
1952	0.085809
5217	0.085365
11074	0.085173
9562	0.085122
3100	0.085122
874	0.084998
11076	0.084678
6056	0.084509
11729	0.084244
9938	0.083875
7551	0.083875
7550	0.083875
7539	0.083875
7538	0.083875
10925	0.083802
5366	0.083779
7359	0.083543
4951	0.083536
12118	0.083481
2083	0.083481
2074	0.083481
1899	0.083481
1896	0.083481
3098	0.083420
4895	0.083401
2203	0.083359
9139	0.083358
11987	0.082754
3135	0.082098
2078	0.081982
2191	0.081117
3740	0.081052
1869	0.081036
5918	0.080994
8566	0.080964
639	0.080731
1085	0.080014
6147	0.079706
6814	0.079549
5007	0.078640
4842	0.078558
4321	0.078413
4529	0.078378
6987	0.077483
4463	0.077144
3066	0.076953
6324	0.076755
1953	0.076455
1954	0.076455
2700	0.075456
1951	0.074377
4037	0.074265
3638	0.073923
1567	0.073506
3907	0.073449
474	0.073181
10749	0.073023
6380	0.072968
2381	0.072736
1237	0.072671
8432	0.072669
8431	0.072669
11752	0.072578
7511	0.072448
11638	0.072303
5942	0.072151
3538	0.072044
3473	0.071911
11618	0.071890
5829	0.071878
5177	0.071683
10920	0.071637
5830	0.071195
6407	0.071132
3905	0.070916
5876	0.070822
5024	0.070782
6530	0.070766
6101	0.070727
7932	0.070538
1199	0.070300
12017	0.070110
3326	0.070056
12249	0.069972
5008	0.069972
5493	0.069689
7282	0.069626
7713	0.069588
5940	0.069517
5582	0.069098
1734	0.068913
6157	0.068801
11624	0.068788
2124	0.068773
6528	0.068646
4469	0.068486
11108	0.068286
1956	0.067972
8140	0.067888
12182	0.067843
4464	0.067843
10098	0.067543
6009	0.067404
4742	0.067404
6963	0.067363
6677	0.067211
6259	0.066703
7201	0.066487
11587	0.066326
7203	0.066263
1535	0.066174
7459	0.066161
12573	0.065621
6935	0.065462
13805	0.065459
5132	0.065459
6625	0.065359
3434	0.065335
12799	0.065331
12286	0.065082
12048	0.064927
7670	0.064915
5184	0.064709
5882	0.064350
4743	0.064340
10358	0.064333
1879	0.064110
4135	0.063890
4760	0.063789
12091	0.063774
5048	0.063774
10277	0.063719
14317	0.063588
13155	0.063580
5650	0.063484
5248	0.063445
13568	0.063423
4000	0.062772
11112	0.062733
10638	0.062676
12527	0.062650
7542	0.062509
6688	0.062509
5009	0.062358
12637	0.062202
6455	0.061974
1178	0.061920
5679	0.061910
10301	0.061813
221	0.061535
1120	0.061486
5071	0.061486
2185	0.061397
13247	0.061338
6023	0.061325
10037	0.061227
1119	0.061105
2823	0.061066
5583	0.061042
13331	0.061041
11599	0.060717
2169	0.060717
10258	0.060571
5292	0.060503
8969	0.060425
2184	0.060332
1111	0.060239
5225	0.060210
14224	0.060177
13391	0.060177
11110	0.060177
11565	0.059834
10097	0.059445
5402	0.059136
10756	0.059060
13105	0.059044
12311	0.058711
9968	0.058543
7245	0.058297
10634	0.058262
7541	0.058202
574	0.058200
11989	0.058021
5205	0.057980
3388	0.057762
10129	0.057733
11402	0.057705
10307	0.057705
10984	0.057629
3068	0.057561
3823	0.057492
1359	0.057452
10308	0.057422
11966	0.057274
12188	0.057248
2831	0.057244
6687	0.057169
4873	0.056865
8877	0.056621
10608	0.056348
2020	0.056223
2281	0.056207
8471	0.056163
11165	0.056143
254	0.056106
10389	0.056047
5712	0.055923
5711	0.055923
5710	0.055923
13204	0.055622
561	0.055541
5649	0.055081
9123	0.054985
487	0.054951
6138	0.054824
10076	0.054812
4756	0.054656
11887	0.054603
12955	0.054602
10077	0.054584
12274	0.054552
8236	0.054552
8235	0.054552
6980	0.054552
6953	0.054552
298	0.054552
2110	0.054031
7626	0.054010
7007	0.053991
13164	0.053910
13448	0.053895
12163	0.053820
4430	0.053820
4429	0.053820
4428	0.053820
6444	0.053815
8656	0.053695
10793	0.053586
3030	0.053558
1109	0.053548
607	0.053540
12400	0.053535
11586	0.053535
876	0.053530
675	0.053527
8907	0.053473
3438	0.053472
11239	0.053382
11238	0.053382
1587	0.053016
2828	0.053010
7970	0.052868
11072	0.052858
4023	0.052641
1132	0.052577
1469	0.052552
683	0.052493
6319	0.052396
2230	0.052316
8175	0.052221
2962	0.052186
11988	0.051963
1888	0.051835
2111	0.051775
13360	0.051607
2171	0.051341
11065	0.051311
7468	0.051137
2967	0.051137
10334	0.051131
2113	0.050996
2097	0.050867
2600	0.050853
13499	0.050802
7506	0.050772
11564	0.050680
5293	0.050616
2267	0.050523
700	0.050505
11753	0.050415
5175	0.050294
11626	0.050213
11940	0.049963
10852	0.049960
9694	0.049917
11033	0.049882
1731	0.049822
10751	0.049752
5846	0.049722
12357	0.049651
8234	0.049639
12502	0.049555
499	0.049340
9917	0.049331
6892	0.049262
1758	0.049250
2517	0.049247
1950	0.049193
4402	0.049140
13322	0.049030
4856	0.048905
8901	0.048893
3984	0.048846
6317	0.048655
8636	0.048645
3174	0.048620
10921	0.048502
11754	0.048429
10511	0.048385
12277	0.048369
8073	0.048369
6150	0.048369
5944	0.048369
5943	0.048369
6741	0.048285
2594	0.048285
9262	0.048271
2109	0.048239
10767	0.048217
3133	0.048084
9997	0.048053
2075	0.047878
10910	0.047812
12044	0.047660
11447	0.047635
6841	0.047625
13285	0.047615
2965	0.047591
11552	0.047589
13372	0.047568
13264	0.047499
9198	0.047475
9170	0.047473
5946	0.047415
6835	0.047411
12732	0.047391
2182	0.047264
716	0.047226
11123	0.047071
90	0.046763
354	0.046413
14334	0.046391
7475	0.046155
10427	0.046153
12504	0.046127
6480	0.046118
13569	0.046069
1938	0.046061
472	0.046040
591	0.046002
4974	0.045994
8256	0.045959
11534	0.045836
4497	0.045822
108	0.045760
10454	0.045636
7261	0.045509
10441	0.045503
6046	0.045316
10567	0.045276
6220	0.045243
3418	0.045221
7399	0.045220
4087	0.045165
2781	0.045162
11591	0.045139
6754	0.045074
10020	0.045059
1118	0.045057
14248	0.045007
8047	0.045007
13087	0.044976
13942	0.044922
6472	0.044906
2177	0.044790
11781	0.044681
1182	0.044679
323	0.044581
2197	0.044527
2107	0.044463
877	0.044432
11011	0.044426
164	0.044409
10276	0.044375
11292	0.044359
10256	0.044169
11592	0.044141
2981	0.044052
1238	0.043978
5046	0.043971
10390	0.043921
4169	0.043912
316	0.043891
9235	0.043870
9230	0.043870
9228	0.043870
9225	0.043870
9224	0.043870
9221	0.043870
9219	0.043870
9214	0.043870
9213	0.043870
9211	0.043870
9209	0.043870
9208	0.043870
9206	0.043870
9193	0.043870
8807	0.043870
8679	0.043870
8677	0.043870
8675	0.043870
8674	0.043870
8673	0.043870
8670	0.043870
8637	0.043870
8633	0.043870
8631	0.043870
8610	0.043870
8591	0.043870
8539	0.043870
8538	0.043870
8537	0.043870
8536	0.043870
8529	0.043870
8526	0.043870
8525	0.043870
8632	0.043870
8671	0.043863
2701	0.043795
6443	0.043782
10019	0.043716
7400	0.043668
2699	0.043572
10523	0.043530
5343	0.043437
1833	0.043409
13769	0.043347
4288	0.043347
6731	0.043268
13374	0.043224
13373	0.043224
11415	0.043074
871	0.042994
2708	0.042956
8833	0.042943
331	0.042840
12525	0.042694
5935	0.042616
120	0.042561
11075	0.042502
5393	0.042438
303	0.042427
5383	0.042419
7908	0.042407
4465	0.042372
2532	0.042254
5584	0.042214
85	0.042173
12772	0.042159
11237	0.042086
12066	0.042083
713	0.042075
5851	0.041988
5585	0.041973
10337	0.041865
14073	0.041847
3977	0.041827
12438	0.041798
12414	0.041717
475	0.041636
10962	0.041605
14126	0.041601
14125	0.041601
55	0.041560
10223	0.041374
8042	0.041309
14250	0.041306
10558	0.041306
10555	0.041306
6968	0.041306
314	0.041270
9200	0.041261
2170	0.041215
12074	0.041206
2595	0.041185
10556	0.041057
678	0.041052
7944	0.040979
12461	0.040974
8635	0.040890
1185	0.040869
8040	0.040836
1876	0.040826
12636	0.040728
10347	0.040716
2453	0.040519
1759	0.040483
7910	0.040433
332	0.040422
10331	0.040196
7642	0.040181
10264	0.040150
335	0.040022
334	0.040022
327	0.040022
305	0.040022
302	0.040022
4596	0.039981
4437	0.039948
1183	0.039847
6134	0.039841
11381	0.039814
6709	0.039738
9220	0.039647
311	0.039571
10376	0.039562
5635	0.039549
4193	0.039536
12279	0.039503
11825	0.039503
6270	0.039503
6269	0.039503
12591	0.039418
1964	0.039384
12692	0.039358
10670	0.039346
9926	0.039293
9925	0.039293
9924	0.039293
9852	0.039293
7773	0.039293
7447	0.039293
1835	0.039255
5747	0.039212
5207	0.039171
6934	0.039161
13394	0.039100
8800	0.039070
3287	0.039006
13810	0.038986
12145	0.038966
10515	0.038966
5956	0.038966
12202	0.038906
3988	0.038906
500	0.038904
2128	0.038898
4530	0.038820
3940	0.038739
4595	0.038661
14249	0.038465
580	0.038440
13598	0.038437
1235	0.038427
10343	0.038406
6718	0.038406
498	0.038393
5994	0.038379
12237	0.038377
13095	0.038346
6969	0.038346
10548	0.038340
12818	0.038325
10330	0.038278
13597	0.038245
13596	0.038245
13595	0.038245
13583	0.038245
13554	0.038245
13402	0.038245
7990	0.038245
12431	0.038225
7855	0.038209
3422	0.038177
11211	0.038158
14290	0.038045
3111	0.038000
2198	0.037918
9991	0.037908
13094	0.037838
10557	0.037782
3668	0.037766
12101	0.037697
6719	0.037633
2001	0.037550
850	0.037512
341	0.037496
5957	0.037340
6727	0.037331
312	0.037302
12385	0.037230
10127	0.037210
321	0.037193
6215	0.037125
11395	0.037030
14291	0.037014
6055	0.037000
13630	0.036955
9202	0.036916
13384	0.036795
329	0.036788
330	0.036733
14091	0.036668
8530	0.036624
11968	0.036439
949	0.036439
4376	0.036421
4784	0.036420
2674	0.036341
3998	0.036223
9066	0.036201
2175	0.036169
12507	0.036126
3152	0.036119
10475	0.036111
5424	0.036110
5245	0.036107
4783	0.036068
10440	0.035903
8461	0.035844
592	0.035830
12010	0.035808
10512	0.035806
1895	0.035805
310	0.035719
3623	0.035683
4095	0.035595
10961	0.035578
7118	0.035531
5411	0.035472
12665	0.035461
3778	0.035453
11314	0.035451
6851	0.035415
2188	0.035370
9579	0.035353
10972	0.035303
12263	0.035262
4682	0.035262
10018	0.035234
4834	0.035220
10186	0.035186
11685	0.035177
11298	0.035145
10994	0.035145
3949	0.035126
10451	0.035114
12043	0.035058
679	0.035054
9210	0.035041
5913	0.035033
10226	0.035010
11356	0.035009
11409	0.034992
11357	0.034965
12175	0.034951
2105	0.034950
2	0.034910
8307	0.034811
11459	0.034801
11340	0.034801
6329	0.034801
9799	0.034799
10002	0.034791
8113	0.034761
101	0.034754
566	0.034723
3797	0.034713
6366	0.034695
5651	0.034679
10639	0.034658
1608	0.034626
5270	0.034565
3987	0.034563
10646	0.034505
4109	0.034431
3319	0.034385
10643	0.034334
13558	0.034289
13121	0.034248
4789	0.034248
4788	0.034248
2605	0.034246
4787	0.034194
4972	0.034148
7544	0.034135
11055	0.034129
13136	0.034100
14348	0.034072
10151	0.034033
12238	0.033992
11903	0.033991
10230	0.033888
10734	0.033881
598	0.033863
3007	0.033856
10821	0.033807
12707	0.033783
2112	0.033782
7434	0.033776
11349	0.033715
599	0.033704
5430	0.033693
14254	0.033650
4841	0.033602
4495	0.033517
2363	0.033515
11411	0.033458
306	0.033451
7478	0.033356
5327	0.033296
392	0.033294
10212	0.033278
10346	0.033271
4782	0.033262
10694	0.033254
460	0.033242
11808	0.033202
1955	0.033168
2803	0.033133
12134	0.033117
5395	0.033113
590	0.033078
13719	0.033074
10588	0.033074
7547	0.033074
10498	0.033064
10158	0.033039
10356	0.033032
10214	0.033015
9775	0.032987
465	0.032975
3666	0.032937
5269	0.032924
5272	0.032889
5770	0.032857
3353	0.032779
3593	0.032745
5843	0.032743
4160	0.032690
11652	0.032688
5012	0.032671
14013	0.032610
2253	0.032610
12275	0.032603
4624	0.032575
9741	0.032570
3310	0.032570
243	0.032564
11450	0.032560
4531	0.032477
3311	0.032461
4716	0.032436
2206	0.032345
9026	0.032343
6393	0.032305
5397	0.032281
5396	0.032281
12836	0.032272
12824	0.032272
4134	0.032250
2386	0.032215
2387	0.032215
577	0.032189
5745	0.032173
522	0.032147
3314	0.032068
13537	0.032052
11240	0.032049
6781	0.032001
10514	0.031978
11002	0.031973
8037	0.031942
9870	0.031936
9717	0.031911
2208	0.031903
1236	0.031903
8171	0.031760
5995	0.031684
10211	0.031647
11135	0.031589
12395	0.031454
10693	0.031424
1898	0.031414
13430	0.031375
13244	0.031374
2731	0.031356
1090	0.031347
676	0.031340
5837	0.031331
3534	0.031313
8780	0.031291
8655	0.031234
11852	0.031216
9256	0.031212
9493	0.031185
3341	0.031169
12437	0.031142
13718	0.031109
9840	0.031089
14052	0.031020
10065	0.031020
13157	0.031013
1050	0.030995
1838	0.030989
6776	0.030974
308	0.030967
7514	0.030926
10919	0.030918
10739	0.030904
10788	0.030904
10777	0.030904
10759	0.030904
5423	0.030903
7489	0.030901
12533	0.030883
12441	0.030878
10217	0.030876
10180	0.030876
10161	0.030876
7942	0.030874
5159	0.030868
10701	0.030861
12462	0.030839
10685	0.030839
14332	0.030822
14320	0.030822
14257	0.030822
14235	0.030822
14231	0.030822
14217	0.030822
14143	0.030822
13180	0.030780
6737	0.030758
5218	0.030748
4865	0.030745
6657	0.030741
9025	0.030719
10233	0.030620
10038	0.030552
8430	0.030529
217	0.030492
12779	0.030468
8001	0.030424
6325	0.030421
10665	0.030400
328	0.030352
