121	0.135075
1117	0.133142
9623	0.131747
114	0.125220
2105	0.124388
1135	0.124121
7020	0.121290
2123	0.121000
5642	0.118934
7774	0.118922
5641	0.118922
5347	0.118488
221	0.116671
1419	0.114256
1119	0.112890
1120	0.112650
13247	0.111995
11930	0.111343
2192	0.111336
1121	0.110551
686	0.109715
5413	0.109608
2199	0.109537
2195	0.109462
9258	0.109135
3389	0.107793
2204	0.107552
1420	0.105968
2052	0.105230
1122	0.104980
2197	0.104670
11625	0.104623
6430	0.104567
1123	0.104567
1133	0.103638
699	0.103502
578	0.103143
11858	0.102917
9439	0.102876
1006	0.102450
3837	0.102314
14233	0.101798
1136	0.101798
2202	0.101126
777	0.100993
9462	0.100993
1115	0.100497
8615	0.100422
2968	0.100171
8531	0.100159
9248	0.099978
1833	0.099788
115	0.099645
582	0.099291
2190	0.098765
14342	0.098520
1114	0.098347
6623	0.097995
11920	0.097835
3927	0.097835
3868	0.097835
6449	0.097414
9794	0.097024
4538	0.096826
8886	0.096244
2102	0.095455
11919	0.095014
2097	0.094638
1711	0.094287
4533	0.094131
2820	0.093622
3431	0.093426
2952	0.093379
4596	0.092823
9633	0.092542
9630	0.092542
9628	0.092542
9626	0.092542
9625	0.092542
9624	0.092542
9622	0.092542
9621	0.092542
9620	0.092542
9619	0.092542
9618	0.092542
9615	0.092542
9482	0.092542
11607	0.092400
9616	0.092336
3536	0.092124
5746	0.092070
5433	0.091907
12229	0.091849
7420	0.091627
14370	0.091421
7288	0.091416
7676	0.091363
2958	0.091318
11999	0.091201
4595	0.091186
4304	0.091185
4302	0.091185
3929	0.091175
3928	0.091175
235	0.090903
7453	0.090871
10795	0.090321
8453	0.090224
14357	0.090221
7787	0.090221
5403	0.090127
9347	0.090115
3213	0.090032
14374	0.089665
14363	0.089665
1113	0.089515
4106	0.089492
7872	0.089442
8352	0.089435
8351	0.089435
2957	0.089435
2956	0.089435
1235	0.089194
12348	0.089079
1118	0.089023
9176	0.088817
8809	0.088817
1673	0.088768
9609	0.088314
9580	0.088314
7553	0.088312
11918	0.088299
7782	0.088281
14365	0.088281
12218	0.088144
2058	0.088144
7783	0.088051
2827	0.087876
14367	0.087766
4078	0.087750
4105	0.087553
12979	0.087426
1930	0.087354
2108	0.087312
2600	0.087057
14364	0.087003
11989	0.086972
8221	0.086966
2203	0.086920
8661	0.086789
6895	0.086514
5905	0.086461
10410	0.086399
10403	0.086382
13721	0.086351
13709	0.086351
6208	0.086314
34	0.086252
7864	0.086228
2114	0.086046
6117	0.085897
12243	0.085380
1231	0.085233
14376	0.085019
14359	0.085019
7998	0.085019
13850	0.084841
4671	0.084663
4669	0.084663
6896	0.084643
2990	0.084610
4670	0.084559
11389	0.084478
10411	0.084397
3867	0.084371
3549	0.084278
8611	0.084277
1116	0.083952
4537	0.083936
7692	0.083703
876	0.083355
2191	0.083164
5186	0.083149
7917	0.082993
12036	0.082913
14368	0.082895
3784	0.082807
4163	0.082614
14418	0.082596
14417	0.082596
13284	0.082596
13152	0.082596
9795	0.082596
9793	0.082596
9792	0.082596
9791	0.082596
9789	0.082596
9745	0.082596
9163	0.082596
8614	0.082596
8613	0.082596
8177	0.082596
8076	0.082418
2104	0.082306
5734	0.081862
2902	0.081639
5684	0.081616
6102	0.081555
12242	0.081529
823	0.081325
1132	0.081323
12873	0.081051
225	0.081042
4168	0.081027
10236	0.080868
9174	0.080831
8864	0.080778
8863	0.080778
8583	0.080778
8124	0.080778
7904	0.080778
7903	0.080778
7902	0.080778
7901	0.080778
7900	0.080778
7899	0.080778
7897	0.080778
7896	0.080778
7895	0.080778
7526	0.080766
2828	0.080742
10862	0.080498
2821	0.080455
224	0.080443
8468	0.080383
2978	0.080383
2977	0.080383
4667	0.080382
11982	0.080286
5414	0.080286
5412	0.080286
10863	0.080210
14369	0.079893
14366	0.079797
14361	0.079797
14355	0.079797
8456	0.079797
426	0.079706
12030	0.079577
10050	0.079538
10661	0.079531
4668	0.079206
6971	0.078433
11914	0.078401
1836	0.078302
14061	0.078202
9613	0.078192
11212	0.078151
10045	0.078091
1400	0.078041
9612	0.077966
6395	0.077748
1039	0.077649
9606	0.077513
2280	0.077506
2996	0.077498
5571	0.077372
13970	0.077218
8618	0.077157
9413	0.076975
5546	0.076957
12909	0.076913
5033	0.076780
13394	0.076665
404	0.076608
14375	0.076541
286	0.076523
10156	0.076432
9436	0.076291
2121	0.076183
2954	0.076150
9415	0.076109
8851	0.076109
8850	0.076109
10088	0.075867
7479	0.075734
9578	0.075718
5346	0.075624
2522	0.075579
8792	0.075335
820	0.075159
5187	0.075113
1817	0.075085
1829	0.075065
1097	0.074990
5059	0.074977
11646	0.074885
7947	0.074816
1030	0.074586
14358	0.074571
38	0.074386
13665	0.074259
14373	0.074076
14372	0.074076
14371	0.074076
14362	0.074076
14352	0.074076
14350	0.074076
8455	0.074076
7997	0.074076
7823	0.074076
1565	0.074054
6838	0.074054
6532	0.073877
11355	0.073866
4154	0.073757
3914	0.073756
4832	0.073731
9610	0.073616
11937	0.073520
12915	0.073466
12914	0.073466
414	0.073423
5034	0.073355
6482	0.073343
13739	0.073342
7866	0.073250
10497	0.073224
14351	0.073151
7918	0.073076
1840	0.073002
222	0.072735
3706	0.072679
3504	0.072664
4922	0.072422
2660	0.072370
5745	0.072368
9177	0.072338
4021	0.072236
11256	0.072233
4383	0.072210
13421	0.072168
2064	0.072155
9201	0.071991
7955	0.071943
1694	0.071828
6151	0.071749
4294	0.071719
6376	0.071711
9503	0.071553
370	0.071342
2110	0.071235
8891	0.070991
7999	0.070885
2567	0.070826
40	0.070747
12039	0.070743
861	0.070703
469	0.070684
7913	0.070541
5968	0.070541
470	0.070541
9199	0.070513
2182	0.070341
4305	0.070292
2955	0.070242
2953	0.070242
3091	0.070016
3089	0.070016
3088	0.070016
14147	0.070002
3090	0.070002
14148	0.069912
7223	0.069859
113	0.069803
11733	0.069563
5967	0.069444
11715	0.069423
7807	0.069384
2128	0.069326
7757	0.069305
14146	0.069244
698	0.069242
7002	0.069201
4111	0.069092
5855	0.069042
14107	0.069033
8625	0.068830
14219	0.068487
1839	0.068408
1893	0.068390
6447	0.068368
4542	0.068319
8087	0.068109
1109	0.067966
13449	0.067932
2981	0.067923
13994	0.067913
7931	0.067913
7261	0.067896
8895	0.067710
4559	0.067688
2014	0.067670
13904	0.067652
11429	0.067604
11324	0.067604
2844	0.067474
11034	0.067338
5123	0.067305
1260	0.067297
3841	0.067287
2107	0.067280
7510	0.067194
4144	0.067179
353	0.067092
3448	0.067056
879	0.067026
35	0.066977
9480	0.066793
8533	0.066793
6044	0.066785
73	0.066732
10838	0.066516
4731	0.066449
4675	0.066449
7887	0.066384
9611	0.066337
10839	0.066304
5696	0.066220
251	0.066129
11611	0.066103
8894	0.066103
8893	0.066103
6339	0.066103
3439	0.066103
2962	0.066091
3507	0.065986
7228	0.065840
3680	0.065464
4450	0.065411
4377	0.065365
11998	0.065312
9710	0.065303
2170	0.065213
2846	0.065171
304	0.064941
2188	0.064835
11226	0.064767
4795	0.064691
13706	0.064687
13738	0.064682
13731	0.064682
2845	0.064604
13707	0.064508
9818	0.064437
9693	0.064437
10329	0.064369
11678	0.064312
8324	0.064205
43	0.064147
4112	0.063938
9338	0.063898
13265	0.063756
13281	0.063674
4113	0.063646
2103	0.063637
13282	0.063600
4200	0.063575
459	0.063532
7397	0.063478
457	0.063473
6695	0.063448
8090	0.063320
2847	0.063320
2843	0.063320
2839	0.063320
51	0.063142
2840	0.063099
9631	0.063046
11658	0.062906
2267	0.062891
8628	0.062880
2546	0.062858
2980	0.062834
9711	0.062703
9708	0.062703
9707	0.062703
9705	0.062703
9703	0.062703
4778	0.062672
9699	0.062591
2708	0.062590
13567	0.062558
5731	0.062558
5730	0.062558
5726	0.062558
5723	0.062558
5722	0.062558
5721	0.062558
5681	0.062558
8604	0.062316
9135	0.062167
9218	0.061982
9702	0.061973
2965	0.061720
31	0.061605
14360	0.061600
7295	0.061565
1892	0.061477
2979	0.061464
2659	0.061458
6149	0.061338
6351	0.061320
2661	0.061274
9370	0.061064
874	0.061056
13807	0.061040
8392	0.060979
10127	0.060950
1402	0.060874
13363	0.060847
4799	0.060828
9481	0.060726
9479	0.060726
9478	0.060726
9476	0.060726
9475	0.060726
9473	0.060726
9472	0.060726
9471	0.060726
9470	0.060726
9468	0.060726
9345	0.060726
8667	0.060726
8665	0.060726
8664	0.060726
8663	0.060726
8662	0.060726
8630	0.060726
8629	0.060726
8627	0.060726
8626	0.060726
9477	0.060704
1427	0.060648
877	0.060586
5213	0.060546
3423	0.060485
12069	0.060485
7560	0.060462
4116	0.060405
5176	0.060384
817	0.060330
8447	0.060262
13748	0.060256
13712	0.060220
4452	0.060207
14407	0.060115
1847	0.060008
4520	0.059985
9709	0.059943
13398	0.059931
3116	0.059727
4798	0.059649
882	0.059386
12010	0.059304
250	0.059268
9178	0.059190
2509	0.059169
2510	0.059159
2817	0.059088
7495	0.058950
3320	0.058908
4836	0.058905
1837	0.058613
5035	0.058493
9153	0.058446
3506	0.058366
9152	0.058212
2500	0.058186
9311	0.058173
3741	0.058089
6747	0.058048
7752	0.058002
9207	0.057999
9205	0.057999
8528	0.057999
716	0.057938
9263	0.057831
9307	0.057829
13538	0.057687
8116	0.057654
7379	0.057495
249	0.057494
11850	0.057463
5219	0.057408
8064	0.057289
7554	0.057278
1743	0.057256
14093	0.057229
6806	0.057195
118	0.057170
2060	0.057098
45	0.057048
819	0.057040
13545	0.057035
6745	0.057016
1111	0.056932
2111	0.056821
13374	0.056584
13373	0.056584
3654	0.056575
6501	0.056530
2566	0.056481
5695	0.056462
9145	0.056445
12561	0.056189
9796	0.056164
6742	0.056125
3934	0.056106
9168	0.056065
10667	0.055991
8892	0.055935
12820	0.055824
13497	0.055819
4977	0.055776
9024	0.055725
9023	0.055725
9022	0.055725
8949	0.055725
10540	0.055666
9985	0.055556
7101	0.055548
8346	0.055448
8345	0.055448
5756	0.055420
13423	0.055389
2521	0.055209
5622	0.055176
122	0.055141
7468	0.055035
2967	0.055035
8535	0.054971
3415	0.054915
5555	0.054911
4848	0.054858
13498	0.054783
8503	0.054746
492	0.054717
2286	0.054534
14415	0.054527
9277	0.054527
5476	0.054495
9179	0.054452
2831	0.054233
7659	0.054196
8882	0.054170
4201	0.054170
4262	0.054152
7686	0.054025
119	0.053979
1022	0.053970
2764	0.053807
9840	0.053580
12462	0.053557
10685	0.053557
4976	0.053491
11737	0.053489
10286	0.053480
8565	0.053457
7889	0.053418
5062	0.053247
11806	0.053151
5155	0.053136
2442	0.053105
9416	0.053094
1025	0.053042
8329	0.053021
11988	0.052973
5688	0.052971
7920	0.052956
2452	0.052749
5452	0.052681
7655	0.052644
13325	0.052612
269	0.052576
9118	0.052522
7654	0.052466
9870	0.052362
2109	0.052122
6689	0.052062
6967	0.052062
3662	0.051996
4721	0.051896
776	0.051706
6017	0.051695
8810	0.051633
5541	0.051621
10023	0.051594
4541	0.051590
6179	0.051522
3778	0.051419
7530	0.051282
11635	0.051280
2094	0.051266
5720	0.051232
11056	0.051223
9942	0.051124
9931	0.051124
9930	0.051124
9921	0.051124
9901	0.051124
9899	0.051124
9895	0.051124
9866	0.051124
9836	0.051124
9832	0.051124
9810	0.051124
9698	0.051124
9636	0.051124
9570	0.051124
9299	0.051124
6557	0.051121
7977	0.051117
14433	0.051107
9674	0.051027
5354	0.051001
2966	0.050976
13026	0.050949
14410	0.050938
14409	0.050938
14408	0.050938
7919	0.050938
376	0.050924
2773	0.050880
11307	0.050852
14266	0.050777
9226	0.050768
9217	0.050768
8534	0.050768
7827	0.050718
6908	0.050718
6465	0.050708
339	0.050706
3870	0.050654
12501	0.050643
6278	0.050640
781	0.050627
9787	0.050564
9786	0.050564
9785	0.050564
9784	0.050564
9783	0.050564
9782	0.050564
9781	0.050564
9778	0.050564
9280	0.050564
8585	0.050564
8567	0.050564
8553	0.050564
5862	0.050549
3669	0.050498
1889	0.050466
9780	0.050413
7276	0.050334
13326	0.050325
13050	0.050318
8634	0.050309
11325	0.050285
1110	0.050283
1265	0.050280
9231	0.050273
2113	0.050198
6191	0.050193
10097	0.050159
1254	0.050078
7131	0.050010
13606	0.049961
10098	0.049922
6302	0.049919
6267	0.049919
2200	0.049907
7962	0.049889
8207	0.049854
385	0.049817
7115	0.049734
9839	0.049663
6077	0.049645
8204	0.049637
9474	0.049614
6961	0.049614
5570	0.049613
2281	0.049603
13075	0.049592
4416	0.049574
11903	0.049564
3948	0.049519
1979	0.049479
1024	0.049478
852	0.049452
7050	0.049442
12372	0.049410
5888	0.049402
792	0.049395
9913	0.049392
9362	0.049342
6754	0.049334
8000	0.049300
4672	0.049291
13076	0.049267
2227	0.049163
3144	0.049071
5178	0.049068
3427	0.049015
7888	0.049006
1332	0.048964
8196	0.048955
8174	0.048955
8122	0.048955
8119	0.048955
7953	0.048955
8938	0.048941
11681	0.048918
498	0.048908
12252	0.048813
7581	0.048777
10809	0.048729
7580	0.048729
8609	0.048617
2929	0.048603
9204	0.048517
8592	0.048517
13036	0.048517
10538	0.048379
5221	0.048360
13830	0.048353
586	0.048352
5728	0.048308
881	0.048305
10030	0.048262
2612	0.048096
633	0.048094
3716	0.048078
2453	0.048020
3739	0.047995
3590	0.047972
9121	0.047954
9112	0.047954
4761	0.047913
1403	0.047907
13508	0.047901
9512	0.047888
375	0.047739
888	0.047739
10813	0.047732
458	0.047715
7049	0.047691
3745	0.047653
13396	0.047598
13338	0.047598
12053	0.047586
11921	0.047579
9006	0.047565
9004	0.047565
9003	0.047565
9001	0.047565
9000	0.047565
8999	0.047565
8941	0.047565
3588	0.047555
713	0.047544
10580	0.047467
5930	0.047467
11166	0.047461
2540	0.047459
9675	0.047404
4281	0.047309
4306	0.047288
8980	0.047267
8978	0.047267
8977	0.047267
8976	0.047267
8940	0.047267
9253	0.047213
6129	0.047213
9200	0.047210
12093	0.047170
7395	0.047026
1882	0.046978
1458	0.046960
39	0.046930
4231	0.046929
6104	0.046915
6103	0.046915
9849	0.046895
12515	0.046879
4855	0.046850
4205	0.046821
11713	0.046786
6740	0.046786
2440	0.046744
5885	0.046698
10649	0.046599
8008	0.046517
11556	0.046397
14060	0.046380
6883	0.046379
8816	0.046280
8815	0.046280
8814	0.046280
8812	0.046280
8796	0.046280
8795	0.046280
8777	0.046280
7923	0.046280
6704	0.046273
10760	0.046269
5164	0.046254
5163	0.046254
8998	0.046216
2246	0.046195
11511	0.046192
8258	0.046117
13509	0.046107
9295	0.046103
4143	0.046073
8714	0.045976
7758	0.045963
7306	0.045960
2972	0.045901
2106	0.045682
6816	0.045583
4868	0.045440
1232	0.045433
1229	0.045433
7915	0.045423
3084	0.045415
7400	0.045391
2173	0.045360
1693	0.045300
11634	0.045248
1598	0.045222
5477	0.045217
9192	0.045195
3700	0.045177
1340	0.045177
13460	0.045095
253	0.045081
5174	0.045067
12430	0.045021
9308	0.044999
14395	0.044950
7891	0.044950
7880	0.044919
613	0.044894
3168	0.044858
8180	0.044843
14393	0.044810
14377	0.044810
12281	0.044806
6619	0.044806
2122	0.044791
8312	0.044723
6566	0.044705
9181	0.044688
13032	0.044645
13031	0.044645
12429	0.044645
3539	0.044596
10836	0.044591
11566	0.044584
1726	0.044561
4216	0.044557
4476	0.044513
3879	0.044480
7767	0.044428
628	0.044378
7726	0.044361
10756	0.044338
2248	0.044296
268	0.044286
13938	0.044221
13607	0.044217
6127	0.044184
14379	0.044139
8709	0.044096
10549	0.044092
2423	0.044081
4763	0.044055
8676	0.044047
7890	0.044033
786	0.044012
2545	0.044006
9269	0.043966
5500	0.043941
14003	0.043934
10583	0.043915
8141	0.043910
7959	0.043901
7954	0.043851
6533	0.043820
