6047	0.204390
5322	0.194612
12493	0.193658
12374	0.193480
6271	0.192590
5869	0.190858
6046	0.189304
11923	0.179285
2737	0.179237
5868	0.176655
7285	0.153891
13225	0.140127
5248	0.138329
11697	0.136215
948	0.135685
5321	0.135618
8067	0.134410
3237	0.130254
5846	0.128174
3014	0.127323
8813	0.123740
10553	0.121109
5293	0.115225
5743	0.114299
11591	0.111848
11592	0.111174
45	0.110315
8460	0.106959
9123	0.101855
5292	0.097530
12399	0.097339
5713	0.096047
11206	0.095549
10710	0.095520
10577	0.095208
6935	0.094853
13805	0.094841
5132	0.094841
10191	0.094335
11098	0.094143
5843	0.093950
6220	0.093945
14317	0.093866
10085	0.093799
13156	0.093490
10176	0.093490
10087	0.093490
10086	0.093490
10272	0.093072
2381	0.091886
5719	0.091216
598	0.090725
6562	0.090693
6259	0.090326
3010	0.090294
6453	0.090227
3009	0.090168
3012	0.090165
2237	0.088912
1689	0.088819
6325	0.088629
9689	0.088467
2823	0.088379
2386	0.087683
2387	0.087683
7730	0.087161
7445	0.087161
7444	0.087161
7175	0.087161
7080	0.087161
14332	0.086937
14320	0.086937
14257	0.086937
14235	0.086937
14231	0.086937
14217	0.086937
14143	0.086937
2947	0.086873
3303	0.086872
11244	0.086529
5650	0.086209
10389	0.085780
7977	0.085670
1050	0.085615
6730	0.084343
2227	0.084074
10511	0.083789
5765	0.083715
1572	0.083403
11637	0.083354
5764	0.083173
9439	0.082647
11858	0.082464
12358	0.081770
5649	0.081554
9462	0.081533
5766	0.081368
4895	0.081318
10130	0.081259
11472	0.080680
2594	0.080365
13821	0.079782
8250	0.079769
7014	0.079644
13121	0.079532
4789	0.079532
4788	0.079532
11626	0.079370
2585	0.079260
10237	0.079191
3037	0.078973
4467	0.078951
6323	0.078703
3226	0.078567
2105	0.078411
12504	0.078386
13265	0.078175
2240	0.077807
1209	0.077756
11556	0.077618
3023	0.077366
6010	0.077208
11658	0.076876
5733	0.076722
2315	0.076549
11403	0.076491
6148	0.076491
4324	0.076352
10499	0.076314
10921	0.076237
4828	0.076081
12525	0.076069
3313	0.076024
12591	0.075725
3152	0.075682
11292	0.075681
1452	0.075636
13551	0.075600
7908	0.075093
12691	0.074760
14091	0.074574
2477	0.074429
5642	0.074159
7774	0.074158
5641	0.074158
4531	0.073989
6138	0.073915
13939	0.073908
3861	0.073901
10428	0.073865
7699	0.073709
10390	0.073697
11447	0.073630
4787	0.073630
11808	0.073530
11742	0.073503
5226	0.073503
398	0.073321
4116	0.073228
5347	0.073164
7082	0.073080
7700	0.072817
5995	0.072731
8887	0.072719
3591	0.072683
5870	0.072533
10138	0.072475
10920	0.072360
10557	0.072350
2820	0.072135
6480	0.072108
6934	0.072107
2595	0.072050
14214	0.071988
7158	0.071847
2958	0.071638
10556	0.071557
10376	0.071307
5989	0.071079
8621	0.071059
6481	0.071000
1182	0.070991
14249	0.070809
14250	0.070803
10558	0.070803
10555	0.070803
6968	0.070803
8042	0.070748
78	0.070650
3418	0.070555
3370	0.070247
11033	0.069919
5433	0.069739
6987	0.069212
1673	0.069069
14101	0.069002
8365	0.069002
4530	0.068732
10576	0.068490
6009	0.068486
4742	0.068486
8238	0.068478
9237	0.068389
877	0.068358
8217	0.068228
7578	0.068228
5350	0.068071
11689	0.067940
3371	0.067796
5994	0.067669
11175	0.067478
11211	0.067333
10606	0.067297
13095	0.067172
6969	0.067172
5651	0.067147
2108	0.067134
12431	0.066965
10734	0.066827
12835	0.066809
1295	0.066635
6963	0.066598
850	0.066335
6737	0.066226
11498	0.066113
12145	0.065834
10515	0.065834
5956	0.065834
12063	0.065815
4743	0.065799
10554	0.065655
4509	0.065551
5957	0.065420
4935	0.065337
10049	0.065160
10127	0.065104
5714	0.065055
805	0.065000
12404	0.064836
13374	0.064452
13373	0.064452
2954	0.064447
8564	0.064316
12385	0.064315
5225	0.064086
4500	0.063883
10937	0.063858
8405	0.063851
3837	0.063844
3056	0.063766
9915	0.063565
5033	0.063565
1898	0.063386
9169	0.063311
13838	0.063252
9958	0.063222
6394	0.063064
13600	0.063033
1570	0.062851
4476	0.062799
11754	0.062702
221	0.062493
8402	0.062441
13820	0.062222
9218	0.062162
4536	0.062126
3389	0.062106
2280	0.062087
6727	0.062050
11200	0.061906
3142	0.061742
11007	0.061736
5034	0.061678
2276	0.061579
13665	0.061576
10812	0.061562
3496	0.061404
6470	0.061382
12695	0.061315
2660	0.061167
13263	0.061163
13262	0.061163
11056	0.061030
9989	0.061008
2816	0.060938
1120	0.060882
1119	0.060840
2952	0.060805
13247	0.060779
7359	0.060773
3372	0.060752
11964	0.060731
4399	0.060699
5582	0.060661
2269	0.060469
8877	0.060355
11245	0.060269
1836	0.060196
6857	0.059813
5430	0.059657
11061	0.059342
11579	0.059331
12120	0.059283
3993	0.059283
3030	0.059207
14111	0.058780
14080	0.058780
10961	0.058738
3175	0.058641
10426	0.058629
1419	0.058468
13621	0.058081
10045	0.058027
11477	0.057863
1109	0.057693
8611	0.057680
2473	0.057665
13204	0.057322
2111	0.057314
6140	0.057308
6139	0.057308
1732	0.057288
6380	0.057286
9135	0.057238
6889	0.057203
8890	0.057151
3497	0.057114
12161	0.057101
11870	0.057101
11794	0.057101
11204	0.057101
11203	0.057101
6144	0.057101
6143	0.057101
6142	0.057101
6141	0.057101
8135	0.056896
7584	0.056851
2113	0.056815
13795	0.056736
9124	0.056721
9960	0.056705
13111	0.056691
13109	0.056691
9959	0.056691
12436	0.056649
3907	0.056594
10639	0.056586
12721	0.056580
3748	0.056481
11699	0.056465
7417	0.056465
9702	0.056452
2107	0.056434
8596	0.056415
11512	0.056394
6866	0.056344
2172	0.056080
11176	0.056047
10125	0.056046
13955	0.056007
10347	0.055958
14254	0.055932
5898	0.055887
5514	0.055884
3851	0.055771
2110	0.055734
4327	0.055698
3392	0.055493
4532	0.055488
1733	0.055415
4535	0.055396
10388	0.055384
3552	0.055285
1016	0.055216
11522	0.055207
12183	0.055167
12147	0.055163
6806	0.054903
5349	0.054894
9226	0.054877
9217	0.054877
8534	0.054877
7827	0.054851
10808	0.054835
4185	0.054825
14199	0.054740
5032	0.054735
4106	0.054722
5030	0.054598
7872	0.054585
8352	0.054577
8351	0.054577
2957	0.054577
2956	0.054577
9692	0.054454
14117	0.054442
3631	0.054334
12153	0.054277
4702	0.054277
9711	0.054184
9708	0.054184
9707	0.054184
9705	0.054184
9703	0.054184
10111	0.054154
6426	0.054123
2283	0.054047
12237	0.054038
9699	0.054037
2170	0.054015
4105	0.053983
7879	0.053964
11205	0.053809
8584	0.053687
851	0.053597
11188	0.053596
11187	0.053596
5574	0.053532
6472	0.053517
6366	0.053500
11189	0.053494
9847	0.053386
9204	0.053255
8592	0.053255
5902	0.053053
5901	0.053053
5900	0.053053
5899	0.053053
6895	0.052933
11752	0.052895
5893	0.052881
5892	0.052881
5891	0.052881
5890	0.052881
5889	0.052881
13592	0.052880
4304	0.052842
4302	0.052842
11999	0.052833
1420	0.052816
8257	0.052799
11344	0.052774
11306	0.052774
10728	0.052774
8317	0.052729
8316	0.052729
10729	0.052651
14407	0.052623
4296	0.052583
5664	0.052581
2128	0.052572
4611	0.052566
10370	0.052565
3778	0.052548
14218	0.052538
268	0.052503
11428	0.052463
235	0.052452
10850	0.052383
10896	0.052359
5031	0.052358
9172	0.052352
10661	0.052351
7954	0.052345
14415	0.052337
9277	0.052337
12502	0.052330
6625	0.052260
10371	0.052145
9438	0.052139
8622	0.052116
3120	0.052036
7542	0.051981
6688	0.051981
13854	0.051887
10136	0.051837
10740	0.051801
12238	0.051733
626	0.051708
10519	0.051691
4394	0.051647
11430	0.051587
11304	0.051587
10763	0.051587
7767	0.051532
10963	0.051428
10960	0.051428
10958	0.051428
4407	0.051385
9207	0.051369
9205	0.051369
8528	0.051369
9788	0.051351
4534	0.051287
11607	0.051264
10099	0.051235
11145	0.051234
8497	0.051195
4741	0.051177
1185	0.051109
2659	0.051102
2661	0.051068
5441	0.051058
12348	0.051016
10082	0.050992
7708	0.050975
8387	0.050928
10754	0.050900
13099	0.050896
11439	0.050851
2496	0.050845
10050	0.050834
8329	0.050716
10916	0.050535
13947	0.050461
11170	0.050413
4348	0.050365
12798	0.050325
8609	0.050304
9168	0.050296
13103	0.050237
13102	0.050237
13101	0.050237
13100	0.050237
7752	0.050208
2521	0.050204
9704	0.050193
12521	0.050165
7759	0.050139
7357	0.050139
7355	0.050139
10197	0.050129
10282	0.050119
9825	0.050094
9623	0.050066
4613	0.050037
7088	0.050003
11753	0.049987
13850	0.049834
4786	0.049826
4164	0.049788
6687	0.049757
7356	0.049727
4944	0.049719
4943	0.049719
5175	0.049645
7676	0.049594
12200	0.049466
11415	0.049394
10523	0.049369
5029	0.049337
4037	0.049328
2674	0.049292
10346	0.049229
7453	0.049192
4376	0.049153
14291	0.049126
10059	0.049126
2522	0.048976
3884	0.048957
10646	0.048880
6184	0.048867
1609	0.048810
9826	0.048768
119	0.048760
5402	0.048748
14078	0.048695
10156	0.048616
8173	0.048461
13441	0.048448
10088	0.048428
2602	0.048364
6896	0.048323
7581	0.048314
11725	0.048313
10809	0.048262
7580	0.048262
3585	0.048217
11467	0.048186
13547	0.048144
13546	0.048144
13368	0.048144
10199	0.048118
4404	0.048009
803	0.047995
5221	0.047871
5352	0.047843
2104	0.047696
4349	0.047679
5035	0.047587
10959	0.047584
12149	0.047549
4420	0.047464
10927	0.047428
12679	0.047330
2452	0.047282
11835	0.047185
4409	0.047185
2812	0.047169
1992	0.047151
4068	0.047130
13881	0.047112
8964	0.047112
8063	0.047112
6630	0.046941
5862	0.046934
3700	0.046933
10818	0.046925
7511	0.046923
3905	0.046889
2902	0.046837
10676	0.046835
3538	0.046829
1756	0.046771
12286	0.046738
4406	0.046704
2102	0.046616
8196	0.046610
8174	0.046610
8122	0.046610
8119	0.046610
7953	0.046610
10264	0.046592
8109	0.046560
11618	0.046546
10677	0.046511
11743	0.046482
9964	0.046478
2950	0.046449
12393	0.046403
10226	0.046368
10109	0.046348
397	0.046342
6149	0.046315
9787	0.046302
9786	0.046302
9785	0.046302
9784	0.046302
9783	0.046302
9782	0.046302
9781	0.046302
9778	0.046302
9280	0.046302
8585	0.046302
8567	0.046302
8553	0.046302
7681	0.046299
13041	0.046260
6119	0.046260
9690	0.046238
9946	0.046220
6465	0.046197
10862	0.046188
6532	0.046180
4457	0.046094
2103	0.046051
11365	0.046043
11270	0.046043
10957	0.046043
7144	0.046043
11237	0.046023
6407	0.046021
5268	0.046018
11587	0.046001
13622	0.045987
6868	0.045980
14126	0.045948
14125	0.045948
5512	0.045916
173	0.045874
12396	0.045729
3060	0.045726
2513	0.045679
10863	0.045670
2124	0.045658
12384	0.045640
2186	0.045611
7101	0.045594
8965	0.045551
5885	0.045550
9849	0.045478
1711	0.045451
8382	0.045396
11183	0.045388
7713	0.045282
12658	0.045278
11116	0.045278
2795	0.045278
2794	0.045278
7686	0.045265
2121	0.045228
7395	0.045181
13810	0.045129
9177	0.045110
3341	0.045090
9089	0.045083
8133	0.045074
2800	0.045040
3451	0.044997
1001	0.044991
3951	0.044977
11733	0.044954
8862	0.044917
8861	0.044917
8860	0.044917
8859	0.044917
8858	0.044917
8857	0.044917
8844	0.044917
8843	0.044917
8842	0.044917
8841	0.044917
8840	0.044917
8839	0.044917
8838	0.044917
8834	0.044917
8824	0.044917
8823	0.044917
8822	0.044917
8820	0.044917
8818	0.044917
8817	0.044917
8803	0.044917
8798	0.044917
8737	0.044917
8639	0.044917
7682	0.044917
7677	0.044917
7382	0.044917
7247	0.044917
13098	0.044912
5795	0.044897
11297	0.044882
12713	0.044880
5571	0.044847
2119	0.044829
10739	0.044811
10788	0.044811
10777	0.044811
10759	0.044811
12430	0.044603
13716	0.044579
7655	0.044448
6078	0.044360
3318	0.044308
3612	0.044292
9114	0.044225
1020	0.044181
3987	0.044131
12395	0.044120
7507	0.044080
10475	0.044067
11914	0.044029
10954	0.043995
11523	0.043986
5442	0.043967
3369	0.043914
6118	0.043875
5513	0.043825
5969	0.043730
7654	0.043667
11394	0.043651
9710	0.043638
3859	0.043630
13032	0.043608
13031	0.043608
12429	0.043608
3784	0.043565
7962	0.043556
11514	0.043531
14418	0.043530
14417	0.043530
13284	0.043530
13152	0.043530
9795	0.043530
9793	0.043530
9792	0.043530
9791	0.043530
9789	0.043530
9745	0.043530
9163	0.043530
8614	0.043530
8613	0.043530
8177	0.043530
11111	0.043481
4163	0.043473
2236	0.043467
11053	0.043466
10432	0.043397
3193	0.043394
8076	0.043393
5970	0.043367
11804	0.043361
5583	0.043357
11163	0.043334
7403	0.043310
9356	0.043291
12791	0.043167
12788	0.043167
12792	0.043000
4305	0.042850
5262	0.042834
4294	0.042693
12574	0.042595
7825	0.042594
4633	0.042589
8451	0.042580
9201	0.042495
9194	0.042452
1816	0.042382
10280	0.042223
1030	0.042216
4297	0.042215
5184	0.042213
5178	0.042209
6725	0.042192
11501	0.042101
11182	0.042081
12701	0.042072
4673	0.042055
4148	0.042043
10839	0.042042
10106	0.042035
13394	0.041999
3319	0.041989
12727	0.041870
12897	0.041866
9588	0.041861
10694	0.041849
5524	0.041761
12787	0.041756
8794	0.041755
11564	0.041732
13375	0.041669
232	0.041650
2889	0.041639
10427	0.041637
10838	0.041621
5434	0.041594
11800	0.041553
8336	0.041513
2621	0.041463
1118	0.041455
8837	0.041427
1411	0.041345
6564	0.041197
3699	0.041188
6484	0.041180
3746	0.041133
9913	0.041115
3011	0.041113
8615	0.041087
10024	0.041066
1133	0.041059
2879	0.041033
3984	0.040995
13165	0.040963
5283	0.040876
11920	0.040838
3927	0.040838
3868	0.040838
9840	0.040835
7757	0.040805
8904	0.040719
3929	0.040658
3928	0.040658
12202	0.040619
3988	0.040619
8162	0.040586
12556	0.040555
5910	0.040516
7421	0.040515
9909	0.040504
7428	0.040451
7102	0.040451
9357	0.040416
9121	0.040409
9112	0.040409
9174	0.040345
5159	0.040298
8806	0.040264
9780	0.040245
11179	0.040243
2878	0.040225
3057	0.040208
4339	0.040168
6449	0.040168
7267	0.040140
4522	0.040135
591	0.040115
9870	0.040012
11510	0.040004
7898	0.039976
8482	0.039974
3413	0.039956
874	0.039871
12462	0.039835
10685	0.039835
4168	0.039826
9466	0.039777
8886	0.039753
11783	0.039744
888	0.039742
9653	0.039704
971	0.039614
12492	0.039606
10852	0.039555
13738	0.039549
13731	0.039549
4177	0.039529
13706	0.039529
2109	0.039523
11371	0.039486
11370	0.039486
10955	0.039486
11798	0.039473
4945	0.039441
11180	0.039434
6663	0.039428
12855	0.039427
11289	0.039426
1889	0.039419
2351	0.039399
2350	0.039399
2348	0.039399
2346	0.039399
11799	0.039398
8884	0.039280
1785	0.039248
11777	0.039212
13396	0.039198
13338	0.039198
10956	0.039158
3588	0.039132
295	0.039058
13707	0.039058
12043	0.039037
14266	0.039008
10042	0.038976
10806	0.038972
14416	0.038937
5623	0.038908
2052	0.038904
1458	0.038854
11019	0.038852
9222	0.038784
7659	0.038762
6278	0.038759
11256	0.038756
4281	0.038751
5491	0.038713
9030	0.038710
4542	0.038685
5888	0.038644
2955	0.038628
2953	0.038628
10056	0.038618
3630	0.038613
1955	0.038594
9026	0.038566
10538	0.038562
6709	0.038558
10149	0.038556
2092	0.038549
8892	0.038520
9982	0.038498
224	0.038494
9709	0.038485
10820	0.038482
10884	0.038462
9983	0.038443
12832	0.038440
3672	0.038412
12514	0.038382
11178	0.038371
8676	0.038270
9761	0.038213
7306	0.038181
1042	0.038173
14073	0.038146
4538	0.038017
10658	0.037873
2877	0.037839
2526	0.037829
13372	0.037688
6183	0.037640
2773	0.037584
8369	0.037541
2817	0.037433
9094	0.037410
9093	0.037410
9092	0.037410
9065	0.037410
10657	0.037401
7060	0.037377
4340	0.037375
5166	0.037368
11506	0.037342
10979	0.037323
