4078	0.174861
1421	0.168726
9005	0.167204
7397	0.166023
2546	0.164095
9002	0.164075
7049	0.163507
34	0.163167
9006	0.162940
9004	0.162940
9003	0.162940
9001	0.162940
9000	0.162940
8999	0.162940
8941	0.162940
8998	0.162169
2540	0.161310
10813	0.161188
7050	0.160224
12372	0.159898
199	0.156990
31	0.155522
205	0.151959
203	0.151959
13277	0.150977
13766	0.146903
819	0.146846
3254	0.144956
206	0.144076
5520	0.136340
7709	0.135485
9820	0.134596
8735	0.134596
8959	0.133782
198	0.132394
10604	0.132193
8960	0.131735
759	0.131413
6159	0.130994
6158	0.130994
1556	0.130373
8898	0.129734
760	0.129676
40	0.129358
12039	0.129354
1597	0.128860
8995	0.128143
1422	0.127652
208	0.127649
9392	0.127561
4763	0.127526
6328	0.127156
8089	0.126190
10842	0.126180
11421	0.126180
11345	0.126180
11335	0.126180
10090	0.126166
6624	0.125560
8463	0.125519
14096	0.125371
1456	0.124731
2997	0.124333
5240	0.124287
5844	0.124232
66	0.124039
3987	0.123545
6882	0.123535
3247	0.123535
1613	0.121873
2545	0.121588
9377	0.120892
1021	0.120294
1593	0.118809
12202	0.118528
3988	0.118528
4453	0.117333
8618	0.117039
6800	0.116519
1427	0.116321
629	0.115955
4033	0.115714
3879	0.115697
1138	0.115498
11337	0.115331
7595	0.115205
375	0.114747
8170	0.114174
11007	0.114096
3680	0.113126
858	0.112980
376	0.112717
12038	0.112614
6979	0.112430
5606	0.112206
3312	0.111959
30	0.111453
249	0.111430
3805	0.110853
4751	0.110253
11148	0.109678
1600	0.108766
1595	0.108766
1590	0.108766
3582	0.108046
13122	0.107595
1360	0.107305
3888	0.105891
12360	0.105611
7711	0.105611
12507	0.104093
5238	0.104057
11191	0.103799
5695	0.103536
8622	0.103528
4393	0.103497
8258	0.103043
7641	0.103002
6341	0.103002
250	0.102877
2948	0.102873
2946	0.102873
277	0.102724
9587	0.102093
6306	0.101899
12291	0.101659
11510	0.101439
43	0.100643
5195	0.100309
13846	0.100112
8459	0.100112
39	0.099951
11921	0.099457
7364	0.099185
5176	0.099154
13008	0.099110
46	0.098986
294	0.098886
4965	0.098822
12297	0.098548
8098	0.098548
7553	0.098161
5239	0.097979
11053	0.097821
44	0.097656
4731	0.097502
4675	0.097502
7162	0.097342
12359	0.096909
6468	0.096909
357	0.096553
11018	0.096515
7337	0.096354
5684	0.096211
11701	0.095714
699	0.094778
13146	0.094729
9879	0.094543
12109	0.094432
5948	0.094432
10468	0.094091
13087	0.094091
4190	0.093834
2567	0.093558
11086	0.093529
11530	0.093348
1463	0.093238
65	0.093222
12862	0.092590
5025	0.092551
12410	0.092498
253	0.092446
269	0.092416
11179	0.092343
1555	0.092238
5261	0.092164
2588	0.092054
12787	0.091569
11555	0.091303
286	0.091149
12667	0.091098
3342	0.090941
13404	0.090742
2653	0.090412
393	0.090326
4452	0.090173
5237	0.089572
10410	0.089373
3053	0.089323
9616	0.089017
2031	0.088898
3213	0.088872
10475	0.088586
11389	0.088585
665	0.088491
10411	0.088049
12073	0.087987
3642	0.087812
6121	0.087549
2566	0.087344
13652	0.087256
7229	0.086934
12617	0.086792
1022	0.086714
11501	0.086657
6988	0.086607
10583	0.086451
4533	0.086301
10375	0.086249
5558	0.086190
14061	0.086016
9694	0.085833
3341	0.085797
6518	0.085753
12516	0.085702
6699	0.085616
13550	0.085430
4750	0.085237
2927	0.084732
4330	0.084625
254	0.084392
11264	0.084387
628	0.084339
5011	0.084098
6527	0.084038
11963	0.084013
3626	0.083993
13039	0.083934
11795	0.083859
5446	0.083814
11323	0.083673
2696	0.083591
1571	0.083468
12536	0.083294
3809	0.082979
10023	0.082795
41	0.082433
632	0.082216
7267	0.082172
4800	0.082099
3929	0.082097
3928	0.082097
2033	0.081924
5222	0.081858
4945	0.081853
12561	0.081743
5969	0.081732
9295	0.081588
1892	0.081439
8886	0.081260
6479	0.081246
647	0.081169
11506	0.081003
12665	0.080894
13305	0.080786
11180	0.080780
7536	0.080706
10835	0.080561
5260	0.080561
11175	0.080559
1462	0.080303
9416	0.080293
11216	0.080269
11920	0.080245
3927	0.080245
3868	0.080245
6449	0.080197
4797	0.080086
6643	0.079936
13362	0.079666
12597	0.079516
2489	0.079492
11783	0.079335
1963	0.079287
10318	0.079223
11702	0.079146
12613	0.078958
10497	0.078938
5887	0.078932
2889	0.078848
10756	0.078831
42	0.078757
12544	0.078741
8169	0.078681
5198	0.078681
5970	0.078659
3675	0.078531
5318	0.078281
3943	0.078271
7959	0.078252
7403	0.078230
11386	0.078010
33	0.077993
1340	0.077960
8208	0.077952
4786	0.077913
5534	0.077896
6635	0.077784
4484	0.077768
4326	0.077738
10119	0.077682
10672	0.077318
10385	0.077277
4713	0.077171
4051	0.076802
5573	0.076728
12772	0.076673
379	0.076579
3304	0.076556
11410	0.076515
680	0.076342
3168	0.076320
2620	0.076264
610	0.076170
12565	0.075879
3600	0.075876
262	0.075704
2543	0.075657
7928	0.075543
10890	0.075490
10632	0.075371
4968	0.075338
13123	0.075280
10034	0.075280
3890	0.075271
10891	0.075248
3834	0.075246
1341	0.075225
13398	0.075126
4752	0.074989
12191	0.074893
12795	0.074826
3822	0.074793
12747	0.074740
270	0.074692
11919	0.074683
12409	0.074638
12736	0.074611
10386	0.074529
280	0.074477
12794	0.074430
686	0.074349
10441	0.074330
4038	0.074321
5666	0.074287
8064	0.074197
3646	0.074154
7864	0.074045
11507	0.074036
7554	0.073798
2123	0.073616
10844	0.073501
1549	0.073498
9187	0.073387
458	0.073337
656	0.073315
643	0.073282
10649	0.073242
5905	0.073199
10834	0.073168
12383	0.073067
12757	0.072977
10580	0.072867
5930	0.072867
12525	0.072847
5174	0.072817
13721	0.072795
13709	0.072795
13361	0.072737
9370	0.072704
12632	0.072575
10360	0.072525
6582	0.072448
3953	0.072375
9502	0.072331
2582	0.072321
1260	0.072282
7249	0.072216
459	0.072216
7543	0.072171
4425	0.072132
3469	0.072121
457	0.072115
10938	0.072065
11176	0.072063
11918	0.072023
7492	0.071816
12804	0.071795
8816	0.071744
8815	0.071744
8814	0.071744
8812	0.071744
8796	0.071744
8795	0.071744
8777	0.071744
7923	0.071744
12734	0.071729
7807	0.071724
10862	0.071671
2581	0.071609
7326	0.071426
4532	0.071399
3669	0.071394
5734	0.071390
10863	0.071360
13607	0.071191
542	0.071051
12571	0.071043
6208	0.070983
1014	0.070873
6715	0.070871
1414	0.070793
9501	0.070768
11200	0.070730
2929	0.070641
2466	0.070386
8079	0.070266
6584	0.070253
6581	0.070253
9330	0.070213
6910	0.070192
9500	0.070153
7152	0.070092
7631	0.069957
4024	0.069915
9609	0.069913
9580	0.069913
8017	0.069882
5181	0.069868
6836	0.069808
9675	0.069773
11413	0.069691
852	0.069687
6379	0.069612
3263	0.069607
273	0.069604
11419	0.069528
2558	0.069504
11256	0.069489
12753	0.069471
9835	0.069441
5716	0.069406
5682	0.069289
1581	0.069281
1507	0.069197
4795	0.069181
637	0.069148
10368	0.069052
195	0.069007
7332	0.068989
6365	0.068989
11221	0.068973
7331	0.068943
5728	0.068912
6534	0.068880
9898	0.068880
2500	0.068839
5550	0.068800
3812	0.068669
3078	0.068657
13876	0.068652
8061	0.068652
13708	0.068626
5670	0.068603
10876	0.068588
1588	0.068567
3976	0.068542
3813	0.068529
2552	0.068515
12802	0.068425
2560	0.068413
7726	0.068397
6222	0.068344
13246	0.068209
6224	0.068173
3784	0.068147
12570	0.068085
5155	0.068075
653	0.068007
2551	0.067973
2559	0.067972
5600	0.067942
6928	0.067888
2547	0.067879
703	0.067854
5267	0.067854
2554	0.067838
9487	0.067816
5551	0.067796
12848	0.067764
12112	0.067752
4902	0.067745
3630	0.067735
6999	0.067699
5251	0.067686
12444	0.067647
1568	0.067543
4410	0.067520
12445	0.067487
212	0.067433
9564	0.067431
3566	0.067431
13421	0.067405
7230	0.067405
12231	0.067320
10057	0.067255
274	0.067253
3253	0.067192
1358	0.067183
5605	0.067145
5602	0.066999
14041	0.066982
9181	0.066873
190	0.066837
5112	0.066786
2553	0.066687
11343	0.066678
1582	0.066624
276	0.066608
2703	0.066577
13827	0.066495
13108	0.066495
13107	0.066495
12882	0.066495
10121	0.066495
8458	0.066495
4016	0.066470
2555	0.066453
7739	0.066441
10541	0.066381
5346	0.066342
10049	0.066323
10461	0.066299
1891	0.066280
4434	0.066274
9811	0.066266
1817	0.066209
9739	0.066200
9767	0.066069
11166	0.066051
12542	0.066046
2550	0.065991
11043	0.065963
383	0.065860
12910	0.065838
9857	0.065785
1957	0.065755
12806	0.065750
13883	0.065746
11290	0.065670
4030	0.065628
9182	0.065591
7077	0.065560
210	0.065417
10626	0.065412
2556	0.065397
8162	0.065332
7220	0.065309
6031	0.065303
6030	0.065303
5992	0.065303
3867	0.065278
11154	0.065221
1273	0.065187
6085	0.065184
11539	0.065179
11511	0.065167
1598	0.065045
3965	0.065015
1611	0.064985
2341	0.064942
7341	0.064901
6268	0.064794
10450	0.064776
12628	0.064648
2435	0.064599
3732	0.064397
7306	0.064386
10731	0.064269
194	0.064252
11648	0.064223
98	0.064168
7154	0.064115
12111	0.064114
408	0.064072
10894	0.064050
10732	0.064036
11081	0.064025
6223	0.063895
11528	0.063828
9966	0.063813
12547	0.063782
2100	0.063770
4482	0.063762
11533	0.063608
13452	0.063606
7062	0.063586
7809	0.063565
13653	0.063517
13555	0.063517
13316	0.063517
10602	0.063517
4793	0.063424
220	0.063411
2548	0.063307
8749	0.063230
8748	0.063230
12314	0.063228
11056	0.063209
13808	0.063136
3633	0.063061
4433	0.063054
4031	0.063028
9830	0.062955
1609	0.062885
3821	0.062872
8522	0.062758
3662	0.062752
11265	0.062707
10973	0.062697
2076	0.062635
5541	0.062625
4213	0.062611
1779	0.062557
11169	0.062506
695	0.062438
3230	0.062361
10785	0.062324
6179	0.062316
2642	0.062292
7078	0.062181
8253	0.062179
8377	0.062179
1737	0.062107
698	0.062015
4698	0.062002
11534	0.061986
7056	0.061930
1829	0.061922
3870	0.061908
10647	0.061863
5858	0.061810
12205	0.061808
12336	0.061794
10477	0.061792
7061	0.061784
12117	0.061764
7345	0.061764
12382	0.061686
7329	0.061677
1485	0.061661
970	0.061637
11556	0.061635
8087	0.061471
10026	0.061406
1847	0.061394
7947	0.061283
8763	0.061249
8761	0.061249
14349	0.061203
14344	0.061203
14316	0.061203
14309	0.061203
14306	0.061203
14260	0.061203
14240	0.061203
14216	0.061203
14168	0.061203
12801	0.060949
668	0.060926
12698	0.060852
5186	0.060778
4832	0.060727
6614	0.060616
10435	0.060595
8188	0.060588
10852	0.060560
5665	0.060554
12708	0.060442
13938	0.060393
3918	0.060379
13092	0.060319
493	0.060313
11490	0.060282
1018	0.060258
12602	0.060219
12880	0.060218
12548	0.060101
11374	0.060066
7950	0.060027
11267	0.060012
8491	0.060012
5603	0.059997
5690	0.059953
325	0.059905
6958	0.059885
5692	0.059875
12630	0.059824
13032	0.059797
13031	0.059797
12429	0.059797
671	0.059791
3743	0.059756
12612	0.059650
9196	0.059611
10235	0.059565
10658	0.059562
1397	0.059536
9676	0.059497
12719	0.059412
3486	0.059375
4761	0.059366
9720	0.059311
6320	0.059285
7706	0.059233
10951	0.059137
8259	0.059124
1345	0.059115
419	0.059074
7789	0.059070
2322	0.059035
8052	0.058996
5928	0.058936
10787	0.058936
13904	0.058914
1822	0.058898
2549	0.058866
6117	0.058859
6452	0.058859
6733	0.058847
3857	0.058840
12759	0.058763
2557	0.058753
12178	0.058736
9696	0.058716
5906	0.058686
7485	0.058650
7484	0.058650
9944	0.058608
2434	0.058593
11293	0.058584
382	0.058508
12430	0.058496
9597	0.058399
9355	0.058399
6748	0.058399
6462	0.058385
10657	0.058351
7898	0.058348
2835	0.058337
10166	0.058225
4143	0.058135
289	0.058077
196	0.058073
1339	0.058047
12751	0.058014
1344	0.057984
662	0.057966
3485	0.057901
661	0.057854
12758	0.057799
3242	0.057746
9190	0.057674
12433	0.057661
10603	0.057660
3555	0.057645
13423	0.057637
9904	0.057622
11581	0.057542
4224	0.057524
3599	0.057496
11286	0.057479
4687	0.057454
7534	0.057448
9991	0.057420
11334	0.057368
6638	0.057336
4349	0.057275
10670	0.057267
5256	0.057265
6056	0.057256
282	0.057245
7095	0.057149
3178	0.056977
6723	0.056970
6722	0.056970
3549	0.056950
3091	0.056944
3089	0.056944
3088	0.056943
14148	0.056942
14147	0.056939
3090	0.056939
12603	0.056932
12709	0.056921
1399	0.056921
3039	0.056917
4535	0.056908
10545	0.056883
11500	0.056877
293	0.056862
292	0.056862
291	0.056862
290	0.056862
287	0.056862
64	0.056748
7223	0.056729
12163	0.056700
4430	0.056700
4429	0.056700
4428	0.056700
6444	0.056694
5308	0.056690
14146	0.056647
12791	0.056497
12788	0.056497
12673	0.056480
4899	0.056428
3218	0.056367
9373	0.056332
1352	0.056317
14107	0.056240
7453	0.056197
5749	0.056177
10421	0.056153
12418	0.056125
7676	0.056115
12792	0.056080
10843	0.056068
12654	0.056010
218	0.055992
9988	0.055962
1621	0.055854
12730	0.055825
13333	0.055794
13748	0.055724
11554	0.055716
3240	0.055628
10432	0.055560
12214	0.055559
13644	0.055501
5465	0.055476
4023	0.055474
10923	0.055423
3220	0.055408
10721	0.055360
10547	0.055350
11104	0.055275
4320	0.055264
1469	0.055199
10127	0.055192
50	0.055057
2440	0.055027
6422	0.055011
3503	0.054970
9329	0.054954
820	0.054953
13460	0.054906
9541	0.054894
272	0.054805
13742	0.054731
1337	0.054722
12861	0.054697
6168	0.054684
5161	0.054672
6308	0.054658
9876	0.054635
7628	0.054635
7627	0.054635
12564	0.054605
4790	0.054593
11213	0.054509
6490	0.054501
1538	0.054423
3678	0.054388
3673	0.054388
319	0.054303
11199	0.054265
12402	0.054250
7674	0.054221
10359	0.054191
11486	0.054190
5014	0.054130
3835	0.054111
6129	0.054029
10974	0.054006
12386	0.053932
11520	0.053916
384	0.053914
9118	0.053900
9436	0.053898
10650	0.053879
7420	0.053855
4735	0.053798
6287	0.053770
6382	0.053761
655	0.053753
4962	0.053749
13363	0.053685
5193	0.053684
59	0.053637
12501	0.053616
1190	0.053573
2706	0.053488
5453	0.053466
9039	0.053465
9950	0.053429
4679	0.053411
8272	0.053381
11516	0.053303
11218	0.053298
12640	0.053279
9906	0.053266
8896	0.053139
10833	0.053067
2899	0.053067
644	0.053035
9971	0.053016
6517	0.053008
5276	0.052982
9504	0.052961
9766	0.052911
9765	0.052911
12428	0.052796
9968	0.052714
8703	0.052709
3120	0.052700
232	0.052667
279	0.052485
6960	0.052383
674	0.052383
673	0.052383
664	0.052383
657	0.052383
652	0.052383
646	0.052383
189	0.052383
6226	0.052373
10811	0.052354
4080	0.052240
8080	0.052170
9725	0.052151
10677	0.052143
13923	0.052118
10941	0.052102
13741	0.052083
2251	0.052045
666	0.052031
215	0.052015
12601	0.052013
3660	0.052005
13935	0.051999
13933	0.051999
13931	0.051999
13930	0.051999
13927	0.051999
13925	0.051999
13924	0.051999
13921	0.051999
13920	0.051999
8187	0.051999
8184	0.051999
8183	0.051999
8182	0.051999
8163	0.051999
8161	0.051999
8160	0.051999
8159	0.051999
8158	0.051999
9274	0.051992
1009	0.051930
5317	0.051898
14013	0.051887
2253	0.051887
6499	0.051841
2793	0.051808
2586	0.051804
4507	0.051735
14174	0.051725
8189	0.051718
11675	0.051709
7055	0.051705
9917	0.051663
3232	0.051566
10554	0.051518
634	0.051488
14342	0.051462
3363	0.051408
9148	0.051335
4972	0.051331
13121	0.051323
4789	0.051323
4788	0.051323
5208	0.051306
9263	0.051304
11156	0.051234
13948	0.051194
4332	0.051191
649	0.051189
547	0.051178
