1452	0.209968
45	0.209667
11699	0.174931
7417	0.174931
7285	0.158747
5582	0.152905
12286	0.151090
5583	0.143784
11697	0.143513
7177	0.133143
9894	0.132524
5293	0.132103
11591	0.128958
11592	0.128241
4497	0.121179
2381	0.112539
5585	0.111576
9123	0.111179
5584	0.111152
8836	0.110795
6935	0.110070
13805	0.110061
5132	0.110061
7977	0.108313
14317	0.108291
2227	0.107280
5248	0.105120
14291	0.104602
4947	0.104460
2269	0.104420
5846	0.102991
8135	0.102579
14073	0.101956
8382	0.101554
11743	0.101268
7681	0.101235
5292	0.101126
8862	0.100915
8861	0.100915
8860	0.100915
8859	0.100915
8858	0.100915
8857	0.100915
8844	0.100915
8843	0.100915
8842	0.100915
8841	0.100915
8840	0.100915
8839	0.100915
8838	0.100915
8834	0.100915
8824	0.100915
8823	0.100915
8822	0.100915
8820	0.100915
8818	0.100915
8817	0.100915
8803	0.100915
8798	0.100915
8737	0.100915
8639	0.100915
7682	0.100915
7677	0.100915
7382	0.100915
7247	0.100915
5795	0.100855
3951	0.100348
1020	0.100110
2521	0.099614
11698	0.099236
8837	0.098854
2823	0.098650
4895	0.098419
14254	0.096615
11587	0.096303
4328	0.094937
7676	0.094848
7453	0.094539
8307	0.094344
6934	0.092591
11178	0.092417
6987	0.091302
5650	0.089653
11808	0.089342
10389	0.089266
1616	0.089241
5649	0.089057
2174	0.088470
10511	0.088276
11818	0.086827
5141	0.086729
9909	0.086558
6254	0.086189
2594	0.085773
11626	0.085438
1182	0.085223
8276	0.085157
11752	0.085049
850	0.084806
6366	0.084583
14339	0.084505
14338	0.084505
14312	0.084505
14272	0.084505
14259	0.084505
14160	0.084505
14159	0.084505
14158	0.084505
14156	0.084505
14144	0.084505
14133	0.084505
14123	0.084505
14110	0.084505
14102	0.084505
14053	0.084505
13501	0.084505
8311	0.084505
8309	0.084505
8308	0.084505
8306	0.084505
8288	0.084505
8286	0.084505
8285	0.084505
8283	0.084505
8282	0.084505
8280	0.084505
8278	0.084505
8277	0.084505
8046	0.084505
4603	0.084505
13542	0.084470
8310	0.084461
6010	0.084453
14006	0.084349
11858	0.084300
6009	0.084289
4742	0.084289
4787	0.084284
1403	0.084282
9439	0.084273
3030	0.083750
5270	0.083575
3908	0.083546
5586	0.083443
7907	0.083080
11989	0.082979
9462	0.082864
8877	0.082359
13265	0.082308
4172	0.081996
7544	0.081734
7943	0.081692
13121	0.081438
4789	0.081438
4788	0.081438
4743	0.081364
1411	0.081341
11658	0.081264
876	0.081261
11754	0.080962
6963	0.080944
5269	0.080941
7001	0.080613
6544	0.080528
8402	0.080309
6261	0.079990
13716	0.079878
10920	0.079572
9840	0.078766
9870	0.078417
2952	0.078316
8255	0.078099
12462	0.077977
10685	0.077977
4531	0.077812
2958	0.077788
8162	0.077656
11403	0.077435
6148	0.077435
2674	0.077366
11753	0.077245
2105	0.077178
6138	0.077127
5175	0.076971
4376	0.076922
3418	0.076829
2595	0.076808
2440	0.076589
11136	0.076524
851	0.076495
6421	0.076133
2820	0.076081
4841	0.075916
1673	0.075800
10499	0.075735
14250	0.075709
10558	0.075709
10555	0.075709
6968	0.075709
8042	0.075677
4662	0.075475
11472	0.075434
10556	0.075237
11742	0.075234
5226	0.075234
3152	0.075185
6220	0.074934
10921	0.074853
13551	0.074706
4530	0.074702
1773	0.074654
10376	0.074582
3428	0.074567
3576	0.074439
13247	0.074221
11915	0.074110
10557	0.073961
1120	0.073943
1838	0.073906
1119	0.073864
12636	0.073837
14091	0.073666
14249	0.073650
221	0.073500
2175	0.073474
9779	0.073095
5995	0.072841
3256	0.072786
5110	0.072436
11447	0.072350
11852	0.072268
12145	0.072217
10515	0.072217
5956	0.072217
13095	0.072151
6969	0.072151
5651	0.072095
11211	0.072082
2097	0.072068
10646	0.072026
5441	0.071977
12431	0.071940
5957	0.071743
2817	0.071711
14243	0.071459
3585	0.071337
5843	0.071281
7359	0.070977
10275	0.070874
7268	0.070802
4504	0.070677
3001	0.070528
6972	0.070342
4542	0.070325
1419	0.070312
9218	0.070255
8266	0.070215
8259	0.070179
14337	0.070165
13990	0.070165
14054	0.070153
3319	0.070151
8267	0.070138
12525	0.069872
3056	0.069862
3617	0.069656
13820	0.069649
6737	0.069542
11556	0.069463
2099	0.069328
11033	0.069307
2382	0.069287
4461	0.069165
7857	0.069151
8289	0.069138
7101	0.069121
14034	0.069057
8305	0.069034
13490	0.068753
13632	0.068753
13631	0.068753
3631	0.068599
10937	0.068490
13633	0.068459
10226	0.068365
6187	0.068298
14157	0.068278
4105	0.068121
13204	0.067935
10751	0.067891
991	0.067858
7872	0.067792
8352	0.067786
8351	0.067786
2957	0.067786
2956	0.067786
4106	0.067782
2206	0.067761
8821	0.067751
9704	0.067428
6480	0.067417
2208	0.067391
1236	0.067391
2695	0.067216
1835	0.067117
6259	0.067075
6895	0.067043
8387	0.066923
7908	0.066644
7356	0.066627
1420	0.066410
13850	0.066408
7759	0.066390
7357	0.066390
7355	0.066390
13638	0.066358
3505	0.066222
10197	0.066205
12358	0.066119
1405	0.065955
4784	0.065859
8238	0.065747
465	0.065742
4613	0.065734
8887	0.065712
10507	0.065673
5870	0.065662
6184	0.065656
11237	0.065541
6896	0.065470
2386	0.065428
2387	0.065428
5994	0.065411
4783	0.065354
8217	0.065334
7578	0.065334
8173	0.065316
5177	0.065290
13600	0.065276
10059	0.065242
598	0.065121
12504	0.065120
1050	0.064961
8794	0.064905
1952	0.064824
10694	0.064687
10554	0.064614
6760	0.064559
4027	0.064559
2600	0.064513
13838	0.064397
3320	0.064336
4857	0.064289
11415	0.064083
14332	0.064041
14320	0.064041
14257	0.064041
14235	0.064041
14231	0.064041
14217	0.064041
14143	0.064041
4026	0.063907
2207	0.063810
7969	0.063805
4204	0.063770
10523	0.063253
6938	0.063233
10898	0.063218
10199	0.063209
14031	0.063065
13369	0.062927
13374	0.062915
13373	0.062915
7774	0.062801
5641	0.062801
5642	0.062795
472	0.062779
7073	0.062544
23	0.062535
13530	0.062510
12502	0.062498
10237	0.062439
5225	0.062365
10264	0.062311
2809	0.062224
1016	0.062160
14111	0.061996
14080	0.061996
5347	0.061980
13609	0.061948
7207	0.061937
1950	0.061913
3986	0.061905
7072	0.061700
4782	0.061440
1118	0.061428
10127	0.061423
11987	0.061287
14126	0.061211
14125	0.061211
4536	0.061161
7730	0.060903
7445	0.060903
7444	0.060903
7175	0.060903
7080	0.060903
9700	0.060811
2084	0.060701
10390	0.060671
9197	0.060577
8611	0.060553
4500	0.060510
3316	0.060493
13635	0.060491
13548	0.060491
10739	0.060463
10788	0.060463
10777	0.060463
10759	0.060463
13810	0.060426
12161	0.060372
11870	0.060372
11794	0.060372
11204	0.060372
11203	0.060372
6144	0.060372
6143	0.060372
6142	0.060372
6141	0.060372
6140	0.060314
6139	0.060314
2098	0.060311
9710	0.060189
11292	0.060155
3313	0.060102
8890	0.060095
5574	0.060064
13598	0.059975
10734	0.059959
8595	0.059852
8430	0.059813
8596	0.059777
10427	0.059769
2902	0.059753
13157	0.059597
13621	0.059386
12436	0.059305
2585	0.059258
12949	0.059127
12947	0.059127
12946	0.059127
12945	0.059127
12943	0.059127
12942	0.059127
7475	0.059049
3315	0.058966
4463	0.058851
1413	0.058847
1367	0.058847
4503	0.058841
4349	0.058824
12944	0.058789
2152	0.058758
10049	0.058707
12721	0.058647
6218	0.058597
12591	0.058440
7507	0.058387
10519	0.058324
6727	0.058181
13322	0.058154
572	0.058052
2128	0.057992
9135	0.057872
4535	0.057779
13947	0.057753
6182	0.057751
10138	0.057712
10426	0.057707
3753	0.057622
2519	0.057573
2111	0.057551
8615	0.057482
5433	0.057459
7224	0.057450
6574	0.057450
5527	0.057450
12182	0.057430
4464	0.057430
7466	0.057291
4460	0.057290
7399	0.057282
6325	0.057271
10347	0.057203
2461	0.057166
12147	0.056957
473	0.056919
10388	0.056809
10480	0.056792
9623	0.056741
14027	0.056636
2452	0.056615
11111	0.056477
3429	0.056428
4538	0.056403
4537	0.056389
9796	0.056363
6380	0.056321
2930	0.056318
9202	0.056292
11916	0.056153
6205	0.056104
2828	0.056050
4235	0.056023
2052	0.055984
1418	0.055859
29	0.055832
7690	0.055818
7348	0.055818
7349	0.055818
7729	0.055816
1115	0.055797
3907	0.055768
13545	0.055752
9528	0.055735
1132	0.055717
323	0.055683
2113	0.055676
7088	0.055653
13685	0.055634
13684	0.055634
13683	0.055634
13565	0.055634
9960	0.055594
13111	0.055570
13109	0.055570
9959	0.055570
14195	0.055425
7328	0.055321
3226	0.055277
2281	0.055241
10125	0.055178
296	0.055164
11467	0.055158
4037	0.055141
13126	0.055018
6183	0.054993
10624	0.054969
6532	0.054862
13293	0.054813
11280	0.054754
7158	0.054726
6498	0.054677
677	0.054644
2954	0.054618
4439	0.054467
2110	0.054427
11073	0.054261
5038	0.054242
8336	0.054234
11289	0.054221
11112	0.054214
13164	0.054168
9222	0.054060
5268	0.054056
1734	0.054033
13396	0.054020
13338	0.054020
5664	0.054018
3441	0.054010
8137	0.053955
6343	0.053925
1504	0.053925
10916	0.053923
11091	0.053908
12679	0.053894
1053	0.053869
4505	0.053825
4501	0.053825
1503	0.053825
6102	0.053783
877	0.053778
10899	0.053740
4618	0.053682
5779	0.053674
5026	0.053579
5027	0.053579
2871	0.053567
13821	0.053558
10853	0.053521
6415	0.053512
12262	0.053488
3851	0.053381
11677	0.053344
4494	0.053344
4493	0.053344
7584	0.053329
6625	0.053269
5430	0.053260
6147	0.053173
5778	0.053165
3764	0.053162
9711	0.053138
9708	0.053138
9707	0.053138
9705	0.053138
9703	0.053138
9699	0.053044
5402	0.052993
9958	0.052992
3810	0.052929
12238	0.052830
12530	0.052800
10060	0.052779
4365	0.052779
6866	0.052724
2124	0.052668
8041	0.052640
10854	0.052594
7542	0.052502
6688	0.052502
10977	0.052486
1133	0.052441
12296	0.052402
6244	0.052402
2660	0.052325
2096	0.052316
7615	0.052296
10045	0.052249
5679	0.052116
13657	0.052086
1719	0.052086
14322	0.052053
14135	0.052053
5777	0.052051
2819	0.052042
7306	0.051987
10031	0.051955
4366	0.051877
10625	0.051860
5747	0.051781
3318	0.051749
8113	0.051647
12091	0.051632
5048	0.051632
5863	0.051609
13087	0.051529
3005	0.051464
10976	0.051462
1596	0.051449
10615	0.051445
13557	0.051443
13556	0.051443
1685	0.051426
2453	0.051399
9385	0.051389
1889	0.051329
13023	0.051321
5493	0.051304
12136	0.051218
4495	0.051114
13966	0.050955
8134	0.050935
2109	0.050881
3987	0.050850
5815	0.050682
13649	0.050632
1185	0.050598
3553	0.050567
11365	0.050381
11270	0.050381
10957	0.050381
7144	0.050381
1591	0.050191
12244	0.050172
26	0.050137
13384	0.050108
6687	0.050105
13946	0.050083
1592	0.050083
589	0.050030
7245	0.050009
6763	0.049889
13448	0.049824
9682	0.049772
803	0.049752
11297	0.049705
11793	0.049684
7478	0.049682
7272	0.049680
6725	0.049667
3905	0.049643
4828	0.049642
11202	0.049628
12237	0.049621
9596	0.049616
8584	0.049556
1109	0.049545
4294	0.049494
12198	0.049230
3353	0.049211
4457	0.049143
7511	0.049126
2477	0.049123
12759	0.049021
5674	0.048879
11988	0.048801
1283	0.048798
9875	0.048746
6361	0.048723
4068	0.048703
3538	0.048598
10282	0.048543
8257	0.048516
10050	0.048502
9207	0.048483
9205	0.048483
8528	0.048483
12202	0.048371
3988	0.048371
2170	0.048336
11618	0.048314
12773	0.048311
11394	0.048267
475	0.048253
5313	0.048211
6047	0.048193
8466	0.048182
2283	0.048138
4860	0.048112
4534	0.048100
11344	0.048089
11306	0.048089
10728	0.048089
12710	0.048058
3591	0.048005
11502	0.047984
1836	0.047913
3370	0.047854
5352	0.047836
10042	0.047832
5673	0.047791
2815	0.047783
874	0.047758
10099	0.047635
295	0.047494
6372	0.047458
12758	0.047399
8250	0.047399
3440	0.047399
6407	0.047383
10812	0.047352
10361	0.047339
10135	0.047324
2661	0.047298
7014	0.047293
9030	0.047262
6046	0.047252
2267	0.047206
7955	0.047162
10109	0.047142
3789	0.047082
2114	0.047061
119	0.046981
13854	0.046971
2173	0.046967
4529	0.046940
10661	0.046912
2341	0.046910
9168	0.046899
6776	0.046892
2280	0.046862
561	0.046851
3940	0.046828
10963	0.046816
10960	0.046816
10958	0.046816
5220	0.046804
13165	0.046802
9775	0.046801
1054	0.046772
6118	0.046653
5937	0.046637
3982	0.046631
12385	0.046615
13365	0.046609
499	0.046592
10852	0.046581
13041	0.046572
6119	0.046572
13449	0.046566
8317	0.046525
8316	0.046525
10896	0.046522
6728	0.046502
6323	0.046499
10850	0.046436
10729	0.046423
11428	0.046373
5188	0.046348
13697	0.046311
13364	0.046311
4660	0.046301
14218	0.046278
4045	0.046254
11522	0.046242
7713	0.046240
2496	0.046225
6378	0.046195
10212	0.046174
2107	0.046162
6732	0.046130
10346	0.046055
10370	0.046021
10274	0.045992
967	0.045972
377	0.045956
10428	0.045877
8407	0.045818
568	0.045813
13394	0.045792
11430	0.045710
11304	0.045710
10763	0.045710
12691	0.045686
14004	0.045652
4866	0.045652
10082	0.045539
5491	0.045509
6340	0.045403
12295	0.045389
6243	0.045389
8775	0.045374
14297	0.045282
12252	0.045268
5989	0.045264
6394	0.045171
10260	0.045167
1707	0.045158
10371	0.045128
13942	0.045115
13608	0.045079
13409	0.045079
13408	0.045079
9917	0.045068
11689	0.045062
2486	0.045055
13068	0.045047
13067	0.045047
13066	0.045047
13065	0.045047
13064	0.045047
13063	0.045047
13062	0.045047
13056	0.045047
13053	0.045047
13046	0.045047
13044	0.045047
12971	0.045047
12921	0.045047
8057	0.045042
12855	0.045038
12832	0.045036
9237	0.045000
10421	0.044999
9716	0.044937
13110	0.044933
1295	0.044916
4348	0.044902
14248	0.044814
8047	0.044814
5707	0.044799
13694	0.044792
6709	0.044781
5203	0.044774
10025	0.044677
5033	0.044650
3093	0.044607
4736	0.044586
8140	0.044497
3389	0.044474
10156	0.044444
3184	0.044395
4296	0.044332
5487	0.044308
7581	0.044171
6472	0.044154
1898	0.044129
10809	0.044121
7580	0.044121
524	0.044037
2102	0.044025
13500	0.044015
2108	0.043997
14128	0.043911
3371	0.043903
6889	0.043780
11551	0.043750
5221	0.043745
9170	0.043726
4319	0.043703
6664	0.043648
4297	0.043623
10606	0.043493
3425	0.043479
1436	0.043461
10088	0.043447
2812	0.043447
4324	0.043384
9706	0.043346
7686	0.043341
12835	0.043308
9764	0.043253
9964	0.043194
9915	0.043174
13875	0.043163
12707	0.043118
9120	0.043082
8432	0.043076
8431	0.043076
3142	0.043052
7468	0.043039
2967	0.043039
13626	0.043037
13425	0.043037
10186	0.043020
8497	0.043016
1893	0.042957
12734	0.042947
10343	0.042894
6718	0.042894
5185	0.042867
2522	0.042858
12357	0.042854
4465	0.042848
2625	0.042825
90	0.042781
6838	0.042709
1951	0.042704
13665	0.042688
11638	0.042656
3638	0.042648
13334	0.042624
6719	0.042609
10961	0.042594
5034	0.042586
9169	0.042579
5456	0.042556
13321	0.042543
8237	0.042505
235	0.042500
9763	0.042489
9759	0.042489
9758	0.042489
8717	0.042489
8716	0.042489
8715	0.042489
9916	0.042465
9880	0.042465
9842	0.042465
9838	0.042465
9822	0.042465
9372	0.042465
8791	0.042465
8790	0.042465
8768	0.042465
13167	0.042464
10122	0.042464
9215	0.042429
5780	0.042420
9512	0.042418
12794	0.042411
11477	0.042408
2230	0.042397
12747	0.042384
4824	0.042370
27	0.042358
7321	0.042325
5354	0.042270
8636	0.042205
4873	0.042202
11800	0.042196
12492	0.042155
5413	0.042107
13517	0.042020
4913	0.042013
12757	0.042009
5116	0.041940
9943	0.041885
10808	0.041865
10834	0.041840
6278	0.041832
4367	0.041824
889	0.041789
1882	0.041750
1816	0.041733
12556	0.041727
2473	0.041709
3388	0.041697
10740	0.041661
