1427	0.292754
3680	0.278342
5176	0.243785
4731	0.180243
4675	0.180243
2566	0.175919
4452	0.175679
2567	0.175660
10410	0.157379
11389	0.156909
10411	0.156362
4836	0.133845
2173	0.129379
3954	0.127796
3821	0.121931
882	0.118943
1847	0.110946
4748	0.109022
3955	0.108069
11939	0.106959
7065	0.106844
9623	0.106822
8114	0.106776
4896	0.106368
5734	0.105741
7217	0.105295
6476	0.105295
4499	0.104836
5941	0.104541
3414	0.103704
6623	0.103278
14342	0.103258
888	0.102666
9121	0.102023
9112	0.102023
923	0.101983
13394	0.100885
699	0.100744
7553	0.099276
5153	0.098574
9609	0.098521
9580	0.098521
8377	0.098486
7078	0.098304
8531	0.098264
13421	0.097871
9616	0.097600
6908	0.096862
3953	0.096770
5059	0.095090
13830	0.095079
4535	0.095035
13449	0.094770
5346	0.094512
6728	0.094428
7420	0.093771
13652	0.092932
1434	0.092806
3178	0.092805
686	0.092467
5413	0.092366
6482	0.091643
10607	0.091627
9633	0.091450
9630	0.091450
9628	0.091450
9626	0.091450
9625	0.091450
9624	0.091450
9622	0.091450
9621	0.091450
9620	0.091450
9619	0.091450
9618	0.091450
9615	0.091450
9482	0.091450
3784	0.091365
7453	0.091067
7676	0.090929
13460	0.090660
4293	0.090412
13807	0.090124
1231	0.089451
7223	0.088221
14107	0.087968
8661	0.087961
6117	0.087765
14148	0.087301
3091	0.087299
3089	0.087299
3088	0.087299
14147	0.087298
3090	0.087298
14146	0.087284
9338	0.087043
3741	0.086924
2472	0.086461
1817	0.086451
9610	0.086253
1893	0.086171
9606	0.085571
9442	0.085456
11212	0.085120
11419	0.084854
9578	0.084830
9613	0.084733
1041	0.084239
457	0.084206
459	0.084170
4144	0.083875
13994	0.083854
7931	0.083854
889	0.083730
14179	0.083586
7526	0.083531
3213	0.083460
8864	0.083454
8863	0.083454
8583	0.083454
8124	0.083454
7904	0.083454
7903	0.083454
7902	0.083454
7901	0.083454
7900	0.083454
7899	0.083454
7897	0.083454
7896	0.083454
7895	0.083454
5186	0.083196
9612	0.083187
13685	0.082778
13684	0.082778
13683	0.082778
13565	0.082778
13609	0.082702
9436	0.082616
4713	0.082580
6838	0.082163
5344	0.082054
5546	0.081876
5276	0.081833
2052	0.081784
8615	0.081770
3669	0.081276
3952	0.081169
5347	0.081108
650	0.081084
8618	0.080770
5642	0.080670
7774	0.080668
5641	0.080668
4330	0.080299
13550	0.080013
12501	0.079948
3469	0.079936
13325	0.079680
3427	0.079626
3837	0.079567
2573	0.079228
3168	0.079073
12096	0.078792
11325	0.078767
1254	0.078680
11816	0.078647
9611	0.078630
269	0.078607
6910	0.078594
3363	0.078556
7152	0.078482
4832	0.078458
11815	0.078291
13050	0.078200
12707	0.078193
1621	0.078190
6971	0.078063
13588	0.078008
4016	0.077918
13294	0.077897
12317	0.077882
1507	0.077823
7807	0.077609
776	0.077561
9503	0.077373
6449	0.077103
11920	0.077058
3927	0.077058
3868	0.077058
7955	0.076644
458	0.076532
210	0.076425
8886	0.076304
3195	0.076177
3929	0.076169
3928	0.076169
8625	0.076066
11507	0.075931
12558	0.075849
13538	0.075796
3867	0.075795
11649	0.075749
606	0.075694
9222	0.075659
1201	0.075458
414	0.075425
6149	0.075412
8709	0.075323
9631	0.075299
6745	0.075254
1243	0.075185
13282	0.075156
13281	0.075136
12561	0.075117
5123	0.075103
235	0.075096
6208	0.075019
7483	0.074932
1193	0.074921
426	0.074867
2968	0.074853
3599	0.074821
3059	0.074812
5558	0.074663
13398	0.074620
5158	0.074515
249	0.074431
7079	0.074420
51	0.074330
9212	0.074243
11919	0.074151
10640	0.074013
7229	0.073849
3705	0.073768
6501	0.073677
5675	0.073620
3834	0.073570
7560	0.073414
9377	0.073376
1979	0.073371
7947	0.073368
2466	0.073364
4393	0.073273
6781	0.073207
3841	0.073196
1768	0.073183
1190	0.073159
6704	0.072979
5984	0.072864
7864	0.072860
9307	0.072823
11982	0.072694
5414	0.072694
5412	0.072694
11681	0.072664
5905	0.072642
9102	0.072541
628	0.072314
9039	0.072278
6031	0.072267
6030	0.072267
5992	0.072267
1976	0.072248
13721	0.072237
13709	0.072237
9839	0.072206
4384	0.072185
11157	0.072088
2500	0.072045
4295	0.072002
1626	0.072001
2027	0.071954
12628	0.071946
3678	0.071898
3673	0.071898
4639	0.071895
4635	0.071895
4634	0.071895
3082	0.071895
11830	0.071895
10023	0.071806
8778	0.071779
6671	0.071721
7654	0.071537
11226	0.071531
6557	0.071527
38	0.071527
6295	0.071512
10966	0.071506
7616	0.071493
7145	0.071493
8779	0.071475
5728	0.071316
12687	0.071231
12751	0.071217
5665	0.071169
9579	0.071112
7295	0.071060
5768	0.070970
7992	0.070932
11988	0.070826
1039	0.070483
250	0.070372
3240	0.070356
5187	0.070266
11007	0.069958
7655	0.069885
837	0.069876
2286	0.069866
1194	0.069786
2845	0.069741
2114	0.069645
3743	0.069618
6162	0.069506
1936	0.069459
11412	0.069443
307	0.069363
4350	0.069338
8052	0.069289
14178	0.069282
7935	0.069282
1937	0.069179
13607	0.069172
10572	0.068866
5695	0.068793
2817	0.068734
2844	0.068698
7606	0.068690
8845	0.068682
938	0.068660
4416	0.068638
11534	0.068269
12630	0.068086
9598	0.068047
6784	0.067979
5967	0.067962
11364	0.067860
11305	0.067860
11254	0.067860
10868	0.067860
10794	0.067860
7161	0.067765
2925	0.067713
8929	0.067686
820	0.067683
8357	0.067648
4195	0.067632
4678	0.067630
1400	0.067627
7913	0.067590
5968	0.067590
470	0.067590
8711	0.067542
1647	0.067541
469	0.067535
5112	0.067532
10049	0.067528
861	0.067527
5407	0.067525
1022	0.067524
8732	0.067512
7131	0.067495
9942	0.067451
9931	0.067451
9930	0.067451
9921	0.067451
9901	0.067451
9899	0.067451
9895	0.067451
9866	0.067451
9836	0.067451
9832	0.067451
9810	0.067451
9698	0.067451
9636	0.067451
9570	0.067451
9299	0.067451
6756	0.067412
8710	0.067400
8833	0.067400
6278	0.067371
11034	0.067353
286	0.067196
5219	0.067143
8246	0.067107
10838	0.067078
5851	0.066874
331	0.066810
3053	0.066780
11918	0.066702
819	0.066621
1555	0.066589
11999	0.066515
4304	0.066511
4302	0.066511
63	0.066450
5354	0.066447
3888	0.066443
11429	0.066438
11324	0.066438
2094	0.066371
3643	0.066294
11860	0.066235
5625	0.066207
2435	0.066198
11465	0.066130
986	0.066114
4538	0.066011
2996	0.065992
11607	0.065975
14266	0.065953
2546	0.065928
4936	0.065928
7306	0.065894
4051	0.065883
7263	0.065779
11299	0.065694
3822	0.065656
7397	0.065649
12252	0.065639
4668	0.065637
10839	0.065530
10863	0.065528
7100	0.065499
3277	0.065496
9135	0.065446
10919	0.065403
7659	0.065320
370	0.065300
7330	0.065265
9264	0.065152
2869	0.065083
10862	0.065026
8712	0.065001
8303	0.065001
8302	0.065001
7362	0.065001
6359	0.065001
5888	0.064998
6202	0.064932
13404	0.064900
9266	0.064876
4561	0.064829
8676	0.064697
12720	0.064676
7666	0.064676
7154	0.064671
4532	0.064647
10330	0.064645
5174	0.064590
9196	0.064562
13246	0.064503
10894	0.064464
12348	0.064442
4168	0.064190
3084	0.064181
12547	0.064139
4761	0.064111
4679	0.064088
678	0.064052
4922	0.064037
9577	0.064024
253	0.063964
12716	0.063889
3671	0.063876
3662	0.063874
6534	0.063847
1435	0.063820
4671	0.063722
4669	0.063722
2990	0.063697
4116	0.063692
3732	0.063643
11646	0.063620
1265	0.063468
9928	0.063445
12873	0.063431
67	0.063424
1419	0.063271
4670	0.063210
2599	0.063136
1892	0.063066
6643	0.063064
3061	0.062928
1829	0.062919
2499	0.062850
11921	0.062775
532	0.062768
14407	0.062736
7752	0.062718
1680	0.062717
5302	0.062666
5720	0.062587
6715	0.062578
13305	0.062546
4383	0.062517
4305	0.062450
2322	0.062435
5038	0.062423
8026	0.062238
10234	0.062173
9706	0.062075
4301	0.062007
9702	0.061997
7662	0.061995
1640	0.061946
11209	0.061864
11208	0.061835
4667	0.061792
9269	0.061764
304	0.061746
5928	0.061710
6976	0.061641
5716	0.061608
12719	0.061602
797	0.061435
9322	0.061388
11715	0.061372
1174	0.061367
9794	0.061302
4536	0.061240
3675	0.061206
9597	0.061195
9355	0.061195
6748	0.061195
10650	0.061047
2790	0.060969
3490	0.060915
9295	0.060893
6081	0.060842
9652	0.060826
352	0.060808
671	0.060762
12565	0.060719
14415	0.060596
9277	0.060596
1097	0.060544
1332	0.060526
2588	0.060434
5155	0.060431
2697	0.060410
3650	0.060400
5684	0.060327
5296	0.060252
319	0.060220
8959	0.060206
7569	0.060178
1192	0.060173
11678	0.060017
12400	0.059994
11586	0.059994
10949	0.059954
11528	0.059953
5601	0.059927
8960	0.059904
3649	0.059875
7206	0.059742
8259	0.059722
4425	0.059682
9587	0.059596
2612	0.059579
11166	0.059538
7757	0.059534
5909	0.059477
10067	0.059351
11019	0.059345
35	0.059337
268	0.059307
13904	0.059298
5490	0.059265
10512	0.059223
3204	0.059089
404	0.059071
11314	0.059067
1854	0.059064
12736	0.059054
4508	0.059052
9711	0.059043
9708	0.059043
9707	0.059043
9705	0.059043
9703	0.059043
2889	0.059009
9699	0.059009
1458	0.059000
14004	0.058970
4866	0.058970
2802	0.058968
325	0.058933
10066	0.058917
8412	0.058892
2434	0.058875
11455	0.058853
11426	0.058853
12383	0.058805
10475	0.058792
13326	0.058688
3596	0.058650
7155	0.058635
9721	0.058612
7948	0.058612
7778	0.058612
7618	0.058612
7113	0.058612
3341	0.058612
2724	0.058610
9700	0.058564
12279	0.058541
11825	0.058541
6270	0.058541
6269	0.058541
5465	0.058511
11256	0.058505
10626	0.058479
1986	0.058465
8087	0.058415
6733	0.058397
12544	0.058333
3689	0.058333
4143	0.058250
277	0.058211
10497	0.058127
13567	0.058066
5731	0.058066
5730	0.058066
5726	0.058066
5723	0.058066
5722	0.058066
5721	0.058066
5681	0.058066
8617	0.057978
4972	0.057893
4485	0.057871
1655	0.057857
8816	0.057766
8815	0.057766
8814	0.057766
8812	0.057766
8796	0.057766
8795	0.057766
8777	0.057766
7923	0.057766
7959	0.057744
12093	0.057741
7433	0.057730
4722	0.057703
10580	0.057687
5930	0.057687
2064	0.057684
5604	0.057638
4213	0.057636
11548	0.057575
12806	0.057571
11216	0.057570
9739	0.057564
8324	0.057529
6287	0.057498
13598	0.057490
9605	0.057460
9811	0.057431
2101	0.057387
1260	0.057340
12117	0.057286
7345	0.057286
271	0.057268
6698	0.057191
9218	0.057045
6815	0.057041
8892	0.056979
9909	0.056972
5520	0.056887
7220	0.056870
14254	0.056751
4752	0.056738
5062	0.056688
10318	0.056683
1115	0.056682
695	0.056681
8441	0.056642
8440	0.056642
1528	0.056543
3855	0.056459
9150	0.056442
5181	0.056429
5664	0.056394
1133	0.056356
9627	0.056354
1777	0.056341
11265	0.056336
4121	0.056305
10235	0.056278
3389	0.056270
4581	0.056263
197	0.056212
10416	0.056203
3839	0.056199
1420	0.056191
224	0.056083
3900	0.056052
4877	0.056034
13497	0.055957
11529	0.055932
7176	0.055899
9179	0.055856
11634	0.055784
4307	0.055764
10672	0.055741
1882	0.055730
7209	0.055692
11056	0.055691
8090	0.055674
2847	0.055674
2843	0.055674
2839	0.055674
7289	0.055665
13363	0.055658
9462	0.055644
3835	0.055592
9082	0.055584
11824	0.055581
2521	0.055577
12538	0.055567
12570	0.055553
10618	0.055540
11386	0.055529
43	0.055523
2840	0.055512
10415	0.055507
13498	0.055483
5324	0.055480
12692	0.055446
2927	0.055417
12462	0.055409
10685	0.055409
4292	0.055407
2438	0.055396
9704	0.055383
11635	0.055374
3505	0.055363
2287	0.055355
6804	0.055354
9263	0.055354
9840	0.055322
10583	0.055298
4696	0.055297
10101	0.055274
5697	0.055121
14291	0.055104
3681	0.055102
4778	0.055073
12382	0.055032
1568	0.055002
3203	0.054974
3646	0.054937
3095	0.054921
13522	0.054904
10563	0.054882
11500	0.054859
4486	0.054842
11679	0.054805
1963	0.054797
3052	0.054761
7500	0.054658
9453	0.054643
1228	0.054637
11818	0.054630
3094	0.054562
5735	0.054545
8141	0.054530
852	0.054465
11755	0.054433
8604	0.054432
14013	0.054400
2253	0.054400
3461	0.054387
227	0.054384
3422	0.054366
5688	0.054328
14069	0.054322
924	0.054315
1402	0.054254
11471	0.054241
3973	0.054193
10943	0.054192
6861	0.054162
6913	0.054140
2105	0.054108
3242	0.054020
4612	0.053960
4721	0.053953
11176	0.053939
876	0.053865
1905	0.053807
5649	0.053787
10352	0.053787
11463	0.053774
11858	0.053746
322	0.053746
1462	0.053742
5744	0.053739
11129	0.053688
11806	0.053683
10594	0.053670
7543	0.053652
1800	0.053650
8207	0.053630
1399	0.053614
12923	0.053588
9491	0.053588
2325	0.053588
2324	0.053588
7534	0.053550
11759	0.053531
12109	0.053508
5948	0.053508
13533	0.053504
13532	0.053504
13531	0.053504
9780	0.053501
3142	0.053500
419	0.053497
2320	0.053495
1656	0.053486
9439	0.053465
8926	0.053383
11989	0.053345
12030	0.053338
817	0.053330
11648	0.053319
10110	0.053310
700	0.053310
2929	0.053241
8793	0.053192
8771	0.053192
8770	0.053192
8769	0.053192
8746	0.053192
8745	0.053192
8396	0.053192
7709	0.053146
10800	0.053135
14358	0.053128
9870	0.053084
3890	0.053080
9159	0.053047
6110	0.053037
9564	0.052995
3566	0.052995
13224	0.052962
6928	0.052930
4534	0.052905
10967	0.052895
9097	0.052850
9096	0.052850
10835	0.052826
5260	0.052826
9416	0.052795
2594	0.052771
9536	0.052764
8051	0.052723
3292	0.052718
115	0.052645
9797	0.052637
758	0.052613
5666	0.052588
7494	0.052554
10018	0.052456
6860	0.052376
3144	0.052368
10368	0.052363
6852	0.052340
11558	0.052313
12310	0.052222
4976	0.052214
7093	0.052177
8611	0.052142
1878	0.052136
7706	0.052082
4977	0.052074
7101	0.052035
6145	0.051992
14243	0.051937
12564	0.051930
11323	0.051914
795	0.051907
2018	0.051904
2479	0.051861
3156	0.051802
13423	0.051799
7182	0.051791
1009	0.051783
3858	0.051754
9634	0.051678
7926	0.051675
1403	0.051665
1549	0.051643
10937	0.051628
12161	0.051585
11870	0.051585
11794	0.051585
11204	0.051585
11203	0.051585
6144	0.051585
6143	0.051585
6142	0.051585
6141	0.051585
2785	0.051562
9820	0.051551
8735	0.051551
10356	0.051543
3320	0.051529
5736	0.051489
1397	0.051481
2033	0.051475
7530	0.051470
2559	0.051419
12763	0.051418
8430	0.051360
1779	0.051354
1232	0.051340
1229	0.051340
5264	0.051337
9725	0.051330
1089	0.051275
9500	0.051171
7213	0.051146
389	0.051139
2535	0.051117
9913	0.051115
7815	0.051062
6464	0.051023
6463	0.051023
5550	0.051010
8398	0.051001
2182	0.050990
5213	0.050974
3333	0.050932
5602	0.050925
5622	0.050915
6582	0.050905
9831	0.050903
2371	0.050870
3801	0.050856
1545	0.050856
11520	0.050839
9487	0.050821
3239	0.050764
8076	0.050746
220	0.050735
11482	0.050727
10642	0.050727
1273	0.050725
13606	0.050696
9512	0.050689
918	0.050689
9347	0.050686
5603	0.050680
12313	0.050661
8167	0.050661
950	0.050637
9187	0.050531
9830	0.050514
3676	0.050511
9192	0.050501
2544	0.050490
4672	0.050472
11965	0.050466
330	0.050443
329	0.050440
2964	0.050403
13910	0.050363
6254	0.050343
7767	0.050327
11576	0.050304
11791	0.050272
3760	0.050270
14418	0.050260
14417	0.050260
13284	0.050260
13152	0.050260
9795	0.050260
9793	0.050260
9792	0.050260
9791	0.050260
9789	0.050260
9745	0.050260
9163	0.050260
8614	0.050260
8613	0.050260
8177	0.050260
12016	0.050254
69	0.050250
13002	0.050247
13001	0.050247
13000	0.050247
12998	0.050247
12997	0.050247
12996	0.050247
12995	0.050247
12994	0.050247
12993	0.050247
