8543	0.187626
8128	0.184404
3678	0.157782
3673	0.157782
13146	0.153740
5707	0.152856
5673	0.152803
5674	0.152444
770	0.152439
3363	0.145090
10840	0.143569
14165	0.128719
14321	0.128595
14311	0.128595
14307	0.128595
14114	0.128595
10393	0.128595
8406	0.128595
8368	0.128595
3158	0.128595
1406	0.127891
10394	0.120281
1041	0.116158
7095	0.115868
3680	0.114806
14277	0.114589
14043	0.114566
11262	0.114442
3103	0.114239
12096	0.112909
12317	0.112506
854	0.111158
5176	0.110125
5413	0.108960
5937	0.108304
11982	0.106962
5414	0.106962
5412	0.106962
8835	0.106891
723	0.105607
2914	0.105075
8736	0.104506
9830	0.104405
8801	0.104195
1779	0.104041
6121	0.103726
11649	0.103028
6114	0.102972
6556	0.102914
6555	0.102914
9216	0.102415
12707	0.102241
5858	0.101385
8593	0.101365
1418	0.100783
8808	0.100774
3872	0.100719
13087	0.100320
11440	0.099960
11341	0.099960
5115	0.099649
1669	0.099193
3797	0.098531
6001	0.098419
4721	0.097932
13070	0.097861
1885	0.097829
1884	0.097829
1883	0.097829
1882	0.097727
5218	0.097610
6500	0.096750
11532	0.096681
12426	0.096493
11542	0.096204
11419	0.096013
12529	0.095901
8617	0.095815
10640	0.095765
13498	0.095746
11634	0.095714
11528	0.095603
13497	0.095383
3796	0.095283
7166	0.095210
12730	0.095020
1039	0.094779
7094	0.094777
3230	0.094638
1427	0.093587
10541	0.093174
3315	0.092976
2406	0.092728
3669	0.092464
1141	0.092225
13682	0.092174
13487	0.092174
13345	0.092174
8209	0.092154
11395	0.091524
8237	0.091436
9839	0.090932
5728	0.090672
3656	0.090613
3316	0.090133
5344	0.089688
11635	0.089548
13530	0.089541
11455	0.089223
11426	0.089223
12628	0.089210
5129	0.089073
10793	0.088937
10949	0.088922
1053	0.088907
9229	0.088898
10143	0.088769
13807	0.088602
3232	0.088401
3676	0.088185
13405	0.088126
4064	0.088034
4063	0.088034
4061	0.088034
4058	0.088034
4057	0.088034
2644	0.088034
9084	0.087786
7160	0.087708
703	0.087523
12578	0.087399
4059	0.087363
4879	0.087287
9718	0.087170
8430	0.086697
7439	0.086549
7121	0.086549
1355	0.086523
11218	0.086479
13624	0.086253
13623	0.086253
6810	0.086199
12312	0.086142
2998	0.085744
4841	0.085403
10453	0.085297
3182	0.085154
1555	0.085109
12597	0.084931
4898	0.084801
3229	0.084747
10119	0.084700
13529	0.084675
8252	0.084462
13716	0.084358
8557	0.084323
8555	0.084323
8547	0.084323
10452	0.083682
3982	0.083494
6002	0.083448
6451	0.083245
14107	0.083121
2371	0.082880
10069	0.082672
245	0.082490
11790	0.082451
7223	0.082260
1337	0.082121
3091	0.081852
3089	0.081852
3088	0.081852
14147	0.081850
3090	0.081850
14148	0.081816
14146	0.081756
8373	0.081717
8240	0.081717
3489	0.081548
8284	0.081547
10593	0.081269
8762	0.080703
11462	0.080676
13504	0.080672
13491	0.080663
7165	0.080580
10842	0.080578
11421	0.080578
11345	0.080578
11335	0.080578
11507	0.080574
10090	0.080564
12561	0.080509
11511	0.080455
5398	0.080339
2519	0.080305
8089	0.080206
10318	0.080200
10315	0.080145
8703	0.080125
10314	0.080111
10441	0.079999
11561	0.079893
1507	0.079885
8802	0.079861
10410	0.079841
384	0.079767
2081	0.079642
14098	0.079600
2320	0.079373
2567	0.079334
8696	0.079272
10411	0.079175
5181	0.079118
8239	0.079010
5856	0.078826
11389	0.078770
8718	0.078585
6728	0.078579
10104	0.078577
12558	0.078488
11236	0.078408
13686	0.078214
13670	0.078214
5802	0.078168
13421	0.078104
7814	0.078075
8362	0.078052
10498	0.078010
724	0.078001
11021	0.077976
217	0.077924
13620	0.077898
5346	0.077865
13830	0.077857
9392	0.077600
8472	0.077558
8622	0.077498
12335	0.077444
1086	0.077274
4259	0.077238
8069	0.077215
1963	0.077163
14037	0.077122
13685	0.077092
13684	0.077092
13683	0.077092
13565	0.077092
10042	0.077058
3224	0.076932
10654	0.076924
4085	0.076904
9169	0.076864
2817	0.076864
7482	0.076743
4731	0.076738
4675	0.076738
9915	0.076646
13398	0.076638
9362	0.076460
6996	0.076444
5214	0.076442
10655	0.076408
11553	0.076393
8810	0.076376
8697	0.076314
7297	0.076278
7943	0.076277
12065	0.076202
1618	0.076155
12725	0.076153
8699	0.076107
4685	0.076018
8500	0.075974
5188	0.075963
8701	0.075933
6483	0.075899
8724	0.075859
8723	0.075859
8722	0.075859
8721	0.075859
8720	0.075859
8719	0.075859
8702	0.075859
8698	0.075859
8695	0.075859
8694	0.075859
8693	0.075859
8692	0.075859
8691	0.075859
8690	0.075859
8689	0.075859
8688	0.075859
8687	0.075859
8686	0.075859
8685	0.075859
8684	0.075859
8683	0.075859
8682	0.075859
8681	0.075859
8680	0.075859
8649	0.075859
8648	0.075859
8647	0.075859
8646	0.075859
8645	0.075859
8644	0.075859
8643	0.075859
8642	0.075859
8640	0.075859
8554	0.075859
7577	0.075859
5675	0.075858
5630	0.075719
5961	0.075677
1886	0.075604
8612	0.075574
5109	0.075480
4857	0.075346
11337	0.075328
6861	0.075293
4722	0.074770
1547	0.074737
13359	0.074700
12710	0.074649
2500	0.074601
8192	0.074570
10647	0.074558
4445	0.074539
12658	0.074343
11116	0.074343
2795	0.074343
2794	0.074343
8385	0.074313
2800	0.074188
6995	0.074186
232	0.074175
4769	0.074085
3465	0.074068
12545	0.074027
12501	0.073997
3163	0.073990
11544	0.073977
2672	0.073922
9222	0.073920
17	0.073913
5658	0.073885
3821	0.073829
12602	0.073814
12773	0.073700
2780	0.073655
3231	0.073633
1847	0.073346
6098	0.073318
5489	0.073248
1278	0.073140
11287	0.073133
11285	0.073133
11284	0.073133
9835	0.073063
6031	0.072981
6030	0.072981
5992	0.072981
11132	0.072981
6934	0.072891
2802	0.072788
3954	0.072717
12630	0.072715
10563	0.072701
12516	0.072696
11325	0.072661
4484	0.072644
2383	0.072596
13449	0.072570
12675	0.072555
7815	0.072324
12567	0.072245
8821	0.072163
12548	0.072136
8833	0.072108
12698	0.072098
1347	0.072051
7305	0.072035
7303	0.072035
5580	0.072033
8618	0.071996
6163	0.071847
7509	0.071635
7304	0.071635
855	0.071631
9094	0.071625
9093	0.071625
9092	0.071625
9065	0.071625
9264	0.071568
4060	0.071450
6733	0.071434
8747	0.071385
8725	0.071385
11007	0.071326
12565	0.071296
7039	0.071281
12734	0.071264
9728	0.071233
9266	0.071194
11534	0.071137
10583	0.071024
13106	0.070906
7543	0.070860
3838	0.070699
5851	0.070690
11194	0.070652
11933	0.070601
12794	0.070573
6669	0.070573
10052	0.070556
12261	0.070554
7111	0.070511
10497	0.070497
10475	0.070491
10858	0.070430
12747	0.070421
4217	0.070415
11404	0.070415
10922	0.070415
7341	0.070406
3341	0.070385
5734	0.070292
11539	0.070266
13361	0.070148
10604	0.070115
12757	0.070022
2770	0.070007
277	0.070001
13165	0.069948
10834	0.069798
9850	0.069773
3732	0.069566
11556	0.069475
3168	0.069416
9579	0.069380
10600	0.069377
1350	0.069261
5174	0.069253
10907	0.069224
7274	0.069130
6566	0.069103
12542	0.069088
3085	0.069020
13283	0.068994
3630	0.068965
10658	0.068964
8947	0.068836
9026	0.068791
444	0.068761
3681	0.068680
11255	0.068652
373	0.068650
11932	0.068630
6671	0.068601
7302	0.068557
9351	0.068556
9350	0.068556
7401	0.068556
13577	0.068547
776	0.068523
2566	0.068432
12109	0.068429
5948	0.068429
4687	0.068379
4116	0.068377
7502	0.068225
5491	0.068176
1715	0.068150
445	0.068113
11543	0.068113
5532	0.067682
12148	0.067650
7411	0.067650
9295	0.067548
2809	0.067457
13609	0.067428
3675	0.067418
10897	0.067321
4452	0.067309
1633	0.067249
4062	0.067125
11342	0.066989
10746	0.066989
9036	0.066927
12544	0.066897
3668	0.066863
13305	0.066832
3760	0.066735
13652	0.066700
10435	0.066614
244	0.066599
7229	0.066582
5558	0.066384
10657	0.066269
210	0.066175
12832	0.066093
9170	0.066071
12795	0.065979
514	0.065975
3953	0.065971
10212	0.065966
2899	0.065933
12536	0.065900
7337	0.065817
5695	0.065812
7926	0.065806
9944	0.065785
12716	0.065682
13550	0.065674
8641	0.065618
8829	0.065612
10833	0.065594
4723	0.065573
1880	0.065561
8700	0.065521
11510	0.065241
4330	0.065235
6596	0.065188
9694	0.065187
12662	0.065118
2605	0.065065
614	0.065054
4439	0.065045
6014	0.065029
10747	0.064854
10534	0.064844
9564	0.064797
3566	0.064797
11286	0.064714
13538	0.064663
11490	0.064650
3135	0.064637
11456	0.064627
11772	0.064606
7601	0.064502
10626	0.064497
13354	0.064485
11501	0.064427
12409	0.064397
7499	0.064333
3822	0.064290
6736	0.064243
7507	0.064137
6745	0.064091
2929	0.064089
12712	0.064067
13654	0.064059
12806	0.063944
9450	0.063939
10048	0.063930
5692	0.063849
4049	0.063839
2889	0.063772
10597	0.063715
2106	0.063709
11299	0.063684
12674	0.063680
5690	0.063618
5805	0.063573
1925	0.063512
11568	0.063400
852	0.063305
3987	0.063279
5249	0.063269
10649	0.063265
1626	0.063229
8523	0.063204
5806	0.063183
11477	0.063173
4820	0.063137
12570	0.063107
9840	0.063102
13622	0.063064
4098	0.063053
7959	0.063051
5298	0.062974
5297	0.062967
8470	0.062856
7576	0.062664
7809	0.062632
10609	0.062630
9377	0.062616
12758	0.062588
12507	0.062572
12462	0.062521
10685	0.062521
4076	0.062515
12736	0.062484
13092	0.062433
11463	0.062421
1512	0.062389
3764	0.062378
3320	0.062292
4425	0.062221
3237	0.062115
7985	0.062108
2930	0.062055
6326	0.062050
235	0.061998
1604	0.061994
12187	0.061961
12751	0.061954
12759	0.061940
10885	0.061868
7529	0.061811
6482	0.061797
323	0.061711
13958	0.061703
7737	0.061686
8489	0.061672
13431	0.061631
12382	0.061616
6320	0.061548
12557	0.061490
2465	0.061453
7289	0.061453
8055	0.061286
8217	0.061277
7578	0.061277
6614	0.061171
8031	0.061145
10292	0.061135
11056	0.061135
702	0.061118
688	0.061115
12202	0.061111
3988	0.061111
1183	0.061024
4114	0.060978
11958	0.060953
11290	0.060953
4295	0.060951
10432	0.060918
10450	0.060901
2304	0.060837
2305	0.060811
3318	0.060809
8328	0.060794
9485	0.060649
7807	0.060640
8114	0.060628
4912	0.060604
13607	0.060575
12087	0.060573
5810	0.060573
5807	0.060573
5804	0.060573
5255	0.060573
4893	0.060513
10768	0.060509
3057	0.060497
7065	0.060482
12088	0.060451
5384	0.060451
7220	0.060430
4504	0.060424
10181	0.060402
10607	0.060376
9904	0.060373
3181	0.060365
8253	0.060349
8238	0.060300
5738	0.060269
10421	0.060243
11352	0.060177
9870	0.060052
6624	0.059991
10884	0.059940
11780	0.059926
3955	0.059924
12566	0.059845
9961	0.059844
5845	0.059840
1402	0.059840
10699	0.059775
14349	0.059774
14344	0.059774
14316	0.059774
14309	0.059774
14306	0.059774
14260	0.059774
14240	0.059774
14216	0.059774
14168	0.059774
2076	0.059768
10287	0.059716
3427	0.059648
11019	0.059630
10838	0.059626
8272	0.059621
5227	0.059566
6254	0.059510
5276	0.059491
5749	0.059400
5209	0.059347
10844	0.059326
4168	0.059305
13333	0.059233
5080	0.059223
4752	0.059220
4744	0.059188
13186	0.059179
10839	0.059164
5401	0.059152
9370	0.059127
2625	0.059026
13185	0.059010
2159	0.058949
10782	0.058916
4664	0.058903
5155	0.058835
2798	0.058811
12400	0.058807
11586	0.058807
9616	0.058721
4258	0.058630
10342	0.058591
11500	0.058581
1619	0.058564
12676	0.058537
11529	0.058525
1054	0.058517
3406	0.058509
3323	0.058506
5041	0.058474
1761	0.058442
6534	0.058441
3242	0.058421
10011	0.058395
9811	0.058260
6266	0.058245
6565	0.058226
9739	0.058222
7155	0.058202
11373	0.058156
10202	0.058156
9227	0.058098
11172	0.058092
10603	0.058050
8067	0.058024
11053	0.057993
1538	0.057992
4007	0.057938
4807	0.057923
542	0.057830
10080	0.057830
7553	0.057791
6527	0.057738
5809	0.057578
3342	0.057455
2301	0.057405
7114	0.057397
5512	0.057367
12700	0.057345
3324	0.057312
8051	0.057311
205	0.057268
203	0.057268
9920	0.057227
199	0.057201
13277	0.057166
4840	0.057161
3313	0.057119
3738	0.057081
249	0.057081
5446	0.057022
2033	0.056979
3319	0.056956
14108	0.056948
4745	0.056948
12719	0.056896
9721	0.056893
7948	0.056893
7778	0.056893
7618	0.056893
7113	0.056893
5213	0.056870
7494	0.056839
12510	0.056796
5490	0.056777
5808	0.056775
9885	0.056747
9851	0.056747
8828	0.056747
8826	0.056747
8825	0.056747
8811	0.056747
7781	0.056747
12500	0.056742
12247	0.056713
8338	0.056709
6958	0.056652
12265	0.056629
6586	0.056622
6572	0.056570
3599	0.056549
5736	0.056537
14069	0.056483
4500	0.056472
2781	0.056467
11471	0.056440
5670	0.056399
11795	0.056384
5579	0.056357
11104	0.056329
11674	0.056273
12787	0.056238
8763	0.056207
8761	0.056207
5514	0.056191
11480	0.056136
4804	0.056116
3106	0.056087
11213	0.056063
4224	0.056063
6459	0.056003
8052	0.055979
6966	0.055957
10843	0.055952
8141	0.055948
345	0.055936
4369	0.055817
12410	0.055772
11548	0.055705
10913	0.055633
5193	0.055607
4816	0.055606
1770	0.055598
6258	0.055596
477	0.055591
11585	0.055576
10295	0.055575
10031	0.055551
1680	0.055538
12801	0.055454
5457	0.055423
3217	0.055405
4190	0.055398
12823	0.055356
11472	0.055329
11	0.055311
7397	0.055291
2401	0.055247
12601	0.055169
2927	0.055159
11757	0.055158
9966	0.055145
11086	0.055142
10859	0.055138
2497	0.055114
8105	0.055073
12383	0.055064
11583	0.055057
419	0.054958
6760	0.054935
4027	0.054935
8116	0.054919
14017	0.054909
7914	0.054909
3405	0.054780
10209	0.054698
2283	0.054678
10102	0.054663
13170	0.054647
4957	0.054641
2801	0.054618
13502	0.054607
10668	0.054607
10494	0.054607
6343	0.054595
1504	0.054595
420	0.054589
4505	0.054578
4501	0.054578
1503	0.054578
11476	0.054541
6506	0.054520
7732	0.054482
10650	0.054470
6558	0.054445
9948	0.054429
7275	0.054352
12654	0.054320
4340	0.054251
2114	0.054246
3662	0.054237
12246	0.054230
1359	0.054219
12621	0.054214
7584	0.054177
13091	0.054082
2475	0.054057
10468	0.054053
11530	0.054048
1188	0.054017
10235	0.054013
13404	0.053970
12626	0.053964
13471	0.053950
7530	0.053918
6866	0.053856
1008	0.053855
63	0.053841
9187	0.053838
5929	0.053835
11467	0.053807
7217	0.053807
6476	0.053807
11260	0.053798
10157	0.053798
2546	0.053792
5941	0.053773
5345	0.053753
7813	0.053739
7805	0.053739
4026	0.053737
12538	0.053726
10705	0.053716
418	0.053716
1568	0.053713
6334	0.053702
4084	0.053629
7812	0.053605
1767	0.053591
5957	0.053584
11536	0.053581
11520	0.053523
11259	0.053517
13166	0.053505
3422	0.053474
9587	0.053472
5888	0.053442
3451	0.053441
12590	0.053409
1613	0.053385
4337	0.053360
4038	0.053340
12145	0.053299
10515	0.053299
5956	0.053299
4499	0.053227
3650	0.053214
8461	0.053176
4189	0.053148
10543	0.053133
4507	0.053068
10166	0.053016
1399	0.052996
13473	0.052993
9002	0.052962
3251	0.052923
4913	0.052910
11179	0.052884
13494	0.052851
5706	0.052819
11695	0.052806
10796	0.052773
2962	0.052761
2848	0.052751
1887	0.052681
9989	0.052638
7789	0.052552
1394	0.052532
14076	0.052526
1607	0.052524
11226	0.052509
7438	0.052479
7123	0.052479
11509	0.052469
2559	0.052463
5534	0.052457
4169	0.052455
10836	0.052451
7010	0.052443
2551	0.052428
13384	0.052416
1858	0.052412
10848	0.052410
10704	0.052410
5928	0.052408
6283	0.052383
441	0.052373
699	0.052371
12535	0.052367
5691	0.052298
6443	0.052294
538	0.052292
8671	0.052283
9235	0.052281
9230	0.052281
9228	0.052281
9225	0.052281
9224	0.052281
9221	0.052281
