3680	0.220048
14107	0.215427
7223	0.215136
13807	0.214686
14148	0.214637
3091	0.214626
3089	0.214626
3088	0.214626
14147	0.214619
3090	0.214619
14146	0.214230
5176	0.205950
1427	0.190685
10410	0.189782
11389	0.189154
10411	0.189153
2567	0.166345
13421	0.165854
4731	0.164526
4675	0.164526
4452	0.154447
1847	0.153270
2566	0.150993
2929	0.141390
3669	0.139589
13830	0.139208
13550	0.138210
4330	0.137621
12544	0.137562
2500	0.137015
13652	0.136964
1655	0.136451
11299	0.135454
10583	0.132454
6582	0.131934
1358	0.131821
9597	0.131819
9355	0.131819
6748	0.131819
7492	0.131716
13538	0.131506
14069	0.131503
6745	0.131136
12736	0.129671
9330	0.129621
6584	0.129603
6581	0.129603
7631	0.128940
9295	0.128772
9811	0.128679
3646	0.128676
9739	0.128626
4679	0.126635
5728	0.126423
13092	0.126148
11507	0.126060
11648	0.126007
245	0.125912
3191	0.125826
3821	0.125763
2033	0.125691
5550	0.125531
7959	0.125420
9830	0.125345
3954	0.125243
1779	0.124898
5666	0.124356
5155	0.123902
2559	0.123875
5602	0.123869
2558	0.123562
6534	0.123495
7077	0.123448
4024	0.123104
5682	0.122881
9500	0.122806
2555	0.122799
9487	0.122612
11413	0.122560
2551	0.122484
2927	0.122416
776	0.122395
5600	0.122338
9898	0.122136
11221	0.122132
7331	0.122130
7332	0.122050
6365	0.122050
2560	0.121987
11553	0.121982
5551	0.121921
10461	0.121916
2552	0.121854
3976	0.121751
13708	0.121642
6222	0.121484
13876	0.121437
8061	0.121437
6224	0.121434
1588	0.121338
2554	0.121182
9187	0.121180
13491	0.121177
3834	0.121168
9501	0.121156
9502	0.121083
2553	0.121050
5267	0.121044
5251	0.121009
12231	0.120773
2434	0.120658
8114	0.120492
7065	0.120382
7217	0.120366
6476	0.120366
10057	0.120225
2724	0.120014
14041	0.119968
7739	0.119919
7220	0.119856
2703	0.119579
2076	0.119420
8272	0.119388
9182	0.119263
6085	0.119077
3965	0.118989
2556	0.118958
4902	0.118928
458	0.118848
4499	0.118785
12383	0.118713
1399	0.118510
7809	0.118482
8763	0.118435
8761	0.118435
5605	0.118054
1582	0.117713
12117	0.117631
7345	0.117631
5603	0.117534
6268	0.117451
8810	0.117433
6223	0.117425
3230	0.117401
12382	0.117191
12751	0.117157
1485	0.117089
4698	0.116961
13938	0.116852
3955	0.116761
11265	0.116605
5941	0.116485
4793	0.116459
9675	0.116246
325	0.116074
5465	0.115935
12628	0.115785
12565	0.115690
3232	0.115460
4484	0.115446
13452	0.115289
13653	0.115061
13555	0.115061
13316	0.115061
10602	0.115061
13624	0.115009
13623	0.115009
5734	0.114999
12312	0.114917
6958	0.114915
2100	0.114902
13405	0.114688
9181	0.114563
9362	0.114537
3229	0.114506
3662	0.114429
7329	0.114310
5906	0.114105
9718	0.113995
10435	0.113993
7485	0.113956
7484	0.113956
11419	0.113854
13305	0.113679
6733	0.113616
8377	0.113615
7078	0.113328
9373	0.113017
13808	0.113010
5174	0.112994
11490	0.112949
923	0.112678
2557	0.112414
1822	0.112304
6928	0.112251
3469	0.112110
12433	0.111934
3555	0.111754
13504	0.111479
7726	0.111297
6452	0.111118
6226	0.111080
5308	0.111057
3414	0.110901
10603	0.110662
5601	0.110659
4410	0.110609
459	0.110603
457	0.110497
11511	0.110465
10315	0.110341
3732	0.110087
10314	0.110019
14097	0.109987
7706	0.109957
13529	0.109908
12570	0.109617
12564	0.109430
4224	0.109305
11255	0.109082
12501	0.108912
8116	0.108461
9329	0.108456
4735	0.108216
5665	0.107868
2706	0.107806
6287	0.107801
13398	0.107742
2561	0.107719
5858	0.107554
5276	0.107077
13460	0.107021
9616	0.106844
3178	0.106793
6462	0.106643
9676	0.106457
1462	0.106373
12561	0.106327
10835	0.106253
5260	0.106253
4425	0.105911
3675	0.105754
4678	0.105360
12642	0.105102
11104	0.104663
4836	0.104621
9652	0.103811
11500	0.103769
5227	0.103688
4790	0.103522
9876	0.103319
7628	0.103319
7627	0.103319
3213	0.103167
1507	0.103066
6382	0.102966
11269	0.102911
8052	0.102792
9183	0.102677
10359	0.102666
9906	0.102554
13083	0.102473
1647	0.102468
13161	0.102367
6784	0.102356
13160	0.102291
13084	0.102271
9184	0.102271
9180	0.102271
7293	0.102271
7292	0.102271
7291	0.102271
11216	0.102267
5344	0.101987
2173	0.101968
6422	0.101936
11386	0.101801
10907	0.101630
1336	0.101506
10672	0.101312
10782	0.101170
11454	0.100843
12547	0.100748
4713	0.100550
3231	0.100307
5991	0.100042
10001	0.099988
11218	0.099865
9885	0.099814
9851	0.099814
8828	0.099814
8826	0.099814
8825	0.099814
8811	0.099814
7781	0.099814
9920	0.099787
4507	0.099717
6586	0.099541
12753	0.099515
3156	0.099410
13423	0.099296
12719	0.099048
7330	0.099028
6320	0.099024
6715	0.098848
12630	0.098805
5749	0.098770
2869	0.098242
10876	0.098212
4962	0.098071
7152	0.097988
6910	0.097979
10756	0.097909
8051	0.097744
5264	0.097620
11528	0.097617
5266	0.097233
9767	0.097163
5181	0.097086
1555	0.096543
9904	0.096271
9118	0.096162
10597	0.096129
5249	0.096073
1193	0.096050
11325	0.095769
3039	0.094914
14221	0.094675
13748	0.094342
10618	0.094201
4332	0.093790
14315	0.093783
10023	0.093472
4320	0.093449
10563	0.093438
8617	0.093152
1612	0.093074
9766	0.092505
9765	0.092505
3263	0.092336
11166	0.092176
8222	0.091906
420	0.091826
12265	0.091746
13798	0.091634
5193	0.091579
8618	0.091483
34	0.091453
8390	0.091262
10331	0.090980
11323	0.090642
12675	0.090552
9835	0.090522
13762	0.090472
1164	0.090441
7341	0.090378
2790	0.089909
9721	0.089775
7948	0.089775
7778	0.089775
7618	0.089775
7113	0.089775
11132	0.089718
5490	0.089622
11935	0.089551
3953	0.089525
13294	0.089306
7012	0.089122
13404	0.089096
3678	0.089027
3673	0.089027
4293	0.088954
10919	0.088847
11982	0.088784
5414	0.088784
5412	0.088784
12380	0.088617
10848	0.088522
10704	0.088522
10705	0.088421
13091	0.088394
1963	0.088281
12535	0.088216
11508	0.088156
5256	0.088079
10541	0.087898
2008	0.087889
11034	0.087843
11429	0.087603
11324	0.087603
6955	0.087123
1041	0.087087
10481	0.087048
7300	0.087048
9331	0.087022
3858	0.086723
12317	0.086675
4763	0.086658
6976	0.086541
3208	0.086517
6956	0.086501
8889	0.086411
2479	0.086279
12096	0.086235
628	0.086059
7818	0.085783
4307	0.085691
5241	0.085681
12186	0.085570
6326	0.085321
3363	0.085290
11213	0.085281
7716	0.085271
3240	0.085200
13912	0.085137
11649	0.085126
8827	0.085084
5153	0.084869
7011	0.084861
573	0.084825
10463	0.084750
12763	0.084722
12674	0.084602
5554	0.084495
14083	0.084311
14070	0.084285
12676	0.084234
11558	0.084208
6283	0.084138
1680	0.084026
13607	0.083978
4393	0.083970
11471	0.083940
1337	0.083937
10768	0.083688
1878	0.083662
7397	0.083649
7610	0.083618
3084	0.083435
3185	0.083326
5752	0.083302
5753	0.083259
13361	0.083062
1937	0.083034
10650	0.082964
7093	0.082894
3630	0.082846
5667	0.082628
4762	0.082624
2546	0.082355
4436	0.082311
1936	0.082189
12538	0.082183
11854	0.082173
7079	0.082168
4078	0.082083
8370	0.081865
10647	0.081670
11532	0.081467
5413	0.081273
699	0.081217
11939	0.081166
4791	0.081035
11785	0.080990
6286	0.080973
4896	0.080783
12558	0.080767
3168	0.080576
4748	0.080468
9179	0.080453
9680	0.080370
7308	0.080370
7265	0.080370
5494	0.080370
8141	0.080226
7234	0.079992
12543	0.079912
3242	0.079823
1538	0.079712
8703	0.079580
1286	0.079563
11681	0.079562
3220	0.079505
3182	0.079489
1928	0.079428
4190	0.079288
2586	0.079282
9696	0.079214
6031	0.079125
6030	0.079125
5992	0.079125
10941	0.078976
12536	0.078768
11352	0.078260
11922	0.078205
12700	0.078034
4840	0.077842
3801	0.077834
13753	0.077743
13588	0.077732
4051	0.077691
12707	0.077644
11236	0.077533
6671	0.077435
1039	0.077354
11011	0.077257
4879	0.077250
11290	0.077175
10252	0.077148
9377	0.076927
10497	0.076869
11529	0.076802
10119	0.076713
8718	0.076664
7807	0.076557
961	0.076518
10844	0.076330
13498	0.076309
9598	0.076066
5624	0.075842
5718	0.075792
4721	0.075774
9229	0.075674
10318	0.075671
6996	0.075659
10017	0.075631
8886	0.075504
3857	0.075458
13486	0.075343
13497	0.075141
5716	0.075081
11501	0.075062
2701	0.074992
11920	0.074963
3927	0.074963
3868	0.074963
6449	0.074756
4859	0.074612
8337	0.074588
10580	0.074425
5930	0.074425
8929	0.074394
9806	0.074353
9805	0.074353
9802	0.074353
9801	0.074353
8304	0.074260
11169	0.074221
5630	0.074211
7317	0.074048
7316	0.074048
7174	0.074048
6338	0.074048
3784	0.073983
7172	0.073964
13704	0.073800
13702	0.073800
9303	0.073674
8128	0.073669
1891	0.073609
5324	0.073478
7963	0.073447
2797	0.073424
9579	0.073384
8816	0.073352
8815	0.073352
8814	0.073352
8812	0.073352
8796	0.073352
8795	0.073352
8777	0.073352
7923	0.073352
1397	0.073345
12801	0.073231
6995	0.073148
1882	0.073066
3676	0.073027
2437	0.072968
210	0.072930
269	0.072892
7500	0.072823
12537	0.072752
6728	0.072750
3716	0.072643
12698	0.072606
13644	0.072592
6643	0.072577
10153	0.072469
12426	0.072459
9097	0.072364
9096	0.072364
8043	0.072346
10733	0.072309
8080	0.072307
10649	0.072065
3489	0.072051
1190	0.072047
9039	0.072031
13302	0.072007
5675	0.071971
232	0.071961
5165	0.071957
10242	0.071883
8926	0.071874
7160	0.071750
5888	0.071602
4415	0.071581
11053	0.071544
12730	0.071537
10450	0.071527
3929	0.071439
3928	0.071439
4561	0.071324
819	0.071292
11634	0.071232
199	0.071218
8829	0.071148
3085	0.071025
8045	0.071023
11561	0.070975
8700	0.070953
5213	0.070886
5905	0.070812
7553	0.070783
4329	0.070782
14061	0.070723
7864	0.070477
12590	0.070476
10468	0.070471
11470	0.070430
1880	0.070430
2573	0.070299
11919	0.070188
9587	0.070173
5558	0.070170
2764	0.070165
7229	0.070151
686	0.070073
542	0.070053
6208	0.070032
13146	0.069994
2466	0.069985
6086	0.069939
13721	0.069685
13709	0.069685
4919	0.069553
9498	0.069525
7947	0.069445
12812	0.069380
4769	0.069300
1621	0.069195
4439	0.069065
11755	0.069026
11759	0.068908
3650	0.068901
12755	0.068874
2377	0.068780
656	0.068755
650	0.068636
4832	0.068579
9002	0.068529
5887	0.068417
11014	0.068378
11086	0.068352
12725	0.068221
6867	0.068175
11193	0.068117
11192	0.068117
14178	0.068042
7935	0.068042
4350	0.067979
12658	0.067935
11116	0.067935
2795	0.067935
2794	0.067935
6334	0.067922
12510	0.067884
11635	0.067824
629	0.067797
10604	0.067779
2800	0.067756
10453	0.067720
10492	0.067708
10235	0.067477
3632	0.067417
10431	0.067216
11530	0.067127
11460	0.067110
11288	0.067110
9839	0.067016
11542	0.066994
12720	0.066875
7666	0.066875
10640	0.066867
11148	0.066810
3277	0.066785
12410	0.066686
10452	0.066675
5398	0.066623
5129	0.066616
7530	0.066584
1022	0.066318
1613	0.066281
6110	0.066165
10607	0.066155
7337	0.066151
1696	0.066144
9169	0.066079
5478	0.065946
13325	0.065929
11179	0.065877
5346	0.065829
10600	0.065774
9036	0.065691
11455	0.065658
11426	0.065658
11465	0.065624
3835	0.065602
10949	0.065538
8833	0.065534
8253	0.065440
9915	0.065417
854	0.065379
11476	0.065356
8441	0.065333
8440	0.065333
8543	0.065237
11536	0.065235
4727	0.065203
6698	0.065197
3743	0.065158
12829	0.065056
14349	0.064885
14344	0.064885
14316	0.064885
14309	0.064885
14306	0.064885
14260	0.064885
14240	0.064885
14216	0.064885
14168	0.064885
12542	0.064850
11574	0.064766
10863	0.064700
12424	0.064683
6121	0.064671
1335	0.064631
10862	0.064609
2417	0.064609
10069	0.064597
4033	0.064594
5851	0.064576
4213	0.064541
12654	0.064525
8064	0.064446
14179	0.064406
12515	0.064390
3803	0.064378
1189	0.064239
7176	0.064099
11555	0.064095
246	0.064087
13153	0.064078
10171	0.064078
10170	0.064078
3822	0.064027
11918	0.063901
7819	0.063781
205	0.063710
203	0.063710
9233	0.063687
3599	0.063669
12507	0.063499
7010	0.063466
8638	0.063447
4143	0.063424
852	0.063333
7415	0.063322
10142	0.063279
7926	0.063240
13686	0.063175
13670	0.063175
8476	0.063170
8397	0.063118
7056	0.063025
11520	0.062981
10432	0.062973
2371	0.062890
9564	0.062868
3566	0.062868
11256	0.062812
11523	0.062780
10416	0.062772
13620	0.062768
4645	0.062743
8105	0.062742
13399	0.062729
13277	0.062542
11463	0.062465
9370	0.062356
9944	0.062233
4722	0.062220
8622	0.062201
2707	0.062143
12823	0.062119
11422	0.062045
13685	0.062043
13684	0.062043
13683	0.062043
13565	0.062043
9005	0.062030
10836	0.061979
10166	0.061962
2320	0.061940
2749	0.061923
6923	0.061876
13317	0.061865
9222	0.061842
4362	0.061767
3888	0.061746
286	0.061736
9609	0.061728
9580	0.061728
7662	0.061697
7554	0.061654
7074	0.061631
1642	0.061614
9850	0.061565
4116	0.061551
1815	0.061489
4569	0.061417
11830	0.061395
4639	0.061395
4635	0.061395
4634	0.061395
3082	0.061395
10415	0.061363
10813	0.061341
9416	0.061260
6266	0.061104
8898	0.061006
249	0.060971
8017	0.060928
10537	0.060910
6328	0.060902
7534	0.060873
2925	0.060864
606	0.060720
12372	0.060714
8697	0.060709
7396	0.060697
2286	0.060622
7050	0.060617
2101	0.060586
11518	0.060574
13333	0.060500
6479	0.060434
3796	0.060341
3248	0.060321
1597	0.060319
1138	0.060218
2296	0.060217
2777	0.060190
7709	0.060145
9006	0.060134
9004	0.060134
9003	0.060134
9001	0.060134
9000	0.060134
8999	0.060134
8941	0.060134
11983	0.060125
11544	0.060117
11482	0.060038
3838	0.060031
5192	0.060030
5695	0.060012
7543	0.059825
4016	0.059767
5483	0.059734
10842	0.059501
11421	0.059501
11345	0.059501
11335	0.059501
8089	0.059408
10090	0.059386
6572	0.059220
6861	0.059182
9820	0.059125
8735	0.059125
1817	0.059082
8998	0.059013
7094	0.058871
9392	0.058871
2540	0.058855
770	0.058745
5112	0.058734
5326	0.058655
4752	0.058569
5044	0.058551
8348	0.058541
2472	0.058477
5167	0.058310
4038	0.058258
3637	0.058194
7049	0.058166
3427	0.058161
11585	0.058067
4438	0.057992
8325	0.057908
8593	0.057818
5532	0.057717
12418	0.057608
7364	0.057591
4411	0.057481
13883	0.057376
5520	0.057335
10205	0.057321
7233	0.057317
703	0.057271
6638	0.057219
3333	0.057166
12657	0.057100
5164	0.057079
5163	0.057079
7641	0.057052
6341	0.057052
13682	0.057019
13487	0.057019
13345	0.057019
2948	0.056996
2946	0.056996
11191	0.056738
9212	0.056735
7277	0.056730
6816	0.056725
7482	0.056688
13521	0.056628
250	0.056597
4217	0.056585
12602	0.056558
11315	0.056549
2817	0.056535
11810	0.056519
10052	0.056481
7433	0.056444
5109	0.056386
1600	0.056379
1595	0.056379
1590	0.056379
6002	0.056363
12389	0.056321
8284	0.056263
14017	0.056212
7914	0.056212
277	0.056193
5604	0.056181
5928	0.056135
393	0.056124
1593	0.056122
12567	0.056019
1829	0.056001
2322	0.055986
3486	0.055830
3867	0.055804
7275	0.055747
11337	0.055641
2287	0.055582
8373	0.055554
8240	0.055554
11543	0.055546
8835	0.055512
6836	0.055471
2798	0.055447
10632	0.055421
8871	0.055410
11834	0.055405
11134	0.055394
975	0.055362
14232	0.055353
4435	0.055353
882	0.055305
1568	0.055267
11133	0.055257
14093	0.055243
4049	0.055228
1633	0.055212
5377	0.055212
12557	0.055205
9983	0.055164
11497	0.055138
12548	0.055117
2770	0.055061
3391	0.055021
3633	0.054979
3214	0.054948
5148	0.054919
9961	0.054821
9982	0.054801
13666	0.054777
