3678	0.148797
3673	0.148797
14291	0.146179
14157	0.144115
6187	0.143977
7943	0.141908
6254	0.136866
3363	0.133510
5937	0.132251
9830	0.130351
1779	0.130195
8310	0.127426
14006	0.127424
8276	0.127123
14339	0.126990
14338	0.126990
14312	0.126990
14272	0.126990
14259	0.126990
14160	0.126990
14159	0.126990
14158	0.126990
14156	0.126990
14144	0.126990
14133	0.126990
14123	0.126990
14110	0.126990
14102	0.126990
14053	0.126990
13501	0.126990
8311	0.126990
8309	0.126990
8308	0.126990
8306	0.126990
8288	0.126990
8286	0.126990
8285	0.126990
8283	0.126990
8282	0.126990
8280	0.126990
8278	0.126990
8277	0.126990
8046	0.126990
4603	0.126990
13542	0.126885
12801	0.125695
8255	0.124076
3617	0.122473
1427	0.121837
13598	0.121368
12262	0.118993
14073	0.118934
11554	0.118577
8307	0.118398
3822	0.117911
11218	0.117475
9835	0.116262
11419	0.115942
13716	0.115498
14254	0.115230
8336	0.114505
10069	0.114487
5491	0.114421
245	0.113531
10650	0.113361
3576	0.113171
8794	0.112396
8373	0.112020
8240	0.112020
12832	0.111560
5936	0.111394
9026	0.110712
1053	0.110609
8835	0.110480
1507	0.110400
1405	0.109869
11553	0.109769
12628	0.109527
12630	0.109468
10949	0.109308
5650	0.109202
4536	0.109098
11455	0.108897
11426	0.108897
11511	0.108169
8836	0.106652
11556	0.106238
10702	0.106084
3680	0.105868
10647	0.105860
10042	0.105723
12676	0.105121
11486	0.104978
12638	0.104891
11491	0.104735
11352	0.104692
8259	0.104262
14243	0.104048
3217	0.103870
12502	0.103849
7523	0.103836
6499	0.103760
11283	0.103491
11529	0.103374
10499	0.102593
10597	0.102510
5249	0.102427
3256	0.102019
1538	0.101868
7729	0.101788
12675	0.101654
24	0.101539
11186	0.101259
12710	0.100818
8252	0.100594
11010	0.100563
5112	0.100541
10450	0.100459
8557	0.100451
8555	0.100451
8547	0.100451
4534	0.100361
4662	0.100318
12773	0.099955
8430	0.099949
7273	0.099621
6001	0.099472
9596	0.099127
5649	0.099122
11551	0.098962
1669	0.098861
2567	0.098703
10389	0.098378
7272	0.098344
11793	0.098344
7220	0.098092
10640	0.097881
4367	0.097865
4535	0.097801
8237	0.097642
10104	0.097444
11626	0.096986
4819	0.096687
3230	0.096486
11528	0.096396
3764	0.096289
2039	0.096208
1418	0.096007
12508	0.095904
10024	0.095704
3178	0.095537
1618	0.095354
323	0.095229
6733	0.095093
2173	0.095058
7055	0.095029
7166	0.094913
5176	0.094903
6728	0.094884
9094	0.094836
9093	0.094836
9092	0.094836
9065	0.094836
232	0.094820
11818	0.094784
1604	0.094700
5856	0.094557
10388	0.094189
13165	0.094175
8328	0.094108
12525	0.093951
12536	0.093778
12567	0.093676
6534	0.093644
3838	0.093613
12426	0.093537
7857	0.093198
14034	0.093149
10921	0.093094
10649	0.093079
8305	0.093070
542	0.092957
12548	0.092642
10974	0.092580
244	0.092548
8947	0.092543
10717	0.092468
4503	0.092461
8289	0.092368
12662	0.092260
9909	0.092087
12897	0.092056
9691	0.091902
13375	0.091818
11695	0.091692
6810	0.091501
10318	0.091374
5994	0.091229
4484	0.091098
7337	0.091078
10796	0.090672
8622	0.090590
10784	0.090504
4532	0.090459
11490	0.090303
12658	0.090236
11116	0.090236
2795	0.090236
2794	0.090236
6138	0.090227
2800	0.090115
10768	0.089906
2780	0.089839
8377	0.089768
7438	0.089719
7123	0.089719
7078	0.089629
11582	0.089417
1821	0.089391
9872	0.089301
4816	0.089202
2594	0.089162
9867	0.089117
8338	0.089112
4531	0.088893
9169	0.088869
13972	0.088837
1963	0.088797
10898	0.088771
12774	0.088717
9790	0.088631
5957	0.088629
8595	0.088543
12145	0.088399
10515	0.088399
5956	0.088399
10212	0.088258
5664	0.088152
9915	0.088135
10920	0.088087
9450	0.088078
11342	0.087983
10746	0.087983
10435	0.087978
8802	0.087956
1552	0.087788
11447	0.087706
12812	0.087661
11403	0.087624
6148	0.087624
6363	0.087617
13685	0.087559
13684	0.087559
13683	0.087559
13565	0.087559
3821	0.087435
5995	0.087414
3152	0.087342
7875	0.087211
9595	0.087098
9747	0.087066
3418	0.087021
4622	0.086912
4731	0.086834
4675	0.086834
8069	0.086831
12753	0.086790
4623	0.086765
11053	0.086491
3669	0.086467
10025	0.086347
11124	0.086169
10747	0.086050
12707	0.086050
5041	0.085999
11456	0.085969
8327	0.085703
9222	0.085680
14322	0.085677
14135	0.085677
2484	0.085646
4975	0.085607
9718	0.085541
12505	0.085434
10153	0.085382
4293	0.085375
12203	0.085094
8580	0.085094
8575	0.085094
8546	0.085094
7122	0.085094
6340	0.085046
5276	0.085020
13167	0.085008
10122	0.085008
10583	0.085004
10907	0.084918
5212	0.084804
14091	0.084787
8579	0.084626
3650	0.084537
6314	0.084534
11176	0.084499
7165	0.084393
11175	0.084381
10858	0.084342
3191	0.084238
3723	0.084175
11404	0.084143
10922	0.084143
12161	0.084115
11870	0.084115
11794	0.084115
11204	0.084115
11203	0.084115
6144	0.084115
6143	0.084115
6142	0.084115
6141	0.084115
4349	0.083840
5110	0.083746
2465	0.083702
2798	0.083692
3232	0.083684
4841	0.083649
3005	0.083649
1188	0.083624
4712	0.083621
12636	0.083492
13807	0.083466
12513	0.083348
9989	0.083314
5398	0.083243
12674	0.082979
1655	0.082932
8493	0.082878
9904	0.082731
1555	0.082709
10426	0.082593
477	0.082555
8137	0.082549
5707	0.082542
2695	0.082538
11033	0.082494
4295	0.082219
5728	0.082181
11536	0.082126
13361	0.082024
11507	0.082023
5651	0.081965
6205	0.081844
10135	0.081796
277	0.081732
1990	0.081635
10860	0.081623
10937	0.081593
12516	0.081551
10844	0.081483
10977	0.081459
5344	0.081381
8209	0.081373
3675	0.081300
10531	0.081160
11439	0.081092
12804	0.081049
8577	0.080912
8576	0.080912
8574	0.080912
8556	0.080912
11587	0.080761
12510	0.080736
12537	0.080693
4452	0.080635
8081	0.080616
11351	0.080540
2500	0.080540
11280	0.080482
10554	0.080417
13329	0.080317
10899	0.080302
12700	0.080221
9964	0.080184
11542	0.080158
11933	0.080153
13838	0.080075
10976	0.080064
3676	0.080053
13460	0.080047
11132	0.079966
3982	0.079878
13405	0.079791
7160	0.079785
8003	0.079707
7615	0.079655
7010	0.079630
10411	0.079619
6098	0.079614
2586	0.079612
9229	0.079578
3316	0.079566
10410	0.079440
13369	0.079293
12147	0.079288
10624	0.079200
12109	0.079134
5948	0.079134
11343	0.079023
12597	0.078933
13560	0.078825
4673	0.078747
13624	0.078714
13623	0.078714
13530	0.078700
6140	0.078686
6139	0.078686
5457	0.078665
12312	0.078634
2081	0.078436
770	0.078399
12576	0.078327
5701	0.078316
11583	0.078314
4439	0.078285
13538	0.078225
11476	0.078157
12436	0.078128
12554	0.078127
11389	0.078103
11007	0.078052
12500	0.078015
4530	0.077993
10933	0.077923
11544	0.077898
12187	0.077841
8397	0.077831
7268	0.077759
3505	0.077700
11932	0.077686
6745	0.077665
13820	0.077649
10319	0.077618
10680	0.077550
11502	0.077531
12153	0.077517
4702	0.077517
11189	0.077360
9865	0.077321
13404	0.077218
10859	0.077164
12286	0.077159
1715	0.077151
11477	0.077146
3489	0.077095
11188	0.076980
11187	0.076980
11570	0.076959
4898	0.076957
3229	0.076924
2933	0.076911
13550	0.076858
13294	0.076851
4330	0.076827
1560	0.076811
10705	0.076799
9944	0.076769
12654	0.076760
2519	0.076747
12544	0.076713
13529	0.076700
12561	0.076698
5129	0.076667
2473	0.076649
14187	0.076561
1847	0.076529
13609	0.076443
776	0.076415
11510	0.076367
3987	0.076360
11173	0.076328
7463	0.076148
6066	0.076148
10242	0.075896
3163	0.075887
3668	0.075879
7259	0.075809
8890	0.075806
10764	0.075760
10679	0.075760
11500	0.075754
1610	0.075724
13877	0.075693
11290	0.075665
13023	0.075665
13091	0.075633
11102	0.075628
10783	0.075582
10766	0.075513
10765	0.075513
5897	0.075427
3963	0.075394
12202	0.075306
3988	0.075306
3961	0.075291
14107	0.075255
3315	0.075205
8141	0.075159
10481	0.075111
7300	0.075111
7809	0.074924
7223	0.074894
12336	0.074888
10195	0.074867
12621	0.074851
11154	0.074842
12501	0.074814
14017	0.074814
7914	0.074814
6163	0.074800
12708	0.074729
4787	0.074680
8596	0.074655
12410	0.074618
2174	0.074581
11520	0.074568
14297	0.074560
10848	0.074418
10704	0.074418
13421	0.074406
5894	0.074386
13305	0.074309
5673	0.074271
3240	0.074221
2566	0.074198
10181	0.074185
4723	0.074093
2930	0.074075
8284	0.073990
1408	0.073988
10315	0.073988
10314	0.073980
10541	0.073934
3962	0.073925
10468	0.073900
543	0.073865
5174	0.073860
9564	0.073859
3566	0.073859
12734	0.073757
11785	0.073737
3753	0.073688
9961	0.073647
14148	0.073589
3091	0.073564
3089	0.073564
3088	0.073564
14147	0.073561
3090	0.073561
8762	0.073550
5582	0.073512
11179	0.073502
5674	0.073497
5080	0.073438
12587	0.073437
14146	0.073425
11561	0.073422
12730	0.073288
11530	0.073264
10049	0.073213
12590	0.073126
11213	0.072996
11086	0.072995
828	0.072908
1506	0.072887
5567	0.072870
12607	0.072855
12535	0.072820
12578	0.072800
13875	0.072709
12302	0.072653
4773	0.072653
4772	0.072653
10119	0.072612
13823	0.072609
10674	0.072580
6737	0.072577
9082	0.072543
12650	0.072431
11136	0.072361
1880	0.072274
10857	0.072237
13652	0.072212
11463	0.072170
12666	0.072152
7543	0.072138
2301	0.072131
11043	0.072087
7529	0.072087
9295	0.072082
11539	0.072019
10033	0.071940
1553	0.071934
14111	0.071894
14080	0.071894
12829	0.071892
13449	0.071805
9587	0.071783
4771	0.071743
12512	0.071730
5887	0.071713
14249	0.071690
703	0.071674
12795	0.071634
13398	0.071631
6334	0.071625
10349	0.071567
2817	0.071566
12794	0.071519
11237	0.071388
12747	0.071362
13146	0.071329
7275	0.071314
11255	0.071284
10903	0.071280
6283	0.071247
5254	0.071205
12238	0.071188
7341	0.071132
3181	0.071127
9847	0.071125
5888	0.071073
12757	0.071006
11487	0.070989
7555	0.070861
5351	0.070831
2224	0.070830
723	0.070810
10416	0.070710
13121	0.070626
4789	0.070626
4788	0.070626
1599	0.070598
5188	0.070540
10834	0.070534
2770	0.070445
12559	0.070414
4945	0.070306
6588	0.070248
13323	0.070211
4504	0.070199
9036	0.070146
10339	0.070136
4038	0.069978
6121	0.069961
9498	0.069880
10361	0.069874
8593	0.069816
3342	0.069792
5213	0.069758
2595	0.069723
2406	0.069644
7135	0.069634
10492	0.069600
6935	0.069572
13805	0.069572
5132	0.069572
10756	0.069546
5858	0.069495
3662	0.069471
12823	0.069438
14317	0.069415
11585	0.069359
1554	0.069318
11497	0.069302
12382	0.069217
1355	0.069200
8051	0.069177
5583	0.069162
14154	0.069104
14152	0.069104
14150	0.069104
14145	0.069104
14131	0.069104
14062	0.069104
4279	0.069097
10731	0.069047
9796	0.068984
1353	0.068954
8287	0.068944
8152	0.068938
7959	0.068709
10840	0.068687
2053	0.068686
4505	0.068668
4501	0.068668
1503	0.068668
2799	0.068642
10732	0.068631
6877	0.068570
13504	0.068565
9917	0.068504
7505	0.068500
10739	0.068471
10788	0.068471
10777	0.068471
10759	0.068471
6362	0.068454
11009	0.068436
6343	0.068398
1504	0.068398
13632	0.068379
13631	0.068379
13490	0.068379
10556	0.068370
8370	0.068349
12565	0.068329
10528	0.068319
13679	0.068215
14198	0.068175
11501	0.068160
11440	0.068095
11341	0.068095
3630	0.068082
7530	0.068039
12526	0.068021
14313	0.068008
14296	0.068008
13633	0.068004
1928	0.067973
10023	0.067961
13110	0.067961
13431	0.067951
4436	0.067936
8042	0.067931
11163	0.067928
14250	0.067913
10558	0.067913
10555	0.067913
6968	0.067913
9362	0.067848
8654	0.067836
8653	0.067836
9179	0.067830
3079	0.067807
5939	0.067805
3796	0.067799
10415	0.067702
2475	0.067671
8810	0.067614
12604	0.067528
14058	0.067479
10530	0.067460
14054	0.067440
13941	0.067436
13526	0.067432
11492	0.067401
14337	0.067399
13990	0.067399
8267	0.067353
11735	0.067346
8266	0.067333
4711	0.067315
4752	0.067305
4410	0.067249
6028	0.067242
6988	0.067232
10031	0.067224
6613	0.067183
6809	0.067177
13183	0.067110
11008	0.067110
10836	0.067101
11755	0.067095
12704	0.067054
12782	0.067002
9850	0.066984
8155	0.066923
8154	0.066923
8153	0.066923
8151	0.066923
8150	0.066923
11759	0.066856
6004	0.066820
3168	0.066806
7812	0.066775
10941	0.066767
13551	0.066767
5115	0.066740
7236	0.066736
1619	0.066676
2796	0.066662
12542	0.066626
6919	0.066570
11518	0.066546
12148	0.066533
7411	0.066533
3182	0.066508
13137	0.066442
10852	0.066438
566	0.066426
7813	0.066388
7805	0.066388
854	0.066343
3320	0.066319
4051	0.066296
8638	0.066296
1593	0.066289
4425	0.066270
3797	0.066264
10606	0.066158
10376	0.066146
10283	0.066117
14037	0.066096
3656	0.066044
12660	0.066029
7884	0.066019
13753	0.066016
4769	0.066016
7645	0.065945
246	0.065936
10453	0.065914
13333	0.065908
12538	0.065862
10557	0.065858
12409	0.065844
7094	0.065827
7070	0.065818
7289	0.065801
9929	0.065766
6808	0.065762
6123	0.065700
9016	0.065637
9485	0.065630
6326	0.065603
11423	0.065597
3231	0.065593
10993	0.065570
4735	0.065499
1605	0.065481
2497	0.065407
7088	0.065397
11519	0.065342
11576	0.065322
4227	0.065267
4189	0.065265
3451	0.065258
12557	0.065257
10714	0.065254
4064	0.065244
4063	0.065244
4061	0.065244
4058	0.065244
4057	0.065244
2644	0.065244
13830	0.065230
10462	0.065194
10681	0.065190
4289	0.065189
3954	0.065163
11555	0.065068
11494	0.065047
5670	0.065014
13070	0.064972
8827	0.064917
7500	0.064915
8476	0.064849
10048	0.064827
420	0.064788
13682	0.064776
13487	0.064776
13345	0.064776
9123	0.064755
3760	0.064747
4497	0.064719
5585	0.064640
4889	0.064629
12835	0.064620
419	0.064603
1394	0.064575
1041	0.064517
11337	0.064516
5938	0.064513
5584	0.064512
4329	0.064501
1204	0.064493
6556	0.064462
6555	0.064462
9950	0.064449
8217	0.064389
7578	0.064389
9015	0.064386
6700	0.064360
5558	0.064272
11496	0.064255
2033	0.064249
6614	0.064248
7229	0.064236
12698	0.064201
11467	0.064180
6500	0.064171
13092	0.064139
13775	0.064123
3156	0.064076
11394	0.064003
441	0.063962
5734	0.063951
10654	0.063946
7818	0.063907
8281	0.063904
4933	0.063832
5250	0.063767
5220	0.063711
6381	0.063691
10452	0.063689
12808	0.063688
13973	0.063679
5969	0.063664
8799	0.063551
4506	0.063551
4502	0.063551
1947	0.063551
345	0.063541
11495	0.063539
10625	0.063535
12787	0.063517
10655	0.063515
4647	0.063464
1337	0.063455
7238	0.063390
8238	0.063384
2927	0.063353
11532	0.063343
13491	0.063279
10851	0.063264
5579	0.063244
9951	0.063188
5218	0.063128
11526	0.063115
5181	0.063106
6266	0.063070
12719	0.063055
4190	0.063041
11729	0.062975
7926	0.062962
4206	0.062953
2625	0.062939
11236	0.062936
296	0.062935
4292	0.062933
10433	0.062913
5665	0.062875
12419	0.062867
6062	0.062828
11728	0.062825
1203	0.062805
12625	0.062789
5864	0.062699
1607	0.062681
3038	0.062626
12317	0.062588
10842	0.062586
11421	0.062586
11345	0.062586
11335	0.062586
3250	0.062549
10090	0.062532
6451	0.062522
6128	0.062522
4727	0.062487
4840	0.062467
5666	0.062449
8	0.062447
4059	0.062427
4508	0.062393
5109	0.062382
12594	0.062343
9948	0.062340
8089	0.062309
7553	0.062298
3312	0.062296
6320	0.062290
6031	0.062267
6030	0.062267
5992	0.062267
1633	0.062110
5495	0.062098
13095	0.062033
6969	0.062033
11101	0.061978
9840	0.061907
6414	0.061900
7306	0.061898
12431	0.061892
11790	0.061863
8833	0.061862
11211	0.061837
8703	0.061801
10856	0.061749
6996	0.061744
9392	0.061730
5613	0.061724
