3646	0.272458
6582	0.269520
5550	0.269289
7492	0.269124
9187	0.268257
4024	0.267937
3669	0.267819
2551	0.267704
2558	0.267689
5682	0.267263
5602	0.267035
9500	0.266988
11413	0.266706
5600	0.266537
9295	0.266442
11221	0.266295
9487	0.266274
9898	0.266261
7331	0.266250
7332	0.266248
6365	0.266248
2560	0.266201
5551	0.266142
3976	0.265830
2552	0.265797
9330	0.265780
6584	0.265765
6581	0.265765
13708	0.265688
9501	0.265629
6224	0.265542
13876	0.265414
8061	0.265414
1588	0.265413
6222	0.265412
2555	0.265392
2559	0.265374
12736	0.265232
2553	0.265227
7631	0.265222
2554	0.265158
9502	0.265102
5267	0.265098
5251	0.265040
4902	0.264746
12231	0.264641
10057	0.264140
14041	0.263920
2929	0.263732
2033	0.263114
2703	0.263077
9182	0.263022
7739	0.262950
6085	0.262853
2556	0.262770
7959	0.262755
2076	0.262391
3965	0.261822
5666	0.261574
6268	0.261529
1582	0.261198
5605	0.260741
6223	0.260455
8763	0.260301
8761	0.260301
4698	0.260006
4793	0.259863
1485	0.259303
5155	0.258824
12544	0.258653
2100	0.258513
7809	0.258013
5603	0.257457
13452	0.256481
7077	0.256377
13653	0.256253
13555	0.256253
13316	0.256253
10602	0.256253
2927	0.256152
13938	0.255846
1399	0.255641
6958	0.255374
10461	0.255294
10583	0.255054
12117	0.254829
7345	0.254829
5906	0.254645
7485	0.254446
7484	0.254446
4410	0.254433
1358	0.254340
11265	0.254271
13808	0.253740
7329	0.253501
1822	0.253234
325	0.252574
3555	0.252486
5728	0.252414
11648	0.252188
2557	0.252185
9373	0.252164
13405	0.252103
13624	0.252011
13623	0.252011
12312	0.251911
3232	0.251620
6534	0.251378
9675	0.250484
12433	0.250344
7726	0.250285
3229	0.250263
9329	0.249816
6226	0.249801
9181	0.249441
10603	0.249343
4224	0.249326
2706	0.248978
7220	0.248689
6452	0.248390
3230	0.248364
2434	0.248318
9676	0.247461
5308	0.247235
12383	0.247017
6928	0.246557
6462	0.246103
9718	0.246024
10315	0.245932
13550	0.245883
10314	0.245617
4330	0.245338
13529	0.245274
5465	0.245217
13504	0.245032
7706	0.244606
13491	0.244415
12382	0.243001
13652	0.242106
5601	0.241791
6287	0.239734
13092	0.238310
6382	0.237761
5858	0.237705
9906	0.237120
5174	0.236691
12564	0.235936
2561	0.235656
13083	0.234804
13084	0.234507
9184	0.234507
9180	0.234507
7293	0.234507
7292	0.234507
7291	0.234507
6422	0.234265
1336	0.234147
13305	0.233846
5991	0.233691
9183	0.233302
4679	0.233218
9811	0.233158
9739	0.233075
1462	0.231679
10835	0.231646
5260	0.231646
4735	0.231226
4425	0.231123
2869	0.229988
3231	0.229912
3662	0.229539
11269	0.229310
13161	0.228896
11104	0.228838
13160	0.228837
11507	0.228209
5264	0.227349
3039	0.227145
9830	0.227027
1779	0.226802
3732	0.226733
4962	0.226272
8222	0.225764
11454	0.225659
10001	0.222210
10359	0.221785
8051	0.221665
4332	0.221315
11935	0.220353
3675	0.220173
11490	0.219574
4507	0.219355
10435	0.217664
5665	0.217044
5181	0.216392
1612	0.215945
14315	0.215479
5241	0.215240
12380	0.214558
10618	0.213844
10907	0.213835
12751	0.213546
13798	0.213218
9616	0.213166
420	0.213043
9118	0.212156
8052	0.209915
2008	0.209832
12719	0.209464
6784	0.208946
2790	0.208689
4790	0.208427
13423	0.208299
9876	0.207845
7628	0.207845
7627	0.207845
12753	0.207644
7610	0.207589
12547	0.207482
5752	0.207173
5753	0.207115
5266	0.206759
5256	0.205275
7716	0.204778
4678	0.204544
13912	0.204330
11854	0.204196
1647	0.204155
14083	0.202970
14070	0.202911
12763	0.201291
3263	0.201047
10331	0.201039
4859	0.200866
11323	0.200756
11558	0.200708
3185	0.200613
10463	0.198543
7093	0.196859
13762	0.195958
12565	0.194777
10252	0.194489
14069	0.193561
8390	0.193101
7330	0.192711
11034	0.190335
4919	0.190211
11429	0.190055
11324	0.190055
10597	0.189496
5249	0.189489
4791	0.187694
9680	0.186808
7308	0.186808
7265	0.186808
5494	0.186808
12570	0.185914
13644	0.185041
4484	0.183880
8337	0.183232
9097	0.182512
9096	0.182512
8926	0.182091
11132	0.182075
4320	0.180983
12755	0.178286
2749	0.178159
5490	0.178076
9721	0.177989
7948	0.177989
7778	0.177989
7618	0.177989
7113	0.177989
5734	0.177828
5324	0.177001
7963	0.176739
2437	0.176438
13486	0.175950
4415	0.175270
4329	0.174788
5667	0.174285
5276	0.174197
12543	0.172618
10017	0.172490
6326	0.172271
6110	0.172265
6086	0.171732
11169	0.170882
13317	0.169603
8300	0.169053
1397	0.168581
5344	0.168366
5353	0.167919
7415	0.167908
4561	0.166784
12590	0.165812
2296	0.165156
11755	0.163704
1937	0.163549
11759	0.163522
1936	0.162424
11555	0.162369
13607	0.162024
7010	0.161814
11532	0.161701
11325	0.161419
6671	0.160613
5716	0.160572
2466	0.160283
9233	0.158595
11681	0.158197
3248	0.158022
8929	0.157782
3680	0.157673
3168	0.156918
11810	0.156891
4411	0.156275
13421	0.155886
1696	0.155778
14178	0.155010
7935	0.155010
4350	0.154951
6643	0.154848
2925	0.153981
4190	0.153294
11529	0.152192
13153	0.151406
10171	0.151406
10170	0.151406
1680	0.151396
13807	0.151268
10142	0.150655
5176	0.149378
8105	0.148909
14232	0.148876
4435	0.148876
975	0.148832
10318	0.148568
5213	0.148403
3277	0.148338
12720	0.148288
7666	0.148288
1847	0.147966
5558	0.147850
7229	0.147584
10023	0.147358
14107	0.147309
2372	0.147289
10205	0.146972
7074	0.146744
7223	0.146388
14148	0.146085
3091	0.146064
3089	0.146064
3088	0.146064
14147	0.146056
3090	0.146056
14146	0.145625
2707	0.144440
1337	0.144161
7233	0.144137
2500	0.143068
10537	0.142395
8703	0.141858
4717	0.141269
13302	0.140592
1555	0.140357
11166	0.139518
10410	0.139423
3182	0.139249
7337	0.139160
11389	0.138981
13748	0.138843
10411	0.138762
12280	0.138438
13588	0.138277
8348	0.138112
11501	0.137881
8718	0.137520
4731	0.136719
4675	0.136719
10119	0.135963
1642	0.135433
2567	0.135395
9827	0.135084
11500	0.134453
6704	0.134431
9229	0.134113
7543	0.133687
8272	0.133135
3801	0.132767
2966	0.132345
6396	0.131379
4752	0.130887
34	0.130746
8301	0.130169
5398	0.129198
1427	0.129134
11422	0.129082
11086	0.128134
7341	0.128113
13538	0.127796
10468	0.127480
11053	0.127464
10497	0.127337
6745	0.127279
11530	0.126932
9587	0.126658
4452	0.126591
3716	0.125680
245	0.125470
2566	0.125417
11179	0.125202
12410	0.125074
5554	0.124815
9696	0.124500
12561	0.123916
11553	0.122592
13398	0.122269
7351	0.122007
776	0.121372
10235	0.121192
5532	0.121017
6733	0.120948
3156	0.119864
11213	0.118669
12586	0.118524
3860	0.118473
4078	0.117731
6186	0.117454
5483	0.116914
12628	0.115723
11419	0.115488
628	0.115319
773	0.115154
1655	0.115118
7397	0.114946
9835	0.114514
6698	0.114455
3857	0.114365
8441	0.113967
8440	0.113967
2546	0.113772
8618	0.112526
5604	0.112347
9331	0.112080
9609	0.111964
9580	0.111964
5675	0.111954
4049	0.111455
6283	0.111447
3632	0.111280
9179	0.111117
1891	0.110946
3953	0.110865
4945	0.110824
199	0.110669
11218	0.109808
5165	0.109803
9601	0.109206
10563	0.109200
5148	0.108879
4581	0.108606
13194	0.108543
656	0.108474
71	0.108462
12501	0.108060
3191	0.108009
573	0.108002
7056	0.107555
10166	0.107546
3085	0.107452
3821	0.107450
13404	0.107261
1963	0.107089
8700	0.106728
2499	0.106399
11528	0.105247
1507	0.105181
12730	0.104473
11511	0.104083
4393	0.103853
5044	0.103841
11542	0.103671
12536	0.103359
12630	0.103296
819	0.102930
3242	0.102867
7217	0.102361
6476	0.102361
13830	0.102308
542	0.101683
6945	0.101635
5131	0.101628
12535	0.101621
3234	0.101560
4499	0.101396
3061	0.101125
2705	0.101041
4016	0.100783
4217	0.100588
7818	0.100569
5129	0.100524
6002	0.100460
923	0.100392
9579	0.100321
8377	0.100275
12507	0.100256
13361	0.100176
3235	0.100125
7078	0.099919
277	0.099890
10052	0.099815
3414	0.099768
6866	0.099698
6923	0.099690
7584	0.099573
14151	0.099456
13851	0.099446
3469	0.099371
5941	0.099212
13399	0.098861
9744	0.098793
4763	0.098733
232	0.098535
11543	0.098519
8064	0.098481
14008	0.098336
9392	0.098247
3599	0.098183
3637	0.097951
3834	0.097942
7312	0.097848
2926	0.097772
3213	0.097596
5827	0.097485
10647	0.097432
12640	0.097334
703	0.096977
6328	0.096939
699	0.096902
10842	0.096501
11421	0.096501
11345	0.096501
11335	0.096501
8089	0.096352
4051	0.096312
10090	0.096291
3630	0.096209
6031	0.096105
6030	0.096105
5992	0.096105
269	0.095856
3178	0.095568
2498	0.095439
12538	0.095408
10450	0.095306
458	0.095261
7554	0.094995
9564	0.094917
3566	0.094917
2286	0.094886
11471	0.094816
3221	0.094723
210	0.094686
9458	0.094620
4792	0.094482
10941	0.094408
3220	0.094359
14353	0.094293
13460	0.094268
1538	0.094162
3773	0.094148
2817	0.093994
9377	0.093912
9904	0.093706
14061	0.093512
4033	0.093442
4761	0.093146
8141	0.092948
10287	0.092890
5718	0.092813
5109	0.092704
3936	0.092626
7234	0.092572
3489	0.092571
3676	0.092426
5161	0.092420
205	0.092333
203	0.092333
3650	0.092328
3363	0.092186
3678	0.092173
3673	0.092173
11290	0.092015
2433	0.091944
7807	0.091942
4899	0.091908
5909	0.091869
12806	0.091571
13246	0.091533
2777	0.091516
10626	0.091419
8017	0.091317
5873	0.091285
11644	0.091172
11337	0.091041
828	0.091025
12109	0.090762
5948	0.090762
11508	0.090522
632	0.090306
7206	0.090287
1138	0.090031
5401	0.090028
696	0.089874
8080	0.089847
7160	0.089732
6273	0.089691
10368	0.089686
11299	0.089658
13277	0.089620
3084	0.089435
13883	0.089225
11738	0.089147
7709	0.089064
14221	0.088905
5860	0.088893
10325	0.088858
1613	0.088824
7553	0.088690
11576	0.088598
4011	0.088574
2586	0.088459
8622	0.088452
4038	0.088445
11520	0.088327
6062	0.088239
13294	0.088223
5692	0.088149
5690	0.088144
5887	0.088054
4015	0.087973
4768	0.087935
12021	0.087926
4013	0.087926
4009	0.087926
4003	0.087923
2545	0.087907
760	0.087823
1559	0.087778
5377	0.087763
459	0.087638
457	0.087577
11081	0.087380
12516	0.087245
5580	0.087150
12537	0.087136
9820	0.087088
8735	0.087088
12658	0.087060
11116	0.087060
2795	0.087060
2794	0.087060
1971	0.087030
1765	0.086920
2800	0.086831
985	0.086725
4004	0.086697
3954	0.086680
8114	0.086282
419	0.086281
1593	0.086233
10153	0.086208
7065	0.086156
4479	0.086130
12812	0.085986
8835	0.085809
9002	0.085741
2340	0.085699
12550	0.085699
10640	0.085647
12597	0.085531
7707	0.085484
3240	0.085374
9253	0.085353
3312	0.085255
12698	0.085198
3955	0.085098
4002	0.085035
1818	0.084948
9045	0.084815
11014	0.084790
10604	0.084716
9169	0.084602
4898	0.084485
4010	0.084471
1621	0.084448
11193	0.084406
11192	0.084406
9597	0.084400
9355	0.084400
6748	0.084400
2475	0.084349
6190	0.084284
1815	0.084267
10843	0.084230
11583	0.084207
11581	0.084100
12020	0.084082
4012	0.084082
3633	0.083805
8401	0.083775
4569	0.083767
5606	0.083760
4713	0.083669
4006	0.083594
1286	0.083555
7645	0.083525
11216	0.083446
1552	0.083411
14093	0.083231
541	0.083174
6121	0.083074
9915	0.082972
11476	0.082946
9485	0.082929
8253	0.082735
9878	0.082611
11506	0.082512
2375	0.082509
10492	0.082433
10756	0.082416
3858	0.082409
11386	0.082407
8886	0.082116
10672	0.082109
7530	0.081826
11148	0.081794
14349	0.081663
14344	0.081663
14316	0.081663
14309	0.081663
14306	0.081663
14260	0.081663
14240	0.081663
14216	0.081663
14168	0.081663
4836	0.081609
31	0.081532
3888	0.081513
5346	0.081498
9961	0.081484
8346	0.081299
8345	0.081299
11920	0.081299
3927	0.081299
3868	0.081299
10475	0.081286
3341	0.081264
4008	0.081201
3784	0.081171
6449	0.081071
12515	0.081070
7396	0.080826
1332	0.080796
3106	0.080709
1089	0.080337
6715	0.080281
11701	0.080194
10876	0.080179
1404	0.080163
11574	0.080067
12707	0.079981
10094	0.079833
12019	0.079768
1609	0.079753
6181	0.079722
5543	0.079630
3053	0.079562
9767	0.079541
1190	0.079500
11539	0.079203
6334	0.079093
2406	0.079002
2462	0.078927
4839	0.078865
3929	0.078836
3928	0.078836
2474	0.078830
2807	0.078823
4014	0.078786
4727	0.078778
4757	0.078627
1669	0.078579
13146	0.078576
2724	0.078527
9498	0.078458
9039	0.078350
9719	0.078318
5670	0.078287
6910	0.078277
7152	0.078227
206	0.078221
5237	0.078141
11577	0.078124
770	0.078109
10836	0.078080
6001	0.077993
8116	0.077967
1600	0.077951
1595	0.077951
1590	0.077951
9605	0.077927
9005	0.077866
7819	0.077849
8128	0.077818
9736	0.077791
12426	0.077626
11895	0.077614
383	0.077511
6842	0.077454
7947	0.077425
5905	0.077308
12548	0.077300
10069	0.077268
12510	0.077183
11465	0.077118
3805	0.077100
3796	0.077031
2770	0.077020
2081	0.076905
11919	0.076897
1880	0.076823
2781	0.076730
6500	0.076691
1607	0.076540
9416	0.076510
5060	0.076473
7979	0.076276
10851	0.076250
10165	0.076188
5192	0.076181
12829	0.076165
8833	0.076148
9950	0.075841
2279	0.075739
11834	0.075721
8762	0.075697
3217	0.075572
8593	0.075510
6208	0.075503
686	0.075421
7915	0.075347
4687	0.075342
5851	0.075335
12602	0.075288
5684	0.075250
10327	0.075228
2043	0.075216
11536	0.075181
11552	0.075014
4795	0.074905
286	0.074898
8397	0.074811
7864	0.074748
3743	0.074631
10554	0.074554
11482	0.074440
12862	0.074435
12797	0.074385
7926	0.074345
13721	0.074288
13709	0.074288
6239	0.074105
6450	0.074098
8697	0.074077
1666	0.074059
10813	0.074059
13606	0.073977
13686	0.073973
13670	0.073973
4346	0.073902
2334	0.073839
2889	0.073746
9375	0.073693
11244	0.073671
11963	0.073607
13620	0.073516
2798	0.073336
12801	0.073145
11702	0.073131
7641	0.073031
6341	0.073031
2948	0.072987
2946	0.072987
12372	0.072928
2082	0.072919
46	0.072875
7050	0.072807
7972	0.072681
7364	0.072571
13567	0.072511
5731	0.072511
5730	0.072511
5726	0.072511
5723	0.072511
5722	0.072511
5721	0.072511
5681	0.072511
9006	0.072426
9004	0.072426
9003	0.072426
9001	0.072426
9000	0.072426
8999	0.072426
8941	0.072426
629	0.072343
1597	0.072264
8476	0.072218
9964	0.072201
6624	0.072163
5520	0.072124
8898	0.072025
7482	0.071869
606	0.071862
4832	0.071835
4116	0.071730
12520	0.071716
2540	0.071520
1193	0.071519
13682	0.071490
13487	0.071490
13345	0.071490
4259	0.071416
8998	0.071321
8696	0.071134
1021	0.071128
212	0.071127
8324	0.071096
2802	0.071036
9694	0.070888
10949	0.070882
11918	0.070809
301	0.070778
11256	0.070736
8328	0.070686
2101	0.070611
7049	0.070579
8284	0.070509
5856	0.070390
7814	0.070359
7079	0.070356
8362	0.070341
3465	0.070136
5112	0.070132
246	0.070118
491	0.070104
9766	0.070085
9765	0.070085
393	0.070060
6556	0.070051
6555	0.070051
12424	0.069983
13363	0.069971
8336	0.069919
4293	0.069892
10042	0.069826
8612	0.069806
11455	0.069799
11426	0.069799
4645	0.069767
5106	0.069765
5104	0.069765
3224	0.069705
12542	0.069613
8472	0.069593
5214	0.069469
9839	0.069449
7094	0.069339
13521	0.069315
2251	0.069311
10863	0.069310
11510	0.069276
10862	0.069242
12409	0.069219
1260	0.069199
3474	0.069161
11518	0.069153
8960	0.069138
6836	0.069063
8500	0.069001
4685	0.068998
8239	0.068970
5240	0.068966
8701	0.068946
13449	0.068942
9185	0.068918
5844	0.068913
6483	0.068887
