2105	0.216254
5347	0.190448
7774	0.190351
5641	0.190351
5642	0.190341
13265	0.189063
11658	0.188462
11858	0.174617
9462	0.174591
9439	0.174060
221	0.167457
4538	0.165785
2110	0.165482
1119	0.165222
2107	0.165192
1120	0.164878
13247	0.164076
1673	0.160031
2958	0.157786
2820	0.157424
2952	0.156604
2052	0.152776
2108	0.152635
1419	0.151741
2097	0.151270
7526	0.151101
8864	0.151021
8863	0.151021
8583	0.151021
8124	0.151021
7904	0.151021
7903	0.151021
7902	0.151021
7901	0.151021
7900	0.151021
7899	0.151021
7897	0.151021
7896	0.151021
7895	0.151021
2128	0.150884
1836	0.149853
9623	0.149595
6838	0.149006
4542	0.148251
2109	0.145964
1109	0.145938
11989	0.144146
2600	0.143702
2968	0.143377
6102	0.142771
4106	0.141521
876	0.141265
8352	0.141227
8351	0.141227
2957	0.141227
2956	0.141227
7872	0.141226
4105	0.140059
1118	0.139704
6895	0.139281
5546	0.138996
1420	0.138770
13850	0.138300
498	0.137749
2114	0.137455
6896	0.137393
2111	0.136857
7295	0.136609
13394	0.135971
2902	0.135466
9775	0.131729
2113	0.129143
2104	0.128727
13706	0.128169
13738	0.128167
13731	0.128167
877	0.128103
51	0.127930
13707	0.127900
5433	0.127778
295	0.127714
11914	0.127143
5413	0.127041
5268	0.126944
2523	0.125043
6532	0.124943
2102	0.123180
6482	0.122425
3636	0.122418
5219	0.121917
713	0.121096
6472	0.121014
4671	0.119937
4669	0.119937
2990	0.119901
12030	0.119653
4670	0.119281
4667	0.118170
8615	0.117331
3778	0.116092
12909	0.116063
9413	0.116013
4865	0.115407
2112	0.115144
6393	0.115072
3389	0.114929
2092	0.114629
2996	0.114578
353	0.114508
12873	0.113694
4383	0.113569
13621	0.113488
879	0.113476
11646	0.113341
4668	0.113200
3507	0.112740
404	0.112719
12721	0.112445
1656	0.112371
1400	0.111935
8874	0.111609
352	0.110688
2954	0.110627
7676	0.110573
1232	0.110429
1229	0.110429
13449	0.110269
2124	0.110150
7453	0.109937
5346	0.109520
370	0.109449
7131	0.109317
2955	0.108918
2953	0.108918
633	0.108778
4416	0.108679
7379	0.108419
1132	0.108224
1111	0.108020
1121	0.107621
4537	0.107604
2828	0.107395
2103	0.105986
9307	0.105720
8773	0.105630
6621	0.105630
6618	0.105497
861	0.105321
5746	0.105307
469	0.105300
5745	0.105231
7913	0.105148
5968	0.105148
470	0.105148
1001	0.105028
5967	0.103960
1133	0.103502
6395	0.103500
9218	0.103332
9347	0.103004
2121	0.102695
3837	0.102507
7955	0.102402
38	0.102130
1228	0.101742
8531	0.101484
11988	0.100607
6255	0.100085
35	0.099997
7089	0.099660
524	0.099433
8207	0.099068
2522	0.098098
5354	0.097457
1402	0.097278
8090	0.097146
2847	0.097146
2843	0.097146
2839	0.097146
1117	0.097004
2981	0.096970
2840	0.096904
6587	0.096897
7261	0.096859
4778	0.096561
11715	0.096521
13456	0.096383
13342	0.096383
1115	0.096361
11733	0.096327
4450	0.096047
11998	0.096040
4377	0.096001
5500	0.095810
235	0.095708
2892	0.095234
3934	0.095100
13448	0.095083
11739	0.094829
10085	0.094707
4596	0.094597
9237	0.094542
7288	0.094433
4672	0.094367
13156	0.094324
10176	0.094324
10087	0.094324
10086	0.094324
11678	0.094216
2064	0.094093
11679	0.094003
6430	0.093974
1123	0.093974
115	0.093910
4175	0.093696
14233	0.093677
1136	0.093677
10191	0.093462
2442	0.093457
4977	0.093253
4922	0.093034
121	0.092973
3320	0.092463
7880	0.092280
4176	0.092063
13997	0.092052
2118	0.091994
2106	0.091930
9942	0.091911
9931	0.091911
9930	0.091911
9921	0.091911
9901	0.091911
9899	0.091911
9895	0.091911
9866	0.091911
9836	0.091911
9832	0.091911
9810	0.091911
9698	0.091911
9636	0.091911
9570	0.091911
9299	0.091911
6217	0.091868
14263	0.091811
14002	0.091811
14001	0.091811
14000	0.091811
13998	0.091811
13996	0.091811
6666	0.091811
5064	0.091811
4854	0.091811
4852	0.091811
12276	0.091811
9794	0.091760
114	0.091409
4976	0.090798
2845	0.090596
1025	0.090567
1952	0.090292
12915	0.090109
12914	0.090109
3973	0.089498
4111	0.089498
6689	0.089390
6967	0.089390
8312	0.089318
4168	0.089007
4294	0.089006
9177	0.088840
2117	0.088786
2188	0.088648
11737	0.088558
1024	0.088468
8634	0.088448
9231	0.088448
9201	0.088425
2093	0.088378
2119	0.088327
1044	0.087789
8503	0.087786
11987	0.087770
12069	0.087758
9415	0.087559
8851	0.087559
8850	0.087559
12252	0.087482
716	0.087427
2280	0.087347
1097	0.087297
6302	0.087126
6267	0.087126
6191	0.087118
881	0.086996
6305	0.086993
129	0.086959
13030	0.086937
9438	0.086936
1030	0.085966
8928	0.085803
11964	0.085457
12219	0.085314
7715	0.085307
9484	0.085240
9483	0.085240
7195	0.085150
7193	0.085150
1114	0.085117
13698	0.085094
13544	0.085094
9248	0.085090
225	0.084973
781	0.084942
6725	0.084940
7772	0.084783
10582	0.084663
9152	0.084568
2881	0.084543
13293	0.084520
1837	0.084459
1039	0.084081
1840	0.083973
11999	0.083947
4304	0.083941
4302	0.083941
9024	0.083849
9023	0.083849
9022	0.083849
8949	0.083849
1135	0.083788
4848	0.083612
3093	0.083596
12010	0.083570
11930	0.083478
2192	0.083471
13442	0.083469
9200	0.083319
4116	0.083308
9135	0.083111
3681	0.083041
2965	0.082875
2521	0.082826
6806	0.082467
9226	0.082443
9217	0.082443
8534	0.082443
586	0.082442
11607	0.082404
7827	0.082396
5033	0.082355
13603	0.082319
13238	0.082319
9553	0.082319
2959	0.082319
12103	0.082319
414	0.082268
7468	0.082197
2967	0.082197
12201	0.082092
13541	0.082085
5510	0.082018
10664	0.081975
4118	0.081718
9207	0.081661
9205	0.081661
8528	0.081661
14162	0.081604
4595	0.081490
6616	0.081331
9711	0.081263
9708	0.081263
9707	0.081263
9705	0.081263
9703	0.081263
8468	0.081235
2978	0.081235
2977	0.081235
9699	0.081201
13665	0.080971
2185	0.080918
4165	0.080902
2960	0.080874
9062	0.080807
9232	0.080758
8464	0.080731
2980	0.080595
4850	0.080557
4855	0.080532
12348	0.080504
9269	0.080174
10553	0.080109
8892	0.079963
4305	0.079757
12296	0.079677
6244	0.079677
5034	0.079503
2666	0.079219
1235	0.079137
11903	0.079106
823	0.078961
1265	0.078961
7020	0.078930
3144	0.078930
13334	0.078878
7400	0.078793
2190	0.078764
817	0.078759
882	0.078740
2170	0.078711
8204	0.078622
222	0.078517
7757	0.078514
14004	0.078446
4866	0.078446
9168	0.078436
3283	0.078236
7686	0.078224
8611	0.078039
13545	0.077836
4262	0.077699
8792	0.077666
7767	0.077649
11982	0.077380
5414	0.077380
5412	0.077380
9385	0.076999
13557	0.076961
13556	0.076961
1300	0.076893
8813	0.076876
782	0.076742
1800	0.076519
613	0.076472
13321	0.076452
13926	0.076406
2964	0.076357
13325	0.076321
4042	0.076248
119	0.076218
12143	0.076160
9610	0.076148
4163	0.076139
14418	0.076106
14417	0.076106
13284	0.076106
13152	0.076106
9795	0.076106
9793	0.076106
9792	0.076106
9791	0.076106
9789	0.076106
9745	0.076106
9163	0.076106
8614	0.076106
8613	0.076106
8177	0.076106
3448	0.076012
8076	0.076006
5299	0.075850
8041	0.075838
6378	0.075799
14358	0.075791
6044	0.075747
1816	0.075742
13928	0.075583
14342	0.075546
4849	0.075453
14003	0.075268
4998	0.075208
2979	0.075143
6623	0.075119
10661	0.075051
12141	0.074864
9414	0.074709
268	0.074700
11226	0.074670
9633	0.074657
9630	0.074657
9628	0.074657
9626	0.074657
9625	0.074657
9624	0.074657
9622	0.074657
9621	0.074657
9620	0.074657
9619	0.074657
9618	0.074657
9615	0.074657
9482	0.074657
11147	0.074620
1839	0.074617
7659	0.074515
3506	0.074479
12036	0.074415
10232	0.074201
4646	0.074167
426	0.074042
12442	0.073949
3539	0.073940
8584	0.073939
874	0.073893
224	0.073872
10800	0.073585
2542	0.073573
10110	0.073546
13687	0.073542
997	0.073526
13320	0.073516
7752	0.073493
9928	0.073491
981	0.073468
4361	0.073327
9361	0.073313
2	0.073211
9702	0.073202
14407	0.073022
2182	0.073007
12093	0.072854
2612	0.072836
5697	0.072565
9460	0.072421
11902	0.072357
6889	0.072057
9199	0.072049
6908	0.071842
385	0.071664
6303	0.071617
12063	0.071608
9706	0.071550
5183	0.071354
683	0.071148
14415	0.070947
9277	0.070947
6598	0.070745
1403	0.070705
7510	0.070660
2116	0.070411
304	0.070356
13050	0.070319
11616	0.070251
4648	0.070251
4643	0.070251
9311	0.070225
1254	0.070033
1122	0.069995
2962	0.069987
12670	0.069949
10227	0.069701
2844	0.069664
3739	0.069627
13897	0.069600
11806	0.069514
786	0.069466
7420	0.069369
1019	0.069265
4231	0.069257
12295	0.069207
6243	0.069207
4112	0.069167
4853	0.069142
351	0.069070
9957	0.069067
1231	0.069041
9150	0.068999
13999	0.068983
5005	0.068983
13889	0.068950
11212	0.068858
9840	0.068808
6576	0.068737
730	0.068736
6179	0.068732
1756	0.068685
5541	0.068645
13036	0.068616
12462	0.068575
10685	0.068575
9870	0.068531
9176	0.068505
8809	0.068505
3745	0.068341
456	0.068334
12053	0.068317
4113	0.068167
9606	0.068122
1113	0.068110
3870	0.067994
13435	0.067989
2059	0.067989
5118	0.067987
9674	0.067915
7993	0.067883
3438	0.067871
2067	0.067839
9709	0.067835
8565	0.067831
9578	0.067763
9495	0.067758
9147	0.067758
8625	0.067681
2057	0.067608
2283	0.067602
9174	0.067578
2831	0.067351
12077	0.067340
6461	0.067340
3711	0.067340
4169	0.067300
5035	0.067252
6443	0.067217
8671	0.067215
9235	0.067196
9230	0.067196
9228	0.067196
9225	0.067196
9224	0.067196
9221	0.067196
9219	0.067196
9214	0.067196
9213	0.067196
9211	0.067196
9209	0.067196
9208	0.067196
9206	0.067196
9193	0.067196
8807	0.067196
8679	0.067196
8677	0.067196
8675	0.067196
8674	0.067196
8673	0.067196
8670	0.067196
8637	0.067196
8633	0.067196
8631	0.067196
8610	0.067196
8591	0.067196
8539	0.067196
8538	0.067196
8537	0.067196
8536	0.067196
8529	0.067196
8526	0.067196
8525	0.067196
8632	0.067196
13910	0.067195
8635	0.067185
13235	0.067149
11818	0.067146
2809	0.066734
4569	0.066702
1930	0.066688
4053	0.066637
2773	0.066627
578	0.066613
6278	0.066564
6767	0.066411
6765	0.066411
6764	0.066411
14266	0.066390
492	0.066368
14085	0.066296
9704	0.065972
9109	0.065928
10838	0.065918
10839	0.065888
3906	0.065847
1889	0.065805
2172	0.065787
7606	0.065765
9613	0.065739
2817	0.065689
2452	0.065686
9480	0.065640
8533	0.065640
10549	0.065544
2423	0.065490
8530	0.065458
1269	0.065455
1651	0.065302
9108	0.065262
9770	0.065235
6151	0.065188
2453	0.065186
2027	0.065153
7101	0.065147
5451	0.065137
12050	0.065106
4619	0.065065
8661	0.065010
7830	0.065003
3227	0.064992
2659	0.064990
3741	0.064960
14290	0.064954
11298	0.064848
10994	0.064848
11686	0.064846
11325	0.064830
4541	0.064768
13767	0.064586
9145	0.064584
13497	0.064584
7258	0.064542
2599	0.064503
13517	0.064439
2037	0.064430
6742	0.064366
4935	0.064347
9220	0.064333
9612	0.064317
2708	0.064092
9436	0.064078
977	0.064003
9192	0.063978
8714	0.063860
1346	0.063836
6754	0.063813
6072	0.063680
1882	0.063595
3654	0.063377
1809	0.063246
7856	0.063240
316	0.063195
5186	0.063171
13689	0.063099
13489	0.063099
14248	0.063087
8047	0.063087
13319	0.063033
13942	0.063009
2827	0.062996
771	0.062994
4961	0.062937
10233	0.062926
13680	0.062671
6473	0.062668
1812	0.062652
1811	0.062652
11689	0.062609
113	0.062573
9609	0.062525
9580	0.062525
13955	0.062486
8636	0.062400
10648	0.062390
7642	0.062346
3940	0.061978
2709	0.061889
12310	0.061757
9143	0.061703
6242	0.061703
12183	0.061691
5123	0.061649
487	0.061609
3921	0.061593
2532	0.061569
9797	0.061467
2014	0.061452
12357	0.061416
2509	0.061376
2846	0.061152
2203	0.061151
3370	0.061128
2510	0.061122
1598	0.061076
825	0.061060
599	0.060933
2060	0.060921
13498	0.060879
2049	0.060835
13970	0.060818
4121	0.060757
11322	0.060690
331	0.060530
1110	0.060523
1835	0.060463
9686	0.060436
6127	0.060415
596	0.060389
9195	0.060330
7981	0.060316
6117	0.060275
13427	0.060270
7917	0.060198
14375	0.060190
792	0.060112
11634	0.060097
2660	0.060088
8606	0.060058
9710	0.059827
10694	0.059767
8676	0.059762
3952	0.059733
9611	0.059729
9258	0.059691
12549	0.059519
8604	0.059490
3151	0.059385
11635	0.059220
118	0.059011
40	0.058936
12039	0.058936
9170	0.058925
11731	0.058913
5424	0.058909
3371	0.058828
2286	0.058741
7581	0.058714
3700	0.058666
10809	0.058600
7580	0.058600
11767	0.058406
10226	0.058356
9222	0.058339
2821	0.058237
5423	0.058222
12229	0.058210
13417	0.058197
4463	0.058114
3977	0.058103
2950	0.058050
1291	0.058045
9338	0.058003
9780	0.057950
2894	0.057929
14370	0.057907
7879	0.057872
6695	0.057810
4721	0.057769
5221	0.057742
5059	0.057657
13651	0.057623
8334	0.057534
9713	0.057474
9317	0.057409
14367	0.057407
3007	0.057351
5245	0.057292
9913	0.057272
1458	0.057231
4465	0.057209
13326	0.057178
3206	0.057159
9520	0.057136
9787	0.057069
9786	0.057069
9785	0.057069
9784	0.057069
9783	0.057069
9782	0.057069
9781	0.057069
9778	0.057069
9280	0.057069
8585	0.057069
8567	0.057069
8553	0.057069
10230	0.057068
6465	0.057047
13578	0.056989
13576	0.056989
13390	0.056989
7890	0.056977
14283	0.056966
3591	0.056952
10097	0.056952
392	0.056941
10403	0.056930
5403	0.056918
13076	0.056906
14416	0.056864
4520	0.056808
6077	0.056779
12338	0.056696
3383	0.056539
8453	0.056455
1777	0.056439
14357	0.056438
7787	0.056438
9308	0.056426
4838	0.056426
10795	0.056403
2605	0.056336
10330	0.056303
875	0.056205
8451	0.056195
8335	0.056184
13199	0.056181
13198	0.056181
11609	0.056121
7381	0.056022
6920	0.056022
8910	0.056014
743	0.055947
6747	0.055941
6304	0.055933
5696	0.055915
12182	0.055912
4464	0.055912
6007	0.055867
1293	0.055822
12979	0.055799
4509	0.055787
13200	0.055760
9320	0.055760
9318	0.055760
9315	0.055760
9314	0.055760
9313	0.055760
9312	0.055760
9310	0.055760
9309	0.055760
9306	0.055760
9305	0.055760
8733	0.055760
8669	0.055760
8668	0.055760
8608	0.055760
8607	0.055760
8605	0.055760
8603	0.055760
7703	0.055760
7477	0.055760
7408	0.055760
13815	0.055757
1589	0.055673
2267	0.055643
6501	0.055623
2042	0.055606
12243	0.055589
5348	0.055573
7553	0.055565
10642	0.055555
12954	0.055529
4447	0.055523
6812	0.055485
9700	0.055460
7414	0.055342
7692	0.055330
2046	0.055238
3710	0.055197
1768	0.055060
4306	0.054951
3536	0.054938
13945	0.054927
7702	0.054893
2168	0.054862
589	0.054851
11681	0.054813
13932	0.054774
9120	0.054741
7958	0.054737
9831	0.054725
14351	0.054671
6036	0.054646
3496	0.054613
9202	0.054588
2191	0.054541
9210	0.054362
2461	0.054299
3193	0.054292
7918	0.054278
2072	0.054190
9512	0.054144
9796	0.054113
12679	0.054069
5476	0.054023
3588	0.053972
10186	0.053896
3590	0.053853
12430	0.053851
2812	0.053829
3604	0.053754
122	0.053752
6065	0.053747
9503	0.053730
4021	0.053680
8922	0.053601
5477	0.053590
6149	0.053571
11566	0.053406
2062	0.053321
7782	0.053296
8929	0.053281
8329	0.053174
8779	0.053132
9198	0.053117
6064	0.053111
7888	0.053037
2765	0.052988
11300	0.052792
13788	0.052772
8778	0.052736
13013	0.052717
12962	0.052717
1094	0.052711
6971	0.052678
8180	0.052672
13032	0.052631
