2110	0.240491
2107	0.239673
2105	0.237409
1109	0.215790
13265	0.212670
11658	0.211823
1836	0.209560
498	0.202978
2108	0.199335
221	0.199148
2097	0.198881
11989	0.194283
1119	0.193480
1120	0.193461
13247	0.192472
2600	0.191114
7774	0.188772
5641	0.188772
5642	0.188762
5347	0.188349
876	0.187880
877	0.187272
2111	0.185525
2113	0.180849
295	0.180754
11914	0.179654
2128	0.178187
2103	0.178055
2104	0.177056
713	0.172568
633	0.171455
13707	0.171307
13738	0.171075
13731	0.171075
13706	0.171067
1132	0.162556
2828	0.162044
5268	0.160079
1001	0.159206
6472	0.158239
6838	0.157707
1111	0.156642
13621	0.156419
13156	0.156142
10176	0.156142
10087	0.156142
10086	0.156142
10191	0.155981
2124	0.155854
10085	0.155650
12721	0.155511
3636	0.155466
2102	0.154850
1118	0.154451
8773	0.154291
6621	0.154291
3778	0.154177
589	0.153939
6618	0.153703
8864	0.153440
8863	0.153440
8583	0.153440
8124	0.153440
7904	0.153440
7903	0.153440
7902	0.153440
7901	0.153440
7900	0.153440
7899	0.153440
7897	0.153440
7896	0.153440
7895	0.153440
7526	0.153345
5745	0.151347
2119	0.151285
2112	0.147397
2109	0.147159
716	0.146534
2092	0.146262
5546	0.144995
10553	0.144413
7468	0.144254
2967	0.144254
2117	0.143523
2965	0.143175
11930	0.141097
2192	0.141092
8813	0.140867
7261	0.139083
2981	0.138554
7715	0.137385
7772	0.137341
2106	0.137256
7195	0.137188
7193	0.137188
2093	0.136496
7295	0.135424
2118	0.135216
2190	0.133768
487	0.133551
1044	0.130948
9462	0.130215
2188	0.129645
352	0.129366
11858	0.128922
6482	0.128734
9439	0.128577
13394	0.127102
683	0.126466
3681	0.125579
2121	0.125066
881	0.124544
4596	0.123502
12010	0.123323
9623	0.121269
997	0.121225
1835	0.121143
2203	0.120720
12670	0.119647
2954	0.119633
351	0.118914
1840	0.118881
11679	0.118605
2532	0.118449
5183	0.115263
9775	0.115000
1030	0.114923
5433	0.114722
1025	0.114518
4595	0.114390
1235	0.113362
7676	0.113231
2522	0.112946
977	0.112547
7453	0.112272
11902	0.112219
2709	0.111842
3227	0.111613
11733	0.111390
1024	0.111145
6395	0.110534
316	0.110296
879	0.110176
4865	0.109403
586	0.109130
6393	0.109057
2114	0.108284
2116	0.107246
875	0.106940
10760	0.106878
2955	0.106800
2953	0.106800
9120	0.106709
2820	0.106424
2958	0.106152
8922	0.106091
11988	0.105998
2523	0.105915
4878	0.105055
5510	0.104900
3206	0.104545
2197	0.103971
2962	0.103674
7872	0.103548
8352	0.103547
8351	0.103547
2957	0.103547
2956	0.103547
1673	0.103452
4106	0.103353
2191	0.103034
2952	0.102716
10321	0.102433
11562	0.101791
792	0.101741
4342	0.101503
8531	0.101301
6102	0.101135
1839	0.101108
4105	0.101053
578	0.100974
13448	0.100896
9198	0.100819
2182	0.100233
11012	0.100044
6895	0.099955
2199	0.098576
5346	0.097961
8779	0.097944
13850	0.097657
8778	0.097650
4538	0.097088
991	0.096938
6380	0.096824
2204	0.096438
6896	0.096249
3907	0.096024
465	0.095950
3506	0.095645
1419	0.095454
2195	0.095222
1121	0.095069
2902	0.095047
4037	0.094633
8565	0.093100
12063	0.093016
2206	0.092880
2208	0.092780
1236	0.092780
777	0.092189
2207	0.092135
4116	0.092018
7511	0.091252
11903	0.091199
1006	0.091021
6407	0.090711
3538	0.090631
5184	0.090626
11618	0.090597
3905	0.090489
129	0.090429
2442	0.089811
1115	0.089786
7880	0.089634
13449	0.089618
9393	0.089516
11625	0.089439
2096	0.089211
2708	0.089177
492	0.089145
12532	0.089060
9218	0.089044
2202	0.088954
1133	0.088368
7713	0.088132
2821	0.088033
7131	0.088028
13485	0.087792
13468	0.087792
3536	0.087779
8329	0.087621
6725	0.087527
4542	0.087146
1952	0.086637
8910	0.086546
4416	0.086315
11178	0.086155
2968	0.085795
2267	0.085219
11123	0.084849
13293	0.084575
2115	0.084534
1833	0.084513
9237	0.084161
12201	0.083988
11987	0.083312
823	0.083260
3093	0.083028
13955	0.083010
1040	0.082869
6532	0.082672
6255	0.082587
582	0.082451
5862	0.082413
9317	0.082359
5024	0.081725
2052	0.081721
12183	0.081423
222	0.081005
6732	0.080889
2612	0.080738
331	0.080663
1019	0.080195
2966	0.080072
11616	0.080032
4648	0.080032
4643	0.080032
13442	0.079951
13541	0.079898
13603	0.079883
13238	0.079883
9553	0.079883
2959	0.079883
12103	0.079883
9139	0.079636
488	0.079580
2	0.079063
2960	0.078856
10664	0.078838
8041	0.078643
8464	0.078553
332	0.078425
13334	0.078318
4646	0.078250
7400	0.078119
3313	0.078100
9200	0.077935
115	0.077784
793	0.077747
9168	0.077747
6763	0.077678
10800	0.077221
3283	0.077154
10110	0.077088
8634	0.076958
9231	0.076955
5413	0.076933
4169	0.076904
8671	0.076896
9235	0.076883
9230	0.076883
9228	0.076883
9225	0.076883
9224	0.076883
9221	0.076883
9219	0.076883
9214	0.076883
9213	0.076883
9211	0.076883
9209	0.076883
9208	0.076883
9206	0.076883
9193	0.076883
8807	0.076883
8679	0.076883
8677	0.076883
8675	0.076883
8674	0.076883
8673	0.076883
8670	0.076883
8637	0.076883
8633	0.076883
8631	0.076883
8610	0.076883
8591	0.076883
8539	0.076883
8538	0.076883
8537	0.076883
8536	0.076883
8529	0.076883
8526	0.076883
8525	0.076883
8632	0.076883
1117	0.076861
6430	0.076860
1123	0.076860
6443	0.076824
5514	0.076818
2132	0.076787
3318	0.076786
1420	0.076769
1837	0.076715
1838	0.076645
8635	0.076428
14233	0.076296
1136	0.076296
11852	0.076192
9436	0.076142
3320	0.076110
8636	0.076035
10097	0.076033
9957	0.076003
7207	0.075963
119	0.075804
10098	0.075783
588	0.075778
6987	0.075757
2170	0.075600
2172	0.075351
12357	0.075298
6741	0.075220
6841	0.074802
335	0.074712
334	0.074712
327	0.074712
305	0.074712
302	0.074712
303	0.074647
333	0.074551
311	0.074551
3940	0.074505
6835	0.074426
9201	0.074294
11904	0.073984
13285	0.073884
329	0.073689
330	0.073679
9207	0.073397
9205	0.073397
8528	0.073397
8530	0.073289
4660	0.073260
14290	0.073148
9226	0.073100
9217	0.073100
8534	0.073100
4045	0.073095
7827	0.073070
14342	0.072915
874	0.072674
9220	0.072608
6623	0.072529
3370	0.072294
9177	0.072250
12074	0.072245
2521	0.071864
4974	0.071798
9356	0.071750
12873	0.071494
314	0.071257
3973	0.071134
12909	0.071041
312	0.071037
9413	0.070960
5747	0.070832
981	0.070771
306	0.070570
11964	0.070356
699	0.070214
4231	0.070177
114	0.069727
9414	0.069646
2198	0.069467
3315	0.069254
11145	0.068840
2659	0.068771
11689	0.068537
6771	0.068527
310	0.068248
7767	0.068226
5746	0.068181
4961	0.068137
9610	0.068087
7089	0.068035
220	0.068024
1054	0.067902
7642	0.067805
11212	0.067788
9024	0.067689
9023	0.067689
9022	0.067689
8949	0.067689
6806	0.067557
9062	0.067473
1740	0.067368
9199	0.067365
9606	0.067213
9633	0.067171
9630	0.067171
9628	0.067171
9626	0.067171
9625	0.067171
9624	0.067171
9622	0.067171
9621	0.067171
9620	0.067171
9619	0.067171
9618	0.067171
9615	0.067171
9482	0.067171
861	0.067036
13360	0.067033
469	0.067000
3934	0.066979
2660	0.066788
7913	0.066735
5968	0.066735
470	0.066735
5245	0.066717
3319	0.066423
9613	0.066373
1002	0.066344
9347	0.066332
10186	0.065960
3371	0.065946
11818	0.065648
9612	0.065480
8312	0.065423
124	0.065333
9578	0.065297
4537	0.064767
5967	0.064736
9195	0.064675
4977	0.064649
9210	0.064649
10031	0.064605
8584	0.064580
29	0.064577
121	0.064427
9058	0.064393
6701	0.064393
321	0.064374
13456	0.064341
13342	0.064341
5033	0.064268
6587	0.064214
2280	0.064158
2200	0.064150
11781	0.064087
2599	0.064032
7576	0.064021
3591	0.064019
4520	0.063714
13384	0.063699
1110	0.063521
8133	0.063427
7420	0.063407
2605	0.063239
308	0.063181
1231	0.062664
51	0.062626
12036	0.062592
9202	0.062516
13665	0.062458
1711	0.062088
13574	0.062081
6709	0.062045
9357	0.061893
6117	0.061851
5013	0.061849
9503	0.061746
4976	0.061729
5186	0.061686
6470	0.061568
2542	0.061549
3463	0.061528
5034	0.061470
4175	0.061415
5500	0.061282
13712	0.061208
6151	0.060972
9849	0.060882
7507	0.060845
5885	0.060841
9152	0.060681
12030	0.060616
6473	0.060605
1114	0.060535
8334	0.060489
8661	0.060465
11587	0.060290
1743	0.060290
7395	0.060075
414	0.059933
12281	0.059925
6619	0.059925
1135	0.059874
12915	0.059799
12914	0.059799
1039	0.059764
11646	0.059716
14162	0.059696
4670	0.059591
13578	0.059519
13576	0.059519
13390	0.059519
13417	0.059514
700	0.059497
6689	0.059395
6967	0.059395
4176	0.059356
4671	0.059292
4669	0.059292
4148	0.059268
2990	0.059262
339	0.059241
251	0.059169
6217	0.059063
14263	0.058999
14002	0.058999
14001	0.058999
14000	0.058999
13998	0.058999
13996	0.058999
6666	0.058999
5064	0.058999
4854	0.058999
4852	0.058999
12276	0.058999
370	0.058987
6116	0.058929
2892	0.058894
13179	0.058884
13178	0.058884
7344	0.058884
13326	0.058686
6889	0.058673
2193	0.058479
7962	0.058448
12050	0.058440
13997	0.058408
5513	0.058305
6804	0.058155
328	0.058095
353	0.058064
8099	0.058044
12442	0.057784
781	0.057662
35	0.057642
10051	0.057642
2827	0.057599
9170	0.057521
354	0.057250
8997	0.057203
2168	0.057084
6104	0.056693
6103	0.056693
6302	0.056689
6267	0.056689
6191	0.056572
11713	0.056548
6740	0.056548
7730	0.056546
7445	0.056546
7444	0.056546
7175	0.056546
7080	0.056546
1097	0.056541
6971	0.056477
4667	0.056390
340	0.056357
1113	0.056307
4848	0.056216
10469	0.056192
5591	0.056162
5026	0.055913
5027	0.055913
3496	0.055895
2996	0.055886
6883	0.055830
2822	0.055792
6533	0.055683
8873	0.055670
5695	0.055326
10542	0.055315
7020	0.055232
11737	0.055105
9215	0.055046
4824	0.055010
1726	0.054849
13026	0.054634
5512	0.054611
4968	0.054572
11112	0.054567
1589	0.054465
5178	0.054415
4118	0.054407
404	0.054391
11715	0.054246
11982	0.054156
5414	0.054156
5412	0.054156
2129	0.054150
4922	0.054097
262	0.054038
13687	0.053911
2189	0.053654
4361	0.053602
13698	0.053378
13544	0.053378
315	0.053359
11678	0.053195
13613	0.053033
4850	0.053019
10582	0.052984
4668	0.052965
14004	0.052956
4866	0.052956
3592	0.052914
250	0.052881
2881	0.052865
2186	0.052807
6305	0.052764
12219	0.052752
648	0.052738
13030	0.052702
338	0.052652
2351	0.052498
2350	0.052498
2348	0.052498
2346	0.052498
786	0.052436
2123	0.052350
254	0.052279
5283	0.052045
10236	0.051872
4113	0.051842
4112	0.051834
9338	0.051761
8615	0.051728
1933	0.051714
4661	0.051559
2283	0.051527
3768	0.051511
10808	0.051474
10491	0.051433
118	0.051419
7553	0.051359
7560	0.051194
1930	0.051065
5434	0.050940
5697	0.050847
4873	0.050796
8468	0.050658
2978	0.050658
2977	0.050658
2661	0.050597
10549	0.050509
1400	0.050489
7692	0.050455
4111	0.050408
5571	0.050408
6616	0.050403
10901	0.050383
11731	0.050315
4857	0.050302
215	0.050297
9609	0.050214
9580	0.050214
8090	0.050147
2847	0.050147
2843	0.050147
2839	0.050147
2979	0.050133
3151	0.050114
38	0.049993
9222	0.049862
6731	0.049849
2840	0.049814
3507	0.049754
12141	0.049719
9196	0.049703
8207	0.049661
11313	0.049628
4053	0.049594
6361	0.049511
5541	0.049237
10839	0.049197
6179	0.049102
4778	0.048980
1232	0.048934
1229	0.048934
7874	0.048930
1008	0.048886
9232	0.048679
590	0.048677
4383	0.048648
2846	0.048531
6868	0.048497
5030	0.048409
7379	0.048401
13812	0.048374
8265	0.048374
3870	0.048365
341	0.048265
10838	0.048249
13994	0.048153
7931	0.048153
5123	0.048060
5898	0.047845
2894	0.047784
4144	0.047751
4758	0.047685
9611	0.047666
13926	0.047644
2845	0.047614
8676	0.047556
1817	0.047339
4810	0.047323
6964	0.047286
5248	0.047277
9307	0.047253
304	0.047233
4262	0.047119
5059	0.047037
10567	0.047005
9197	0.046952
12296	0.046933
6244	0.046933
2950	0.046853
249	0.046806
8874	0.046756
3977	0.046682
268	0.046664
9423	0.046619
5032	0.046492
4051	0.046461
13999	0.046434
5005	0.046434
13928	0.046413
9674	0.046351
696	0.046296
1925	0.046192
5888	0.046143
5159	0.046069
685	0.046056
9121	0.046042
9112	0.046042
9520	0.045950
8625	0.045868
2453	0.045671
3841	0.045613
5035	0.045613
9840	0.045500
5031	0.045496
6303	0.045463
3448	0.045443
122	0.045384
9870	0.045373
10409	0.045253
12462	0.045231
10685	0.045231
6044	0.045217
13263	0.045055
13262	0.045055
888	0.045030
3389	0.045027
3279	0.044998
2980	0.044991
8024	0.044928
8264	0.044905
611	0.044897
5815	0.044880
1889	0.044795
9818	0.044753
9693	0.044753
1122	0.044750
2210	0.044748
698	0.044707
7993	0.044596
3700	0.044571
10695	0.044558
9692	0.044467
13530	0.044466
2064	0.044426
8335	0.044426
4569	0.044399
3219	0.044370
14410	0.044313
14409	0.044313
14408	0.044313
7919	0.044313
4427	0.044259
14433	0.044250
6072	0.044198
2260	0.044187
13910	0.044179
7889	0.044072
11322	0.044042
1756	0.043950
3855	0.043917
6598	0.043891
130	0.043873
12310	0.043820
7101	0.043675
11143	0.043535
5902	0.043532
5901	0.043532
5900	0.043532
5899	0.043532
12457	0.043381
12456	0.043381
12450	0.043381
12443	0.043381
9798	0.043381
7879	0.043341
7686	0.043270
10723	0.043268
574	0.043258
1234	0.043073
3372	0.043051
1265	0.043026
705	0.043014
253	0.042957
5893	0.042903
5892	0.042903
5891	0.042903
5890	0.042903
5889	0.042903
9711	0.042901
9708	0.042901
9707	0.042901
9705	0.042901
9703	0.042901
3316	0.042878
13946	0.042838
1592	0.042838
9699	0.042834
64	0.042807
10149	0.042764
6758	0.042744
4294	0.042702
11815	0.042678
4165	0.042665
1591	0.042644
7977	0.042622
10648	0.042513
5989	0.042484
10018	0.042428
11816	0.042396
2248	0.042355
10330	0.042275
9451	0.042232
5299	0.042226
1402	0.042181
9797	0.042159
2185	0.042130
6077	0.042112
2817	0.042100
1260	0.042092
9030	0.042092
1403	0.042036
5187	0.042024
326	0.041830
5291	0.041811
13904	0.041797
8604	0.041746
1596	0.041683
3612	0.041649
9675	0.041639
6576	0.041539
12414	0.041471
12679	0.041470
12229	0.041468
13400	0.041397
6055	0.041390
8617	0.041380
2247	0.041328
11806	0.041327
693	0.041288
2450	0.041239
3203	0.041233
9135	0.041227
14370	0.041221
6484	0.041177
12900	0.041170
6501	0.041169
4334	0.041161
11226	0.041148
3604	0.041099
2579	0.041059
7955	0.041045
7782	0.040982
3952	0.040922
2347	0.040897
11055	0.040875
782	0.040743
14375	0.040731
5142	0.040716
10403	0.040715
5748	0.040687
1442	0.040687
9172	0.040664
14367	0.040648
13970	0.040623
3596	0.040496
5403	0.040487
3957	0.040471
14393	0.040423
14377	0.040423
11233	0.040317
9381	0.040317
8087	0.040292
6065	0.040269
2227	0.040256
13075	0.040240
3539	0.040184
12279	0.040160
11825	0.040160
6270	0.040160
6269	0.040160
14407	0.040128
3497	0.040072
7288	0.040066
5354	0.039973
10356	0.039966
8535	0.039962
2964	0.039956
8453	0.039943
14357	0.039923
7787	0.039923
7752	0.039914
7182	0.039895
10795	0.039877
2773	0.039825
5029	0.039806
1228	0.039795
8938	0.039744
12023	0.039683
2291	0.039636
14427	0.039619
9263	0.039577
10408	0.039573
1823	0.039563
12243	0.039493
7958	0.039466
113	0.039439
9774	0.039381
6965	0.039381
11609	0.039363
