4586	0.196255
1594	0.190703
2368	0.185812
11657	0.185324
3861	0.178084
12290	0.173671
6331	0.173671
5764	0.173553
3542	0.169915
1570	0.167503
1208	0.167378
5765	0.164419
5127	0.163449
5766	0.160556
3859	0.159882
5349	0.159729
5733	0.159690
7779	0.159226
2563	0.156580
2986	0.154144
12919	0.154004
1712	0.153550
4578	0.149451
9324	0.148295
2360	0.146317
2776	0.141145
9265	0.141048
9401	0.140812
2734	0.137542
10981	0.136466
2361	0.134675
10595	0.132351
2362	0.130368
10596	0.128210
3984	0.127444
134	0.125457
10364	0.123699
2736	0.121413
6759	0.121137
3621	0.119803
2878	0.119602
10063	0.112827
5907	0.112654
3491	0.111536
2877	0.110344
12388	0.109185
5717	0.109155
12574	0.109121
3201	0.108244
10979	0.108153
2761	0.107550
11891	0.106044
4549	0.104855
3421	0.104419
4067	0.101655
4065	0.101655
7004	0.101634
2987	0.100609
13034	0.099895
7006	0.099895
7005	0.099777
4585	0.099687
3517	0.098875
2529	0.097351
8558	0.097256
1752	0.097151
3200	0.096303
13264	0.095574
9701	0.095140
12188	0.094449
164	0.094445
12311	0.094425
12213	0.094286
12274	0.093493
8236	0.093493
8235	0.093493
6980	0.093493
6953	0.093493
298	0.093493
12955	0.093466
3518	0.093165
8563	0.092656
8562	0.092656
8561	0.092656
8559	0.092656
7582	0.092656
2989	0.092656
5714	0.092634
4756	0.092256
2988	0.092195
3400	0.092112
1778	0.091884
3403	0.091703
9146	0.091550
3516	0.091549
8560	0.091425
526	0.091356
1373	0.091186
3551	0.091135
8471	0.090490
8734	0.089826
960	0.089037
11669	0.089031
6375	0.089031
1722	0.088995
3413	0.088943
5739	0.088811
8234	0.088452
7583	0.087945
7132	0.087926
5326	0.087680
4827	0.087668
3557	0.087464
3446	0.087162
266	0.087054
12129	0.086978
4230	0.086952
5369	0.086700
4159	0.086626
10802	0.086533
2762	0.086263
4935	0.085458
8279	0.085384
3635	0.084862
4233	0.084839
4786	0.084798
1577	0.084795
2876	0.084553
1401	0.084383
2935	0.084206
3903	0.084202
5750	0.083543
1617	0.083524
1827	0.083290
1747	0.082995
9733	0.082868
3373	0.082395
8168	0.082123
1622	0.081809
12057	0.081303
3401	0.081221
3399	0.081221
3393	0.081221
264	0.080958
3746	0.080908
530	0.080714
400	0.080714
2751	0.080582
4495	0.080245
10930	0.079802
2621	0.079683
5370	0.079544
11095	0.079358
2445	0.079309
8564	0.079052
2578	0.078695
11787	0.078601
10575	0.078548
12156	0.078411
8201	0.078411
3501	0.078411
3502	0.078374
963	0.078336
3392	0.078172
7911	0.078074
462	0.077997
8010	0.077981
11894	0.077585
2747	0.077585
460	0.077468
13174	0.077423
10637	0.077380
2580	0.077298
75	0.077295
11966	0.077158
9089	0.077003
2774	0.076890
1871	0.076799
3260	0.076784
2767	0.076783
11924	0.076476
3046	0.076438
4566	0.076379
2694	0.076379
10290	0.076233
10291	0.076205
905	0.075879
10168	0.075811
10022	0.075811
8036	0.075811
1876	0.075807
1969	0.075792
2261	0.075675
7158	0.075508
11663	0.075311
5884	0.075120
1860	0.074914
13222	0.074893
6680	0.074676
2517	0.074640
4444	0.074224
3387	0.074143
2187	0.073978
7497	0.073649
4407	0.073402
11934	0.073292
2635	0.073279
969	0.072932
1082	0.072796
4567	0.072644
4565	0.072644
5389	0.072519
3983	0.072259
3394	0.072225
1387	0.071962
4942	0.071831
12071	0.071649
175	0.071649
12795	0.071607
493	0.071418
247	0.071087
9440	0.071075
4684	0.071034
1758	0.070865
173	0.070637
1214	0.070525
2743	0.070373
6677	0.070263
11902	0.070190
7011	0.069784
5287	0.069659
3926	0.069513
12792	0.069166
399	0.069139
12062	0.069019
1332	0.068971
12791	0.068953
12788	0.068953
10506	0.068704
1045	0.068704
7053	0.068639
2240	0.068584
1788	0.068533
484	0.068482
1354	0.068415
6660	0.068332
501	0.068103
8622	0.068078
12186	0.068070
267	0.068045
9070	0.067979
575	0.067955
4327	0.067876
4818	0.067873
13567	0.067509
5731	0.067509
5730	0.067509
5726	0.067509
5723	0.067509
5722	0.067509
5721	0.067509
5681	0.067509
617	0.067166
10938	0.067078
8324	0.067058
12367	0.067021
265	0.066971
12162	0.066527
11807	0.066471
7012	0.066431
12497	0.066230
11677	0.066202
4494	0.066202
4493	0.066202
7434	0.066194
12381	0.066189
555	0.066174
5780	0.065978
549	0.065803
13551	0.065660
12754	0.065643
505	0.065202
11474	0.065198
11510	0.065102
4588	0.065093
3901	0.065011
11523	0.064918
545	0.064648
980	0.064576
13363	0.064399
5350	0.064398
2655	0.064392
4787	0.064216
574	0.063925
1217	0.063883
4471	0.063837
6599	0.063815
10511	0.063792
12781	0.063719
13441	0.063650
2448	0.063379
1159	0.063348
5688	0.063326
546	0.063324
11887	0.063173
3086	0.063147
4472	0.063087
103	0.062995
7285	0.062889
485	0.062877
3350	0.062747
11626	0.062610
13547	0.062577
13546	0.062577
13368	0.062577
486	0.062567
9953	0.062445
12787	0.062426
1168	0.062373
10192	0.062331
10184	0.062331
910	0.062181
1046	0.062118
5650	0.062099
14014	0.062080
516	0.062069
1889	0.062038
10064	0.062016
2237	0.061703
11111	0.061702
521	0.061474
172	0.061449
1828	0.061399
13314	0.061387
13331	0.061381
4048	0.061240
4047	0.061240
4046	0.061240
4044	0.061240
3628	0.061240
3622	0.061240
14247	0.061164
2864	0.061135
1059	0.061057
10761	0.061033
2726	0.061005
616	0.060965
2594	0.060935
13580	0.060842
3748	0.060786
517	0.060731
9186	0.060675
9604	0.060649
13257	0.060623
13221	0.060623
9648	0.060623
9647	0.060623
9340	0.060623
10428	0.060559
6983	0.060362
6982	0.060362
13482	0.060342
6250	0.060317
10762	0.060250
388	0.060177
74	0.060158
9434	0.060121
711	0.060121
710	0.060121
518	0.060121
12657	0.060021
3784	0.059908
10383	0.059874
706	0.059789
2094	0.059665
10657	0.059527
7022	0.059442
11893	0.059339
509	0.059301
3395	0.059267
10658	0.059226
9405	0.059158
504	0.059117
7670	0.059083
563	0.059077
5649	0.058863
10719	0.058793
3499	0.058773
7730	0.058662
7445	0.058662
7444	0.058662
7175	0.058662
7080	0.058662
11777	0.058572
494	0.058567
1218	0.058495
4087	0.058488
13121	0.058263
4789	0.058263
4788	0.058263
562	0.058238
3982	0.058156
531	0.058152
8947	0.058137
9418	0.058133
10389	0.058111
6095	0.058110
10248	0.058083
2983	0.058038
1897	0.057996
10559	0.057979
7673	0.057844
12494	0.057795
9417	0.057677
5989	0.057663
9054	0.057648
10927	0.057600
3672	0.057501
2181	0.057496
2778	0.057417
4573	0.057346
12149	0.057256
9074	0.057232
1092	0.057230
7694	0.057221
4420	0.057172
12253	0.057140
13606	0.057110
679	0.056905
11724	0.056865
12530	0.056804
3346	0.056790
8000	0.056786
5116	0.056707
10264	0.056706
3862	0.056640
11196	0.056638
8514	0.056599
8505	0.056599
11312	0.056563
519	0.056467
7549	0.056436
1738	0.056433
758	0.056432
2464	0.056421
2816	0.056393
10921	0.056342
11385	0.056331
3899	0.056330
11697	0.056321
989	0.056319
13383	0.056209
1872	0.056205
1370	0.056124
4417	0.056121
13719	0.056114
10588	0.056114
7547	0.056114
3929	0.056105
3928	0.056105
2913	0.056074
13097	0.056073
5736	0.055977
3181	0.055883
4599	0.055851
12408	0.055813
8439	0.055805
7435	0.055805
7180	0.055805
4551	0.055799
1215	0.055775
8438	0.055755
10292	0.055725
12457	0.055701
12456	0.055701
12450	0.055701
12443	0.055701
9798	0.055701
11443	0.055539
11369	0.055539
9555	0.055517
5833	0.055506
13732	0.055475
11289	0.055468
6178	0.055439
10198	0.055425
6439	0.055356
12232	0.055349
3757	0.055267
3120	0.055202
967	0.055015
6138	0.055012
8899	0.054920
10870	0.054909
581	0.054890
11650	0.054886
12027	0.054879
2065	0.054674
7409	0.054656
1563	0.054647
10589	0.054633
6195	0.054623
12803	0.054585
12727	0.054512
3504	0.054405
6019	0.054386
13082	0.054342
9133	0.054342
9129	0.054342
9762	0.054334
2315	0.054309
9971	0.054305
815	0.054281
11776	0.054236
6022	0.054236
2447	0.054211
3950	0.054188
9958	0.054142
10247	0.054138
10722	0.054113
61	0.054048
4146	0.053976
9075	0.053943
9950	0.053905
9259	0.053872
1219	0.053777
4907	0.053725
10867	0.053698
3500	0.053680
8654	0.053598
8653	0.053598
10376	0.053568
511	0.053529
4204	0.053504
6163	0.053484
1209	0.053481
13340	0.053460
11447	0.053448
5790	0.053420
5567	0.053414
5608	0.053405
580	0.053389
1409	0.053370
10866	0.053366
8081	0.053306
7505	0.053229
2452	0.053191
2639	0.053188
3171	0.053168
126	0.053154
9907	0.053103
11919	0.053095
10432	0.052968
6915	0.052918
7026	0.052863
7082	0.052819
7524	0.052795
1470	0.052793
1160	0.052760
10130	0.052717
12627	0.052643
9094	0.052633
9093	0.052633
9092	0.052633
9065	0.052633
9734	0.052490
9732	0.052490
9730	0.052490
8868	0.052490
8866	0.052490
5947	0.052465
3137	0.052439
11019	0.052427
4184	0.052416
7819	0.052414
11258	0.052390
1166	0.052296
1011	0.052233
6344	0.052211
13220	0.052209
10451	0.052204
4349	0.052149
10556	0.052078
535	0.052058
10138	0.052057
10159	0.051973
8974	0.051962
10160	0.051941
4185	0.051922
12269	0.051890
4148	0.051870
911	0.051850
8935	0.051778
9585	0.051776
1493	0.051775
1785	0.051774
2783	0.051714
1037	0.051680
3630	0.051680
6649	0.051631
6647	0.051631
6646	0.051631
5610	0.051631
3939	0.051572
9444	0.051567
2625	0.051498
9847	0.051379
10644	0.051270
1363	0.051252
1378	0.051194
4607	0.051183
2274	0.051139
3549	0.051125
507	0.051049
10823	0.051026
9356	0.050986
7252	0.050896
1294	0.050877
10682	0.050758
584	0.050750
12175	0.050728
2526	0.050696
6592	0.050666
1383	0.050652
9689	0.050652
3207	0.050545
11920	0.050458
3927	0.050458
3868	0.050458
13937	0.050453
11918	0.050444
1501	0.050333
6638	0.050317
13765	0.050283
259	0.050254
1033	0.050248
4908	0.050237
10382	0.050226
3173	0.050181
13939	0.050180
1101	0.050179
1100	0.050179
2257	0.050154
8930	0.050131
4615	0.050105
7192	0.050099
11498	0.050063
3604	0.050047
11494	0.050047
3519	0.050035
12350	0.050018
12349	0.050014
12452	0.049996
7062	0.049994
4109	0.049985
6449	0.049974
12070	0.049948
3556	0.049899
10929	0.049879
7535	0.049824
9008	0.049742
2595	0.049737
9992	0.049728
11696	0.049699
6207	0.049699
13838	0.049694
2214	0.049671
2894	0.049668
605	0.049647
3418	0.049643
8621	0.049639
2947	0.049636
3303	0.049604
137	0.049588
5180	0.049564
11514	0.049548
3554	0.049529
1078	0.049518
6147	0.049496
5143	0.049496
14214	0.049493
5179	0.049485
1578	0.049484
14245	0.049476
14250	0.049470
10558	0.049470
10555	0.049470
6968	0.049470
8042	0.049440
2812	0.049416
9503	0.049331
7165	0.049322
1932	0.049320
6526	0.049220
10739	0.049218
10788	0.049218
10777	0.049218
10759	0.049218
3658	0.049178
6370	0.049139
3386	0.049108
10523	0.049077
10499	0.048936
11394	0.048927
4532	0.048904
2378	0.048889
6400	0.048884
7061	0.048859
7699	0.048811
10557	0.048781
6315	0.048778
592	0.048721
9375	0.048688
5832	0.048647
4145	0.048633
5977	0.048567
11789	0.048564
7700	0.048533
14111	0.048459
14080	0.048459
1213	0.048435
6730	0.048406
11968	0.048402
949	0.048402
12551	0.048397
5230	0.048349
561	0.048342
11637	0.048312
12541	0.048306
10861	0.048276
180	0.048177
12052	0.048160
9638	0.048143
5719	0.048130
11832	0.048096
1572	0.048096
1108	0.048077
3659	0.048044
4511	0.047936
8144	0.047912
4550	0.047901
2920	0.047864
12386	0.047854
4580	0.047838
162	0.047817
2891	0.047801
8886	0.047772
1924	0.047741
12028	0.047731
11415	0.047728
12025	0.047715
2893	0.047715
2380	0.047686
10590	0.047663
10084	0.047607
12560	0.047605
1728	0.047599
11909	0.047507
7139	0.047407
4131	0.047289
936	0.047259
3562	0.047232
8019	0.047214
9419	0.047213
3613	0.047153
5697	0.047152
3884	0.047120
11497	0.047112
8802	0.047074
2311	0.047046
971	0.047039
7714	0.046952
1842	0.046933
9651	0.046910
5114	0.046875
13500	0.046835
6063	0.046811
544	0.046807
1093	0.046783
7405	0.046755
9026	0.046744
5773	0.046728
11211	0.046728
11475	0.046702
3037	0.046693
167	0.046687
8069	0.046675
9492	0.046550
5444	0.046549
3567	0.046500
9948	0.046496
12500	0.046432
5912	0.046426
1569	0.046405
12525	0.046375
9288	0.046362
6300	0.046345
6781	0.046299
11721	0.046295
13166	0.046232
12431	0.046211
14091	0.046171
12722	0.046157
1307	0.046147
8028	0.046134
2810	0.046129
13095	0.046095
6969	0.046095
2829	0.046079
233	0.046040
6199	0.046025
2896	0.046008
1762	0.045942
14180	0.045824
4832	0.045818
12499	0.045803
14249	0.045773
12037	0.045763
10188	0.045758
1906	0.045727
5459	0.045723
12238	0.045614
13154	0.045554
10727	0.045549
2446	0.045546
12095	0.045535
4122	0.045530
12821	0.045520
176	0.045480
8884	0.045425
8247	0.045422
9514	0.045408
2251	0.045397
13444	0.045393
5751	0.045359
7745	0.045318
9586	0.045316
12622	0.045305
12031	0.045293
4564	0.045279
9063	0.045264
10068	0.045232
7981	0.045224
4187	0.045219
1431	0.045191
11176	0.045163
3699	0.045125
4391	0.045068
10221	0.045028
3152	0.045021
5994	0.044990
9687	0.044950
1892	0.044858
5502	0.044826
12502	0.044823
2411	0.044816
2453	0.044793
1898	0.044789
5846	0.044765
13995	0.044735
3867	0.044705
3786	0.044632
12793	0.044617
10195	0.044600
10427	0.044584
11220	0.044574
4781	0.044563
10518	0.044538
965	0.044529
10554	0.044416
6614	0.044362
1507	0.044302
1362	0.044284
9396	0.044284
4481	0.044284
4478	0.044272
2657	0.044253
2598	0.044242
7070	0.044220
2477	0.044210
14327	0.044124
14325	0.044124
14324	0.044124
14323	0.044124
14314	0.044124
14305	0.044124
14293	0.044124
14286	0.044124
14261	0.044124
14244	0.044124
14208	0.044124
14136	0.044124
14104	0.044124
14092	0.044124
14086	0.044124
14082	0.044124
14079	0.044124
13968	0.044124
13857	0.044124
10726	0.044124
13339	0.044123
7732	0.044116
11175	0.044105
11260	0.044099
10157	0.044099
3023	0.044071
1245	0.044028
10295	0.044026
10740	0.044005
4530	0.043967
10852	0.043958
12404	0.043948
11259	0.043937
565	0.043848
12142	0.043837
13969	0.043835
8773	0.043823
6621	0.043823
775	0.043805
10883	0.043805
5671	0.043784
12585	0.043781
4043	0.043738
182	0.043655
6425	0.043622
5061	0.043604
7531	0.043583
1874	0.043565
1935	0.043558
739	0.043557
13006	0.043531
10111	0.043522
12101	0.043504
9158	0.043498
3345	0.043493
6618	0.043479
12693	0.043474
3759	0.043441
11929	0.043435
10982	0.043390
4862	0.043378
4421	0.043347
5672	0.043320
2830	0.043297
6426	0.043217
4584	0.043197
4980	0.043174
2713	0.043137
2443	0.043136
2317	0.043135
7024	0.043128
101	0.043127
2430	0.043127
11033	0.043100
4531	0.043075
1211	0.042986
3349	0.042977
11495	0.042894
13720	0.042853
10058	0.042853
5232	0.042853
5231	0.042853
1737	0.042807
92	0.042806
4480	0.042804
5995	0.042796
9426	0.042768
1106	0.042752
14101	0.042702
8365	0.042702
9348	0.042696
4558	0.042675
1216	0.042660
10573	0.042659
10074	0.042635
12642	0.042580
1102	0.042577
11812	0.042577
4611	0.042571
1125	0.042564
12365	0.042509
4186	0.042496
3367	0.042482
11197	0.042476
10574	0.042469
2757	0.042463
10381	0.042449
3851	0.042443
10075	0.042436
4423	0.042416
5772	0.042412
2949	0.042398
2219	0.042397
7114	0.042380
1212	0.042348
998	0.042325
1090	0.042304
8957	0.042303
2290	0.042268
6043	0.042261
