9462	0.247569
11858	0.245622
9439	0.245444
2820	0.236540
2958	0.236107
1673	0.235472
2105	0.222740
3389	0.216340
7774	0.213946
5641	0.213946
5642	0.213938
5347	0.213790
3837	0.210449
1419	0.203344
1420	0.195483
4106	0.194967
8352	0.194914
8351	0.194914
2957	0.194914
2956	0.194914
7872	0.194912
4105	0.193116
6895	0.192067
13265	0.191221
11658	0.190565
2052	0.189360
2952	0.187693
2902	0.186771
13850	0.186181
6896	0.184854
4304	0.181991
4302	0.181991
11999	0.181982
11607	0.179769
4538	0.178704
12348	0.176338
4542	0.176113
6532	0.174502
5433	0.170773
2280	0.163234
5033	0.161440
6102	0.160416
13665	0.159886
235	0.159256
4305	0.159031
5034	0.158874
9623	0.158599
9438	0.158021
7757	0.156655
1756	0.152128
268	0.148433
4537	0.148419
9177	0.147753
9218	0.147695
2276	0.140498
9226	0.140071
9217	0.140071
8534	0.140071
7827	0.140036
5035	0.139749
2521	0.137321
2170	0.137009
4168	0.136725
9201	0.136702
6806	0.136018
2114	0.135704
221	0.134179
11739	0.134156
9135	0.133891
2954	0.133334
2128	0.132556
1115	0.132433
1816	0.132420
1119	0.132214
1120	0.131818
13247	0.131172
6695	0.130206
9207	0.128870
9205	0.128870
8528	0.128870
4294	0.128271
1656	0.127915
7767	0.127713
9480	0.127687
8533	0.127687
9248	0.127188
4306	0.126844
5452	0.126651
7288	0.126630
9152	0.126524
9711	0.126397
9708	0.126397
9707	0.126397
9705	0.126397
9703	0.126397
9699	0.126298
8604	0.125868
8584	0.124887
2831	0.124566
9413	0.123836
12909	0.123827
1133	0.123731
13076	0.123691
304	0.123355
6889	0.123147
879	0.122614
8625	0.121178
9702	0.121091
1121	0.121061
2283	0.120486
8676	0.120370
9199	0.120153
2107	0.120094
9787	0.119093
9786	0.119093
9785	0.119093
9784	0.119093
9783	0.119093
9782	0.119093
9781	0.119093
9778	0.119093
9280	0.119093
8585	0.119093
8567	0.119093
8553	0.119093
8615	0.119043
6465	0.118992
14407	0.118955
10030	0.118591
2955	0.118492
2953	0.118492
8892	0.118139
9174	0.117787
14418	0.117705
14417	0.117705
13284	0.117705
13152	0.117705
9795	0.117705
9793	0.117705
9792	0.117705
9791	0.117705
9789	0.117705
9745	0.117705
9163	0.117705
8614	0.117705
8613	0.117705
8177	0.117705
4163	0.117685
1458	0.117562
8076	0.117472
224	0.117322
3914	0.117213
10661	0.117024
11937	0.116871
7752	0.116841
129	0.116730
2110	0.116579
7880	0.116348
1694	0.115793
6754	0.115100
9913	0.115054
1	0.114464
9780	0.114167
7029	0.114106
8464	0.114072
2281	0.113970
2660	0.113892
13442	0.112405
6473	0.112396
13541	0.112272
13603	0.112208
13238	0.112208
9553	0.112208
2959	0.112208
12103	0.112208
6430	0.112180
1123	0.112180
3588	0.111995
14358	0.111850
2708	0.111727
12252	0.111650
73	0.111520
10664	0.111100
2960	0.110868
8180	0.110546
14415	0.110519
9277	0.110519
12201	0.110462
4958	0.110375
9176	0.109936
8809	0.109936
9794	0.109742
2064	0.109686
6501	0.109681
13334	0.109422
3093	0.109116
11989	0.108993
1118	0.108860
9062	0.107913
6725	0.107885
877	0.107442
8451	0.107320
9244	0.106894
9231	0.106778
8634	0.106766
7606	0.106754
9710	0.106736
823	0.106600
9713	0.106579
4281	0.106471
3283	0.105889
876	0.105806
14416	0.105672
3741	0.105453
7400	0.105382
981	0.105205
7659	0.104896
9709	0.104737
8611	0.104572
4231	0.103377
5442	0.102426
9673	0.101371
7526	0.101349
8864	0.101337
8863	0.101337
8583	0.101337
8124	0.101337
7904	0.101337
7903	0.101337
7902	0.101337
7901	0.101337
7900	0.101337
7899	0.101337
7897	0.101337
7896	0.101337
7895	0.101337
9788	0.100999
9704	0.100731
1711	0.100117
6838	0.100002
7955	0.099901
6149	0.099682
9455	0.099540
1109	0.099344
4922	0.099311
14233	0.099151
1136	0.099151
2097	0.098867
2	0.098754
2522	0.098243
2109	0.098138
115	0.098045
9121	0.097988
9112	0.097988
1836	0.097912
888	0.097825
5268	0.097815
2968	0.097769
6380	0.097698
874	0.097653
2661	0.097420
4559	0.097343
6278	0.097087
11733	0.097083
14266	0.096899
3907	0.096782
9414	0.096463
7954	0.096315
6913	0.096269
5510	0.096176
13533	0.096070
13532	0.096070
13531	0.096070
9706	0.095807
9200	0.095648
12296	0.095306
6244	0.095306
9818	0.095078
9693	0.095078
2108	0.094828
4111	0.094630
352	0.094514
8711	0.094363
4169	0.094346
8671	0.094298
8732	0.094297
9235	0.094286
9230	0.094286
9228	0.094286
9225	0.094286
9224	0.094286
9221	0.094286
9219	0.094286
9214	0.094286
9213	0.094286
9211	0.094286
9209	0.094286
9208	0.094286
9206	0.094286
9193	0.094286
8807	0.094286
8679	0.094286
8677	0.094286
8675	0.094286
8674	0.094286
8673	0.094286
8670	0.094286
8637	0.094286
8633	0.094286
8631	0.094286
8610	0.094286
8591	0.094286
8539	0.094286
8538	0.094286
8537	0.094286
8536	0.094286
8529	0.094286
8526	0.094286
8525	0.094286
8632	0.094286
6443	0.094250
12050	0.094219
8710	0.094141
6081	0.094094
2111	0.093866
12036	0.093860
679	0.093503
2621	0.093438
5546	0.093131
307	0.092889
8635	0.092747
9237	0.092298
1285	0.091765
498	0.091710
2600	0.091702
2658	0.091631
2659	0.091495
8712	0.091421
8303	0.091421
8302	0.091421
7362	0.091421
6359	0.091421
524	0.091403
6202	0.091347
141	0.091275
9150	0.091117
6557	0.091055
4205	0.090960
4037	0.090604
8531	0.090572
3751	0.090513
3750	0.090513
5296	0.090367
2821	0.090059
12295	0.090028
6243	0.090028
3940	0.089929
489	0.089807
8636	0.089612
2278	0.089435
8709	0.089302
2113	0.089144
4485	0.088740
12357	0.088736
8530	0.087893
8845	0.087796
14290	0.087545
8041	0.087176
1269	0.087154
13293	0.087109
7655	0.087037
9220	0.087028
3905	0.086970
7654	0.086850
8792	0.086795
13394	0.086700
14052	0.086680
10065	0.086680
2102	0.086578
6295	0.086568
7511	0.086413
7642	0.086242
9302	0.086227
3142	0.086208
9210	0.086074
1265	0.086053
5184	0.086042
9192	0.086040
6127	0.086011
11618	0.085849
3538	0.085840
6407	0.085839
9729	0.085189
3209	0.085050
13698	0.084898
13544	0.084898
8334	0.084856
7131	0.084662
8319	0.084517
10582	0.084498
4541	0.084461
1132	0.084379
4416	0.084296
13578	0.084011
13576	0.084011
13390	0.084011
7713	0.083422
2119	0.083395
2828	0.083156
2657	0.082884
11681	0.082749
11914	0.082611
13417	0.082505
7295	0.082250
3778	0.082200
225	0.082169
12873	0.082089
2450	0.082040
7676	0.082038
5476	0.081904
3539	0.081818
7453	0.081746
5245	0.081680
11566	0.081455
9415	0.081393
8851	0.081393
8850	0.081393
10286	0.081342
10808	0.081305
6747	0.081004
633	0.080979
12915	0.080785
12914	0.080785
4935	0.080742
2186	0.080740
861	0.080706
469	0.080695
9686	0.080682
713	0.080629
7913	0.080611
5968	0.080611
470	0.080611
12030	0.080456
5967	0.079946
9761	0.079943
6197	0.079939
404	0.079938
6317	0.079845
9775	0.079832
9232	0.079824
9145	0.079143
1030	0.079057
9700	0.079031
6742	0.078738
2104	0.078614
2275	0.078586
3427	0.078440
1097	0.078341
414	0.077848
2605	0.077599
6472	0.077522
758	0.077315
4758	0.077157
6482	0.076986
6078	0.076894
1111	0.076690
2510	0.076684
1785	0.076617
6587	0.076578
2509	0.076568
5790	0.076455
7263	0.076357
5413	0.076026
13456	0.076018
13342	0.076018
13054	0.076002
2282	0.075898
9912	0.075845
9911	0.075845
2014	0.075729
5219	0.075711
51	0.075661
11964	0.075656
5177	0.075549
8335	0.075518
881	0.075376
6707	0.075317
1117	0.075181
9204	0.075099
8592	0.075099
9520	0.074882
9215	0.074719
4824	0.074682
1589	0.074413
4511	0.074357
9202	0.074175
8329	0.074160
13621	0.074105
14404	0.073984
14400	0.073984
8143	0.073984
8096	0.073984
4113	0.073975
882	0.073815
3212	0.073803
4667	0.073798
9222	0.073745
2274	0.073693
295	0.073588
2950	0.073528
1833	0.073155
4112	0.073135
2182	0.073126
2523	0.073002
4596	0.072958
14248	0.072931
8047	0.072931
4142	0.072700
2124	0.072655
13942	0.072581
12721	0.072429
4671	0.072352
4669	0.072352
2990	0.072320
948	0.072168
3438	0.072082
10480	0.072081
4334	0.072010
9195	0.071944
4670	0.071930
351	0.071898
3613	0.071893
9393	0.071384
6156	0.071103
13738	0.070971
13731	0.070971
13706	0.070968
14011	0.070940
14010	0.070940
1476	0.070940
1474	0.070940
13707	0.070720
10538	0.070669
3906	0.070561
13400	0.070526
7999	0.070416
13320	0.070268
4865	0.070211
6151	0.070135
9143	0.070090
6242	0.070090
6393	0.069697
2103	0.069642
353	0.069540
12131	0.069493
2641	0.069493
2640	0.069493
231	0.069423
7830	0.069328
2351	0.069322
2350	0.069322
2348	0.069322
2346	0.069322
14406	0.069305
14405	0.069305
3636	0.069167
7879	0.068773
5461	0.068660
5604	0.068603
4053	0.068529
3507	0.068468
13036	0.068277
13325	0.068155
2979	0.068062
9153	0.068054
8773	0.068006
6621	0.068006
5719	0.067826
3739	0.067746
2286	0.067729
2442	0.067700
2980	0.067690
492	0.067682
6618	0.067594
14365	0.067585
1135	0.067559
1952	0.067459
3745	0.067260
12053	0.067232
7915	0.067218
7258	0.067172
1457	0.067121
9258	0.067079
4857	0.067064
121	0.066992
997	0.066927
14364	0.066832
9311	0.066755
9024	0.066704
9023	0.066704
9022	0.066704
8949	0.066704
6007	0.066682
12332	0.066627
7917	0.066617
4595	0.066550
6987	0.066547
8628	0.066530
4427	0.066506
13970	0.066293
2996	0.066212
11682	0.066149
3279	0.065891
4465	0.065778
7584	0.065764
3974	0.065709
6866	0.065679
14375	0.065669
5123	0.065250
7730	0.065168
7445	0.065168
7444	0.065168
7175	0.065168
7080	0.065168
3496	0.065099
9748	0.064922
3498	0.064906
4581	0.064893
2962	0.064763
222	0.064728
11689	0.064711
11987	0.064672
6307	0.064660
7977	0.064649
10232	0.064562
1114	0.064523
9701	0.064511
6605	0.064326
11930	0.064129
2192	0.064112
730	0.064008
2188	0.064003
11147	0.063958
8468	0.063957
2978	0.063957
2977	0.063957
1905	0.063864
1235	0.063827
716	0.063796
2178	0.063733
6395	0.063687
13600	0.063573
3371	0.063551
13448	0.063525
14360	0.063511
11646	0.063464
878	0.063400
4383	0.063305
2227	0.063288
4668	0.063243
2279	0.063234
9873	0.063205
264	0.063195
7200	0.063159
12572	0.063070
86	0.063066
10227	0.063052
174	0.063010
3536	0.062966
2768	0.062856
11798	0.062822
11715	0.062813
5302	0.062660
5183	0.062613
8171	0.062453
370	0.062395
1232	0.062239
1229	0.062239
1078	0.062237
2112	0.062160
3370	0.062039
13156	0.061985
10176	0.061985
10087	0.061985
10086	0.061985
12077	0.061886
6461	0.061886
3711	0.061886
8412	0.061804
13321	0.061746
10553	0.061744
2172	0.061737
13235	0.061716
9751	0.061670
7918	0.061650
5862	0.061648
5745	0.061601
10085	0.061522
817	0.061498
8447	0.061498
14351	0.061495
13687	0.061446
7227	0.061352
4160	0.061327
1346	0.061318
10191	0.061263
1400	0.061245
3973	0.061184
8813	0.061172
7020	0.061116
9178	0.061108
4361	0.061098
6656	0.061037
14269	0.061009
11425	0.061006
10379	0.061006
4692	0.061002
11968	0.060862
949	0.060862
9796	0.060862
4301	0.060811
8392	0.060806
2981	0.060785
4021	0.060779
2117	0.060708
10097	0.060707
3984	0.060643
14368	0.060603
13508	0.060538
3590	0.060515
12010	0.060485
9610	0.060478
3592	0.060468
1885	0.060430
1884	0.060430
1883	0.060430
3591	0.060410
1477	0.060300
6351	0.060225
11678	0.060220
4148	0.060191
578	0.060060
824	0.060049
7261	0.060023
9385	0.059750
13557	0.059734
13556	0.059734
2179	0.059694
6623	0.059662
9993	0.059655
14342	0.059613
6077	0.059608
114	0.059601
8666	0.059599
1758	0.059439
9588	0.059332
56	0.059330
1122	0.059241
13050	0.059123
35	0.059115
9481	0.059043
9479	0.059043
9478	0.059043
9476	0.059043
9475	0.059043
9473	0.059043
9472	0.059043
9471	0.059043
9470	0.059043
9468	0.059043
9345	0.059043
8667	0.059043
8665	0.059043
8664	0.059043
8663	0.059043
8662	0.059043
8630	0.059043
8629	0.059043
8627	0.059043
8626	0.059043
8176	0.059030
4625	0.059030
9477	0.059029
9168	0.058985
1254	0.058966
7888	0.058955
2748	0.058902
2116	0.058842
12116	0.058830
9506	0.058626
1837	0.058587
5523	0.058548
8032	0.058517
3921	0.058429
792	0.058189
9307	0.058171
1228	0.058088
2347	0.058041
11756	0.058011
6888	0.058011
2118	0.057806
13651	0.057726
8026	0.057722
6441	0.057708
8312	0.057594
12043	0.057479
12281	0.057477
6619	0.057477
11298	0.057420
10994	0.057420
591	0.057360
130	0.057325
1001	0.057261
38	0.057120
8600	0.057107
6378	0.057063
14382	0.056934
14395	0.056777
7891	0.056777
119	0.056756
4836	0.056667
3666	0.056586
4977	0.056560
8348	0.056510
10748	0.056482
9834	0.056482
5272	0.056441
2458	0.056415
2277	0.056408
2190	0.056391
8207	0.056266
3311	0.056192
2423	0.056134
1919	0.056112
12101	0.056067
8090	0.056065
2847	0.056065
2843	0.056065
2839	0.056065
3314	0.056023
11806	0.055915
2840	0.055878
11850	0.055813
1141	0.055799
7495	0.055772
3604	0.055735
4463	0.055707
7075	0.055630
2881	0.055580
4778	0.055530
4883	0.055492
532	0.055481
9347	0.055406
1955	0.055385
14379	0.055329
10646	0.055324
786	0.055315
1853	0.055263
243	0.055232
4672	0.055222
12275	0.055216
1276	0.055198
9741	0.055169
3310	0.055169
7468	0.055153
2967	0.055153
4624	0.055152
2767	0.055048
685	0.054952
239	0.054918
2965	0.054873
1992	0.054830
5197	0.054774
2892	0.054739
6598	0.054736
4873	0.054721
10199	0.054721
2363	0.054720
11679	0.054656
12234	0.054653
14414	0.054540
14413	0.054540
14412	0.054540
14411	0.054540
9755	0.054540
9754	0.054540
9752	0.054540
9750	0.054540
8590	0.054540
8589	0.054540
8588	0.054540
8587	0.054540
8586	0.054540
8527	0.054540
8446	0.054540
8117	0.054540
7780	0.054540
5839	0.054540
13739	0.054523
13519	0.054513
13545	0.054462
4834	0.054374
12333	0.054365
2200	0.054268
7479	0.054255
3749	0.054236
12012	0.054219
7480	0.054159
12182	0.054130
4464	0.054130
8004	0.054127
5500	0.054074
13585	0.054057
8565	0.054040
1092	0.053979
599	0.053870
13326	0.053858
5204	0.053842
9379	0.053787
9512	0.053738
6447	0.053693
4412	0.053686
2121	0.053685
12226	0.053670
3969	0.053670
4976	0.053629
5987	0.053581
2542	0.053541
6851	0.053516
7266	0.053408
14374	0.053392
14363	0.053392
7759	0.053293
7357	0.053293
7355	0.053293
14380	0.053263
8075	0.053263
8535	0.053238
14162	0.053222
6883	0.053175
3431	0.053144
4693	0.053129
426	0.053117
5636	0.053114
11903	0.053089
4121	0.053075
3430	0.053046
14367	0.053023
3677	0.053019
3934	0.052992
4414	0.052964
7510	0.052944
10197	0.052933
3700	0.052859
12069	0.052851
5535	0.052839
8387	0.052775
2380	0.052772
5788	0.052729
4613	0.052609
3506	0.052590
6576	0.052574
3176	0.052552
7356	0.052548
10403	0.052538
7783	0.052469
586	0.052455
1388	0.052446
8714	0.052435
2267	0.052388
7379	0.052370
8609	0.052349
5918	0.052332
9540	0.052226
112	0.052180
3403	0.052063
11226	0.052060
5746	0.052022
14219	0.052018
10059	0.051965
12023	0.051954
12243	0.051946
7178	0.051918
8173	0.051917
11966	0.051914
3400	0.051823
2709	0.051813
6184	0.051781
9474	0.051770
6961	0.051770
4774	0.051556
2177	0.051505
6967	0.051504
6689	0.051504
5030	0.051462
1039	0.051442
6255	0.051390
11737	0.051369
7158	0.051351
2199	0.051284
