157	0.209925
138	0.178636
137	0.176948
5975	0.175014
1264	0.174185
864	0.171471
11597	0.169444
2851	0.167423
834	0.167102
9008	0.166743
3519	0.166690
12350	0.164981
12349	0.164744
3339	0.163534
844	0.163005
1075	0.162429
6360	0.161251
2357	0.160524
4317	0.160121
4315	0.160121
4311	0.160121
4310	0.160063
7946	0.159464
3021	0.159207
3335	0.157976
9332	0.156838
2680	0.155965
1391	0.155739
135	0.155500
4313	0.152400
8132	0.152082
2719	0.151006
2910	0.150585
1289	0.149811
6577	0.149147
3530	0.148612
3535	0.148177
11502	0.147400
4981	0.146989
358	0.146568
11848	0.145856
2329	0.145395
867	0.144681
5985	0.143707
6469	0.143055
7030	0.140344
623	0.140182
1251	0.139984
11642	0.139490
12524	0.139464
176	0.139208
2285	0.137711
968	0.137528
928	0.137465
1071	0.137269
2789	0.136658
1196	0.136476
2630	0.136151
12097	0.136034
2919	0.136022
2137	0.135692
2778	0.135234
11676	0.134978
9550	0.134896
2597	0.134894
3474	0.134541
1035	0.134232
862	0.133394
717	0.132631
1274	0.132615
3521	0.132613
9715	0.132364
5086	0.132097
2859	0.131417
1425	0.131390
1574	0.131175
8251	0.129959
2425	0.128933
3568	0.128420
12071	0.128332
175	0.128332
2681	0.128073
10437	0.127764
11719	0.127595
3920	0.127324
11492	0.126001
1744	0.125966
622	0.125941
2252	0.125865
5751	0.125730
1079	0.125566
5050	0.125076
11984	0.125065
140	0.124546
3572	0.124446
7639	0.123970
10400	0.123824
11911	0.123258
2209	0.122474
3351	0.122472
10873	0.122354
422	0.121972
10939	0.121964
4808	0.121765
8944	0.121604
152	0.121274
7388	0.121031
6130	0.121008
3526	0.120833
11740	0.120703
11819	0.120659
11600	0.120513
12874	0.120194
933	0.119285
2328	0.119006
520	0.118909
12107	0.118562
2860	0.117992
9661	0.117956
9614	0.117889
12854	0.117847
11603	0.117845
12850	0.117776
12615	0.117675
11975	0.117590
2596	0.117451
11604	0.117320
13020	0.117317
4570	0.117315
11047	0.116853
8956	0.116795
8955	0.116795
13735	0.116578
13728	0.116578
13726	0.116578
2904	0.116360
10832	0.116215
7337	0.116098
12588	0.115964
9548	0.115215
12860	0.115194
12859	0.115192
10163	0.115102
1298	0.115026
1068	0.114635
1390	0.114451
9437	0.114030
1061	0.113912
3560	0.113713
3495	0.113664
3155	0.113344
3047	0.113335
1328	0.113168
9881	0.113072
7028	0.113070
2462	0.113031
1077	0.112896
6289	0.112864
7687	0.112845
1940	0.112837
3806	0.112836
10373	0.112577
12593	0.112510
5311	0.112472
11837	0.112454
898	0.112454
12411	0.112359
9567	0.112290
899	0.112196
2713	0.112144
4754	0.111931
784	0.111877
774	0.111734
6626	0.111509
1426	0.111473
3482	0.111456
2907	0.111279
7961	0.111272
11400	0.111242
4072	0.111172
5089	0.111154
692	0.111133
7609	0.111079
6879	0.111079
12272	0.111078
3819	0.111003
627	0.110978
1033	0.110879
2714	0.110865
11792	0.110820
11670	0.110766
3935	0.110701
6991	0.110624
8465	0.110466
4255	0.110412
902	0.110404
6974	0.110164
3291	0.110027
3411	0.109949
11257	0.109947
1370	0.109939
126	0.109777
10142	0.109695
1445	0.109530
9316	0.109515
5638	0.109411
10095	0.109407
10859	0.109374
2293	0.109214
12379	0.109179
173	0.108979
2722	0.108920
12852	0.108853
5259	0.108797
9827	0.108763
4932	0.108761
642	0.108698
371	0.108602
7820	0.108590
3531	0.108546
13153	0.108478
10171	0.108478
10170	0.108478
3297	0.108268
1650	0.108094
2449	0.107973
4226	0.107937
6460	0.107903
9189	0.107877
4196	0.107825
8054	0.107790
6887	0.107752
181	0.107520
551	0.107491
1096	0.107462
11769	0.107427
1686	0.107305
1163	0.107298
9443	0.107194
13255	0.107153
3584	0.107068
11995	0.107063
1261	0.107009
890	0.106984
12891	0.106924
1666	0.106822
178	0.106817
4597	0.106805
4036	0.106799
3026	0.106759
9599	0.106733
3384	0.106585
5782	0.106461
183	0.106395
849	0.106290
5542	0.106274
11683	0.106056
6433	0.106028
171	0.106012
1446	0.105917
2040	0.105711
3350	0.105598
4181	0.105555
6076	0.105537
12803	0.105502
14167	0.105391
8496	0.105240
387	0.105159
12194	0.105058
1065	0.105008
1464	0.104995
8918	0.104931
5201	0.104902
139	0.104885
3661	0.104809
5627	0.104727
5020	0.104647
9558	0.104627
4813	0.104627
12784	0.104534
884	0.104398
1941	0.104383
12614	0.104352
12929	0.104243
4179	0.104142
1441	0.104100
3810	0.104006
12417	0.103991
4034	0.103991
12653	0.103851
3523	0.103824
1914	0.103743
9764	0.103668
5072	0.103560
9916	0.103542
9880	0.103542
9842	0.103542
9838	0.103542
9822	0.103542
9372	0.103542
8791	0.103542
8790	0.103542
8768	0.103542
3633	0.103502
9763	0.103463
9759	0.103463
9758	0.103463
8717	0.103463
8716	0.103463
8715	0.103463
12785	0.103443
12189	0.103253
9029	0.103178
7327	0.103163
13261	0.103156
5017	0.103094
11398	0.102709
8970	0.102702
146	0.102573
2167	0.102535
1901	0.102464
5018	0.102415
3454	0.102235
11994	0.102215
2826	0.102215
13035	0.102179
11938	0.102144
1277	0.102119
12407	0.102103
7451	0.102071
4729	0.101870
2226	0.101852
12193	0.101788
7481	0.101774
12550	0.101769
3845	0.101729
12394	0.101726
5639	0.101706
581	0.101683
1642	0.101634
12080	0.101597
2048	0.101518
278	0.101426
5872	0.101404
4117	0.101367
5288	0.101282
12793	0.101268
5655	0.101226
1645	0.101152
9281	0.101086
4052	0.101055
585	0.101005
11151	0.100730
14205	0.100567
3267	0.100334
8954	0.100256
12931	0.100220
10802	0.100191
960	0.100186
2166	0.100035
4822	0.100034
978	0.100007
4040	0.099998
10807	0.099908
10517	0.099869
3343	0.099823
11368	0.099646
11474	0.099621
12695	0.099522
5620	0.099463
12008	0.099268
3937	0.099268
9790	0.099106
1060	0.099041
3763	0.099022
10284	0.098963
7964	0.098887
11619	0.098831
275	0.098799
5552	0.098722
1793	0.098625
4710	0.098560
5836	0.098530
2984	0.098498
1098	0.098447
12408	0.098408
3540	0.098379
4629	0.098377
935	0.098286
13060	0.098124
13055	0.098124
13048	0.098124
13014	0.098124
13009	0.098124
12892	0.098124
8379	0.098124
154	0.097995
4983	0.097928
1028	0.097920
2029	0.097877
1268	0.097846
12926	0.097778
728	0.097752
11551	0.097631
3709	0.097582
2905	0.097481
9522	0.097438
182	0.097432
12401	0.097388
12079	0.097280
12122	0.097272
2684	0.097272
12864	0.097199
5455	0.097196
3172	0.097172
1259	0.096989
9992	0.096960
4582	0.096922
142	0.096763
872	0.096722
12426	0.096690
7280	0.096624
966	0.096621
9835	0.096609
7214	0.096605
12567	0.096590
3126	0.096582
12064	0.096553
4455	0.096531
13826	0.096436
12078	0.096424
3131	0.096421
2063	0.096366
7951	0.096236
12406	0.096230
11775	0.096228
3525	0.096228
12927	0.096223
5670	0.096218
3102	0.096201
3509	0.096191
7146	0.096172
12930	0.096170
12928	0.096170
5698	0.096169
3488	0.096113
1095	0.096101
12596	0.096037
5021	0.096037
5019	0.096037
9286	0.095986
13254	0.095978
12934	0.095978
12933	0.095978
12932	0.095978
12081	0.095978
8996	0.095978
8994	0.095978
8992	0.095978
12935	0.095973
11571	0.095940
102	0.095933
6354	0.095922
5049	0.095818
11036	0.095796
11610	0.095727
10374	0.095672
6929	0.095636
12200	0.095434
4594	0.095432
6524	0.095400
12130	0.095373
3349	0.095353
6021	0.095337
13647	0.095331
4982	0.095330
9389	0.095278
3277	0.095269
9726	0.095263
228	0.095171
9020	0.095099
8425	0.095097
12597	0.094990
9127	0.094945
3843	0.094837
12415	0.094804
6203	0.094747
7385	0.094609
12858	0.094479
11997	0.094442
5023	0.094360
10392	0.094337
12720	0.094271
7666	0.094271
12804	0.094172
226	0.094139
9639	0.094009
9142	0.093981
10983	0.093914
5328	0.093865
5656	0.093853
9590	0.093777
938	0.093769
6877	0.093745
13136	0.093735
6673	0.093677
10139	0.093668
3031	0.093657
180	0.093655
12412	0.093564
10151	0.093558
8233	0.093403
3020	0.093387
12742	0.093383
3378	0.093324
8381	0.093284
3408	0.093234
4563	0.093150
12941	0.093141
7619	0.093113
6825	0.093072
521	0.093055
2857	0.092910
3470	0.092902
4261	0.092899
9734	0.092885
9732	0.092885
9730	0.092885
8868	0.092885
8866	0.092885
529	0.092784
5611	0.092717
1728	0.092678
391	0.092632
4017	0.092527
5783	0.092517
10535	0.092468
11671	0.092413
11491	0.092392
1480	0.092391
5073	0.092350
11720	0.092302
2333	0.092254
412	0.092252
13750	0.092244
10149	0.092235
2255	0.092221
9395	0.092129
3327	0.092084
10114	0.092010
4979	0.091995
8552	0.091948
995	0.091835
2416	0.091782
10406	0.091770
8421	0.091670
9499	0.091567
11539	0.091538
4630	0.091313
5740	0.091236
940	0.091160
7425	0.091148
12743	0.091132
11786	0.091120
6025	0.091088
6717	0.091025
9963	0.090992
3340	0.090988
594	0.090864
11908	0.090857
12940	0.090839
2339	0.090798
11774	0.090770
12950	0.090749
2520	0.090722
5391	0.090720
10476	0.090672
6654	0.090636
3522	0.090563
8934	0.090491
7617	0.090403
11741	0.090336
8079	0.090251
6498	0.090174
3382	0.090089
13061	0.090036
12435	0.089953
9375	0.089946
6450	0.089916
11572	0.089901
6411	0.089889
2290	0.089878
6594	0.089851
9808	0.089811
1423	0.089785
3683	0.089779
10407	0.089751
3492	0.089748
4056	0.089685
5699	0.089658
11431	0.089561
12762	0.089527
10046	0.089495
6563	0.089466
567	0.089371
11722	0.089304
11573	0.089280
5087	0.089239
8931	0.089148
7268	0.089016
4704	0.088988
1186	0.088914
194	0.088860
6176	0.088806
3305	0.088802
3302	0.088802
8423	0.088701
9019	0.088621
1070	0.088610
734	0.088576
1564	0.088547
5974	0.088526
7867	0.088506
1685	0.088459
8881	0.088455
1483	0.088449
132	0.088444
13112	0.088426
484	0.088398
185	0.088393
7081	0.088367
608	0.088354
7269	0.088229
869	0.088209
13223	0.088165
6922	0.088152
4782	0.088116
9859	0.088043
727	0.088040
6525	0.087952
9943	0.087949
10892	0.087884
780	0.087868
9238	0.087853
9542	0.087844
12638	0.087831
3222	0.087775
7378	0.087766
846	0.087736
11569	0.087684
6418	0.087673
965	0.087665
13040	0.087643
12089	0.087636
1800	0.087635
525	0.087628
4517	0.087598
12749	0.087587
12748	0.087587
5191	0.087557
750	0.087541
11529	0.087418
12899	0.087407
2912	0.087318
12872	0.087103
3529	0.087059
2428	0.087001
9268	0.086997
6	0.086945
11213	0.086881
4268	0.086873
159	0.086797
12208	0.086776
13019	0.086767
8247	0.086733
5865	0.086721
936	0.086710
12853	0.086659
4546	0.086653
13011	0.086645
9608	0.086630
6788	0.086629
7668	0.086615
6074	0.086571
8983	0.086569
12910	0.086551
8945	0.086507
10318	0.086504
6303	0.086448
3691	0.086448
3553	0.086353
4115	0.086338
5732	0.086312
2923	0.086309
12968	0.086309
6219	0.086309
5874	0.086309
5065	0.086301
9583	0.086265
165	0.086220
3608	0.086212
11598	0.086200
6672	0.086200
2983	0.086093
3601	0.086091
2656	0.086077
11554	0.085988
9976	0.085936
4917	0.085930
2922	0.085914
13016	0.085914
10263	0.085892
2924	0.085858
2921	0.085858
1099	0.085849
12741	0.085839
6110	0.085826
4374	0.085825
5548	0.085815
5254	0.085779
12776	0.085744
602	0.085701
12422	0.085698
7528	0.085673
7190	0.085624
12939	0.085611
12084	0.085611
4286	0.085611
4283	0.085611
4220	0.085611
2005	0.085547
2317	0.085455
3980	0.085424
12518	0.085393
11992	0.085307
2079	0.085286
7973	0.085237
3726	0.085237
10278	0.085071
6436	0.084990
13081	0.084945
13080	0.084945
13079	0.084945
13078	0.084945
13074	0.084945
13071	0.084945
13057	0.084945
13049	0.084945
13047	0.084945
13045	0.084945
13043	0.084945
13017	0.084945
12959	0.084945
12904	0.084945
7936	0.084945
8186	0.084942
3312	0.084923
4256	0.084894
11485	0.084879
3528	0.084864
5058	0.084825
3361	0.084825
1922	0.084813
4909	0.084790
11210	0.084765
9404	0.084765
11684	0.084714
5458	0.084633
2623	0.084595
11392	0.084498
3869	0.084493
4783	0.084425
528	0.084417
13126	0.084393
3761	0.084388
5088	0.084385
9076	0.084333
1376	0.084317
9837	0.084223
5616	0.084056
5700	0.083956
413	0.083941
4784	0.083923
7596	0.083837
2288	0.083805
11721	0.083769
6945	0.083737
5459	0.083734
11974	0.083706
14063	0.083627
1103	0.083610
9505	0.083563
12938	0.083554
4819	0.083511
12635	0.083500
13140	0.083490
9584	0.083364
13959	0.083356
10501	0.083321
1487	0.083256
2311	0.083192
12812	0.083104
4086	0.083061
13593	0.083059
6131	0.083033
12294	0.082921
12683	0.082920
3157	0.082918
7156	0.082873
11407	0.082861
1389	0.082849
8929	0.082828
11159	0.082767
11773	0.082753
1538	0.082742
4744	0.082740
1459	0.082736
2356	0.082701
10351	0.082640
5135	0.082618
10969	0.082605
9349	0.082472
9088	0.082423
5229	0.082403
5083	0.082295
4478	0.082229
7949	0.082204
1362	0.082178
9396	0.082178
4481	0.082178
5111	0.082163
11550	0.082131
9554	0.082127
8200	0.082127
9149	0.082090
11893	0.082011
4712	0.081995
1250	0.081880
3092	0.081869
1436	0.081863
2858	0.081846
9455	0.081822
11366	0.081690
10313	0.081671
364	0.081663
12936	0.081565
12499	0.081552
96	0.081544
4889	0.081505
11486	0.081432
744	0.081431
14108	0.081422
4745	0.081422
3764	0.081382
11942	0.081341
3362	0.081341
277	0.081307
10964	0.081241
1435	0.081207
13636	0.081191
9922	0.081162
9733	0.081150
10914	0.081147
3337	0.081147
11315	0.081127
13495	0.081124
4717	0.081062
14213	0.081046
13543	0.081046
4545	0.080986
12814	0.080962
12677	0.080947
11547	0.080900
11577	0.080868
4548	0.080862
3171	0.080859
12727	0.080774
4579	0.080760
11290	0.080757
10636	0.080586
8232	0.080579
729	0.080555
5203	0.080522
6094	0.080516
5230	0.080492
6660	0.080480
9041	0.080473
158	0.080435
6809	0.080422
11913	0.080409
10506	0.080376
1045	0.080376
11301	0.080331
10662	0.080285
1488	0.080256
130	0.080157
10140	0.080135
11089	0.080127
8909	0.080125
5482	0.080122
402	0.079991
5134	0.079988
13389	0.079972
12952	0.079946
12951	0.079946
1735	0.079934
4339	0.079887
11223	0.079837
5957	0.079757
9731	0.079751
9073	0.079711
1301	0.079683
6613	0.079681
988	0.079644
4655	0.079634
10336	0.079569
399	0.079558
3025	0.079499
5652	0.079433
10257	0.079432
13388	0.079428
13387	0.079428
11082	0.079391
1722	0.079376
4035	0.079350
934	0.079323
11354	0.079319
7819	0.079298
12413	0.079285
2744	0.079275
7053	0.079173
10040	0.079168
12678	0.079162
6686	0.079138
4561	0.079096
12198	0.079093
11099	0.079049
1492	0.079036
6247	0.079034
13919	0.079014
11252	0.078980
1046	0.078961
3109	0.078960
11160	0.078909
9844	0.078844
13006	0.078785
4978	0.078768
990	0.078761
56	0.078757
929	0.078707
14068	0.078705
2897	0.078565
11181	0.078545
13825	0.078541
11723	0.078496
3630	0.078420
3500	0.078413
5196	0.078400
8023	0.078377
3564	0.078326
8229	0.078312
13438	0.078267
10362	0.078223
13052	0.078220
13010	0.078220
12879	0.078220
12494	0.078110
7523	0.078099
3141	0.078076
12957	0.078029
12165	0.078020
11312	0.077991
919	0.077957
156	0.077922
12145	0.077890
10515	0.077890
5956	0.077890
4126	0.077884
718	0.077867
10441	0.077856
12783	0.077843
10215	0.077843
10903	0.077811
11114	0.077770
147	0.077766
10561	0.077746
1102	0.077746
1658	0.077742
1502	0.077732
10700	0.077720
13619	0.077687
10872	0.077628
1294	0.077578
11478	0.077557
11537	0.077519
787	0.077503
3494	0.077499
207	0.077491
2931	0.077483
7165	0.077482
