13036	0.184920
3739	0.183880
3745	0.183050
12053	0.183011
13076	0.180956
3921	0.171572
6695	0.168594
304	0.162167
5375	0.142018
2277	0.135112
1285	0.130062
3209	0.130057
3437	0.129575
4466	0.129166
3738	0.129141
5347	0.128884
7774	0.128671
5641	0.128671
5642	0.128669
1346	0.127387
3438	0.126509
2105	0.124059
2841	0.121667
8312	0.119421
13054	0.117678
1756	0.116174
1919	0.114069
14162	0.113779
9028	0.111722
3212	0.111581
9081	0.111579
9078	0.111579
2952	0.110568
11858	0.110553
9439	0.110106
6761	0.109860
9462	0.109722
6838	0.109155
3934	0.107770
13545	0.107669
2052	0.105895
1419	0.105286
9775	0.105242
7526	0.104935
8864	0.104862
8863	0.104862
8583	0.104862
8124	0.104862
7904	0.104862
7903	0.104862
7902	0.104862
7901	0.104862
7900	0.104862
7899	0.104862
7897	0.104862
7896	0.104862
7895	0.104862
13265	0.103516
11658	0.103134
13449	0.102852
12252	0.102544
86	0.101212
5918	0.100582
2107	0.100050
9218	0.099588
2523	0.099471
9623	0.099116
2109	0.098114
12101	0.098047
823	0.097931
4542	0.097836
5500	0.097285
5299	0.096972
5305	0.096337
268	0.096328
1420	0.096100
12281	0.095694
6619	0.095694
5546	0.094782
2110	0.094668
4538	0.094436
9204	0.093487
8592	0.093487
4848	0.093433
1232	0.092939
1229	0.092939
9869	0.092898
3741	0.092816
13897	0.092544
10748	0.091727
9834	0.091727
51	0.091707
235	0.091703
2280	0.091654
6587	0.091555
2458	0.091468
4262	0.091300
2958	0.091220
4463	0.091108
4175	0.090931
13394	0.090899
2892	0.090866
12070	0.090862
1673	0.090818
13456	0.090813
13342	0.090813
2820	0.090766
2274	0.090467
2968	0.090204
4176	0.090128
6217	0.090106
12276	0.090064
14263	0.090064
14002	0.090064
14001	0.090064
14000	0.090064
13998	0.090064
13996	0.090064
6666	0.090064
5064	0.090064
4854	0.090064
4852	0.090064
9200	0.089670
6395	0.089104
2185	0.088945
4977	0.088796
578	0.088356
2097	0.087916
7295	0.087653
13517	0.087605
2600	0.087432
12041	0.087366
9226	0.087346
9217	0.087346
8534	0.087346
5219	0.087337
7827	0.087307
4998	0.087254
14003	0.087246
4976	0.087060
9706	0.087025
12182	0.086803
4464	0.086803
1905	0.086756
12141	0.086659
2881	0.086322
85	0.086294
1228	0.086151
609	0.085919
13997	0.085522
8531	0.085402
11989	0.085318
4537	0.085260
7659	0.085189
2174	0.084910
9177	0.084886
8625	0.084835
3736	0.084766
6305	0.084704
13030	0.084662
6967	0.084622
6689	0.084622
6102	0.084608
14303	0.084511
14302	0.084511
14301	0.084511
14300	0.084511
14299	0.084511
6317	0.084458
12310	0.084439
7167	0.084391
7400	0.084320
9797	0.084283
6806	0.084240
6295	0.084140
8584	0.084005
2755	0.083905
4850	0.083768
1119	0.083729
4619	0.083719
645	0.083615
5033	0.083572
13945	0.083527
1952	0.083513
11987	0.083473
6618	0.083399
1120	0.083384
2114	0.083340
8773	0.083316
6621	0.083316
6191	0.083203
876	0.083147
6267	0.083066
6302	0.083066
12219	0.082961
781	0.082910
13247	0.082909
11737	0.082773
221	0.082716
1173	0.082704
4672	0.082536
4094	0.082514
13665	0.082196
782	0.082188
2278	0.082156
7131	0.082148
7958	0.082120
1125	0.082118
633	0.082117
5235	0.082107
14283	0.082085
13942	0.082084
13815	0.081948
14248	0.081895
8047	0.081895
13013	0.081836
12962	0.081836
9135	0.081803
4416	0.081702
2064	0.081596
7453	0.081493
1534	0.081452
6278	0.081367
6255	0.081291
4873	0.081228
7676	0.081220
5034	0.081165
498	0.081105
14266	0.080743
3287	0.080558
5746	0.080552
8676	0.080540
4465	0.080501
13676	0.080484
3837	0.080380
4093	0.080338
13060	0.080171
13055	0.080171
13048	0.080171
13014	0.080171
13009	0.080171
12892	0.080171
8379	0.080171
13664	0.080099
4118	0.080028
12030	0.080006
8615	0.079973
9702	0.079935
1780	0.079860
13439	0.079834
6035	0.079752
6277	0.079749
9881	0.079320
7491	0.079285
6482	0.079174
2281	0.079058
4106	0.079020
9201	0.079010
4468	0.078714
12204	0.078684
1812	0.078607
1811	0.078607
7872	0.078603
8352	0.078602
8351	0.078602
2957	0.078602
2956	0.078602
2	0.078574
4111	0.078520
13689	0.078429
13489	0.078429
1809	0.078413
13680	0.078390
3002	0.078386
9152	0.078378
2541	0.078363
13319	0.078327
9385	0.078245
13557	0.078239
13556	0.078239
14407	0.078171
8604	0.078058
79	0.077934
4667	0.077893
9686	0.077738
6616	0.077694
2522	0.077655
2979	0.077636
4855	0.077576
13061	0.077554
1131	0.077290
9711	0.077245
9708	0.077245
9707	0.077245
9705	0.077245
9703	0.077245
9699	0.077168
7767	0.077160
13633	0.077152
13490	0.076893
13632	0.076892
13631	0.076892
4105	0.076847
1675	0.076818
13850	0.076810
1132	0.076745
11818	0.076696
5346	0.076673
2828	0.076420
6291	0.076263
11733	0.076222
503	0.076162
6896	0.076153
8634	0.076031
9231	0.076030
6149	0.076028
6895	0.075977
12785	0.075928
14415	0.075875
9277	0.075875
7752	0.075871
5591	0.075843
9610	0.075741
4670	0.075578
5451	0.075497
4231	0.075465
4849	0.075438
4671	0.075368
4669	0.075368
2990	0.075322
7379	0.075156
2773	0.075115
6473	0.075104
6889	0.075092
6378	0.074764
13500	0.074667
8391	0.074626
3087	0.074626
11679	0.074598
9347	0.074476
8207	0.074293
12784	0.074287
155	0.074138
2821	0.074129
6198	0.074064
13148	0.074057
13147	0.074057
7892	0.074057
6298	0.074057
6297	0.074057
3505	0.073967
9999	0.073960
861	0.073895
469	0.073883
10232	0.073872
13462	0.073849
2175	0.073847
7913	0.073793
5968	0.073793
470	0.073793
4042	0.073735
12143	0.073655
9307	0.073648
11147	0.073561
1265	0.073509
8635	0.073487
9909	0.073384
3389	0.073359
6034	0.073282
6886	0.073274
404	0.073214
352	0.073167
5967	0.073086
35	0.072810
4301	0.072774
1889	0.072600
9170	0.072572
2188	0.072541
4865	0.072484
2902	0.072441
6393	0.072337
4168	0.072262
3083	0.072224
9912	0.072194
9911	0.072194
14186	0.072163
3388	0.072153
10227	0.072040
2283	0.071979
10694	0.071947
6707	0.071916
1118	0.071891
9150	0.071840
13928	0.071781
12010	0.071619
9207	0.071573
9205	0.071573
8528	0.071573
8740	0.071526
13926	0.071502
1403	0.071325
1133	0.071313
4169	0.071305
6443	0.071280
8090	0.071271
2847	0.071271
2843	0.071271
2839	0.071271
8671	0.071228
9235	0.071216
9230	0.071216
9228	0.071216
9225	0.071216
9224	0.071216
9221	0.071216
9219	0.071216
9214	0.071216
9213	0.071216
9211	0.071216
9209	0.071216
9208	0.071216
9206	0.071216
9193	0.071216
8807	0.071216
8679	0.071216
8677	0.071216
8675	0.071216
8674	0.071216
8673	0.071216
8670	0.071216
8637	0.071216
8633	0.071216
8631	0.071216
8610	0.071216
8591	0.071216
8539	0.071216
8538	0.071216
8537	0.071216
8536	0.071216
8529	0.071216
8526	0.071216
8525	0.071216
8632	0.071216
353	0.071192
9613	0.071097
2118	0.071021
874	0.070995
9361	0.070979
2840	0.070958
4778	0.070890
1458	0.070809
2424	0.070775
10226	0.070770
1094	0.070735
9512	0.070725
7306	0.070713
11806	0.070680
1245	0.070668
2621	0.070580
9480	0.070469
8533	0.070469
4088	0.070450
12915	0.070321
12914	0.070321
9612	0.070291
5433	0.070291
13999	0.070284
5005	0.070284
9578	0.070245
82	0.070128
11226	0.070103
3604	0.070028
9215	0.069923
4824	0.069922
9704	0.069892
4383	0.069861
3666	0.069762
9210	0.069668
9861	0.069481
9819	0.069481
13444	0.069381
8329	0.069325
1293	0.069261
13698	0.069039
13544	0.069039
2542	0.068966
13448	0.068937
9311	0.068811
12873	0.068704
5118	0.068697
7966	0.068655
10582	0.068647
1897	0.068591
2128	0.068588
2363	0.068572
2980	0.068539
4153	0.068528
3539	0.068263
1327	0.068261
2845	0.068250
3700	0.068247
9957	0.068209
3507	0.068155
13552	0.068063
13511	0.068063
13507	0.068063
5268	0.067860
8892	0.067828
10559	0.067828
13355	0.067739
11739	0.067728
4668	0.067690
11840	0.067622
3311	0.067386
2453	0.067355
7394	0.067352
4511	0.067284
6501	0.067031
12275	0.066971
9741	0.066968
3310	0.066968
243	0.066966
4624	0.066952
1785	0.066639
11607	0.066619
5035	0.066603
3940	0.066587
2014	0.066568
3314	0.066490
2380	0.066458
14269	0.066441
1030	0.066439
6731	0.066422
2941	0.066421
8636	0.066361
2714	0.066359
13932	0.066336
2286	0.066281
5745	0.066216
4692	0.066215
7686	0.066215
13116	0.066202
6631	0.066111
2976	0.066106
4834	0.066068
3636	0.065960
12136	0.065819
9232	0.065672
4087	0.065627
14233	0.065608
1136	0.065608
2996	0.065583
2598	0.065463
9202	0.065461
8611	0.065426
11646	0.065392
239	0.065347
9248	0.065332
11999	0.065286
4304	0.065281
4302	0.065281
10982	0.065278
9780	0.065271
3774	0.065225
5413	0.065219
12357	0.065206
12530	0.065193
5354	0.065156
1078	0.065109
7207	0.065043
5045	0.065016
6533	0.064933
4160	0.064922
683	0.064849
1904	0.064837
12069	0.064802
7642	0.064780
2117	0.064710
8530	0.064708
9220	0.064629
6292	0.064540
2116	0.064463
6089	0.064364
1307	0.064268
6851	0.064228
2452	0.064160
14290	0.064128
6091	0.064126
6090	0.064126
7856	0.064046
5062	0.064021
1097	0.064003
1400	0.063975
9098	0.063935
9503	0.063896
730	0.063845
1837	0.063844
115	0.063835
3548	0.063785
4520	0.063743
3786	0.063717
4836	0.063643
4447	0.063625
12077	0.063619
6461	0.063619
3711	0.063619
12348	0.063477
13235	0.063454
6592	0.063429
9735	0.063382
14085	0.063336
5300	0.063259
12909	0.063230
8928	0.063213
4853	0.063169
9413	0.063134
10337	0.063099
2954	0.062993
370	0.062967
3973	0.062961
9710	0.062961
4112	0.062945
13889	0.062874
13767	0.062788
4251	0.062782
11988	0.062728
2950	0.062690
6322	0.062686
6532	0.062568
6032	0.062535
4113	0.062467
316	0.062456
5914	0.062408
9787	0.062142
9786	0.062142
9785	0.062142
9784	0.062142
9783	0.062142
9782	0.062142
9781	0.062142
9778	0.062142
9280	0.062142
8585	0.062142
8567	0.062142
8553	0.062142
38	0.062133
6465	0.062053
8535	0.062043
331	0.062005
5697	0.061904
6598	0.061868
7939	0.061811
9717	0.061808
599	0.061800
685	0.061784
948	0.061733
10233	0.061718
11803	0.061628
6525	0.061516
307	0.061499
2783	0.061460
12853	0.061442
4165	0.061360
2282	0.061359
549	0.061238
9237	0.061174
1121	0.061101
837	0.061082
5790	0.060920
1090	0.060911
6576	0.060864
6065	0.060833
1509	0.060778
13320	0.060730
4154	0.060706
586	0.060601
11298	0.060570
10994	0.060570
6913	0.060556
81	0.060468
5958	0.060424
5296	0.060399
6677	0.060391
6044	0.060352
9608	0.060291
238	0.060138
8552	0.060079
3448	0.060030
12273	0.059975
7955	0.059967
6299	0.059938
6064	0.059916
74	0.059894
2982	0.059846
8628	0.059845
5908	0.059833
13533	0.059793
13532	0.059793
13531	0.059793
8712	0.059578
8303	0.059578
8302	0.059578
7362	0.059578
6359	0.059578
6202	0.059492
7917	0.059491
222	0.059464
8565	0.059337
12714	0.059303
8451	0.059281
4693	0.059075
10943	0.059066
3710	0.059047
9415	0.059038
8851	0.059038
8850	0.059038
4128	0.059032
3922	0.059015
224	0.059012
7261	0.058986
11992	0.058975
14004	0.058947
4866	0.058947
9913	0.058919
13325	0.058916
5066	0.058890
6072	0.058851
11638	0.058844
4958	0.058820
11129	0.058772
5243	0.058656
6127	0.058650
2981	0.058646
96	0.058600
1800	0.058592
5588	0.058581
5012	0.058463
12872	0.058443
7977	0.058427
2708	0.058425
875	0.058411
80	0.058295
8710	0.058289
14416	0.058216
8711	0.058202
2423	0.058191
11996	0.058152
3638	0.058131
5424	0.058120
8732	0.058113
4596	0.058110
3773	0.058109
1951	0.058100
5245	0.058072
4294	0.058021
1953	0.058017
1954	0.058017
4097	0.057958
4116	0.057894
6557	0.057866
9674	0.057818
879	0.057761
184	0.057753
9192	0.057668
3007	0.057625
2227	0.057581
13389	0.057581
7560	0.057497
2275	0.057447
1734	0.057432
8468	0.057426
2978	0.057426
2977	0.057426
6081	0.057417
3306	0.057389
392	0.057360
716	0.057359
3588	0.057284
9168	0.057265
3128	0.057261
3121	0.057261
3048	0.057261
2624	0.057261
2303	0.057258
3288	0.057254
1997	0.057170
3170	0.057164
2809	0.057112
2955	0.057072
2953	0.057072
8709	0.057013
7874	0.056997
1238	0.056969
11671	0.056901
4595	0.056813
6303	0.056808
9673	0.056722
9709	0.056719
12868	0.056665
9242	0.056665
9241	0.056665
9240	0.056665
6696	0.056665
3957	0.056618
5342	0.056560
5306	0.056560
5289	0.056515
5111	0.056458
6051	0.056359
1114	0.056319
10045	0.056247
6430	0.056226
1123	0.056226
3071	0.056219
11968	0.056203
949	0.056203
5712	0.056160
5711	0.056160
5710	0.056160
10839	0.056053
6841	0.056050
997	0.056029
13970	0.056017
6741	0.056010
1833	0.056008
4922	0.055949
9460	0.055937
3054	0.055853
6835	0.055835
7288	0.055805
456	0.055774
7980	0.055758
2951	0.055740
7830	0.055696
2394	0.055631
5442	0.055540
7468	0.055527
2967	0.055527
11767	0.055489
3590	0.055482
14375	0.055458
9579	0.055235
8180	0.055233
12670	0.055229
6747	0.055209
6015	0.055205
532	0.055180
2111	0.055166
5183	0.055152
119	0.055142
10838	0.055100
2079	0.055033
2812	0.054994
2632	0.054986
2073	0.054904
9942	0.054898
9931	0.054898
9930	0.054898
9921	0.054898
9901	0.054898
9899	0.054898
9895	0.054898
9866	0.054898
9836	0.054898
9832	0.054898
9810	0.054898
9698	0.054898
9636	0.054898
9570	0.054898
9299	0.054898
12636	0.054893
9474	0.054880
6961	0.054880
9222	0.054846
3193	0.054828
1235	0.054799
12208	0.054799
5044	0.054797
9244	0.054796
5496	0.054755
9794	0.054739
1483	0.054738
4509	0.054737
14071	0.054720
3116	0.054703
7101	0.054684
2593	0.054683
881	0.054620
311	0.054608
6252	0.054576
13910	0.054555
2965	0.054502
13285	0.054500
3504	0.054483
2365	0.054439
4163	0.054397
14418	0.054310
14417	0.054310
13284	0.054310
13152	0.054310
9795	0.054310
9793	0.054310
9792	0.054310
9791	0.054310
9789	0.054310
9745	0.054310
9163	0.054310
8614	0.054310
8613	0.054310
8177	0.054310
2605	0.054290
8076	0.054253
1906	0.054241
13438	0.054195
4358	0.054136
1115	0.054105
259	0.054071
11678	0.054060
11050	0.054060
5911	0.054041
9438	0.053923
1128	0.053876
11798	0.053854
2062	0.053837
225	0.053819
7182	0.053804
5829	0.053782
5423	0.053775
11325	0.053764
5006	0.053736
7888	0.053724
10229	0.053705
9770	0.053705
6101	0.053638
5487	0.053613
9713	0.053603
12165	0.053592
12338	0.053565
6528	0.053553
4838	0.053539
2263	0.053417
114	0.053413
14068	0.053402
6016	0.053384
7090	0.053336
8845	0.053278
5182	0.053188
3960	0.053186
3956	0.053186
5830	0.053168
9859	0.053155
6530	0.053144
5909	0.053142
11677	0.053129
4494	0.053129
4493	0.053129
10518	0.053103
3977	0.053046
118	0.053041
11850	0.053034
12954	0.053000
3383	0.052996
2197	0.052967
11715	0.052943
5963	0.052922
5026	0.052907
5027	0.052907
7381	0.052874
6920	0.052874
4305	0.052802
11655	0.052801
10230	0.052798
2868	0.052786
251	0.052785
7954	0.052752
2199	0.052737
596	0.052708
6157	0.052698
1291	0.052653
4709	0.052558
4974	0.052556
13826	0.052547
5737	0.052529
14395	0.052514
7891	0.052514
186	0.052491
13050	0.052485
10076	0.052471
14351	0.052416
10077	0.052390
5302	0.052367
11781	0.052338
7115	0.052300
6017	0.052223
597	0.052222
13321	0.052189
1254	0.052174
5038	0.052162
9633	0.052150
9630	0.052150
