2105	0.253660
1836	0.227028
5347	0.220413
5642	0.220357
7774	0.220357
5641	0.220357
2128	0.218038
2110	0.214251
221	0.206134
1109	0.205741
13265	0.202472
11658	0.201933
877	0.201008
1119	0.200973
1120	0.200556
13247	0.199965
2108	0.199113
2107	0.197407
2111	0.186974
295	0.184071
13707	0.182767
13738	0.182430
13731	0.182430
13706	0.182422
2113	0.180906
11858	0.180334
9462	0.180266
9439	0.179922
5268	0.177784
2954	0.175795
713	0.173210
1001	0.171622
1118	0.168701
11914	0.167292
6472	0.167209
2104	0.166671
2097	0.163936
11989	0.163015
879	0.161482
2820	0.160971
2103	0.160575
2958	0.160271
1673	0.159906
13621	0.159189
876	0.158336
12721	0.157757
2955	0.157484
2953	0.157484
498	0.157293
2124	0.156336
2102	0.155870
2112	0.154113
1840	0.153538
3778	0.151537
4538	0.151264
2600	0.150811
7872	0.150305
8352	0.150304
8351	0.150304
2957	0.150304
2956	0.150304
7880	0.150193
4106	0.150061
2092	0.150031
2109	0.149992
4105	0.148232
129	0.147574
6895	0.147392
1111	0.145233
13850	0.145134
5862	0.144964
6896	0.144136
9623	0.143753
2902	0.143509
12201	0.142821
1839	0.142764
13442	0.142590
8464	0.142510
13603	0.141939
13238	0.141939
9553	0.141939
2959	0.141939
12103	0.141939
13541	0.141908
10664	0.140992
2960	0.140691
6725	0.140393
3093	0.140039
3283	0.139080
11930	0.139062
2192	0.139054
10085	0.138930
13156	0.138694
10176	0.138694
10087	0.138694
10086	0.138694
13334	0.138353
10191	0.138327
981	0.136465
1117	0.135777
5433	0.135029
4542	0.134652
13394	0.134250
9775	0.133974
9062	0.133082
5510	0.132662
2190	0.132479
2952	0.131877
6532	0.131006
9413	0.130136
12909	0.130107
2522	0.129947
633	0.129123
9414	0.128971
9218	0.128169
8773	0.127530
6621	0.127530
6618	0.127396
11733	0.127144
6838	0.126756
6102	0.126698
8864	0.126697
8863	0.126697
8583	0.126697
8124	0.126697
7904	0.126697
7903	0.126697
7902	0.126697
7901	0.126697
7900	0.126697
7899	0.126697
7897	0.126697
7896	0.126697
7895	0.126697
2659	0.126674
9177	0.126635
7526	0.126634
3636	0.126632
1132	0.125640
10553	0.125514
2828	0.124724
2121	0.123860
12050	0.123570
5745	0.123391
2523	0.123213
8813	0.122602
2188	0.121466
1135	0.121178
121	0.121062
4596	0.120880
5546	0.120185
1837	0.119243
2119	0.118040
2106	0.117890
1121	0.117367
2660	0.116659
6151	0.116527
4865	0.116526
8625	0.116126
6393	0.115795
7676	0.115157
8041	0.114923
13293	0.114783
2968	0.114728
4595	0.114633
7453	0.114586
7020	0.114107
12010	0.113927
13417	0.113019
1235	0.112965
1025	0.112961
114	0.112927
8604	0.112626
823	0.112340
8874	0.112061
9152	0.112008
352	0.111696
7295	0.111380
8676	0.111113
8531	0.110196
6501	0.109743
2450	0.109351
13448	0.109304
1024	0.108966
716	0.108906
1044	0.107996
9226	0.107573
9217	0.107573
8534	0.107573
997	0.107551
7827	0.107537
1030	0.107243
9201	0.106673
8634	0.105713
1589	0.105713
7767	0.105704
586	0.105699
9231	0.105693
3681	0.105665
2981	0.105438
7261	0.105042
1133	0.103895
1115	0.103663
7468	0.103663
2967	0.103663
1711	0.103584
9207	0.103444
9205	0.103444
8528	0.103444
6806	0.103137
2965	0.102914
4334	0.101687
2658	0.101679
2708	0.101477
4111	0.100974
13400	0.100804
5183	0.100646
1419	0.100511
13698	0.099800
13544	0.099800
492	0.099800
6430	0.099741
1123	0.099741
4294	0.099520
8565	0.099451
10582	0.099438
4485	0.099327
2	0.099035
6482	0.098557
9199	0.097968
1114	0.097416
222	0.096664
8584	0.096610
6587	0.096310
13456	0.095975
13342	0.095975
2962	0.095528
2117	0.095519
9135	0.095272
115	0.095246
881	0.095117
5898	0.094963
5032	0.094819
5031	0.094605
2280	0.094588
2114	0.094343
8910	0.094265
9232	0.094263
5033	0.093814
9692	0.093687
51	0.093519
7400	0.093351
7715	0.093218
7772	0.093202
2827	0.093151
7195	0.093020
7193	0.093020
5902	0.092576
5901	0.092576
5900	0.092576
5899	0.092576
2093	0.092506
1656	0.092429
1110	0.092322
5893	0.092231
5892	0.092231
5891	0.092231
5890	0.092231
5889	0.092231
13665	0.092197
5034	0.092101
351	0.092092
2821	0.092086
7288	0.092057
14233	0.091392
1136	0.091392
2521	0.091088
8635	0.091016
9204	0.090952
8592	0.090952
4427	0.090700
8334	0.090508
9172	0.090492
9711	0.090486
9708	0.090486
9707	0.090486
9705	0.090486
9703	0.090486
12873	0.090447
9699	0.090419
6443	0.090067
8671	0.090047
9235	0.090041
9230	0.090041
9228	0.090041
9225	0.090041
9224	0.090041
9221	0.090041
9219	0.090041
9214	0.090041
9213	0.090041
9211	0.090041
9209	0.090041
9208	0.090041
9206	0.090041
9193	0.090041
8807	0.090041
8679	0.090041
8677	0.090041
8675	0.090041
8674	0.090041
8673	0.090041
8670	0.090041
8637	0.090041
8633	0.090041
8631	0.090041
8610	0.090041
8591	0.090041
8539	0.090041
8538	0.090041
8537	0.090041
8536	0.090041
8529	0.090041
8526	0.090041
8525	0.090041
8632	0.090040
4169	0.090018
4037	0.089912
4231	0.089835
13578	0.089742
13576	0.089742
13390	0.089742
8530	0.089493
8329	0.089486
1113	0.089469
2442	0.089239
5030	0.089212
6889	0.089084
792	0.089034
861	0.088942
5029	0.088929
469	0.088925
7879	0.088889
7913	0.088792
5968	0.088792
470	0.088792
12030	0.088538
3837	0.088537
304	0.088425
14290	0.088410
3940	0.088267
1122	0.088199
2052	0.088083
6255	0.087960
5967	0.087763
4112	0.087325
4977	0.087301
4922	0.087189
9237	0.087181
6380	0.087047
5184	0.087042
6395	0.086748
683	0.086686
8636	0.086633
4848	0.086550
4113	0.086346
3907	0.086187
9702	0.086175
6913	0.086093
9024	0.086065
9023	0.086065
9022	0.086065
8949	0.086065
13533	0.085984
13532	0.085984
13531	0.085984
9220	0.085977
404	0.085973
6149	0.085902
9200	0.085878
8615	0.085734
8312	0.085507
7752	0.085500
1019	0.085471
14415	0.085437
9277	0.085437
353	0.085263
14407	0.085116
3905	0.085096
12357	0.085086
7511	0.084999
4671	0.084871
4669	0.084871
2990	0.084839
6407	0.084701
4670	0.084632
4976	0.084550
9210	0.084545
8709	0.084441
8600	0.084340
3538	0.084320
11618	0.084280
12036	0.084265
2661	0.084202
2979	0.084034
1833	0.083959
1420	0.083592
781	0.083291
4667	0.083247
2542	0.083233
2118	0.083153
4116	0.082874
13326	0.082623
7730	0.082298
7445	0.082298
7444	0.082298
7175	0.082298
7080	0.082298
414	0.082153
8892	0.082152
578	0.082043
6967	0.081952
6689	0.081952
1097	0.081912
5500	0.081861
2612	0.081830
7713	0.081788
7642	0.081730
10760	0.081631
2892	0.081439
6081	0.081411
3506	0.081402
6473	0.081235
12915	0.081006
12914	0.081006
8335	0.080848
9347	0.080804
2182	0.080795
4148	0.080020
4175	0.080005
316	0.080003
11646	0.079978
9710	0.079845
2170	0.079751
12141	0.079686
5245	0.079642
6267	0.079474
6302	0.079474
13320	0.079456
6191	0.079383
874	0.079309
9709	0.079285
14162	0.079183
2532	0.079164
4383	0.079142
12296	0.079124
6244	0.079124
8779	0.079007
5746	0.078877
2996	0.078848
370	0.078844
793	0.078751
4262	0.078746
524	0.078653
9690	0.078583
8778	0.078579
786	0.078528
9195	0.078416
4668	0.078389
6623	0.078271
2605	0.078237
14342	0.078178
4176	0.078033
13997	0.077927
11737	0.077785
35	0.077688
6217	0.077613
3389	0.077515
14263	0.077508
14002	0.077508
14001	0.077508
14000	0.077508
13998	0.077508
13996	0.077508
6666	0.077508
5064	0.077508
4854	0.077508
4852	0.077508
12276	0.077508
1232	0.077485
1229	0.077485
6695	0.077278
6470	0.077139
1116	0.076994
9393	0.076988
8712	0.076742
8303	0.076742
8302	0.076742
7362	0.076742
6359	0.076742
6202	0.076680
8711	0.076529
10097	0.076519
9713	0.076514
14365	0.076481
8732	0.076442
11739	0.076382
8710	0.076323
5035	0.076105
12670	0.076095
6557	0.076045
13955	0.076017
3507	0.076011
3934	0.075991
1835	0.075956
3973	0.075891
14364	0.075648
3741	0.075503
13651	0.075486
6598	0.075454
12183	0.075319
307	0.075153
1400	0.075115
4053	0.075083
4537	0.074927
8792	0.074718
977	0.074712
2172	0.074658
589	0.074605
11715	0.074604
7999	0.074525
38	0.074447
8845	0.074285
11903	0.074241
9121	0.074236
9112	0.074236
6077	0.074208
4850	0.074194
9174	0.073931
11679	0.073877
1228	0.073848
888	0.073803
9202	0.073703
4672	0.073675
2186	0.073622
2203	0.073576
11607	0.073555
2116	0.073523
426	0.073299
9794	0.073258
6576	0.073198
7131	0.073180
13050	0.073101
11678	0.073077
4522	0.073071
2709	0.072961
2064	0.072954
1254	0.072934
2881	0.072749
4416	0.072686
7089	0.072637
9248	0.072636
9438	0.072629
5413	0.072619
9704	0.072515
11806	0.072483
2275	0.072357
4849	0.072213
7917	0.072143
5989	0.071827
11999	0.071742
4304	0.071737
4302	0.071737
3227	0.071693
11616	0.071680
4648	0.071680
4643	0.071680
9258	0.071564
6305	0.071533
4758	0.071492
13030	0.071430
5296	0.071359
2199	0.071336
1952	0.071209
4646	0.070956
7830	0.070849
3604	0.070848
12281	0.070803
6619	0.070803
2193	0.070555
9198	0.070455
2418	0.070358
8468	0.070319
2978	0.070319
2977	0.070319
3320	0.070302
10098	0.070232
11988	0.070144
12252	0.070093
9957	0.070092
9361	0.070034
11964	0.069899
13970	0.069717
9307	0.069556
12063	0.069553
14375	0.069549
12348	0.069478
9610	0.069454
13325	0.069390
8090	0.069346
2847	0.069346
2843	0.069346
2839	0.069346
2204	0.069271
13926	0.069264
9143	0.069145
6242	0.069145
9480	0.069032
8533	0.069032
2840	0.069023
211	0.069001
1930	0.068966
3906	0.068895
13225	0.068659
224	0.068625
6987	0.068624
948	0.068590
1265	0.068536
2195	0.068496
12295	0.068414
6243	0.068414
13321	0.068350
4857	0.068322
8207	0.068257
7915	0.068249
1269	0.068225
5123	0.068172
13076	0.068125
11987	0.068124
4541	0.068120
4778	0.068042
5219	0.067977
130	0.067965
2510	0.067903
10549	0.067572
2267	0.067557
12219	0.067471
13687	0.067392
10661	0.067369
4361	0.067352
12442	0.067309
9168	0.067279
2509	0.067265
2423	0.067136
225	0.067058
699	0.067021
6616	0.066998
3427	0.066908
7955	0.066886
1	0.066879
4118	0.066873
14418	0.066676
14417	0.066676
13284	0.066676
13152	0.066676
9795	0.066676
9793	0.066676
9792	0.066676
9791	0.066676
9789	0.066676
9745	0.066676
9163	0.066676
8614	0.066676
8613	0.066676
8177	0.066676
4163	0.066645
8609	0.066498
2286	0.066407
1300	0.066393
9215	0.066369
1006	0.066353
4824	0.066225
7510	0.066198
8076	0.066186
5591	0.066117
9460	0.066074
5622	0.066047
3370	0.065973
4165	0.065942
235	0.065780
4961	0.065724
882	0.065704
3592	0.065695
9818	0.065568
9693	0.065568
11689	0.065504
3371	0.065481
2191	0.065462
9176	0.065439
8809	0.065439
14368	0.065435
3014	0.065351
268	0.065242
1078	0.065168
13928	0.065130
4142	0.065124
9578	0.065069
8451	0.065061
14416	0.065017
2452	0.064982
9633	0.064901
9630	0.064901
9628	0.064901
9626	0.064901
9625	0.064901
9624	0.064901
9622	0.064901
9621	0.064901
9620	0.064901
9619	0.064901
9618	0.064901
9615	0.064901
9482	0.064901
119	0.064825
9415	0.064823
8851	0.064823
8850	0.064823
56	0.064803
14351	0.064793
6295	0.064761
2197	0.064743
2621	0.064710
1002	0.064687
14360	0.064633
13485	0.064522
13468	0.064522
6771	0.064438
7918	0.064435
4021	0.064366
14004	0.064166
4866	0.064166
7263	0.064035
3206	0.064018
3539	0.063993
2351	0.063907
2350	0.063907
2348	0.063907
2346	0.063907
8417	0.063891
8323	0.063891
1231	0.063862
2411	0.063853
12679	0.063823
7258	0.063728
6533	0.063725
11625	0.063564
10800	0.063495
10110	0.063448
2283	0.063412
9787	0.063322
9786	0.063322
9785	0.063322
9784	0.063322
9783	0.063322
9782	0.063322
9781	0.063322
9778	0.063322
9280	0.063322
8585	0.063322
8567	0.063322
8553	0.063322
6465	0.063254
817	0.063178
8099	0.063137
4878	0.063086
4853	0.063070
7379	0.063059
1322	0.063048
4281	0.062984
6047	0.062943
13889	0.062878
2202	0.062807
2647	0.062677
13313	0.062571
8507	0.062571
3279	0.062389
7957	0.062383
489	0.062202
9913	0.062191
13263	0.062120
13262	0.062120
4121	0.062059
9503	0.061988
8611	0.061884
13999	0.061855
5005	0.061855
2023	0.061842
2014	0.061805
9222	0.061797
5322	0.061763
12493	0.061687
5299	0.061635
11562	0.061533
7659	0.061492
8903	0.061390
8902	0.061390
2845	0.061321
9613	0.061296
11212	0.061199
588	0.061192
8447	0.061132
11012	0.061087
9612	0.060985
9606	0.060975
2768	0.060938
12069	0.060916
5346	0.060856
6117	0.060815
4342	0.060800
487	0.060795
11226	0.060698
6868	0.060683
12374	0.060659
6271	0.060544
13945	0.060523
5013	0.060520
14283	0.060519
8392	0.060518
10542	0.060413
14358	0.060406
1458	0.060376
6656	0.060273
9686	0.060224
4305	0.060168
758	0.060148
3612	0.060137
3591	0.060108
1889	0.060101
3974	0.060071
9120	0.060027
9700	0.059981
14374	0.059932
14363	0.059932
9780	0.059870
10808	0.059837
10321	0.059803
6303	0.059778
3654	0.059773
5869	0.059762
7420	0.059734
11902	0.059728
3448	0.059718
9674	0.059621
7507	0.059585
5286	0.059538
875	0.059511
8922	0.059397
5461	0.059381
1403	0.059318
4559	0.059250
7207	0.059226
13815	0.059052
5118	0.058994
6046	0.058951
9145	0.058926
6044	0.058908
7783	0.058885
4761	0.058871
777	0.058855
1402	0.058825
14085	0.058722
7606	0.058578
782	0.058572
7495	0.058531
6742	0.058507
2278	0.058503
11850	0.058492
10403	0.058473
5790	0.058429
4774	0.058421
6447	0.058337
3431	0.058254
9058	0.058177
6701	0.058177
4042	0.058165
12143	0.058150
6671	0.058136
7757	0.058125
3498	0.057983
2980	0.057868
4486	0.057864
12243	0.057817
824	0.057739
13739	0.057702
14406	0.057665
14405	0.057665
8348	0.057618
13910	0.057613
2737	0.057582
1457	0.057550
7479	0.057477
686	0.057390
2951	0.057374
158	0.057356
2966	0.057283
14367	0.057281
2822	0.057223
5459	0.057218
86	0.057198
6307	0.057123
1740	0.057000
3116	0.056987
11923	0.056968
171	0.056946
3948	0.056905
1816	0.056805
6732	0.056799
13767	0.056723
4855	0.056709
2347	0.056677
1285	0.056653
14219	0.056615
8928	0.056576
1756	0.056544
5696	0.056535
9247	0.056497
4045	0.056487
5186	0.056482
5514	0.056365
648	0.056344
9311	0.056263
591	0.056243
9512	0.056054
8180	0.055989
9588	0.055950
3588	0.055898
4511	0.055850
12043	0.055814
6971	0.055696
5354	0.055662
1743	0.055649
5348	0.055606
12229	0.055577
5062	0.055496
3536	0.055448
2844	0.055442
5403	0.055307
3590	0.055289
825	0.055176
5571	0.055126
1897	0.055093
113	0.055054
3318	0.055053
5868	0.055001
2812	0.054979
14370	0.054946
8661	0.054902
14003	0.054900
4998	0.054808
9706	0.054792
9995	0.054709
6036	0.054637
4520	0.054600
6104	0.054551
6103	0.054551
645	0.054494
5442	0.054436
8412	0.054426
9942	0.054405
9931	0.054405
9930	0.054405
9921	0.054405
9901	0.054405
9899	0.054405
9895	0.054405
9866	0.054405
9836	0.054405
9832	0.054405
9810	0.054405
9698	0.054405
9636	0.054405
9570	0.054405
9299	0.054405
5987	0.054384
3313	0.054313
11713	0.054227
6740	0.054227
14357	0.054169
7787	0.054169
8453	0.054166
10795	0.054148
8873	0.054139
4450	0.054129
155	0.054127
11998	0.054043
3496	0.054030
4377	0.054021
3700	0.054016
1955	0.054004
8997	0.053868
