6838	0.157043
7526	0.152914
8864	0.152761
8863	0.152761
8583	0.152761
8124	0.152761
7904	0.152761
7903	0.152761
7902	0.152761
7901	0.152761
7900	0.152761
7899	0.152761
7897	0.152761
7896	0.152761
7895	0.152761
2097	0.151690
876	0.150406
5347	0.149579
11989	0.149420
7774	0.148612
5641	0.148612
5642	0.148611
5546	0.147793
51	0.144981
2600	0.142836
13449	0.141854
7295	0.141433
2968	0.141107
9623	0.138972
11658	0.138773
13265	0.138424
5219	0.135108
2107	0.134975
2105	0.133377
2109	0.127793
2114	0.125854
2052	0.125818
9775	0.125578
3636	0.125472
2523	0.125009
6482	0.124873
5346	0.123602
5697	0.123574
352	0.123324
7379	0.122894
5413	0.121839
7089	0.121266
2110	0.120674
8531	0.120180
498	0.119663
6378	0.119191
8615	0.118342
9385	0.118120
13557	0.117960
13556	0.117960
35	0.117782
4672	0.117722
4383	0.117636
1119	0.117510
2845	0.117442
6255	0.117423
221	0.117421
9610	0.117385
1120	0.117136
3973	0.117131
12252	0.116933
370	0.116923
1228	0.116819
13247	0.116400
4667	0.115959
11679	0.115686
353	0.115435
4542	0.115243
2064	0.115014
7453	0.114883
1118	0.114705
4671	0.114501
4669	0.114501
7676	0.114472
2990	0.114457
4670	0.113913
1232	0.113873
1229	0.113873
8207	0.112861
1265	0.112838
4538	0.112320
6618	0.111842
8773	0.111045
6621	0.111045
5967	0.110523
8090	0.110125
2847	0.110125
2843	0.110125
2839	0.110125
7913	0.110101
5968	0.110101
470	0.110101
469	0.110036
861	0.110027
2840	0.110026
11988	0.109884
11806	0.109872
5354	0.109865
2996	0.109308
4778	0.108901
6623	0.108900
2263	0.108726
14342	0.108542
12030	0.108209
3507	0.108098
10227	0.107876
1044	0.107767
1231	0.107440
9218	0.107396
8661	0.107274
9307	0.107232
1400	0.107097
7659	0.107065
10232	0.106864
2952	0.106773
9633	0.106657
9630	0.106657
9628	0.106657
9626	0.106657
9625	0.106657
9624	0.106657
9622	0.106657
9621	0.106657
9620	0.106657
9619	0.106657
9618	0.106657
9615	0.106657
9482	0.106657
4668	0.106579
1419	0.106327
38	0.106259
2040	0.106215
2182	0.106089
1800	0.106012
404	0.105900
11646	0.105747
12873	0.105711
13394	0.105321
4416	0.105235
633	0.105152
11147	0.104793
7131	0.104577
9578	0.104385
7420	0.103957
9135	0.103951
9706	0.103786
9347	0.103736
1030	0.103730
11678	0.103193
9726	0.103116
331	0.102984
6102	0.102967
9942	0.102620
9931	0.102620
9930	0.102620
9921	0.102620
9901	0.102620
9899	0.102620
9895	0.102620
9866	0.102620
9836	0.102620
9832	0.102620
9810	0.102620
9698	0.102620
9636	0.102620
9570	0.102620
9299	0.102620
2128	0.102323
10226	0.102275
10694	0.101948
268	0.101927
5268	0.101541
6278	0.101411
3934	0.101304
11818	0.101087
9613	0.100969
5038	0.100184
9436	0.100146
8928	0.099733
14266	0.099711
3741	0.099602
9269	0.099416
11322	0.099391
4865	0.099323
9606	0.099305
11212	0.099108
10233	0.099060
9503	0.098742
11715	0.098742
9150	0.098559
8312	0.098531
6393	0.098254
14407	0.098004
5745	0.097935
9484	0.097776
9483	0.097776
1040	0.097601
7981	0.097585
6303	0.097541
5746	0.097530
7752	0.097505
2168	0.097427
6117	0.097050
11737	0.096889
9462	0.096707
1254	0.096672
599	0.096622
13050	0.096434
882	0.096263
6767	0.096088
6765	0.096088
6764	0.096088
9612	0.095744
2118	0.095457
3837	0.095308
2964	0.095223
14415	0.095014
9277	0.095014
9957	0.095006
12069	0.094939
2666	0.094862
1952	0.094836
4111	0.094818
3705	0.094791
14162	0.094536
9338	0.094533
9711	0.094509
9708	0.094509
9707	0.094509
9705	0.094509
9703	0.094509
9699	0.094484
414	0.094408
9702	0.094251
1300	0.094215
9611	0.094207
730	0.094207
1905	0.094159
7553	0.094009
5500	0.094005
12785	0.093959
4231	0.093872
3505	0.093780
12784	0.093522
11858	0.093252
1420	0.093075
6295	0.093068
9439	0.092695
3539	0.092659
11987	0.092518
12093	0.092406
5747	0.092060
10648	0.091998
426	0.091865
10110	0.091783
6689	0.091703
6967	0.091703
10800	0.091694
4301	0.091675
12442	0.091641
8892	0.091641
6191	0.091605
12549	0.091592
2049	0.091502
5059	0.091453
781	0.091369
6302	0.091347
6267	0.091347
8204	0.091176
5779	0.091043
4977	0.090909
1402	0.090747
5778	0.090735
8503	0.090507
4976	0.090499
2709	0.090490
168	0.090457
10186	0.090433
12077	0.090413
6461	0.090413
3711	0.090413
13235	0.090258
9909	0.090247
9152	0.090180
13633	0.090102
9794	0.090040
6908	0.089720
7560	0.089710
5123	0.089646
13490	0.089635
13632	0.089635
13631	0.089635
10230	0.089531
9534	0.089289
9533	0.089289
9529	0.089289
9509	0.089289
9704	0.089274
3596	0.089183
2116	0.089178
3203	0.088998
2518	0.088919
351	0.088853
1097	0.088765
9512	0.088513
9928	0.088479
7306	0.088347
9609	0.088319
9580	0.088319
11548	0.088302
11902	0.088278
9170	0.088220
7830	0.088036
10542	0.088012
2062	0.087941
6763	0.087829
7686	0.087670
3389	0.087413
222	0.087238
2117	0.087202
3448	0.087119
10330	0.087090
683	0.087061
4144	0.086755
11298	0.086614
10994	0.086614
12721	0.086562
406	0.086475
1132	0.086467
2267	0.086390
6149	0.086232
13994	0.086193
7931	0.086193
613	0.086140
13621	0.086045
6044	0.086001
2892	0.085920
1039	0.085718
13448	0.085696
7388	0.085600
4165	0.085584
2054	0.085470
2828	0.085355
316	0.085278
1777	0.085154
11019	0.085091
823	0.084917
2962	0.084855
13281	0.084777
13282	0.084774
4343	0.084767
9631	0.084743
2950	0.084538
1768	0.084488
1094	0.084450
9713	0.084389
8676	0.084259
1293	0.084252
1111	0.084222
6305	0.084072
13030	0.083966
3841	0.083945
503	0.083930
2111	0.083769
1078	0.083732
9415	0.083676
8851	0.083676
8850	0.083676
3710	0.083551
2542	0.083518
6217	0.083515
4176	0.083462
4175	0.083459
9226	0.083439
9217	0.083439
8534	0.083439
7827	0.083408
12276	0.083407
14263	0.083407
14002	0.083407
14001	0.083407
14000	0.083407
13998	0.083407
13996	0.083407
6666	0.083407
5064	0.083407
4854	0.083407
4852	0.083407
6806	0.083396
2380	0.083384
874	0.083345
7767	0.083293
304	0.083161
4922	0.083130
6971	0.083120
12915	0.083070
12914	0.083070
7288	0.083019
11781	0.082941
8584	0.082941
8468	0.082886
2978	0.082886
2977	0.082886
2037	0.082846
9177	0.082698
6300	0.082558
1442	0.082499
13997	0.082450
2185	0.082376
487	0.082236
6317	0.082101
2973	0.082098
225	0.082096
8611	0.082021
10229	0.082002
9024	0.081973
9023	0.081973
9022	0.081973
8949	0.081973
3604	0.081942
12074	0.081891
9627	0.081816
6035	0.081750
6277	0.081721
10097	0.081697
5780	0.081694
881	0.081687
12686	0.081651
782	0.081623
1386	0.081559
115	0.081473
3778	0.081464
9413	0.081447
12909	0.081444
2067	0.081433
11612	0.081410
13435	0.081332
2059	0.081332
4262	0.081311
4121	0.081307
2057	0.081278
2274	0.081230
11798	0.081185
879	0.081184
9495	0.081177
9147	0.081177
2042	0.081021
2881	0.080945
11760	0.080829
6007	0.080821
9531	0.080792
2981	0.080764
6395	0.080541
6252	0.080494
7856	0.080456
786	0.080343
685	0.080246
6034	0.080182
9519	0.080177
7261	0.080153
2214	0.080086
9034	0.080068
7182	0.080056
2773	0.079944
314	0.079834
2072	0.079731
713	0.079694
9540	0.079643
2765	0.079519
2612	0.079502
1893	0.079330
2970	0.079174
8625	0.079136
14233	0.079069
1136	0.079069
9797	0.079054
14085	0.079028
11813	0.078982
3508	0.078972
13767	0.078916
9231	0.078890
8634	0.078887
155	0.078787
12944	0.078703
2621	0.078476
4450	0.078473
4377	0.078458
11998	0.078450
4255	0.078426
7874	0.078353
6781	0.078314
12089	0.078291
2069	0.078268
2066	0.078268
10838	0.078239
8112	0.078145
2068	0.078145
5191	0.078144
3438	0.078014
1673	0.077947
1121	0.077865
9700	0.077848
1458	0.077839
13360	0.077781
2424	0.077765
586	0.077757
12310	0.077679
4118	0.077625
12125	0.077599
9145	0.077524
6742	0.077362
3292	0.077338
4537	0.077325
9108	0.077274
2411	0.077210
9192	0.077190
1173	0.077178
524	0.077125
2280	0.077042
9109	0.077012
6889	0.077003
6731	0.076966
295	0.076965
3553	0.076939
11226	0.076914
571	0.076780
9102	0.076767
10839	0.076721
9709	0.076719
888	0.076652
2113	0.076565
6587	0.076523
2941	0.076384
1133	0.076378
977	0.076258
227	0.076237
307	0.076233
4053	0.076224
336	0.076120
9121	0.075978
9112	0.075978
13926	0.075874
6127	0.075864
11955	0.075862
9780	0.075737
743	0.075708
11982	0.075643
5414	0.075643
5412	0.075643
79	0.075635
2119	0.075627
3047	0.075621
11840	0.075610
10356	0.075562
6881	0.075521
2958	0.075241
13659	0.075214
13658	0.075214
5299	0.075197
8714	0.075188
7955	0.075180
6016	0.075169
11607	0.075166
6472	0.075139
2820	0.075126
311	0.075089
5063	0.075062
10456	0.075030
936	0.075019
2061	0.074915
2599	0.074843
10943	0.074840
14416	0.074751
329	0.074721
330	0.074677
11999	0.074675
4304	0.074656
4302	0.074656
4045	0.074585
2980	0.074553
4848	0.074524
13456	0.074437
13342	0.074437
11233	0.074366
9381	0.074366
12949	0.074341
12947	0.074341
12946	0.074341
12945	0.074341
12943	0.074341
12942	0.074341
6663	0.074297
338	0.074262
12636	0.074258
12684	0.074215
2363	0.074186
2846	0.074173
5748	0.074163
10723	0.074161
3786	0.074132
2979	0.074075
8845	0.074039
224	0.074035
11300	0.073970
6616	0.073938
312	0.073905
11129	0.073819
2954	0.073803
6501	0.073787
3320	0.073786
10761	0.073759
4160	0.073721
239	0.073711
4855	0.073663
6841	0.073641
13131	0.073455
700	0.073434
2046	0.073421
2955	0.073351
2953	0.073351
3666	0.073318
6081	0.073286
10658	0.073276
6835	0.073158
13462	0.073142
4850	0.073040
7881	0.073032
817	0.073022
12219	0.073013
6741	0.072957
11469	0.072930
235	0.072841
10762	0.072799
7458	0.072675
10657	0.072625
2115	0.072607
13285	0.072570
3144	0.072538
6697	0.072504
4485	0.072454
4128	0.072426
8604	0.072294
12670	0.072143
2535	0.072085
5182	0.072032
534	0.072015
13788	0.071905
877	0.071850
4720	0.071824
532	0.071808
2112	0.071791
2442	0.071766
2018	0.071671
10300	0.071621
12348	0.071589
8711	0.071558
8732	0.071511
5033	0.071382
8710	0.071360
5863	0.071306
13500	0.071227
2041	0.071188
4112	0.071177
9200	0.071173
825	0.071164
10776	0.071110
13928	0.071062
7090	0.071060
2102	0.071026
158	0.071015
11121	0.070916
2541	0.070904
12250	0.070898
630	0.070864
11803	0.070824
2461	0.070753
306	0.070747
9605	0.070721
13665	0.070690
9538	0.070649
5142	0.070643
12275	0.070621
243	0.070583
9741	0.070565
3310	0.070565
4624	0.070547
2396	0.070444
354	0.070434
11817	0.070384
6990	0.070384
1109	0.070373
310	0.070367
13850	0.070274
3952	0.070243
9539	0.070229
716	0.070204
2093	0.070153
9875	0.070153
7114	0.070121
14427	0.070091
6896	0.070057
11739	0.070024
2458	0.070024
8451	0.069982
8712	0.069970
8303	0.069970
8302	0.069970
7362	0.069970
6359	0.069970
8792	0.069955
114	0.069949
3314	0.069921
10098	0.069906
9918	0.069894
6202	0.069893
4113	0.069881
12235	0.069877
6055	0.069844
5302	0.069803
6851	0.069782
9201	0.069780
5296	0.069755
4974	0.069754
2	0.069687
1836	0.069606
4692	0.069593
11609	0.069552
303	0.069525
9207	0.069522
9205	0.069522
8528	0.069522
12236	0.069493
3774	0.069487
10231	0.069486
5034	0.069468
12141	0.069464
11799	0.069448
9520	0.069391
1346	0.069360
14358	0.069348
3639	0.069286
333	0.069243
13015	0.069240
6304	0.069225
513	0.069128
5631	0.069118
4042	0.069090
456	0.069082
3736	0.069080
14004	0.069070
4866	0.069070
6322	0.069065
14269	0.069035
5289	0.069014
4120	0.069010
12143	0.068978
3311	0.068966
3388	0.068945
2181	0.068935
11048	0.068898
10748	0.068897
9834	0.068897
4106	0.068895
6072	0.068891
1958	0.068890
252	0.068886
771	0.068841
13545	0.068827
9913	0.068716
6525	0.068715
9393	0.068684
2124	0.068684
8076	0.068568
9543	0.068534
1850	0.068526
1052	0.068449
7622	0.068433
1686	0.068411
5291	0.068342
9735	0.068333
1740	0.068314
4834	0.068286
814	0.068225
5221	0.068122
2972	0.068058
9098	0.068038
4582	0.068010
3083	0.068009
6636	0.068003
4163	0.067987
8352	0.067964
8351	0.067964
2957	0.067964
2956	0.067964
7872	0.067964
14418	0.067926
14417	0.067926
13284	0.067926
13152	0.067926
9795	0.067926
9793	0.067926
9792	0.067926
9791	0.067926
9789	0.067926
9745	0.067926
9163	0.067926
8614	0.067926
8613	0.067926
8177	0.067926
8391	0.067912
3087	0.067912
56	0.067826
12135	0.067776
5433	0.067766
92	0.067747
13693	0.067707
12403	0.067677
4229	0.067654
10642	0.067647
4366	0.067601
9248	0.067592
335	0.067591
334	0.067591
327	0.067591
305	0.067591
302	0.067591
6886	0.067574
10809	0.067572
7580	0.067572
9168	0.067549
2951	0.067548
4363	0.067506
7581	0.067495
332	0.067466
8709	0.067454
8937	0.067443
5737	0.067308
9831	0.067290
5777	0.067290
11065	0.067269
4998	0.067198
14003	0.067188
1837	0.067160
7993	0.067133
11601	0.067130
10060	0.067091
4365	0.067091
3654	0.067040
2207	0.067033
13467	0.067018
4511	0.067013
124	0.066949
9710	0.066931
1169	0.066888
13945	0.066842
9770	0.066837
8635	0.066807
6473	0.066741
10337	0.066712
8619	0.066705
13552	0.066704
13511	0.066704
13507	0.066704
2755	0.066611
1291	0.066580
1496	0.066566
4105	0.066451
1403	0.066341
2521	0.066267
1903	0.066263
321	0.066219
2060	0.066091
63	0.066089
6694	0.066066
3700	0.066065
12031	0.066040
6895	0.066034
5908	0.066018
2844	0.065969
2073	0.065930
2669	0.065913
251	0.065787
3739	0.065783
4243	0.065776
8929	0.065741
10666	0.065733
4824	0.065719
11784	0.065709
2593	0.065702
9215	0.065697
2902	0.065670
9787	0.065635
9786	0.065635
9785	0.065635
9784	0.065635
9783	0.065635
9782	0.065635
9781	0.065635
9778	0.065635
9280	0.065635
8585	0.065635
8567	0.065635
8553	0.065635
5348	0.065632
2430	0.065625
5914	0.065609
223	0.065607
6465	0.065547
9769	0.065498
4664	0.065464
119	0.065450
9480	0.065428
8533	0.065428
11914	0.065404
4755	0.065387
5243	0.065314
5189	0.065292
4305	0.065268
1731	0.065226
10661	0.065223
1656	0.065210
7263	0.065164
4463	0.065133
6913	0.065128
343	0.065080
11896	0.065068
6430	0.065062
1123	0.065062
1252	0.064999
1114	0.064997
11099	0.064900
3171	0.064885
761	0.064845
9673	0.064796
12522	0.064760
12530	0.064706
4032	0.064625
12296	0.064508
6244	0.064508
10093	0.064493
12053	0.064485
3745	0.064479
13910	0.064477
12182	0.064443
4464	0.064443
11394	0.064411
7715	0.064369
7240	0.064337
1377	0.064325
9069	0.064325
9068	0.064325
9067	0.064325
4241	0.064315
1383	0.064300
7195	0.064293
7193	0.064293
5287	0.064226
7101	0.064224
1986	0.064211
2104	0.064111
8398	0.064052
10333	0.064048
5963	0.064029
6695	0.063994
12423	0.063988
13533	0.063984
13532	0.063984
13531	0.063984
1320	0.063981
3398	0.063980
8180	0.063978
5186	0.063976
6557	0.063944
2870	0.063936
7958	0.063914
12462	0.063909
10685	0.063909
14209	0.063891
11903	0.063861
9840	0.063847
2817	0.063787
7258	0.063750
11996	0.063688
5118	0.063654
2364	0.063633
1491	0.063615
1756	0.063536
13815	0.063521
7772	0.063519
9796	0.063497
9870	0.063487
837	0.063482
4469	0.063466
4659	0.063451
10094	0.063418
