2240	0.318360
2234	0.259599
9398	0.256023
9399	0.255941
8353	0.255941
9936	0.254905
9937	0.254755
809	0.166801
799	0.162721
173	0.160969
2237	0.158619
9689	0.143968
379	0.142129
397	0.137439
3304	0.136962
805	0.129068
2233	0.128214
1825	0.114026
1221	0.111937
8962	0.111448
8961	0.111448
3309	0.111448
10130	0.110769
1222	0.110649
2236	0.109246
6047	0.104418
895	0.104012
8250	0.101400
7014	0.101344
6323	0.100904
2947	0.100560
3303	0.100517
11637	0.098067
78	0.096138
1828	0.096089
5719	0.096045
1209	0.094518
6325	0.094090
7166	0.093832
10658	0.093243
10657	0.092298
3023	0.091811
6730	0.091740
4324	0.091534
3037	0.091493
1572	0.091351
4164	0.090836
5683	0.089686
3413	0.089608
5713	0.087583
12399	0.087487
762	0.087243
2315	0.086770
605	0.086090
10710	0.086041
11206	0.086019
2737	0.085118
11094	0.085001
11923	0.084577
6562	0.084375
1689	0.083892
4023	0.083673
10053	0.083254
3305	0.082809
3302	0.082809
4567	0.082792
4565	0.082792
7540	0.082246
2421	0.082161
398	0.082105
10577	0.082080
6444	0.082060
4428	0.082055
4429	0.082055
12163	0.082055
4430	0.082055
1469	0.081995
5389	0.081950
12444	0.081924
12445	0.081799
4022	0.081692
6660	0.081461
12792	0.081438
6271	0.081244
9774	0.081225
6965	0.081225
11556	0.081172
12493	0.081144
8900	0.081070
11244	0.081054
5322	0.080972
4434	0.080841
12024	0.080685
5390	0.080685
12551	0.080647
5488	0.080589
12791	0.080458
12788	0.080458
2771	0.080290
9948	0.080214
5869	0.080213
12374	0.080059
7875	0.079735
4467	0.079242
13166	0.079123
10677	0.078719
10069	0.078659
2761	0.078434
4457	0.078364
13225	0.078269
10272	0.078206
10676	0.077866
11554	0.077627
11019	0.077513
4786	0.077233
11098	0.077002
1369	0.076985
9835	0.076826
7513	0.076620
12809	0.076431
6046	0.076209
11486	0.075658
8622	0.075576
12704	0.075359
3137	0.075097
1507	0.075071
11182	0.074723
1018	0.074148
11491	0.073904
5868	0.073858
12232	0.073785
3163	0.073526
10836	0.073459
11804	0.073381
11183	0.073371
6964	0.073226
378	0.072841
12063	0.072741
3591	0.072567
10576	0.072530
5512	0.072216
5388	0.072092
10674	0.071932
1732	0.071780
11929	0.071740
12009	0.071687
11665	0.071687
3496	0.071651
8904	0.071440
3009	0.071362
11142	0.071347
5262	0.071250
1826	0.071222
7530	0.071110
10531	0.071017
5957	0.070988
313	0.070855
12145	0.070846
10515	0.070846
5956	0.070846
12898	0.070804
4279	0.070771
5321	0.070638
2235	0.070636
3699	0.070628
3010	0.070624
11145	0.070565
7418	0.070559
5714	0.070557
4514	0.070484
3497	0.070390
6453	0.070261
5514	0.070186
12621	0.070079
3012	0.070042
5491	0.069982
9337	0.069946
11539	0.069911
3370	0.069817
6096	0.069811
5041	0.069680
12542	0.069674
10033	0.069648
8329	0.069562
12496	0.069462
3372	0.069449
11853	0.069420
1570	0.069284
12595	0.069190
602	0.069128
11419	0.069078
12832	0.069041
5350	0.069002
3342	0.068959
380	0.068834
3014	0.068824
5502	0.068585
6499	0.068561
11463	0.068534
12804	0.068446
7940	0.068426
8003	0.068109
11510	0.068067
10068	0.067647
13154	0.067594
3451	0.067405
11247	0.067403
11501	0.067402
10843	0.067361
10486	0.067286
12571	0.067181
9917	0.067022
7419	0.066917
10722	0.066891
7650	0.066800
7096	0.066800
12148	0.066746
7411	0.066746
5349	0.066691
396	0.066485
12426	0.066425
11515	0.066336
3307	0.066258
12509	0.066191
11173	0.066187
7529	0.066166
803	0.065972
7055	0.065964
808	0.065952
11053	0.065937
3371	0.065921
11477	0.065885
3308	0.065819
9989	0.065807
5513	0.065799
12401	0.065654
9944	0.065418
10547	0.065390
8704	0.065374
477	0.065115
2874	0.065023
10647	0.065006
8797	0.064935
12807	0.064782
12795	0.064782
10852	0.064755
10921	0.064641
2811	0.064638
11159	0.064530
9857	0.064522
10927	0.064431
11689	0.064297
743	0.064224
2783	0.064223
9720	0.064168
3025	0.064085
6052	0.064040
11777	0.063971
10530	0.063914
13794	0.063656
12500	0.063648
1538	0.063636
10714	0.063570
3313	0.063567
13622	0.063438
12701	0.063388
12637	0.063314
12628	0.063292
4819	0.063190
4068	0.063160
544	0.062906
5483	0.062474
12404	0.062412
12536	0.062199
12787	0.062026
172	0.061942
12552	0.061853
494	0.061835
10885	0.061799
4833	0.061754
10682	0.061712
11575	0.061468
11516	0.061446
9555	0.061264
11568	0.061252
11172	0.061213
10738	0.061187
8652	0.061179
581	0.061082
6490	0.061005
9971	0.060994
9418	0.060970
12597	0.060877
1352	0.060786
10482	0.060747
7246	0.060658
12508	0.060558
5250	0.060487
9419	0.060431
6626	0.060402
7581	0.060279
10884	0.060264
10809	0.060256
7580	0.060256
8794	0.060199
2545	0.060188
12813	0.060175
12624	0.060132
3060	0.060124
12574	0.060114
5221	0.060077
12656	0.060071
11218	0.060053
12607	0.059930
11201	0.059855
10340	0.059839
10683	0.059799
12803	0.059711
10048	0.059557
11447	0.059411
9950	0.059406
14017	0.059337
7914	0.059337
3672	0.059205
12633	0.059142
10141	0.059052
10035	0.059052
12525	0.058947
5352	0.058917
4744	0.058801
77	0.058758
7988	0.058657
2471	0.058625
2515	0.058594
5346	0.058565
10046	0.058472
6425	0.058349
11354	0.058347
2770	0.058330
892	0.058289
5650	0.058235
11125	0.058210
10520	0.058183
13377	0.057994
7070	0.057922
12666	0.057887
6887	0.057860
8054	0.057828
11312	0.057813
567	0.057806
12654	0.057772
12638	0.057707
12808	0.057680
14108	0.057661
4745	0.057661
948	0.057613
9865	0.057612
3630	0.057552
2251	0.057530
11150	0.057518
10432	0.057512
6201	0.057483
11580	0.057424
6485	0.057393
7762	0.057379
11168	0.057326
12408	0.057312
11163	0.057302
3057	0.057182
10136	0.057116
10609	0.057040
11494	0.056946
4327	0.056939
13333	0.056921
4291	0.056882
9194	0.056771
6326	0.056769
10735	0.056744
5969	0.056744
11533	0.056675
12647	0.056666
9946	0.056658
6711	0.056654
11518	0.056647
10944	0.056631
11153	0.056565
10845	0.056565
11217	0.056542
6118	0.056522
14109	0.056401
10736	0.056401
12697	0.056377
4945	0.056360
6418	0.056340
12587	0.056270
10152	0.056220
8887	0.056200
10713	0.056143
8947	0.056035
2760	0.056025
9094	0.055982
9093	0.055982
9092	0.055982
9065	0.055982
3217	0.055969
6332	0.055963
7139	0.055914
10441	0.055889
12177	0.055881
10142	0.055878
3748	0.055876
6012	0.055847
12579	0.055837
5870	0.055835
12405	0.055814
10687	0.055793
10737	0.055792
2586	0.055764
8297	0.055712
3633	0.055698
546	0.055616
12835	0.055594
10606	0.055548
7975	0.055523
13153	0.055515
10171	0.055515
10170	0.055515
10686	0.055444
11495	0.055443
10095	0.055384
2733	0.055307
9958	0.055215
1712	0.055196
14238	0.055183
14175	0.055183
14044	0.055183
11007	0.055178
10626	0.055157
13737	0.055155
12610	0.055136
11497	0.055019
6733	0.055002
6810	0.054988
1963	0.054949
13841	0.054907
11174	0.054902
5970	0.054885
3369	0.054873
14349	0.054864
14344	0.054864
14316	0.054864
14309	0.054864
14306	0.054864
14260	0.054864
14240	0.054864
14216	0.054864
14168	0.054864
10846	0.054857
13041	0.054851
6119	0.054851
3035	0.054844
4188	0.054825
14045	0.054740
12650	0.054653
7403	0.054623
9926	0.054589
9925	0.054589
9924	0.054589
9852	0.054589
7773	0.054589
7447	0.054589
10903	0.054522
11474	0.054519
12098	0.054485
3958	0.054485
2778	0.054466
11485	0.054459
12806	0.054438
12594	0.054428
13361	0.054352
570	0.054342
14063	0.054323
8253	0.054311
894	0.054303
705	0.054227
7062	0.054208
11332	0.054198
3959	0.054193
13838	0.054187
8884	0.054167
9967	0.054150
12707	0.054095
6128	0.054066
12796	0.054022
2983	0.054006
9900	0.053951
9165	0.053951
7387	0.053951
11082	0.053945
11315	0.053912
13151	0.053893
9908	0.053882
9164	0.053882
1218	0.053880
4397	0.053839
5143	0.053763
1681	0.053717
4933	0.053660
12410	0.053638
6428	0.053631
6427	0.053631
12409	0.053608
566	0.053598
14245	0.053531
10542	0.053524
6758	0.053471
6290	0.053459
2731	0.053458
2634	0.053316
9276	0.053243
9275	0.053243
9166	0.053243
7173	0.053243
7138	0.053243
7133	0.053243
7069	0.053243
10784	0.053209
10758	0.053187
6667	0.053171
11530	0.053168
8905	0.053152
5148	0.053129
12627	0.053026
958	0.052994
3886	0.052978
7434	0.052937
5567	0.052919
11179	0.052883
3795	0.052878
13413	0.052743
4568	0.052696
959	0.052509
548	0.052480
7165	0.052473
6497	0.052442
8460	0.052377
10263	0.052349
12630	0.052323
12812	0.052284
3845	0.052236
9790	0.052231
10684	0.052207
6291	0.052119
12561	0.052109
9417	0.052104
10721	0.052098
4221	0.052067
7898	0.052049
12776	0.052007
8901	0.051971
8513	0.051960
2411	0.051920
11086	0.051895
2447	0.051844
10492	0.051838
12200	0.051792
4645	0.051752
7817	0.051731
10538	0.051648
13376	0.051642
4787	0.051631
10654	0.051605
11522	0.051588
9964	0.051542
10857	0.051417
167	0.051394
5623	0.051358
4729	0.051351
4763	0.051342
10443	0.051298
9026	0.051254
10186	0.051249
11964	0.051132
10305	0.051099
8906	0.051079
6962	0.051078
8405	0.051065
11263	0.051064
12605	0.051032
9536	0.051027
9126	0.050969
11534	0.050964
11571	0.050855
4818	0.050814
2812	0.050697
9169	0.050674
6871	0.050657
6710	0.050657
4488	0.050624
10042	0.050592
10468	0.050580
11010	0.050577
12710	0.050523
13233	0.050521
3838	0.050457
9915	0.050450
6045	0.050421
4831	0.050310
7201	0.050190
4289	0.050160
14111	0.050143
14080	0.050143
6163	0.050072
11643	0.050072
12773	0.050055
6544	0.050041
12515	0.050039
1948	0.050005
1042	0.049997
2625	0.049990
3046	0.049985
4349	0.049976
12799	0.049955
10655	0.049897
435	0.049875
1530	0.049792
4964	0.049784
10475	0.049764
13716	0.049732
7973	0.049704
6535	0.049698
12648	0.049666
10339	0.049642
11691	0.049628
12609	0.049613
12393	0.049584
8802	0.049578
11464	0.049563
8069	0.049541
13383	0.049534
13340	0.049492
3654	0.049489
3764	0.049481
11564	0.049451
5608	0.049442
3664	0.049441
11223	0.049398
8067	0.049395
10907	0.049361
9136	0.049256
11511	0.049167
10911	0.049086
1555	0.049074
9717	0.049004
3120	0.048995
6124	0.048935
10859	0.048923
11151	0.048910
9847	0.048890
3341	0.048882
12617	0.048879
4206	0.048866
1897	0.048857
11154	0.048850
960	0.048803
12836	0.048792
12824	0.048792
11351	0.048775
7930	0.048744
7026	0.048740
11565	0.048732
12396	0.048617
11368	0.048602
10511	0.048600
6601	0.048592
2452	0.048587
9927	0.048570
9896	0.048570
7208	0.048570
5743	0.048563
5887	0.048499
3042	0.048493
12438	0.048449
10389	0.048444
7531	0.048429
4096	0.048429
13719	0.048419
10588	0.048419
7547	0.048419
2013	0.048393
4664	0.048350
7520	0.048339
12708	0.048310
12567	0.048300
3034	0.048297
12526	0.048292
7061	0.048242
13121	0.048241
4789	0.048241
4788	0.048241
8237	0.048235
5614	0.048233
2302	0.048194
11101	0.048191
6387	0.048170
8079	0.048162
11111	0.048154
5271	0.048151
10970	0.048105
7053	0.048099
10349	0.048087
6123	0.048086
4655	0.048051
10559	0.048035
6946	0.047947
4116	0.047938
3181	0.047919
8935	0.047906
12660	0.047896
10506	0.047894
1045	0.047894
12649	0.047891
14247	0.047817
12502	0.047812
12743	0.047765
1737	0.047736
12764	0.047728
11405	0.047690
6809	0.047651
11052	0.047582
3210	0.047550
3390	0.047498
11226	0.047489
7535	0.047475
853	0.047424
10819	0.047422
12562	0.047403
12606	0.047346
7523	0.047327
10433	0.047319
11057	0.047289
12548	0.047258
7094	0.047257
4295	0.047241
3055	0.047238
6592	0.047229
11572	0.047221
11205	0.047177
9808	0.047132
8654	0.047123
8653	0.047123
3237	0.047091
11953	0.047087
10037	0.047030
8249	0.047001
10926	0.046965
13398	0.046962
10613	0.046954
12790	0.046944
10483	0.046936
6614	0.046924
11542	0.046914
12505	0.046895
4038	0.046882
2984	0.046861
3726	0.046852
12400	0.046840
11586	0.046840
6098	0.046832
8141	0.046762
11400	0.046761
12589	0.046735
2889	0.046733
10556	0.046719
1885	0.046704
1884	0.046704
1883	0.046704
6655	0.046670
4863	0.046647
9179	0.046642
10741	0.046624
11088	0.046613
11453	0.046613
11452	0.046613
11451	0.046613
11449	0.046613
11445	0.046613
11427	0.046613
11391	0.046613
11388	0.046613
11331	0.046613
11327	0.046613
11268	0.046613
2594	0.046586
971	0.046554
3791	0.046550
61	0.046538
8080	0.046537
7505	0.046504
5522	0.046504
10447	0.046478
10446	0.046478
10445	0.046478
10442	0.046478
8656	0.046468
1684	0.046415
11139	0.046404
10707	0.046402
8477	0.046367
2762	0.046363
1932	0.046350
8010	0.046304
11009	0.046297
9982	0.046286
12726	0.046281
6561	0.046268
323	0.046237
13165	0.046224
8883	0.046221
9983	0.046189
10499	0.046187
11496	0.046159
13566	0.046141
12514	0.046113
6062	0.046109
10425	0.046057
1435	0.046050
10972	0.046036
6334	0.046031
12573	0.046001
6824	0.045994
12608	0.045975
604	0.045970
13569	0.045960
12599	0.045955
11424	0.045942
10419	0.045924
6438	0.045917
12896	0.045915
4513	0.045915
5833	0.045908
12398	0.045899
484	0.045897
12557	0.045888
10139	0.045869
1925	0.045868
8444	0.045867
2526	0.045859
6252	0.045846
11175	0.045832
151	0.045828
12756	0.045772
12658	0.045764
11116	0.045764
2795	0.045764
2794	0.045764
4935	0.045743
13820	0.045741
2513	0.045728
3350	0.045715
1506	0.045713
2800	0.045711
4589	0.045692
12818	0.045673
3982	0.045668
12040	0.045654
119	0.045634
14204	0.045619
9168	0.045617
9961	0.045600
10311	0.045600
227	0.045593
11783	0.045591
542	0.045546
11519	0.045534
12833	0.045462
8314	0.045461
5649	0.045447
12397	0.045404
752	0.045386
12626	0.045384
12497	0.045361
13183	0.045345
11008	0.045345
9992	0.045293
9237	0.045278
11381	0.045254
2511	0.045250
5447	0.045243
11492	0.045219
9706	0.045211
10851	0.045191
13073	0.045189
6941	0.045189
5368	0.045189
2342	0.045155
3266	0.045147
4228	0.045132
4223	0.045132
3816	0.045132
10005	0.045125
12187	0.045094
12732	0.045069
6570	0.045052
11528	0.045036
9827	0.044990
3658	0.044986
11180	0.044946
10894	0.044929
10841	0.044896
5565	0.044893
10535	0.044893
10534	0.044892
887	0.044887
7154	0.044882
12575	0.044880
10554	0.044868
1046	0.044838
11540	0.044836
12636	0.044834
4564	0.044817
6649	0.044812
6647	0.044812
6646	0.044812
5610	0.044812
11350	0.044793
8609	0.044788
6138	0.044787
12109	0.044766
5948	0.044766
795	0.044739
10336	0.044703
12531	0.044683
11170	0.044676
12413	0.044641
2435	0.044543
7819	0.044539
12336	0.044524
3626	0.044509
7645	0.044497
5040	0.044470
10212	0.044453
5056	0.044443
8908	0.044435
11520	0.044407
2162	0.044397
10739	0.044352
10788	0.044352
10777	0.044352
10759	0.044352
2445	0.044339
12029	0.044320
10783	0.044308
5129	0.044299
5521	0.044290
12711	0.044269
11493	0.044263
2354	0.044248
11506	0.044232
3597	0.044211
10358	0.044206
6234	0.044195
12149	0.044190
12538	0.044185
4451	0.044169
5773	0.044137
6289	0.044133
2473	0.044101
9587	0.044098
4420	0.044097
2777	0.044091
2260	0.044083
13500	0.044038
2464	0.044020
10235	0.043998
11160	0.043995
12512	0.043965
232	0.043959
6911	0.043942
8144	0.043938
2816	0.043932
8930	0.043917
6945	0.043872
1889	0.043847
12577	0.043798
938	0.043791
9520	0.043780
5039	0.043770
10376	0.043756
3169	0.043755
12713	0.043742
10998	0.043729
10997	0.043729
5576	0.043717
3173	0.043712
10518	0.043699
5670	0.043672
929	0.043577
8606	0.043549
11512	0.043472
