2240	0.233171
173	0.232968
379	0.203713
2237	0.202629
3304	0.198890
8962	0.188863
8961	0.188863
3309	0.188863
1221	0.188744
1222	0.187938
895	0.183649
397	0.176904
9689	0.165692
2234	0.156495
378	0.148156
3305	0.147438
3302	0.147438
12009	0.146497
11665	0.146497
9398	0.145092
9399	0.144990
8353	0.144990
9936	0.143105
9937	0.142844
5389	0.141263
4567	0.139845
4565	0.139845
5683	0.138191
602	0.136403
762	0.133559
10053	0.132301
2771	0.131833
7940	0.131148
3025	0.131074
2421	0.130999
12024	0.130622
5390	0.130622
313	0.130240
9774	0.129985
6965	0.129985
6096	0.126570
7513	0.124637
938	0.123887
605	0.121216
396	0.120518
3308	0.120363
3307	0.120357
380	0.120349
1435	0.120003
9808	0.119978
2924	0.119731
2921	0.119731
2922	0.119678
13016	0.119678
3035	0.119377
2923	0.119267
12968	0.119267
6219	0.119267
5874	0.119267
608	0.114970
5872	0.114351
8905	0.111737
2236	0.111401
3519	0.111097
9008	0.111017
12350	0.111016
12349	0.111002
137	0.110385
10130	0.110379
11953	0.110157
12444	0.110053
12445	0.110027
4434	0.109790
8906	0.108695
3044	0.108570
6626	0.108461
6964	0.108289
2233	0.106879
581	0.106352
2778	0.106130
2761	0.105960
8904	0.105129
3031	0.104942
960	0.104853
3055	0.102877
4164	0.101817
10095	0.101705
3350	0.101138
5349	0.101071
10927	0.100914
1570	0.100599
12401	0.100112
4729	0.099681
1948	0.098960
11637	0.098761
5614	0.098678
3034	0.098634
1209	0.098283
805	0.098164
2947	0.098161
3303	0.098137
11094	0.097583
2811	0.097501
11486	0.097454
2984	0.097200
2733	0.097074
7053	0.096535
12597	0.096503
10506	0.096361
1045	0.096361
12743	0.095120
11492	0.095029
12804	0.094990
11777	0.094897
2545	0.094736
11354	0.094714
6660	0.094267
9835	0.094229
484	0.094120
8054	0.093871
6887	0.093866
12071	0.093235
175	0.093235
1507	0.092769
12408	0.092353
5638	0.092345
1060	0.092232
13233	0.091442
11539	0.091009
10547	0.090904
2874	0.090878
12803	0.090811
2983	0.090604
3023	0.090386
11929	0.090355
3036	0.090198
9337	0.090099
3043	0.089886
3037	0.089821
1499	0.089803
5388	0.089358
7030	0.089206
9948	0.089187
5719	0.089155
3137	0.089143
8079	0.088774
11554	0.088537
13166	0.088056
3033	0.087828
1538	0.087754
2464	0.087716
1046	0.087271
567	0.087231
7531	0.087054
10486	0.087027
2315	0.086909
4819	0.086684
11474	0.086660
10859	0.086638
388	0.086423
5957	0.086291
3051	0.086201
12145	0.085934
10515	0.085934
5956	0.085934
6730	0.085866
1572	0.085708
9917	0.085615
12742	0.085480
11502	0.085403
12647	0.085293
520	0.085066
12426	0.084821
5491	0.084748
809	0.084719
12200	0.084555
11101	0.084530
6289	0.084488
12109	0.084247
5948	0.084247
3342	0.084129
12832	0.084123
12762	0.084041
10903	0.083956
134	0.083913
277	0.083835
9992	0.083805
6711	0.083750
12571	0.083719
10142	0.083699
11223	0.083638
3497	0.083548
13383	0.083444
3372	0.083435
10658	0.083262
13153	0.083256
10171	0.083256
10170	0.083256
10674	0.083242
558	0.083191
12809	0.083176
1732	0.083015
10657	0.082999
799	0.082671
126	0.082480
9395	0.082426
10784	0.082331
11312	0.082167
11400	0.082037
12701	0.082020
3451	0.081954
11163	0.081653
10722	0.081650
10647	0.081607
2760	0.081413
398	0.081342
958	0.081051
11154	0.080990
7070	0.080838
1352	0.080776
4096	0.080721
12812	0.080574
12562	0.080495
12695	0.080340
11491	0.080318
3633	0.080249
5670	0.080156
6490	0.080064
12741	0.079647
11571	0.079509
966	0.079363
10046	0.079330
3726	0.079181
4282	0.079155
176	0.079151
9847	0.078936
12776	0.078867
10263	0.078862
8794	0.078790
12666	0.078704
10713	0.078525
5250	0.078499
3496	0.078367
4568	0.078327
959	0.078257
3312	0.078180
8250	0.078166
7014	0.078112
12496	0.078078
12638	0.078050
14109	0.078042
10736	0.078042
12807	0.078034
11556	0.078009
11891	0.077962
3266	0.077929
6497	0.077857
10735	0.077761
6323	0.077691
12232	0.077557
5764	0.077470
11419	0.077463
10802	0.077362
4324	0.077358
7028	0.077316
3861	0.077309
11496	0.077295
9944	0.077166
1434	0.077141
5350	0.077124
6499	0.076927
12624	0.076728
3597	0.076512
6877	0.076446
12505	0.076427
11172	0.076191
11485	0.076148
7961	0.076128
9857	0.076112
180	0.076111
3630	0.076078
10857	0.076017
1530	0.075998
2302	0.075971
11007	0.075784
14063	0.075758
5751	0.075641
6348	0.075619
10141	0.075478
10035	0.075478
11522	0.075471
9881	0.075421
6962	0.075235
11343	0.075155
11162	0.075069
2665	0.075021
3845	0.075006
12833	0.074978
11515	0.074942
10048	0.074886
12336	0.074807
14204	0.074781
12040	0.074781
4228	0.074727
4223	0.074727
3816	0.074727
752	0.074716
12509	0.074645
10649	0.074615
5056	0.074542
6128	0.074533
10609	0.074480
9865	0.074378
10069	0.074309
6349	0.074303
3332	0.074298
10517	0.074138
3591	0.074081
358	0.073905
11315	0.073889
9401	0.073799
5854	0.073636
11173	0.073600
172	0.073586
13324	0.073522
4300	0.073519
78	0.073489
10682	0.073488
957	0.073264
954	0.073264
11351	0.073258
12654	0.073196
11010	0.073165
5765	0.073123
11572	0.072957
11175	0.072939
4933	0.072935
7898	0.072827
9418	0.072819
7520	0.072817
167	0.072801
10783	0.072796
9278	0.072790
564	0.072790
7875	0.072673
11494	0.072535
8405	0.072513
12790	0.072507
3200	0.072307
5041	0.072268
9827	0.072136
11495	0.072125
12213	0.072084
11159	0.072049
12576	0.071979
7687	0.071935
5502	0.071934
12567	0.071852
3021	0.071717
6809	0.071605
7055	0.071577
7762	0.071567
11332	0.071562
13122	0.071497
13361	0.071488
555	0.071425
5766	0.071424
12621	0.071381
1963	0.071341
2663	0.071336
3370	0.071284
5608	0.071250
12628	0.071120
6418	0.071050
9989	0.071042
5733	0.070827
77	0.070821
5567	0.070803
8887	0.070723
5912	0.070687
7337	0.070572
2731	0.070571
3413	0.070484
1712	0.070478
6325	0.070376
9375	0.070329
5870	0.070293
4226	0.070274
9958	0.070229
1393	0.070136
9946	0.070018
6485	0.070016
12727	0.069942
10432	0.069858
11161	0.069771
10441	0.069740
13333	0.069637
1061	0.069558
10721	0.069483
4712	0.069394
5208	0.069388
4298	0.069354
4284	0.069354
4277	0.069354
4276	0.069354
4275	0.069354
12542	0.069333
6649	0.069282
6647	0.069282
6646	0.069282
5610	0.069282
3764	0.069241
5254	0.069176
12536	0.069007
4279	0.068994
12499	0.068989
4984	0.068970
7668	0.068956
8730	0.068881
6601	0.068715
2635	0.068614
12580	0.068590
12593	0.068589
3201	0.068576
10373	0.068574
11497	0.068554
529	0.068499
10531	0.068466
3369	0.068428
7523	0.068413
8397	0.068362
12630	0.068356
11689	0.068310
12627	0.068307
12551	0.068247
9169	0.068239
3371	0.068225
12514	0.068205
61	0.068159
11724	0.068120
7819	0.068081
2586	0.068074
7930	0.068072
1828	0.068049
12783	0.068047
10215	0.068047
971	0.068036
10349	0.068018
11506	0.067948
2362	0.067837
10350	0.067737
1062	0.067711
9915	0.067662
12253	0.067659
12552	0.067650
4655	0.067565
1584	0.067558
10926	0.067513
12704	0.067467
4271	0.067459
10033	0.067398
12594	0.067309
2642	0.067296
13619	0.067272
387	0.067163
10819	0.067114
11493	0.067063
10482	0.067054
562	0.067048
11290	0.066964
5127	0.066936
11569	0.066933
7388	0.066818
4765	0.066815
6471	0.066759
566	0.066687
3040	0.066675
9926	0.066606
9925	0.066606
9924	0.066606
9852	0.066606
7773	0.066606
7447	0.066606
11151	0.066578
12513	0.066557
12574	0.066517
12640	0.066496
12617	0.066474
815	0.066442
10687	0.066432
2368	0.066406
11516	0.066403
2776	0.066388
6613	0.066382
11368	0.066346
4221	0.066303
6714	0.066264
13482	0.066260
5894	0.066224
10068	0.066182
2734	0.066170
13154	0.065906
11009	0.065892
228	0.065861
12500	0.065828
3060	0.065821
10686	0.065801
11657	0.065799
2714	0.065723
12660	0.065695
8465	0.065643
3672	0.065635
12910	0.065612
11501	0.065608
3217	0.065580
477	0.065568
1208	0.065399
9126	0.065380
10527	0.065236
13183	0.065234
11008	0.065234
9790	0.065224
11540	0.065068
8422	0.065021
2800	0.064991
12658	0.064947
11116	0.064947
2795	0.064947
2794	0.064947
6655	0.064893
3542	0.064873
543	0.064869
232	0.064794
530	0.064765
400	0.064765
3173	0.064741
3032	0.064583
1225	0.064577
194	0.064554
11519	0.064453
6123	0.064352
11804	0.064339
12774	0.064331
521	0.064322
8103	0.064260
12512	0.064256
12508	0.064213
13441	0.064184
3689	0.064177
13020	0.064134
11518	0.064094
7269	0.064079
12554	0.064038
11053	0.064033
3551	0.064028
9146	0.063826
12829	0.063810
3516	0.063805
8930	0.063741
11464	0.063702
13735	0.063609
13728	0.063609
13726	0.063609
13547	0.063552
13546	0.063552
13368	0.063552
12795	0.063482
3196	0.063426
10476	0.063395
3802	0.063390
11182	0.063354
12898	0.063258
11463	0.063256
6945	0.063210
4744	0.063157
2471	0.063150
3171	0.063130
5671	0.063090
10907	0.062964
3038	0.062954
3748	0.062938
6012	0.062910
7268	0.062842
4222	0.062809
13794	0.062758
5672	0.062701
435	0.062685
10535	0.062621
11431	0.062605
5897	0.062570
4818	0.062555
13841	0.062550
11089	0.062539
1227	0.062539
12526	0.062516
13737	0.062292
11190	0.062265
12632	0.062260
8622	0.062213
6332	0.062205
11183	0.062187
12587	0.062184
12177	0.062183
14108	0.062135
4745	0.062135
3046	0.062122
11257	0.062122
10149	0.062113
9389	0.062083
11477	0.062067
11551	0.062066
7975	0.062062
12494	0.061957
6062	0.061955
963	0.061933
12653	0.061823
399	0.061802
4295	0.061708
11019	0.061685
138	0.061504
5685	0.061357
10435	0.061270
8884	0.061246
6808	0.061225
402	0.061216
2986	0.061205
8329	0.061135
10195	0.061126
6733	0.061125
5607	0.061055
2736	0.061045
2583	0.061003
13413	0.060921
7369	0.060916
10843	0.060874
11575	0.060812
5394	0.060807
9691	0.060805
12518	0.060742
7201	0.060730
5609	0.060722
11934	0.060678
969	0.060670
8003	0.060606
10492	0.060606
6252	0.060588
5947	0.060569
929	0.060550
12415	0.060467
11250	0.060452
2737	0.060320
3626	0.060266
7779	0.060100
4339	0.060098
8080	0.060084
13151	0.060072
999	0.059987
3272	0.059984
7140	0.059954
531	0.059936
12579	0.059933
5611	0.059932
12550	0.059866
6247	0.059853
11923	0.059846
12708	0.059811
10823	0.059771
2643	0.059753
10021	0.059749
13175	0.059714
5714	0.059647
6124	0.059637
5221	0.059631
11475	0.059623
6460	0.059617
10781	0.059593
6290	0.059554
391	0.059543
10339	0.059506
2889	0.059504
1827	0.059471
6628	0.059459
10530	0.059419
5112	0.059409
11124	0.059396
10502	0.059363
604	0.059335
12412	0.059316
10475	0.059306
3265	0.059282
10921	0.059267
956	0.059257
10714	0.059247
10809	0.059178
7580	0.059178
8779	0.059169
4978	0.059168
11478	0.059120
7581	0.059115
10042	0.059112
8778	0.059091
14017	0.059085
7914	0.059085
9265	0.058998
7973	0.058891
1506	0.058872
3341	0.058794
10153	0.058784
5800	0.058779
12386	0.058760
10970	0.058748
10139	0.058706
1168	0.058605
12596	0.058605
4397	0.058603
11301	0.058575
10982	0.058562
10885	0.058527
10353	0.058483
11498	0.058475
616	0.058431
1807	0.058410
10318	0.058381
592	0.058374
9747	0.058347
12633	0.058327
11842	0.058305
6486	0.058305
6428	0.058277
6427	0.058277
8513	0.058249
6759	0.058241
11595	0.058240
11843	0.058239
6998	0.058239
9990	0.058103
12393	0.057881
4586	0.057869
5170	0.057785
11479	0.057757
2743	0.057750
3518	0.057707
12970	0.057681
6047	0.057669
10758	0.057631
11894	0.057617
2747	0.057617
12515	0.057609
10049	0.057589
1432	0.057551
4786	0.057544
12808	0.057528
9555	0.057517
1294	0.057499
6326	0.057491
12780	0.057458
13060	0.057456
13055	0.057456
13048	0.057456
13014	0.057456
13009	0.057456
12892	0.057456
8379	0.057456
7166	0.057404
13493	0.057378
10364	0.057290
1101	0.057282
1100	0.057282
11082	0.057253
1594	0.057165
12818	0.057164
569	0.057122
11141	0.057098
11225	0.057073
10909	0.057073
9324	0.057057
853	0.057037
3065	0.056956
11142	0.056904
11263	0.056898
3746	0.056893
12457	0.056881
12456	0.056881
12450	0.056881
12443	0.056881
9798	0.056881
8901	0.056869
11510	0.056852
11081	0.056820
3763	0.056818
1555	0.056726
6425	0.056688
2630	0.056688
10974	0.056654
12637	0.056652
12524	0.056651
12396	0.056495
10884	0.056458
151	0.056435
10368	0.056423
3039	0.056417
6922	0.056409
12767	0.056334
9088	0.056250
13592	0.056230
12648	0.056222
10772	0.056149
9800	0.056125
12537	0.056116
87	0.056108
10836	0.056043
13051	0.055993
11568	0.055985
7094	0.055957
13174	0.055951
4227	0.055914
8133	0.055887
6328	0.055882
8797	0.055856
9687	0.055832
9964	0.055830
1609	0.055812
6250	0.055794
12749	0.055789
12748	0.055789
11550	0.055788
10483	0.055771
9348	0.055759
11683	0.055734
6373	0.055729
7137	0.055729
9971	0.055701
4033	0.055679
737	0.055648
4327	0.055646
13470	0.055642
9849	0.055639
9963	0.055629
1433	0.055608
7390	0.055561
7272	0.055552
11793	0.055552
2360	0.055543
1038	0.055540
2473	0.055468
2311	0.055446
10993	0.055430
12366	0.055418
6634	0.055418
6633	0.055418
10574	0.055367
12027	0.055348
1689	0.055347
4206	0.055317
5139	0.055309
9316	0.055309
3859	0.055303
12665	0.055291
7004	0.055277
10573	0.055264
11447	0.055223
12302	0.055216
4773	0.055216
4772	0.055216
5885	0.055185
12604	0.055177
13469	0.055175
10596	0.055174
9717	0.055167
9961	0.055159
7395	0.055136
4594	0.055130
11490	0.055101
7962	0.055083
3203	0.055064
1803	0.055052
5488	0.055013
13165	0.054981
11650	0.054934
10939	0.054854
1369	0.054823
4349	0.054804
5713	0.054785
13838	0.054747
12772	0.054733
10125	0.054674
3984	0.054653
11963	0.054603
9960	0.054570
2594	0.054555
9179	0.054506
10684	0.054468
10188	0.054466
10526	0.054451
8552	0.054450
10212	0.054423
5262	0.054413
11218	0.054398
13111	0.054386
13109	0.054386
9959	0.054386
6201	0.054361
12187	0.054340
5178	0.054335
12789	0.054318
4591	0.054286
1017	0.054247
6371	0.054213
13606	0.054199
10336	0.054158
401	0.054129
12413	0.054087
12521	0.054063
1218	0.054063
12399	0.054052
12822	0.054046
10851	0.053964
13336	0.053954
3250	0.053952
13103	0.053936
13102	0.053936
13101	0.053936
13100	0.053936
6450	0.053932
13099	0.053872
12409	0.053843
4077	0.053842
11170	0.053740
7062	0.053710
4629	0.053707
5969	0.053643
3658	0.053595
3664	0.053570
987	0.053563
12607	0.053537
11160	0.053511
2995	0.053510
12398	0.053510
1491	0.053487
5869	0.053433
13098	0.053416
12293	0.053391
7181	0.053391
6588	0.053370
3568	0.053367
12801	0.053347
542	0.053339
4771	0.053301
11544	0.053300
12650	0.053300
12503	0.053245
12548	0.053223
10186	0.053214
11547	0.053151
11117	0.053098
6271	0.053069
6946	0.053061
5382	0.053040
12095	0.052973
3418	0.052938
7139	0.052931
10376	0.052921
11095	0.052893
9643	0.052873
9837	0.052872
528	0.052872
10677	0.052841
12698	0.052816
4763	0.052773
10351	0.052725
10235	0.052720
10998	0.052706
10997	0.052706
5736	0.052683
7817	0.052668
10311	0.052639
544	0.052622
2877	0.052604
10374	0.052602
5283	0.052601
4185	0.052509
12769	0.052496
10419	0.052475
12493	0.052442
12422	0.052417
11206	0.052413
4467	0.052377
10710	0.052372
5650	0.052368
11057	0.052323
12575	0.052305
6562	0.052303
10612	0.052293
11467	0.052291
12588	0.052280
2751	0.052279
4292	0.052261
9420	0.052234
10552	0.052216
10520	0.052183
