641	0.198716
11639	0.178819
50	0.175231
5320	0.172921
12918	0.171584
1517	0.166888
2628	0.166777
2627	0.166777
12178	0.163702
4764	0.155002
4001	0.153163
2544	0.142266
2548	0.140923
2547	0.140331
13343	0.139958
4031	0.134298
12314	0.133982
8749	0.133979
8748	0.133979
630	0.133019
4147	0.132429
680	0.132236
274	0.129366
4097	0.127512
9531	0.122717
3078	0.120604
2917	0.117831
4774	0.117196
9053	0.115086
9052	0.115086
9051	0.115086
2620	0.114467
671	0.111203
4761	0.109210
9358	0.107761
3930	0.107604
3161	0.107444
188	0.106297
3943	0.105246
8571	0.105108
11264	0.104065
3981	0.103844
9829	0.103227
9503	0.102290
4832	0.100799
6952	0.100111
882	0.099934
1823	0.099837
14276	0.099781
13428	0.099781
12381	0.099675
6656	0.099423
14118	0.098437
1824	0.098138
13600	0.097289
1169	0.097082
1108	0.096904
7921	0.096877
4308	0.096769
806	0.095913
1892	0.095875
1363	0.095589
6038	0.095459
211	0.095385
1516	0.094884
276	0.094558
6865	0.094193
6042	0.094160
6041	0.094160
6040	0.094160
6039	0.094160
1728	0.094141
3746	0.094029
2440	0.093084
195	0.093080
13059	0.093060
12334	0.093060
6549	0.093060
919	0.092885
461	0.092807
13763	0.092699
2153	0.092568
3099	0.092381
4737	0.092286
4478	0.091971
1362	0.091958
9396	0.091958
4481	0.091958
1207	0.091567
9138	0.091267
6117	0.091197
879	0.091155
13389	0.091110
655	0.090764
1924	0.090341
3841	0.090225
194	0.089608
666	0.089555
1009	0.089123
3652	0.089035
6960	0.089010
674	0.089010
673	0.089010
664	0.089010
657	0.089010
652	0.089010
646	0.089010
189	0.089010
9725	0.088548
649	0.088130
644	0.088064
206	0.087971
12073	0.087762
9890	0.087708
2955	0.087577
2953	0.087577
2954	0.087121
8002	0.087063
6878	0.086519
4932	0.086416
668	0.086363
3677	0.086075
908	0.085899
9641	0.085729
9893	0.085530
9892	0.085530
9888	0.085530
9887	0.085530
9841	0.085530
9821	0.085530
9768	0.085530
9300	0.085530
9294	0.085530
1081	0.085439
672	0.085334
4110	0.085010
792	0.084790
12910	0.084467
13097	0.084392
3879	0.084217
660	0.084142
2710	0.084115
665	0.084108
196	0.084081
7286	0.084033
6126	0.084029
6125	0.084029
3743	0.083744
294	0.083320
8837	0.083286
1781	0.082857
9159	0.082833
14199	0.082764
12798	0.082757
661	0.082712
2489	0.082711
1063	0.082230
1442	0.082198
6550	0.082180
7398	0.082140
13018	0.082069
11631	0.082069
658	0.081902
663	0.081756
11633	0.081443
11632	0.081443
13573	0.081336
2668	0.081117
6435	0.081082
1000	0.080987
7560	0.080892
9541	0.080738
3072	0.080714
12191	0.080336
46	0.080126
12546	0.080119
4775	0.079987
11959	0.079947
280	0.079856
6423	0.079851
2518	0.079722
11701	0.079447
2584	0.079354
1348	0.079351
4776	0.079326
4777	0.079235
6445	0.079113
3584	0.079095
8321	0.079045
5725	0.079036
11995	0.078989
653	0.078863
642	0.078830
6860	0.078517
8320	0.078462
11743	0.078308
7681	0.078170
647	0.078059
1020	0.078009
5239	0.077446
1766	0.077408
2642	0.077301
6188	0.077248
3708	0.077239
3951	0.077235
8382	0.077194
5795	0.077128
3867	0.077105
8862	0.077105
8861	0.077105
8860	0.077105
8859	0.077105
8858	0.077105
8857	0.077105
8844	0.077105
8843	0.077105
8842	0.077105
8841	0.077105
8840	0.077105
8839	0.077105
8838	0.077105
8834	0.077105
8824	0.077105
8823	0.077105
8822	0.077105
8820	0.077105
8818	0.077105
8817	0.077105
8803	0.077105
8798	0.077105
8737	0.077105
8639	0.077105
7682	0.077105
7677	0.077105
7382	0.077105
7247	0.077105
3844	0.077092
637	0.076358
285	0.075972
11394	0.075758
7553	0.075547
13948	0.075518
2667	0.075401
6250	0.075025
1616	0.074932
2696	0.074888
2101	0.074874
5318	0.074783
4965	0.074774
7420	0.074573
7709	0.074572
634	0.074488
7162	0.074302
286	0.074035
9034	0.073931
4384	0.073755
3117	0.073695
7907	0.073685
3929	0.073604
3928	0.073604
218	0.073320
9820	0.073221
8735	0.073221
5946	0.073091
5238	0.073012
9613	0.072915
2549	0.072585
7022	0.072231
1231	0.072123
8661	0.071882
3705	0.071778
999	0.071720
6185	0.071552
4144	0.071514
13517	0.071456
9274	0.071356
821	0.071328
9612	0.071081
3369	0.071019
1044	0.071017
4966	0.070822
13994	0.070796
7931	0.070796
537	0.070694
5612	0.070691
288	0.070652
2949	0.070577
10611	0.070448
5237	0.070323
6449	0.070278
277	0.070168
9940	0.070137
9914	0.070137
7044	0.070137
6848	0.070137
11920	0.070027
3927	0.070027
3868	0.070027
1103	0.070017
7404	0.069977
4025	0.069929
2128	0.069901
1251	0.069872
6247	0.069771
383	0.069692
11467	0.069649
11878	0.069533
891	0.069237
9190	0.069215
13143	0.068944
9554	0.068880
8200	0.068880
5497	0.068827
793	0.068693
1243	0.068638
5544	0.068623
4194	0.068601
11919	0.068538
699	0.068478
9119	0.068450
5533	0.068450
1751	0.068366
7453	0.068309
9633	0.068272
9630	0.068272
9628	0.068272
9626	0.068272
9625	0.068272
9624	0.068272
9622	0.068272
9621	0.068272
9620	0.068272
9619	0.068272
9618	0.068272
9615	0.068272
9482	0.068272
7957	0.068246
9534	0.068233
9533	0.068233
9529	0.068233
9509	0.068233
13003	0.068193
12869	0.068193
636	0.068193
9992	0.068178
606	0.067950
2530	0.067944
13313	0.067914
8507	0.067914
9273	0.067892
5905	0.067888
7676	0.067844
6517	0.067785
13721	0.067705
13709	0.067705
6971	0.067703
5670	0.067686
7864	0.067684
12663	0.067612
8886	0.067544
11718	0.067412
686	0.067350
4191	0.067341
9416	0.067092
4328	0.067068
405	0.067009
12058	0.066941
638	0.066884
272	0.066715
7488	0.066674
692	0.066670
4734	0.066540
2115	0.066424
5473	0.066413
5545	0.066385
484	0.066276
6544	0.066271
12299	0.066243
12298	0.066243
3583	0.066243
2741	0.066176
41	0.066153
2709	0.066091
734	0.066050
8707	0.065971
1472	0.065970
12360	0.065890
7711	0.065890
3805	0.065750
12856	0.065687
7368	0.065676
7826	0.065661
10375	0.065658
9535	0.065632
9530	0.065632
9527	0.065632
9526	0.065632
9525	0.065632
9524	0.065632
9523	0.065632
9521	0.065632
9517	0.065632
9516	0.065632
9515	0.065632
9513	0.065632
9511	0.065632
9510	0.065632
9243	0.065632
9161	0.065632
6099	0.065632
9532	0.065594
9080	0.065502
858	0.065464
1040	0.065430
2122	0.065355
6208	0.065293
7114	0.065195
1095	0.065185
64	0.065141
3062	0.065072
5558	0.064940
12109	0.064835
5948	0.064835
319	0.064804
5720	0.064742
6102	0.064676
12585	0.064666
9436	0.064634
1733	0.064609
643	0.064578
890	0.064357
7229	0.064197
11026	0.064166
6100	0.064165
11907	0.064062
1520	0.064059
5572	0.064020
1471	0.063679
1411	0.063663
1829	0.063636
138	0.063623
2164	0.063542
13252	0.063505
13251	0.063505
3760	0.063453
279	0.063428
7433	0.063292
3848	0.063271
9403	0.063226
9504	0.063177
4639	0.063061
4635	0.063061
4634	0.063061
3082	0.063061
11830	0.063061
9395	0.063047
3649	0.062985
611	0.062952
11918	0.062896
9437	0.062840
11667	0.062779
7704	0.062586
11819	0.062474
4504	0.062169
8162	0.061947
12403	0.061890
2740	0.061887
9611	0.061774
8932	0.061770
3920	0.061703
208	0.061626
2466	0.061593
2572	0.061572
2904	0.061512
7336	0.061467
1629	0.061460
11084	0.061404
11083	0.061404
9380	0.061404
9378	0.061404
9376	0.061404
9374	0.061404
7339	0.061404
7338	0.061404
7335	0.061404
7334	0.061404
8135	0.061334
497	0.061260
3784	0.061235
13732	0.061200
4797	0.061193
13522	0.061155
7333	0.061039
866	0.060985
1031	0.060965
9578	0.060959
12862	0.060911
4433	0.060892
12301	0.060888
1412	0.060873
282	0.060826
7828	0.060780
3412	0.060758
2951	0.060728
9606	0.060659
7501	0.060656
11893	0.060572
5347	0.060485
3632	0.060461
12938	0.060460
9054	0.060370
697	0.060354
2326	0.060300
68	0.060288
7947	0.060244
13524	0.060119
10883	0.060102
11212	0.060008
5740	0.060001
1414	0.059999
5642	0.059948
7774	0.059936
5641	0.059936
1368	0.059840
10506	0.059814
1045	0.059814
96	0.059702
10862	0.059668
1149	0.059584
9614	0.059567
10863	0.059559
1723	0.059506
906	0.059495
9262	0.059469
10018	0.059447
6623	0.059314
7694	0.059221
2550	0.059218
6702	0.059211
11443	0.059174
11369	0.059174
9623	0.059120
204	0.059081
1455	0.059057
12428	0.058993
2293	0.058981
10719	0.058978
270	0.058921
293	0.058903
292	0.058903
291	0.058903
290	0.058903
287	0.058903
11994	0.058887
2826	0.058887
7053	0.058855
5844	0.058772
5240	0.058738
14342	0.058709
13484	0.058703
587	0.058677
9610	0.058422
11860	0.058265
3643	0.058209
13578	0.058086
13576	0.058086
13390	0.058086
7619	0.058040
1447	0.057978
6439	0.057917
4453	0.057796
6370	0.057725
8334	0.057665
1261	0.057519
6294	0.057511
12541	0.057506
3168	0.057500
11769	0.057458
820	0.057450
7807	0.057431
1439	0.057430
9599	0.057427
6261	0.057403
3985	0.057349
2614	0.057286
2472	0.057263
9522	0.057226
7536	0.057213
13581	0.057201
1106	0.057198
10938	0.057118
13321	0.057087
4439	0.057081
4401	0.056963
826	0.056956
381	0.056938
11779	0.056799
5536	0.056799
190	0.056724
4055	0.056680
5708	0.056601
4711	0.056591
2952	0.056502
278	0.056480
3757	0.056474
6367	0.056326
9061	0.056312
9060	0.056312
5715	0.056312
2565	0.056312
4041	0.056261
3579	0.056119
6915	0.056033
10474	0.055977
4252	0.055946
5317	0.055926
11537	0.055911
14167	0.055906
7024	0.055880
9505	0.055814
3527	0.055800
3126	0.055697
7001	0.055673
2930	0.055454
6922	0.055436
632	0.055304
3636	0.055286
9616	0.055232
5068	0.055226
5069	0.055127
3102	0.055064
9608	0.054986
9519	0.054938
7280	0.054928
15	0.054878
56	0.054812
1606	0.054755
9858	0.054686
5709	0.054679
12842	0.054532
9451	0.054513
1861	0.054352
6861	0.054348
9609	0.054261
9580	0.054261
9572	0.054248
4477	0.054233
8247	0.054215
1283	0.054112
5059	0.054087
261	0.054031
359	0.053950
6316	0.053908
355	0.053881
12193	0.053852
3372	0.053766
10110	0.053755
8524	0.053753
1349	0.053753
10800	0.053688
10644	0.053675
4398	0.053666
12245	0.053654
12597	0.053648
11847	0.053612
1413	0.053580
1367	0.053580
5974	0.053553
9127	0.053491
9627	0.053363
2238	0.053300
1126	0.053249
881	0.053204
3521	0.053190
5111	0.053166
4980	0.053162
2181	0.053149
4431	0.053143
13827	0.053108
13108	0.053108
13107	0.053108
12882	0.053108
10121	0.053108
8458	0.053108
1809	0.053073
3809	0.053072
2670	0.052995
3213	0.052988
9238	0.052945
66	0.052935
5736	0.052914
1054	0.052868
1812	0.052813
1811	0.052813
9033	0.052777
140	0.052763
11498	0.052747
9338	0.052571
9543	0.052562
13689	0.052543
13489	0.052543
3131	0.052531
3881	0.052468
13680	0.052417
4432	0.052416
3292	0.052368
3763	0.052350
11257	0.052296
11256	0.052274
12795	0.052270
13319	0.052250
12140	0.052242
9232	0.052063
4858	0.051968
6343	0.051918
1504	0.051918
12655	0.051760
13606	0.051745
4241	0.051713
6697	0.051705
1634	0.051693
2503	0.051666
628	0.051585
13269	0.051580
5734	0.051527
2267	0.051519
5915	0.051440
13025	0.051409
13024	0.051409
13022	0.051409
8486	0.051409
732	0.051343
4505	0.051343
4501	0.051343
1503	0.051343
49	0.051332
13020	0.051317
1186	0.051280
3586	0.051276
13570	0.051163
13228	0.051163
731	0.051163
714	0.051140
3721	0.051137
12388	0.051128
2742	0.051126
5717	0.051103
13698	0.051052
13544	0.051052
11047	0.051051
9041	0.051016
3297	0.050933
414	0.050847
9685	0.050834
13735	0.050829
13728	0.050829
13726	0.050829
10965	0.050801
4865	0.050780
10582	0.050730
2126	0.050699
13105	0.050683
1721	0.050663
1187	0.050570
30	0.050567
4226	0.050526
5607	0.050524
1424	0.050475
14251	0.050472
6265	0.050472
6393	0.050405
3747	0.050393
2158	0.050388
8386	0.050386
656	0.050374
1359	0.050322
6600	0.050293
289	0.050252
9646	0.050232
10129	0.050207
3490	0.050193
10830	0.050186
5451	0.050180
5117	0.050131
9631	0.050094
2290	0.050093
9073	0.050025
11985	0.050024
8147	0.050024
8100	0.050024
8086	0.050024
8085	0.050024
8084	0.050024
12185	0.050020
5609	0.050009
3130	0.050006
9664	0.049981
161	0.049952
5783	0.049903
12931	0.049853
3398	0.049808
4172	0.049791
7977	0.049763
1417	0.049711
13465	0.049645
2109	0.049603
3139	0.049528
7870	0.049461
4910	0.049458
3496	0.049421
5203	0.049421
6251	0.049420
6249	0.049420
5407	0.049416
2355	0.049398
12834	0.049397
12828	0.049397
7825	0.049388
2576	0.049375
11902	0.049365
2227	0.049332
13282	0.049323
2579	0.049311
5638	0.049296
1768	0.049245
1201	0.049235
13281	0.049218
10377	0.049205
10378	0.049196
7991	0.049176
11965	0.049146
3002	0.049102
3384	0.049072
12078	0.049070
1639	0.049067
774	0.049067
3497	0.049066
4637	0.049066
2118	0.049059
4818	0.049055
1929	0.049053
9339	0.049036
3124	0.049035
3543	0.049019
9797	0.048996
930	0.048985
2328	0.048982
199	0.048978
1415	0.048978
1893	0.048942
12874	0.048893
1171	0.048884
5186	0.048880
5065	0.048779
5319	0.048772
8544	0.048754
5691	0.048732
2045	0.048715
12924	0.048677
12876	0.048639
9497	0.048628
3446	0.048584
843	0.048571
11038	0.048569
13112	0.048546
3589	0.048542
1901	0.048539
4446	0.048531
1724	0.048438
2613	0.048389
3683	0.048380
12852	0.048361
11849	0.048346
12310	0.048315
1344	0.048287
2541	0.048281
9573	0.048280
7221	0.048274
3537	0.048260
5505	0.048221
3059	0.048201
13379	0.048031
1732	0.047997
6064	0.047981
7213	0.047949
12359	0.047915
6468	0.047915
12080	0.047886
3298	0.047821
3350	0.047820
10318	0.047808
12099	0.047770
8950	0.047711
127	0.047708
1729	0.047655
1328	0.047622
98	0.047620
11630	0.047610
2673	0.047575
79	0.047481
7327	0.047480
936	0.047431
12411	0.047402
11642	0.047393
6065	0.047374
662	0.047345
1777	0.047309
11741	0.047270
13766	0.047248
1390	0.047216
667	0.047151
5622	0.047107
12313	0.047091
8167	0.047091
13237	0.047076
14230	0.047069
14229	0.047069
13886	0.047069
8854	0.047045
12235	0.046976
9424	0.046970
11702	0.046882
481	0.046850
2975	0.046846
21	0.046814
8789	0.046811
8788	0.046811
8787	0.046811
8786	0.046811
8785	0.046811
8784	0.046811
8783	0.046811
8782	0.046811
8781	0.046811
8388	0.046811
12850	0.046801
842	0.046785
994	0.046782
6720	0.046765
11215	0.046696
6703	0.046626
8132	0.046612
1557	0.046581
3253	0.046548
2905	0.046525
814	0.046483
8389	0.046469
13385	0.046433
3564	0.046352
888	0.046307
627	0.046282
1391	0.046267
11781	0.046227
3980	0.046183
9528	0.046178
12349	0.046152
12350	0.046129
3572	0.046099
3195	0.046086
9269	0.046065
2329	0.046011
13638	0.045978
9008	0.045968
3902	0.045952
3519	0.045948
11468	0.045906
1254	0.045901
43	0.045888
7451	0.045864
9520	0.045853
11784	0.045822
6999	0.045788
513	0.045785
3053	0.045782
1563	0.045761
8618	0.045751
2168	0.045731
9121	0.045729
9112	0.045729
10475	0.045696
7481	0.045687
11840	0.045676
1190	0.045659
670	0.045657
9869	0.045653
2671	0.045646
645	0.045628
4934	0.045590
11906	0.045585
14096	0.045572
7556	0.045557
6434	0.045557
3528	0.045541
10761	0.045541
12162	0.045481
12107	0.045440
483	0.045373
1046	0.045372
9425	0.045370
13006	0.045367
