474	0.126507
257	0.111895
9356	0.099994
609	0.098824
259	0.097869
12041	0.097217
1950	0.096340
472	0.096066
465	0.092642
11852	0.092504
513	0.091981
1131	0.091510
2206	0.090496
2208	0.090307
1236	0.090307
499	0.090024
504	0.089967
4664	0.089603
1838	0.089424
11817	0.089317
6990	0.089317
2096	0.088894
11617	0.088741
1008	0.088562
2187	0.087913
11917	0.087252
5745	0.086952
1925	0.086830
3207	0.086757
11902	0.086360
255	0.086304
808	0.085882
7650	0.085790
7096	0.085790
2532	0.085663
2085	0.085444
2913	0.084894
706	0.084659
475	0.084602
517	0.083917
5219	0.083789
511	0.083326
11940	0.083082
2084	0.082929
9434	0.082752
711	0.082752
710	0.082752
518	0.082752
1125	0.082541
2973	0.082306
488	0.082212
1132	0.081852
2828	0.081483
256	0.080488
2531	0.080309
11019	0.080184
505	0.079937
2600	0.079891
11915	0.079391
2099	0.079337
716	0.078863
519	0.078690
2207	0.078582
5168	0.078148
487	0.078083
7261	0.077680
2981	0.077635
5188	0.077496
12340	0.077466
263	0.077353
486	0.077128
1059	0.077063
9198	0.077050
8924	0.077015
1108	0.076892
1234	0.076824
2097	0.076813
2730	0.076786
6983	0.076334
6982	0.076334
4048	0.076152
4047	0.076152
4046	0.076152
4044	0.076152
3628	0.076152
3622	0.076152
7468	0.075938
2967	0.075938
14014	0.075841
739	0.075106
10701	0.073619
753	0.073369
2116	0.072993
746	0.072884
116	0.072834
2118	0.072732
1932	0.072597
611	0.072547
4644	0.072447
1126	0.072318
2267	0.072098
1835	0.072033
500	0.071914
509	0.071552
11300	0.071464
11463	0.071253
1751	0.071174
10658	0.071117
2965	0.070801
10657	0.070721
11989	0.070592
9508	0.070333
1052	0.070165
2970	0.070030
913	0.069918
1245	0.069899
617	0.069333
9346	0.069310
9610	0.069016
1826	0.068987
3841	0.068934
2161	0.068612
875	0.068078
1933	0.068012
7507	0.067975
1828	0.067928
10674	0.067705
12795	0.067704
4204	0.067486
3508	0.067477
4029	0.067314
13322	0.067203
12807	0.067002
9611	0.066813
12002	0.066621
876	0.066539
3960	0.066111
3956	0.066111
11568	0.066000
6997	0.065757
715	0.065677
10011	0.065220
6204	0.065115
11679	0.065113
2171	0.064971
7114	0.064827
9503	0.064791
565	0.064651
13473	0.064643
6117	0.064406
4709	0.064361
8622	0.064268
13626	0.064265
13425	0.064265
13471	0.064131
12792	0.064102
13608	0.063968
13409	0.063968
13408	0.063968
11394	0.063862
5350	0.063742
12525	0.063725
10226	0.063682
589	0.063677
1018	0.063671
9627	0.063619
11887	0.063411
117	0.063337
11658	0.063135
6550	0.063112
2577	0.063100
2132	0.063024
12403	0.063007
1442	0.062943
10694	0.062939
478	0.062901
501	0.062896
13265	0.062822
7473	0.062721
1510	0.062686
2525	0.062618
13444	0.062518
6155	0.062479
12791	0.062466
12788	0.062466
1327	0.062446
9945	0.062196
11491	0.062143
2052	0.062133
2168	0.061928
3883	0.061928
4842	0.061779
1127	0.061609
11091	0.061597
9007	0.061412
2098	0.061372
3967	0.061245
2901	0.061156
11138	0.061120
12636	0.061118
10589	0.061103
323	0.061054
11321	0.060975
479	0.060946
1460	0.060908
967	0.060795
473	0.060795
11916	0.060791
9623	0.060786
3957	0.060740
6708	0.060719
1973	0.060658
2884	0.060643
6034	0.060602
12287	0.060511
8515	0.060511
5418	0.060403
9436	0.060316
12077	0.060281
6461	0.060281
3711	0.060281
3503	0.060213
9531	0.060182
13235	0.060155
7560	0.060025
227	0.059963
4558	0.059959
10511	0.059828
1106	0.059782
10467	0.059779
630	0.059718
10507	0.059680
7379	0.059667
14334	0.059632
3611	0.059569
9640	0.059554
2969	0.059521
9613	0.059505
10441	0.059420
11510	0.059414
13656	0.059366
13655	0.059366
13378	0.059366
9071	0.059366
10220	0.059306
10326	0.059301
1293	0.059129
730	0.059116
2666	0.059091
9484	0.059085
9483	0.059085
9087	0.059061
10466	0.059040
13633	0.058898
2182	0.058856
1544	0.058812
11467	0.058730
13449	0.058641
11677	0.058636
4494	0.058636
4493	0.058636
13490	0.058636
13632	0.058635
13631	0.058635
11444	0.058624
11417	0.058624
3505	0.058590
10852	0.058578
8207	0.058522
3140	0.058463
1396	0.058424
10682	0.058332
492	0.058277
6763	0.058263
2974	0.058253
4188	0.058241
12453	0.058227
2572	0.058159
6858	0.058156
5190	0.058138
2087	0.058110
5271	0.058107
3557	0.058105
11539	0.058076
6032	0.058044
9102	0.057976
11971	0.057961
12454	0.057927
9170	0.057919
10475	0.057900
10542	0.057874
8953	0.057869
2114	0.057754
599	0.057728
10227	0.057719
11242	0.057666
3939	0.057656
8678	0.057531
491	0.057432
9578	0.057422
5075	0.057407
574	0.057404
2886	0.057383
1626	0.057331
5712	0.057310
5711	0.057310
5710	0.057310
10567	0.057222
9612	0.057180
6859	0.057160
69	0.057021
2172	0.056958
10186	0.056941
2117	0.056910
13609	0.056899
9938	0.056887
7551	0.056887
7550	0.056887
7539	0.056887
7538	0.056887
13050	0.056842
1739	0.056835
11475	0.056833
12624	0.056730
5459	0.056692
11534	0.056677
6679	0.056655
5059	0.056655
1254	0.056635
14238	0.056583
14175	0.056583
14044	0.056583
2395	0.056488
9047	0.056475
5778	0.056440
4514	0.056431
3740	0.056427
3785	0.056422
5779	0.056311
12452	0.056269
12496	0.056254
12061	0.056223
10383	0.056217
3225	0.056213
10233	0.056170
12715	0.056137
120	0.056118
1043	0.056081
4437	0.056070
5101	0.056060
6315	0.056060
9089	0.056027
10526	0.055990
6252	0.055946
5215	0.055885
14045	0.055832
11789	0.055791
10229	0.055758
1128	0.055744
10762	0.055669
1419	0.055653
10761	0.055580
10294	0.055538
1030	0.055491
10525	0.055463
5038	0.055429
3710	0.055426
5366	0.055413
10943	0.055338
3789	0.055322
12787	0.055280
9519	0.055246
1242	0.055175
12010	0.055140
1800	0.055124
5659	0.055076
12698	0.055041
6618	0.055022
3286	0.055008
11556	0.054906
578	0.054893
6709	0.054879
9909	0.054839
3341	0.054785
9304	0.054694
8231	0.054655
8923	0.054626
11129	0.054624
10527	0.054601
11001	0.054580
10264	0.054548
11853	0.054533
5074	0.054505
3923	0.054481
10295	0.054433
13539	0.054364
3795	0.054330
997	0.054329
1231	0.054308
10739	0.054262
10788	0.054262
10777	0.054262
10759	0.054262
1778	0.054244
10277	0.054239
8773	0.054208
6621	0.054208
8405	0.054157
2966	0.054063
11912	0.054041
7830	0.054040
4537	0.053949
2188	0.053908
9347	0.053868
10198	0.053831
9633	0.053812
9630	0.053812
9628	0.053812
9626	0.053812
9625	0.053812
9624	0.053812
9622	0.053812
9621	0.053812
9620	0.053812
9619	0.053812
9618	0.053812
9615	0.053812
9482	0.053812
1129	0.053761
5567	0.053753
2181	0.053750
10841	0.053736
12707	0.053724
10946	0.053644
9593	0.053618
7732	0.053600
1443	0.053597
4951	0.053557
5746	0.053556
12400	0.053444
11586	0.053444
6971	0.053434
5563	0.053415
10097	0.053411
577	0.053349
4349	0.053321
11575	0.053292
10816	0.053284
11260	0.053284
10157	0.053284
2949	0.053248
434	0.053188
11955	0.053159
3855	0.053110
13027	0.053091
9049	0.053091
9048	0.053091
9046	0.053091
8420	0.053091
7027	0.053091
5216	0.053091
9043	0.053080
10666	0.053064
9520	0.053043
9021	0.052981
9980	0.052937
6277	0.052932
922	0.052916
11258	0.052884
503	0.052882
6035	0.052882
11259	0.052882
11682	0.052866
6597	0.052852
11436	0.052825
10711	0.052825
9433	0.052742
10712	0.052712
5183	0.052703
2359	0.052675
9594	0.052611
9592	0.052611
9591	0.052611
9335	0.052611
7299	0.052611
7298	0.052611
3428	0.052462
10544	0.052403
51	0.052373
6278	0.052357
4495	0.052342
5950	0.052336
5952	0.052316
7035	0.052316
10821	0.052304
11378	0.052257
10827	0.052234
6954	0.052211
4469	0.052154
10290	0.052107
8947	0.052101
9357	0.052100
11328	0.052099
11474	0.052095
6272	0.052076
8179	0.052010
5650	0.052002
9540	0.051990
10291	0.051987
13414	0.051969
7372	0.051959
2667	0.051917
4396	0.051842
6992	0.051840
5951	0.051801
837	0.051761
6950	0.051724
10643	0.051644
8942	0.051639
11415	0.051617
4093	0.051605
14266	0.051559
2920	0.051515
1420	0.051493
12135	0.051463
9094	0.051453
9093	0.051453
9092	0.051453
9065	0.051453
12502	0.051416
534	0.051387
1686	0.051265
10188	0.051247
13281	0.051214
6415	0.051202
13282	0.051194
10727	0.051159
10234	0.051143
7710	0.051141
3422	0.051135
2047	0.051039
9631	0.051037
6614	0.051030
1265	0.051023
3625	0.050977
10991	0.050974
7278	0.050962
2120	0.050831
10228	0.050818
2985	0.050743
11237	0.050722
13724	0.050709
11298	0.050708
10994	0.050708
1040	0.050707
13397	0.050692
11384	0.050661
10523	0.050570
2419	0.050549
7420	0.050536
9606	0.050525
1130	0.050513
6880	0.050384
11385	0.050360
11212	0.050347
11147	0.050343
6847	0.050328
8202	0.050307
10627	0.050282
11035	0.050208
735	0.050177
4786	0.050170
11818	0.050165
9457	0.050140
4152	0.050140
10428	0.050108
494	0.050106
10232	0.050015
3561	0.049950
13685	0.049922
13684	0.049922
13683	0.049922
13565	0.049922
6662	0.049901
8531	0.049893
5834	0.049889
10572	0.049871
13331	0.049869
12542	0.049838
12238	0.049834
2944	0.049834
5022	0.049783
12710	0.049757
12798	0.049749
11178	0.049734
5116	0.049698
12175	0.049522
1628	0.049506
7730	0.049497
7445	0.049497
7444	0.049497
7175	0.049497
7080	0.049497
2857	0.049494
12773	0.049451
9050	0.049447
2263	0.049435
12729	0.049403
7240	0.049368
7212	0.049366
3742	0.049315
3162	0.049255
2889	0.049254
1266	0.049183
10270	0.049182
5949	0.049164
6691	0.049128
7003	0.049114
244	0.049095
5777	0.049086
13911	0.048991
11977	0.048953
10177	0.048937
4256	0.048919
12458	0.048900
6877	0.048894
4109	0.048882
553	0.048814
2189	0.048772
3429	0.048769
9856	0.048763
13415	0.048744
6731	0.048727
9042	0.048715
3623	0.048711
3323	0.048709
10430	0.048705
4087	0.048699
8418	0.048681
13847	0.048659
1939	0.048641
12694	0.048628
4948	0.048609
5427	0.048607
11861	0.048538
6318	0.048538
13559	0.048536
3441	0.048507
9994	0.048483
11055	0.048482
1124	0.048474
6632	0.048463
11906	0.048437
6418	0.048399
3324	0.048398
5426	0.048358
633	0.048305
10292	0.048286
11878	0.048240
13640	0.048222
10189	0.048189
3931	0.048165
5989	0.048135
11356	0.048121
569	0.048116
3593	0.048100
4007	0.048086
11901	0.048080
9923	0.048055
11544	0.048037
5648	0.048020
11357	0.047986
2529	0.047945
5359	0.047934
10590	0.047872
8661	0.047844
4454	0.047817
12530	0.047812
11561	0.047800
5299	0.047781
7659	0.047757
14199	0.047747
10970	0.047718
6147	0.047694
6367	0.047674
9825	0.047636
8223	0.047606
9826	0.047604
9343	0.047532
1429	0.047504
6650	0.047491
13384	0.047479
11409	0.047451
7306	0.047441
10587	0.047428
5534	0.047425
5736	0.047389
6727	0.047383
6728	0.047348
4155	0.047342
5615	0.047305
9307	0.047297
7553	0.047246
10318	0.047223
3451	0.047193
411	0.047182
10399	0.047111
2575	0.047061
3699	0.047035
2122	0.046970
406	0.046969
12595	0.046955
3406	0.046955
994	0.046874
3996	0.046833
9518	0.046810
7929	0.046776
13545	0.046771
8419	0.046766
7007	0.046697
9788	0.046634
11813	0.046611
12552	0.046596
11469	0.046587
2115	0.046559
4787	0.046510
9549	0.046509
13500	0.046487
9701	0.046461
5913	0.046446
11121	0.046433
3242	0.046386
831	0.046383
2668	0.046365
1893	0.046330
12741	0.046289
1007	0.046275
8660	0.046196
8659	0.046196
8658	0.046196
11016	0.046192
10247	0.046058
903	0.046044
11028	0.046040
10382	0.046040
13749	0.046026
5150	0.046024
8432	0.046009
8431	0.046009
7166	0.045984
1942	0.045973
677	0.045958
6082	0.045907
12654	0.045883
4458	0.045835
2526	0.045776
4824	0.045773
7933	0.045752
347	0.045752
9809	0.045749
9215	0.045727
7239	0.045697
5096	0.045693
12301	0.045652
10248	0.045581
8140	0.045553
977	0.045493
12234	0.045484
4728	0.045417
12686	0.045403
5430	0.045402
12254	0.045295
4814	0.045295
13909	0.045289
3260	0.045250
11143	0.045244
8929	0.045231
1743	0.045202
3079	0.045190
10443	0.045164
7062	0.045151
11548	0.045144
12816	0.045128
616	0.045128
1094	0.045103
1104	0.045092
11379	0.045079
9466	0.045023
507	0.045019
12836	0.044994
12824	0.044994
3665	0.044968
9927	0.044967
9896	0.044967
7208	0.044967
12603	0.044960
10982	0.044945
2964	0.044945
1320	0.044918
4744	0.044899
614	0.044881
11226	0.044865
101	0.044831
9539	0.044787
4672	0.044781
11350	0.044765
3700	0.044761
11477	0.044739
743	0.044734
9338	0.044733
9099	0.044656
2945	0.044634
2183	0.044603
9298	0.044560
5346	0.044530
2729	0.044499
353	0.044447
12744	0.044436
3204	0.044397
1247	0.044369
2524	0.044366
5697	0.044366
7856	0.044349
10256	0.044342
10405	0.044306
346	0.044262
2770	0.044257
4511	0.044227
11191	0.044193
10048	0.044150
3027	0.044125
5030	0.044096
10084	0.044075
13038	0.044074
13037	0.044074
10723	0.044012
9948	0.044008
10098	0.043933
3922	0.043899
9061	0.043873
9060	0.043873
5715	0.043873
2565	0.043873
14108	0.043871
4745	0.043871
11004	0.043833
12685	0.043812
1346	0.043811
7744	0.043789
10018	0.043767
6371	0.043760
9069	0.043743
9068	0.043743
9067	0.043743
3543	0.043709
1017	0.043670
12237	0.043662
832	0.043660
3000	0.043642
12304	0.043618
506	0.043604
580	0.043583
761	0.043580
13166	0.043532
9384	0.043490
3246	0.043490
12734	0.043487
13826	0.043481
9449	0.043478
10250	0.043470
12546	0.043447
12553	0.043441
3390	0.043437
12803	0.043393
10477	0.043377
10212	0.043343
10016	0.043329
8329	0.043312
386	0.043295
11057	0.043273
11608	0.043264
4400	0.043248
90	0.043241
11068	0.043180
3117	0.043167
4043	0.043163
14327	0.043156
14325	0.043156
14324	0.043156
14323	0.043156
14314	0.043156
14305	0.043156
14293	0.043156
14286	0.043156
14261	0.043156
14244	0.043156
14208	0.043156
14136	0.043156
14104	0.043156
14092	0.043156
14086	0.043156
14082	0.043156
14079	0.043156
13968	0.043156
13857	0.043156
10726	0.043156
3388	0.043152
13164	0.043099
12670	0.043023
7951	0.043012
11472	0.042985
5491	0.042955
13947	0.042925
12551	0.042921
2327	0.042875
13163	0.042850
10169	0.042850
12031	0.042842
11377	0.042829
5898	0.042825
5029	0.042810
1000	0.042772
13341	0.042748
2281	0.042728
2135	0.042715
13619	0.042710
2602	0.042693
3735	0.042679
2962	0.042675
5233	0.042661
2881	0.042629
2214	0.042541
3823	0.042541
6703	0.042510
11100	0.042506
3243	0.042490
12794	0.042488
7037	0.042463
12747	0.042398
5488	0.042390
2379	0.042374
6521	0.042348
4684	0.042345
11540	0.042288
11751	0.042266
10926	0.042248
7224	0.042247
6574	0.042247
5527	0.042247
7164	0.042227
10230	0.042216
11801	0.042193
7275	0.042191
12692	0.042178
4947	0.042171
5276	0.042169
6503	0.042162
12368	0.042155
7163	0.042155
2447	0.042145
9769	0.042140
9288	0.042098
354	0.042080
1785	0.042061
11988	0.042047
10005	0.041977
12602	0.041958
13969	0.041943
13131	0.041927
268	0.041895
9492	0.041876
596	0.041868
3764	0.041844
11420	0.041820
7179	0.041813
8081	0.041779
8876	0.041731
12757	0.041702
3282	0.041697
919	0.041688
440	0.041658
10860	0.041644
1941	0.041642
4122	0.041620
991	0.041614
13441	0.041604
1178	0.041560
12784	0.041542
12832	0.041513
2612	0.041465
12600	0.041419
9982	0.041417
10834	0.041413
10420	0.041399
1466	0.041387
9983	0.041362
998	0.041359
6680	0.041358
550	0.041349
12811	0.041319
