5347	0.204187
7774	0.204118
5641	0.204118
5642	0.204113
2105	0.192376
11989	0.189805
2600	0.187783
2097	0.187462
2708	0.185378
876	0.184594
2107	0.180422
13265	0.180150
11658	0.180143
1030	0.171548
2110	0.170163
498	0.169447
6838	0.159047
7526	0.158955
8864	0.158932
8863	0.158932
8583	0.158932
8124	0.158932
7904	0.158932
7903	0.158932
7902	0.158932
7901	0.158932
7900	0.158932
7899	0.158932
7897	0.158932
7896	0.158932
7895	0.158932
5546	0.156191
2182	0.152396
3636	0.151770
9462	0.146943
877	0.144836
11858	0.144255
9439	0.143784
2109	0.143698
221	0.143568
1119	0.141195
2962	0.140825
1120	0.140742
13247	0.139775
2267	0.139457
1109	0.139283
633	0.138520
8773	0.137652
6621	0.137652
6618	0.137604
352	0.135629
2968	0.134893
8910	0.134196
4538	0.133820
7295	0.133039
2820	0.131821
874	0.131532
2958	0.130590
1673	0.130455
9623	0.129721
9218	0.128262
2111	0.128211
2119	0.127717
1111	0.126356
51	0.126212
4542	0.125958
13394	0.125878
1419	0.125686
10097	0.125126
9177	0.123618
8676	0.123388
12281	0.122845
6619	0.122845
10098	0.122682
4111	0.122339
6482	0.121979
1836	0.121439
2128	0.121261
9231	0.121194
8634	0.121181
1118	0.120885
2113	0.120063
4977	0.119886
2052	0.118968
9775	0.118538
8604	0.118315
713	0.118255
7453	0.118181
2952	0.117968
7676	0.117750
4976	0.117365
2821	0.116549
7131	0.116260
861	0.115928
4416	0.115924
469	0.115901
3778	0.115800
7913	0.115703
5968	0.115703
470	0.115703
12873	0.115623
997	0.115385
2523	0.114414
5967	0.114171
6689	0.113957
6967	0.113957
1420	0.113874
5219	0.113433
823	0.113286
4262	0.112986
1044	0.112729
781	0.112688
8625	0.112665
6302	0.111755
6267	0.111755
6191	0.111745
9226	0.111037
9217	0.111037
8534	0.111037
11737	0.111032
7827	0.110983
5745	0.109681
2709	0.109619
9152	0.109489
12909	0.109441
4865	0.109436
9413	0.109402
2114	0.109136
304	0.108966
6393	0.108947
8531	0.108526
5183	0.108284
6472	0.108119
3973	0.107316
8792	0.107249
351	0.106988
2118	0.106749
2108	0.106662
8635	0.106598
11739	0.106537
4667	0.105999
3837	0.105986
1952	0.105679
5268	0.105426
1132	0.105244
645	0.105227
7288	0.105041
4106	0.104632
353	0.104604
13707	0.104447
9121	0.104327
9112	0.104327
7872	0.104250
8352	0.104248
8351	0.104248
2957	0.104248
2956	0.104248
6102	0.104225
888	0.104215
13706	0.104127
13738	0.104126
13731	0.104126
2828	0.104056
7379	0.103967
2280	0.103944
6806	0.103729
2102	0.103682
4671	0.103661
4669	0.103661
2990	0.103648
7767	0.103549
8584	0.103537
5500	0.103156
6501	0.103037
1833	0.102919
4670	0.102760
8312	0.102346
2	0.102345
2117	0.102275
12030	0.102238
11987	0.102130
13850	0.102089
295	0.101785
35	0.101745
5433	0.101570
1232	0.101568
1229	0.101568
4383	0.101489
10110	0.101419
4105	0.101380
10800	0.101379
6896	0.101358
4672	0.101357
2996	0.101331
9204	0.101081
8592	0.101081
6695	0.100898
9215	0.100788
4824	0.100770
881	0.100643
5033	0.100566
3906	0.100482
8293	0.100468
6895	0.100388
2124	0.100159
9237	0.100071
4175	0.099986
8615	0.099912
9210	0.099530
6149	0.099519
13076	0.099477
1756	0.099395
1228	0.099337
9024	0.099060
9023	0.099060
9022	0.099060
8949	0.099060
404	0.099041
13665	0.098944
11678	0.098943
6295	0.098899
5034	0.098875
3539	0.098266
3940	0.098194
14162	0.098040
6217	0.098040
4176	0.097892
12276	0.097830
14263	0.097830
14002	0.097830
14001	0.097830
14000	0.097830
13998	0.097830
13996	0.097830
6666	0.097830
5064	0.097830
4854	0.097830
4852	0.097830
7258	0.097694
9415	0.097384
8851	0.097384
8850	0.097384
9347	0.097271
8329	0.097188
2892	0.097143
3507	0.097136
2902	0.097124
11930	0.097087
2192	0.097082
11715	0.097018
12414	0.096977
7955	0.096924
11679	0.096731
4231	0.096611
316	0.096573
2881	0.096475
11914	0.096375
2116	0.096323
6380	0.096280
13448	0.096174
6913	0.096123
13533	0.095911
13532	0.095911
13531	0.095911
3907	0.095781
2104	0.095778
4537	0.095762
4169	0.095643
8671	0.095599
9235	0.095588
9230	0.095588
9228	0.095588
9225	0.095588
9224	0.095588
9221	0.095588
9219	0.095588
9214	0.095588
9213	0.095588
9211	0.095588
9209	0.095588
9208	0.095588
9206	0.095588
9193	0.095588
8807	0.095588
8679	0.095588
8677	0.095588
8675	0.095588
8674	0.095588
8673	0.095588
8670	0.095588
8637	0.095588
8633	0.095588
8631	0.095588
8610	0.095588
8591	0.095588
8539	0.095588
8538	0.095588
8537	0.095588
8536	0.095588
8529	0.095588
8526	0.095588
8525	0.095588
8632	0.095588
6443	0.095505
882	0.095459
578	0.095414
3741	0.095138
9393	0.095093
6889	0.094934
4849	0.094522
9207	0.094520
9205	0.094520
8528	0.094520
4668	0.094441
4037	0.094405
8916	0.094299
8915	0.094299
8914	0.094299
8913	0.094299
8912	0.094299
8911	0.094299
7634	0.094299
6568	0.094299
2181	0.094268
225	0.094230
9361	0.094160
8892	0.093558
4596	0.093515
1711	0.093297
3389	0.093276
4306	0.093211
4850	0.093125
9438	0.093009
11988	0.092859
13997	0.092814
8090	0.092775
2847	0.092775
2843	0.092775
2839	0.092775
2840	0.092712
12252	0.092642
5184	0.092455
370	0.092161
786	0.092110
7400	0.091825
8636	0.091629
6305	0.091560
3905	0.091438
4778	0.091391
268	0.091370
13030	0.091354
2979	0.091323
5746	0.091287
2112	0.091163
6255	0.091080
716	0.091079
4485	0.090999
4660	0.090886
683	0.090856
6407	0.090722
1001	0.090719
6732	0.090646
7511	0.090598
9686	0.090447
9307	0.090439
2522	0.090370
1400	0.090361
3538	0.090294
12357	0.090160
11618	0.090117
8530	0.090049
9201	0.090028
4848	0.089882
38	0.089760
2188	0.089623
9199	0.089603
6987	0.089571
14290	0.089556
6395	0.089553
11646	0.089465
1837	0.089443
5346	0.089441
3934	0.089390
2598	0.089373
6532	0.089235
1835	0.089042
6598	0.089025
4165	0.088835
9135	0.088624
4045	0.088598
1265	0.088596
235	0.088574
12069	0.088325
11902	0.088039
7642	0.088030
307	0.088002
4595	0.088001
7713	0.087837
817	0.087822
6081	0.087809
11733	0.087787
4148	0.087717
4922	0.087595
2064	0.087567
8712	0.087484
8303	0.087484
8302	0.087484
7362	0.087484
6359	0.087484
492	0.087438
6202	0.087405
5354	0.087383
13449	0.087342
8779	0.087313
9220	0.087251
6576	0.086937
8778	0.086924
2981	0.086806
12010	0.086565
8711	0.086532
8732	0.086441
487	0.086328
8710	0.086297
6303	0.086228
1121	0.086197
1235	0.086075
12670	0.086055
7261	0.085993
4118	0.085909
4427	0.085838
2845	0.085279
12219	0.085041
12141	0.084973
8709	0.084938
13621	0.084712
426	0.084553
977	0.084480
8845	0.084333
6616	0.084243
586	0.084231
12721	0.084169
8207	0.083961
6473	0.083925
7635	0.083897
7633	0.083897
11964	0.083686
4053	0.083679
5245	0.083657
5413	0.083643
5510	0.083595
9202	0.083565
879	0.083514
9794	0.083371
14407	0.083345
13926	0.083265
792	0.083235
9145	0.083108
354	0.082990
2954	0.082820
9531	0.082790
9711	0.082753
9708	0.082753
9707	0.082753
9705	0.082753
9703	0.082753
2190	0.082739
5296	0.082731
9699	0.082659
6742	0.082585
7468	0.082555
2967	0.082555
1816	0.082475
9702	0.082271
3427	0.082267
2245	0.082248
4112	0.081997
1115	0.081891
5788	0.081886
9484	0.081878
9483	0.081878
8938	0.081855
11806	0.081823
10018	0.081731
9200	0.081408
2965	0.081236
1133	0.081082
4855	0.080863
9150	0.080840
7752	0.080671
8980	0.080642
8978	0.080642
8977	0.080642
8976	0.080642
8940	0.080642
782	0.080544
14415	0.080509
9277	0.080509
7089	0.080485
6557	0.080244
4113	0.080202
9385	0.080173
13928	0.080170
5035	0.080104
4935	0.080005
9942	0.079969
9931	0.079969
9930	0.079969
9921	0.079969
9901	0.079969
9899	0.079969
9895	0.079969
9866	0.079969
9836	0.079969
9832	0.079969
9810	0.079969
9698	0.079969
9636	0.079969
9570	0.079969
9299	0.079969
13557	0.079916
13556	0.079916
8928	0.079846
1402	0.079804
8099	0.079764
2442	0.079560
5299	0.079046
14233	0.079030
1136	0.079030
9503	0.078867
591	0.078737
3209	0.078717
2666	0.078379
11147	0.078300
3612	0.078160
115	0.077990
2103	0.077967
10232	0.077782
1950	0.077459
1097	0.077441
5118	0.077246
9957	0.077179
7659	0.076989
4304	0.076970
4302	0.076970
11999	0.076968
3320	0.076715
14303	0.076655
14302	0.076655
14301	0.076655
14300	0.076655
14299	0.076655
11607	0.076393
7167	0.076384
8714	0.076240
4661	0.076186
6378	0.075954
6065	0.075844
2172	0.075821
2955	0.075772
2953	0.075772
4810	0.075766
1740	0.075748
10031	0.075697
6064	0.075665
6623	0.075555
2605	0.075515
14342	0.075472
5862	0.075466
331	0.075425
222	0.075335
4121	0.075094
2612	0.074812
630	0.074416
12915	0.074391
12914	0.074391
9610	0.074354
875	0.074281
6301	0.074271
9709	0.074133
6117	0.074075
14085	0.073805
9706	0.073650
1861	0.073560
9578	0.073433
2521	0.073400
5916	0.072797
2197	0.072772
12348	0.072755
2199	0.072601
2170	0.072554
671	0.072466
6077	0.072458
1040	0.072370
14003	0.072224
10227	0.072097
4998	0.072095
9269	0.072045
686	0.072016
13054	0.071905
1112	0.071780
2168	0.071773
13767	0.071744
56	0.071687
2575	0.071672
2115	0.071576
2579	0.071262
2204	0.071220
2195	0.071217
12043	0.071206
6317	0.071185
2275	0.071176
2093	0.071132
10549	0.071084
2191	0.071073
4758	0.071053
11609	0.071021
2621	0.070902
6430	0.070887
1123	0.070887
9613	0.070877
9704	0.070766
2203	0.070756
6304	0.070755
2827	0.070678
2755	0.070631
13948	0.070515
10694	0.070368
9612	0.070278
3212	0.070215
4659	0.070083
3654	0.069997
7715	0.069997
7195	0.069886
7193	0.069886
13535	0.069868
13673	0.069868
13672	0.069868
13671	0.069868
13634	0.069856
10697	0.069848
1304	0.069797
10696	0.069796
7772	0.069772
8503	0.069766
2277	0.069592
9869	0.069340
10698	0.069338
9174	0.069136
12310	0.068992
1955	0.068697
5877	0.068670
13945	0.068606
13999	0.068555
5005	0.068555
9633	0.068541
9630	0.068541
9628	0.068541
9626	0.068541
9625	0.068541
9624	0.068541
9622	0.068541
9621	0.068541
9620	0.068541
9619	0.068541
9618	0.068541
9615	0.068541
9482	0.068541
10611	0.068524
10226	0.068518
11903	0.068357
9797	0.068311
11298	0.068289
10994	0.068289
11718	0.068217
9273	0.068151
4853	0.068043
4873	0.067931
4301	0.067916
3902	0.067916
4838	0.067908
2202	0.067901
13889	0.067856
4168	0.067821
14004	0.067702
4866	0.067702
2046	0.067695
9212	0.067610
1656	0.067566
12338	0.067559
6127	0.067471
699	0.067443
5348	0.067392
5719	0.067357
3383	0.067295
14283	0.067151
1300	0.067131
3448	0.067115
524	0.067014
1231	0.066928
11625	0.066911
1315	0.066894
6920	0.066869
7381	0.066869
3506	0.066858
1905	0.066848
1403	0.066810
1458	0.066807
12954	0.066801
1291	0.066689
9105	0.066688
9104	0.066688
7830	0.066667
1006	0.066609
3536	0.066539
383	0.066508
2274	0.066507
488	0.066479
2980	0.066394
2658	0.066365
7414	0.066319
7958	0.066294
6036	0.066292
2532	0.066221
6185	0.066202
589	0.066188
9940	0.066099
9914	0.066099
7044	0.066099
6848	0.066099
6517	0.066094
730	0.066092
414	0.066075
13815	0.066049
2185	0.066046
224	0.066022
6044	0.065846
13013	0.065782
12962	0.065782
5013	0.065708
8468	0.065693
2978	0.065693
2977	0.065693
9274	0.065641
11212	0.065523
4305	0.065490
2964	0.065486
13910	0.065377
9606	0.065343
2189	0.065310
7404	0.065140
6908	0.065119
2659	0.064985
7263	0.064985
6078	0.064883
7420	0.064829
11226	0.064792
4450	0.064756
6278	0.064751
1743	0.064748
14416	0.064701
11998	0.064695
4652	0.064690
4377	0.064689
4042	0.064600
8565	0.064589
1442	0.064573
12143	0.064546
9460	0.064513
599	0.064463
777	0.064373
4541	0.064307
9195	0.064255
4946	0.064228
13355	0.064187
2186	0.064184
14266	0.064152
114	0.064133
3900	0.064107
4094	0.064078
9436	0.064069
9058	0.064060
6701	0.064060
660	0.064035
333	0.064033
330	0.063939
329	0.063926
3437	0.063886
86	0.063884
2472	0.063780
2286	0.063761
9928	0.063755
8997	0.063702
1285	0.063673
13143	0.063651
190	0.063636
14186	0.063451
685	0.063445
532	0.063399
4216	0.063313
12296	0.063207
6244	0.063207
648	0.063203
489	0.063164
11767	0.063149
7757	0.063077
814	0.063027
5725	0.062944
10233	0.062855
335	0.062770
334	0.062770
327	0.062770
305	0.062770
302	0.062770
8451	0.062747
2660	0.062655
6017	0.062648
9787	0.062553
9786	0.062553
9785	0.062553
9784	0.062553
9783	0.062553
9782	0.062553
9781	0.062553
9778	0.062553
9280	0.062553
8585	0.062553
8567	0.062553
8553	0.062553
465	0.062519
6763	0.062485
332	0.062468
5123	0.062457
13156	0.062448
10176	0.062448
10087	0.062448
10086	0.062448
8740	0.062436
8204	0.062412
6697	0.062384
6465	0.062373
653	0.062316
7828	0.062223
5918	0.062221
9913	0.062141
3974	0.062128
6225	0.062010
8661	0.061993
10191	0.061938
7920	0.061900
12077	0.061846
6461	0.061846
3711	0.061846
4240	0.061814
6771	0.061744
628	0.061719
613	0.061710
10051	0.061694
9713	0.061630
13235	0.061625
9861	0.061548
9819	0.061548
13199	0.061530
13198	0.061530
11779	0.061521
5536	0.061521
1237	0.061513
311	0.061420
9367	0.061408
303	0.061400
9710	0.061337
10085	0.061211
6767	0.061203
6765	0.061203
6764	0.061203
129	0.061109
241	0.061085
7880	0.060993
8611	0.060990
4466	0.060819
10469	0.060806
10642	0.060798
1919	0.060785
1280	0.060783
2207	0.060723
1254	0.060685
5915	0.060661
13050	0.060605
314	0.060578
11968	0.060533
949	0.060533
3151	0.060530
9457	0.060498
4152	0.060498
5302	0.060478
14052	0.060448
10065	0.060448
5541	0.060435
2208	0.060433
1236	0.060433
6971	0.060407
1800	0.060371
2206	0.060337
3358	0.060298
4120	0.060297
3870	0.060296
2846	0.060275
6179	0.060224
4646	0.060208
758	0.060123
637	0.060080
891	0.060028
6072	0.060018
11616	0.059998
4648	0.059998
4643	0.059998
9831	0.059946
3710	0.059881
220	0.059726
9192	0.059711
2283	0.059621
1127	0.059619
10553	0.059537
14269	0.059524
6741	0.059522
6605	0.059510
3438	0.059496
10192	0.059488
10184	0.059488
5555	0.059468
10534	0.059422
9953	0.059414
306	0.059335
582	0.059309
793	0.059301
4163	0.059260
8319	0.059238
12138	0.059238
12137	0.059238
12068	0.059238
11864	0.059238
9489	0.059236
4071	0.059236
4070	0.059236
4069	0.059236
14418	0.059221
14417	0.059221
13284	0.059221
13152	0.059221
9795	0.059221
9793	0.059221
9792	0.059221
9791	0.059221
9789	0.059221
9745	0.059221
9163	0.059221
8614	0.059221
8613	0.059221
8177	0.059221
5790	0.059205
6007	0.059194
9198	0.059101
5189	0.059089
7977	0.059062
9512	0.059057
6841	0.059042
13897	0.059001
8076	0.058973
7917	0.058944
12074	0.058937
10661	0.058832
9780	0.058790
4241	0.058731
116	0.058708
6835	0.058679
9480	0.058627
8533	0.058627
2844	0.058546
4692	0.058528
8110	0.058496
5461	0.058490
9168	0.058412
6731	0.058367
1654	0.058353
13285	0.058213
9520	0.058209
6868	0.058208
9176	0.058188
8809	0.058188
6470	0.058134
1734	0.058079
3590	0.058028
1412	0.057959
1307	0.057922
12546	0.057875
4509	0.057841
2227	0.057803
2697	0.057763
8874	0.057645
312	0.057569
4707	0.057474
