1778	0.355164
6680	0.296701
10589	0.261620
4204	0.258762
11677	0.236292
4494	0.236292
4493	0.236292
7670	0.227020
6147	0.197328
3428	0.191225
10749	0.166544
7932	0.164709
4087	0.162437
10882	0.159376
10301	0.158028
7224	0.152137
6574	0.152137
5527	0.152137
11091	0.149473
4947	0.148532
4235	0.147965
3429	0.141020
3441	0.138012
677	0.137666
4618	0.137502
5185	0.136550
6938	0.133840
4495	0.133265
2871	0.132690
7036	0.129419
11202	0.128813
10089	0.127325
10507	0.125885
10255	0.124098
7200	0.123261
2486	0.123050
14128	0.119457
11073	0.116384
3425	0.116384
3789	0.116034
3440	0.115485
11178	0.115467
1785	0.115190
3825	0.114980
10550	0.114140
8907	0.113134
11109	0.112623
991	0.112247
10203	0.111308
12315	0.111253
10671	0.110564
10274	0.110538
13089	0.110163
12270	0.110071
4463	0.109638
12322	0.109357
14072	0.109337
9986	0.109010
10275	0.108145
12623	0.108047
10801	0.107563
1759	0.106273
3826	0.105699
4319	0.105424
4322	0.105219
9085	0.103807
12015	0.103758
12182	0.103545
4464	0.103545
11416	0.103384
9086	0.102698
9486	0.101983
7207	0.101247
5343	0.101168
10273	0.098854
522	0.098754
10881	0.097565
1433	0.096376
1535	0.096166
8432	0.094692
8431	0.094692
7894	0.094409
10511	0.094160
12187	0.093654
10245	0.093158
12502	0.092180
3822	0.092080
8140	0.091783
6415	0.091698
3426	0.089985
10739	0.088061
10788	0.088061
10777	0.088061
10759	0.088061
6032	0.085971
9724	0.085953
3434	0.085392
3823	0.085301
5999	0.084749
5998	0.084749
4349	0.084720
12692	0.084646
5379	0.084542
10581	0.084506
10108	0.084402
3715	0.084092
5815	0.084019
4392	0.082612
12241	0.082568
12240	0.082568
8074	0.082568
7294	0.082568
6054	0.082568
4336	0.082568
7007	0.082367
5066	0.082265
3986	0.082066
10912	0.081986
8921	0.081520
1245	0.081419
3438	0.081385
9016	0.080933
10682	0.080863
3024	0.080416
7127	0.080354
4469	0.079589
7128	0.079216
412	0.078564
10822	0.078459
5007	0.077899
11442	0.077201
11396	0.077201
3388	0.077024
12367	0.076852
12459	0.076254
12826	0.076027
5712	0.075881
5711	0.075881
5710	0.075881
2281	0.075599
13028	0.075409
6053	0.075346
179	0.075282
6134	0.075267
1125	0.075031
14	0.074828
10701	0.074819
5154	0.074678
5679	0.074600
13444	0.074475
3211	0.074387
794	0.074320
247	0.073689
6561	0.073684
11070	0.073675
11071	0.073621
7712	0.073505
5672	0.073217
10932	0.073201
10936	0.073186
11666	0.073186
10935	0.073186
10934	0.073186
10931	0.073186
4794	0.073186
13054	0.073015
3212	0.072980
12409	0.072605
7412	0.072340
11675	0.072172
5671	0.072121
3209	0.072120
13341	0.071896
81	0.071280
13965	0.071068
2485	0.070899
10249	0.070775
12237	0.070286
13942	0.069834
14248	0.069797
8047	0.069797
12238	0.069717
10933	0.069679
5057	0.069617
7205	0.069512
12516	0.069424
2359	0.069057
216	0.069003
2453	0.068972
7035	0.068914
5952	0.068864
5650	0.068845
11378	0.068761
11328	0.068624
11004	0.068472
6386	0.068050
14222	0.067920
13866	0.067920
1889	0.067764
10312	0.067287
4895	0.067204
11377	0.067166
5951	0.066753
11415	0.066639
10384	0.066636
13397	0.066619
11003	0.066563
12101	0.066543
11005	0.066501
7278	0.066495
5950	0.066428
10827	0.066357
10722	0.066353
2812	0.066233
10627	0.066128
10544	0.066076
257	0.065725
12070	0.065718
7245	0.065668
2452	0.065527
2487	0.065463
3824	0.065413
1460	0.065049
11164	0.064995
10523	0.064979
9917	0.064964
3260	0.064913
11035	0.064781
2174	0.064646
12311	0.064582
6023	0.064450
11001	0.064309
10683	0.064244
10264	0.064163
10991	0.064159
3162	0.063903
10693	0.063772
8234	0.063762
9926	0.063746
9925	0.063746
9924	0.063746
9852	0.063746
7773	0.063746
7447	0.063746
11487	0.063685
13430	0.063621
12188	0.063179
4465	0.063163
11800	0.062952
12955	0.062833
12274	0.062793
8236	0.062793
8235	0.062793
6980	0.062793
6953	0.062793
298	0.062793
8471	0.062593
10334	0.062580
6009	0.062467
4742	0.062467
10382	0.062242
4093	0.062153
11165	0.062044
3984	0.061817
11474	0.061815
4756	0.061786
6662	0.061745
9872	0.061461
6632	0.061312
5375	0.060971
4743	0.060887
10212	0.060884
1758	0.060797
9809	0.060736
11111	0.060720
3210	0.060568
10871	0.060410
12764	0.060178
2001	0.060170
13164	0.059914
2637	0.059862
13264	0.059820
9333	0.059788
7201	0.059740
4612	0.059510
11356	0.059115
13539	0.059089
11357	0.058654
11409	0.058635
12756	0.058557
11728	0.058360
10643	0.058338
10427	0.058093
7744	0.058085
11595	0.058030
6257	0.057929
969	0.057771
3473	0.057752
568	0.057730
90	0.057724
5220	0.057722
9384	0.057495
3246	0.057495
11289	0.057479
14224	0.057374
13391	0.057374
11110	0.057374
10369	0.057358
2332	0.057319
3204	0.057251
2020	0.057092
11934	0.057052
11729	0.056855
530	0.056756
400	0.056756
2344	0.056574
6758	0.056495
7359	0.056350
11966	0.056284
2813	0.056046
11237	0.055985
12832	0.055837
8572	0.055819
8569	0.055819
8568	0.055819
12733	0.055687
2175	0.055608
12235	0.055556
11968	0.055512
949	0.055512
3064	0.055509
2525	0.055463
2731	0.055439
6829	0.055360
9980	0.055270
8092	0.055209
3499	0.055194
597	0.055170
11556	0.055147
10277	0.054958
2616	0.054955
3375	0.054863
8855	0.054859
323	0.054843
6010	0.054750
5491	0.054664
6677	0.054653
3243	0.054577
3155	0.054573
609	0.054515
6653	0.054503
4119	0.054430
12041	0.054400
11742	0.054389
5226	0.054389
10491	0.054318
5493	0.054290
566	0.054161
8570	0.054155
13144	0.054017
6761	0.053844
5010	0.053836
12497	0.053829
1327	0.053819
12600	0.053780
3742	0.053759
12283	0.053708
6854	0.053669
164	0.053636
11234	0.053633
12754	0.053621
10889	0.053597
6056	0.053523
464	0.053506
463	0.053454
2816	0.053426
10258	0.053220
10670	0.053083
7164	0.052914
12617	0.052841
3306	0.052838
589	0.052795
12368	0.052710
7163	0.052710
10305	0.052644
474	0.052597
5259	0.052282
12395	0.052201
2622	0.052177
10482	0.052135
2810	0.052130
6963	0.052057
8794	0.052053
2381	0.052007
10637	0.051987
11353	0.051976
10715	0.051976
8832	0.051858
11434	0.051844
9026	0.051756
6830	0.051710
6457	0.051571
2569	0.051343
875	0.051254
11761	0.051232
6097	0.051232
5547	0.051232
3595	0.051232
10032	0.051172
2517	0.051036
6946	0.050937
11608	0.050896
9964	0.050886
6313	0.050774
12792	0.050757
5918	0.050735
12530	0.050469
10634	0.050382
10559	0.050353
10500	0.050307
12791	0.050295
12788	0.050295
1898	0.050088
10751	0.049997
9938	0.049944
7551	0.049944
7550	0.049944
7539	0.049944
7538	0.049944
4029	0.049900
13162	0.049775
10123	0.049775
5047	0.049730
11112	0.049657
7541	0.049622
9562	0.049620
3100	0.049620
963	0.049589
11102	0.049483
13500	0.049286
7239	0.049165
2191	0.049108
10272	0.049093
6652	0.048781
5177	0.048773
2614	0.048767
7942	0.048740
5563	0.048739
5248	0.048687
12118	0.048679
2083	0.048679
2074	0.048679
1899	0.048679
1896	0.048679
3098	0.048598
11077	0.048562
9717	0.048380
9800	0.048220
9170	0.048150
13805	0.048150
5132	0.048150
6935	0.048149
11326	0.048146
10743	0.048132
9654	0.048082
7653	0.047761
259	0.047706
8901	0.047674
9927	0.047663
9896	0.047663
7208	0.047663
12145	0.047641
10515	0.047641
5956	0.047641
3740	0.047562
4135	0.047529
4951	0.047505
2129	0.047409
14317	0.047403
2451	0.047274
4842	0.047226
5366	0.047207
8135	0.047203
11002	0.047124
12425	0.047058
6746	0.047057
1879	0.046949
12687	0.046940
521	0.046920
6051	0.046839
8430	0.046787
12427	0.046780
5886	0.046774
5957	0.046719
6216	0.046671
5518	0.046668
2594	0.046648
9635	0.046586
10939	0.046454
1869	0.046360
12774	0.046210
7875	0.046108
9139	0.046037
6814	0.045961
5949	0.045903
10852	0.045877
2753	0.045823
11491	0.045796
11144	0.045714
10633	0.045714
11010	0.045705
11094	0.045700
2503	0.045692
12654	0.045685
13568	0.045554
11402	0.045428
10307	0.045428
1128	0.045386
578	0.045365
1131	0.045312
13165	0.045215
2841	0.045212
12779	0.045127
5846	0.045043
7865	0.045022
10214	0.045005
1897	0.044981
10778	0.044918
5156	0.044917
10042	0.044840
11019	0.044733
12818	0.044729
3077	0.044696
3287	0.044623
10844	0.044572
10308	0.044572
12571	0.044502
12384	0.044366
10984	0.044362
7287	0.044147
531	0.044115
6138	0.044088
8314	0.044020
6592	0.043982
460	0.043964
5071	0.043864
4529	0.043839
10038	0.043822
7966	0.043752
4787	0.043659
10921	0.043652
14214	0.043590
3161	0.043473
6279	0.043467
7101	0.043464
13499	0.043444
9790	0.043252
12969	0.043229
10920	0.043089
7977	0.043043
6171	0.043033
4683	0.043033
4153	0.042976
8166	0.042944
7365	0.042944
7186	0.042944
2370	0.042934
10767	0.042892
9514	0.042882
2613	0.042861
10168	0.042827
10022	0.042827
8036	0.042827
13427	0.042791
6170	0.042743
5768	0.042573
6819	0.042568
11753	0.042502
605	0.042477
10556	0.042471
12461	0.042439
8318	0.042422
4321	0.042323
9094	0.042309
9093	0.042309
9092	0.042309
9065	0.042309
11182	0.042259
5175	0.042143
3544	0.042125
3593	0.042071
7394	0.041940
7082	0.041879
10639	0.041792
1534	0.041664
13374	0.041650
13373	0.041650
6705	0.041633
2803	0.041632
570	0.041605
11752	0.041592
1675	0.041511
10200	0.041423
12438	0.041406
9627	0.041401
11177	0.041247
13236	0.041228
11818	0.041227
5287	0.041188
10762	0.041151
553	0.041121
7165	0.041020
8947	0.040979
1199	0.040971
2828	0.040971
10761	0.040959
10821	0.040948
7700	0.040938
9857	0.040899
10198	0.040859
9632	0.040847
5649	0.040822
3548	0.040800
7523	0.040788
9935	0.040774
4129	0.040774
487	0.040752
3949	0.040733
10389	0.040693
746	0.040671
960	0.040616
4066	0.040607
13121	0.040601
4789	0.040601
4788	0.040601
399	0.040538
2342	0.040451
10376	0.040393
1018	0.040362
4588	0.040358
13331	0.040325
6631	0.040304
2227	0.040303
1132	0.040302
3664	0.040269
13618	0.040258
13419	0.040258
6840	0.040258
4090	0.040221
10092	0.040179
9856	0.040174
12385	0.040153
472	0.040141
6280	0.040141
1129	0.040132
8042	0.040080
14250	0.040038
10558	0.040038
10555	0.040038
6968	0.040038
11575	0.039996
7468	0.039942
2967	0.039942
3241	0.039898
13036	0.039763
1094	0.039747
12638	0.039744
10454	0.039622
12694	0.039570
1242	0.039542
2477	0.039507
10578	0.039482
475	0.039429
2595	0.039425
7699	0.039381
10579	0.039354
2197	0.039311
7939	0.039164
10455	0.039141
11754	0.039101
11142	0.039070
2266	0.039049
8339	0.038944
6599	0.038933
7988	0.038900
6017	0.038870
10925	0.038831
12836	0.038824
12824	0.038824
10295	0.038798
7673	0.038748
11447	0.038735
10028	0.038722
5101	0.038669
9683	0.038650
10127	0.038539
5293	0.038523
2823	0.038469
1541	0.038455
10462	0.038420
3094	0.038297
13939	0.038204
9870	0.038188
4617	0.038136
7732	0.038092
8621	0.038077
11260	0.038065
10157	0.038065
10256	0.038004
3739	0.037957
7422	0.037947
10007	0.037932
5754	0.037927
2078	0.037913
3030	0.037858
12795	0.037844
11211	0.037826
12773	0.037817
5292	0.037816
11531	0.037813
10557	0.037799
11259	0.037795
13095	0.037720
6969	0.037720
12431	0.037696
3545	0.037687
11887	0.037616
9123	0.037590
10740	0.037523
5026	0.037522
5027	0.037522
3745	0.037517
12053	0.037508
574	0.037324
8877	0.037310
9056	0.037270
749	0.037260
10498	0.037254
2809	0.037192
5225	0.037186
14334	0.037093
679	0.037083
13252	0.037057
13251	0.037057
10248	0.037033
10140	0.036967
10657	0.036921
9356	0.036921
5744	0.036897
3095	0.036838
8920	0.036818
9840	0.036803
10518	0.036780
11626	0.036764
9674	0.036753
1798	0.036753
2619	0.036747
5323	0.036738
3764	0.036724
2184	0.036676
108	0.036652
5212	0.036603
10572	0.036581
4948	0.036564
6395	0.036481
9983	0.036471
9982	0.036471
10226	0.036426
7385	0.036373
3748	0.036371
11438	0.036355
1509	0.036352
11591	0.036325
14249	0.036302
12462	0.036271
10685	0.036271
12710	0.036215
6093	0.036177
7893	0.036173
12670	0.036151
12744	0.036146
9950	0.036124
4514	0.036045
10802	0.036021
11258	0.035974
2965	0.035968
10658	0.035909
12508	0.035901
11592	0.035879
1352	0.035826
12058	0.035733
9354	0.035623
6259	0.035623
6490	0.035610
11977	0.035597
10548	0.035533
12136	0.035532
12646	0.035508
11683	0.035452
4693	0.035449
11065	0.035337
10430	0.035257
3594	0.035237
5138	0.035229
9198	0.035187
13265	0.035136
7920	0.035133
10694	0.035091
6852	0.035052
11578	0.034959
8091	0.034951
10734	0.034943
6281	0.034914
440	0.034891
12546	0.034886
10961	0.034840
716	0.034838
11278	0.034837
12648	0.034752
13639	0.034735
11853	0.034726
2709	0.034721
10982	0.034690
5555	0.034678
11523	0.034675
12799	0.034620
11183	0.034593
10450	0.034571
12091	0.034561
5048	0.034561
2944	0.034550
11658	0.034438
10186	0.034357
6319	0.034333
3952	0.034321
13552	0.034288
13511	0.034288
13507	0.034288
10712	0.034250
7070	0.034221
11436	0.034184
10711	0.034184
12527	0.034098
12636	0.034089
12175	0.033976
11868	0.033972
2831	0.033928
12426	0.033906
10841	0.033782
2289	0.033770
6145	0.033689
10946	0.033680
11544	0.033660
13076	0.033644
10638	0.033633
12536	0.033563
10972	0.033557
1752	0.033512
11320	0.033358
6950	0.033325
6583	0.033307
6580	0.033307
11291	0.033243
85	0.033233
6579	0.033216
3921	0.033212
6727	0.033149
13110	0.033134
2949	0.033098
1030	0.033079
4109	0.033012
13358	0.032928
12404	0.032912
11467	0.032876
577	0.032866
10970	0.032852
10434	0.032736
2618	0.032677
11027	0.032673
5042	0.032666
6512	0.032648
1043	0.032647
561	0.032645
13058	0.032639
7945	0.032639
12551	0.032596
5046	0.032595
11075	0.032590
12778	0.032544
7665	0.032500
391	0.032472
13675	0.032451
12573	0.032411
10064	0.032406
12399	0.032364
10441	0.032341
8623	0.032330
6317	0.032317
7581	0.032310
10723	0.032288
11516	0.032278
14101	0.032262
8365	0.032262
10358	0.032244
4656	0.032244
10809	0.032241
7580	0.032241
2363	0.032238
6954	0.032049
7413	0.032022
2118	0.031957
3242	0.031901
12787	0.031897
12414	0.031894
6625	0.031891
11232	0.031887
11230	0.031887
11229	0.031887
11228	0.031887
12525	0.031885
13838	0.031884
9934	0.031874
1542	0.031855
5713	0.031773
11231	0.031723
5221	0.031720
7055	0.031649
11940	0.031638
11510	0.031629
6695	0.031629
14236	0.031593
13901	0.031593
13601	0.031593
7863	0.031593
7862	0.031593
7859	0.031593
13356	0.031583
13396	0.031579
13338	0.031579
8329	0.031482
964	0.031456
4824	0.031455
11206	0.031454
11098	0.031447
10710	0.031423
4834	0.031402
11472	0.031390
12048	0.031388
4709	0.031388
7745	0.031385
8622	0.031382
3666	0.031339
13155	0.031338
11197	0.031338
9881	0.031316
1177	0.031235
8108	0.031202
5582	0.031154
12492	0.031122
10420	0.031114
388	0.031086
9215	0.031080
3536	0.031070
13602	0.031070
11057	0.031050
11263	0.031034
4819	0.031028
9081	0.031027
9078	0.031027
11351	0.031027
14111	0.030916
14080	0.030916
11869	0.030912
2230	0.030788
6220	0.030761
5586	0.030752
9301	0.030746
10499	0.030726
3884	0.030704
13244	0.030634
4624	0.030580
243	0.030576
9741	0.030574
3310	0.030574
11143	0.030531
9028	0.030520
12275	0.030497
3623	0.030456
5402	0.030452
2269	0.030450
12452	0.030436
11159	0.030424
14203	0.030406
13907	0.030406
13906	0.030406
13407	0.030406
11171	0.030406
8372	0.030406
7978	0.030406
3942	0.030406
