13422	0.275774
12127	0.275034
12419	0.235307
1084	0.234273
8551	0.233979
12786	0.233867
14331	0.233506
14330	0.233506
12100	0.231706
4826	0.229901
10513	0.223578
9874	0.218354
4867	0.189013
3838	0.188386
427	0.181729
12513	0.180137
10993	0.178930
11124	0.165859
2039	0.158597
11782	0.153738
5377	0.150389
5010	0.149039
14132	0.148426
5378	0.147707
4490	0.146866
4489	0.146776
5157	0.146537
9495	0.145959
9147	0.145959
13435	0.145898
2059	0.145898
2057	0.145858
2067	0.145797
5028	0.145482
8342	0.144648
9872	0.143707
5680	0.143490
12505	0.143260
2037	0.142922
12881	0.142376
10540	0.142033
9109	0.141719
10424	0.141692
9108	0.141355
6753	0.141187
9917	0.139901
10783	0.139281
10784	0.138489
11010	0.136116
566	0.136034
7523	0.135172
5376	0.134552
12093	0.133866
6499	0.131410
12774	0.130297
9926	0.130282
9925	0.130282
9924	0.130282
9852	0.130282
7773	0.130282
7447	0.130282
11486	0.128434
4377	0.128063
11998	0.128047
4450	0.128000
7055	0.127724
7201	0.127715
7056	0.126842
12187	0.126650
11163	0.125980
7418	0.125343
12526	0.124747
12401	0.124192
9662	0.123723
9800	0.123321
4293	0.122408
5856	0.122037
8794	0.122008
1690	0.121983
4168	0.121786
5160	0.121731
8606	0.121418
9717	0.121145
10950	0.120814
11152	0.120406
8025	0.120406
2232	0.120083
2731	0.119975
7875	0.119955
3144	0.119436
7419	0.119399
12393	0.118921
12396	0.117657
14276	0.117469
13428	0.117469
7246	0.117421
8704	0.117362
8652	0.117129
12801	0.116801
12562	0.116367
5491	0.116225
3240	0.116008
11101	0.115839
12832	0.115745
235	0.115162
12508	0.115012
8402	0.114598
11162	0.114314
12537	0.114130
11686	0.113887
4712	0.113555
4737	0.113385
8250	0.113018
7014	0.112976
7668	0.112920
6325	0.112757
11175	0.112734
6323	0.112634
10153	0.112279
9829	0.111640
4324	0.111619
13802	0.111572
5400	0.110799
5212	0.110561
5112	0.110042
1619	0.109005
4387	0.108981
4819	0.108758
11554	0.108440
78	0.108361
3217	0.108287
2061	0.108199
11536	0.108045
966	0.108035
7955	0.107714
11085	0.107540
9691	0.107520
7667	0.107470
10649	0.107311
11154	0.107289
1583	0.107173
10858	0.106769
11404	0.106677
10922	0.106677
13185	0.106088
2069	0.106018
2066	0.106018
9929	0.105916
11900	0.105842
5897	0.105786
8112	0.105573
2068	0.105573
2229	0.105268
13323	0.105156
1618	0.104601
11570	0.104334
10239	0.102998
2072	0.102621
13679	0.102510
300	0.102389
11519	0.102367
12199	0.102168
3981	0.101960
8370	0.101872
3822	0.101557
11491	0.101289
9835	0.101240
4711	0.101217
4436	0.101070
1188	0.101014
9643	0.100965
12554	0.100961
12804	0.100920
11351	0.100890
9015	0.100346
13573	0.100143
5894	0.100022
6630	0.099776
4438	0.099712
7277	0.099708
12681	0.099666
14203	0.098807
13907	0.098807
13906	0.098807
13407	0.098807
11171	0.098807
8372	0.098807
7978	0.098807
3942	0.098807
6919	0.098755
1184	0.098670
11841	0.098541
9998	0.098470
13186	0.098326
12145	0.098048
10515	0.098048
5956	0.098048
9847	0.097763
3320	0.097744
5957	0.097661
4219	0.097585
5106	0.097549
5104	0.097549
543	0.097483
2301	0.097481
5994	0.097458
9790	0.097184
6052	0.097179
7898	0.097071
1043	0.096736
747	0.096499
7702	0.096168
13200	0.096118
9320	0.096118
9318	0.096118
9315	0.096118
9314	0.096118
9313	0.096118
9312	0.096118
9310	0.096118
9309	0.096118
9306	0.096118
9305	0.096118
8733	0.096118
8669	0.096118
8668	0.096118
8608	0.096118
8607	0.096118
8605	0.096118
8603	0.096118
7703	0.096118
7477	0.096118
7408	0.096118
4208	0.096027
12818	0.095833
2049	0.095709
12812	0.095646
3178	0.095600
12438	0.095560
13517	0.095034
8862	0.094877
8861	0.094877
8860	0.094877
8859	0.094877
8858	0.094877
8857	0.094877
8844	0.094877
8843	0.094877
8842	0.094877
8841	0.094877
8840	0.094877
8839	0.094877
8838	0.094877
8834	0.094877
8824	0.094877
8823	0.094877
8822	0.094877
8820	0.094877
8818	0.094877
8817	0.094877
8803	0.094877
8798	0.094877
8737	0.094877
8639	0.094877
7682	0.094877
7677	0.094877
7382	0.094877
7247	0.094877
4504	0.094824
5795	0.094803
8382	0.094796
4729	0.094734
4536	0.094689
10647	0.094683
7593	0.094674
7681	0.094598
11743	0.094551
3951	0.094382
12587	0.094357
3210	0.094325
1020	0.094006
13737	0.093965
4292	0.093561
12829	0.093490
4328	0.093362
13199	0.093295
13198	0.093295
7078	0.093277
8397	0.093193
8377	0.093106
596	0.093014
9964	0.092843
7930	0.092789
8135	0.092351
6231	0.092257
11476	0.092223
12743	0.092215
4673	0.092168
12833	0.092029
5265	0.092003
12090	0.091834
10735	0.091796
12262	0.091745
14109	0.091724
10736	0.091724
4362	0.091645
6291	0.091310
6544	0.091240
8103	0.091050
5254	0.090920
9082	0.090878
9875	0.090835
10819	0.090813
13358	0.090769
6946	0.090575
11556	0.090476
1538	0.089956
9857	0.089481
11496	0.089186
8314	0.088917
6812	0.088888
3152	0.088785
12336	0.088776
4172	0.088652
4534	0.088530
4880	0.088363
5649	0.088268
12803	0.088236
14091	0.088168
9191	0.088128
10903	0.088087
10974	0.088007
5995	0.087994
11343	0.087961
13332	0.087881
2930	0.087880
8836	0.087608
12548	0.087524
3489	0.087343
11043	0.086988
7581	0.086894
10809	0.086865
7580	0.086865
9654	0.086848
5221	0.086636
10389	0.086554
3072	0.086331
7001	0.086325
6758	0.086178
6261	0.086140
6123	0.086031
12528	0.085988
13460	0.085873
6138	0.085390
10731	0.084990
5164	0.084939
5163	0.084939
13121	0.084805
4789	0.084805
4788	0.084805
10732	0.084714
9915	0.084704
10681	0.084696
6343	0.084546
1504	0.084546
9169	0.084511
4505	0.084500
4501	0.084500
1503	0.084500
542	0.084299
12638	0.084268
10499	0.084038
3753	0.083983
13294	0.083831
1616	0.083660
8157	0.083563
10927	0.083527
6124	0.083184
7764	0.083136
7363	0.083131
10680	0.082999
10894	0.082923
12654	0.082887
7154	0.082879
11818	0.082752
12658	0.082749
11116	0.082749
2795	0.082749
2794	0.082749
4439	0.082702
12576	0.082692
2800	0.082620
2435	0.082560
4787	0.082540
8837	0.082514
12200	0.082139
8821	0.082044
4531	0.082011
12666	0.081946
10764	0.081709
10679	0.081709
10766	0.081529
10765	0.081529
11626	0.081513
11492	0.081152
95	0.080932
13325	0.080859
4291	0.080806
1821	0.080727
5262	0.080650
12514	0.080567
10916	0.080499
12809	0.080162
8336	0.080011
232	0.079865
6091	0.079766
6090	0.079766
12197	0.079706
6089	0.079643
10552	0.079566
4881	0.079488
12777	0.079353
6282	0.079275
1359	0.078996
1507	0.078870
6299	0.078682
10568	0.078596
4535	0.078488
9066	0.078394
13606	0.077999
11403	0.077859
6148	0.077859
10781	0.077829
2071	0.077613
12808	0.077606
11141	0.077593
9307	0.077376
10853	0.077316
12753	0.077267
10854	0.077020
5651	0.076773
11239	0.076677
11238	0.076677
11522	0.076657
6876	0.076652
9308	0.076474
13716	0.076424
8708	0.076349
10263	0.076316
10667	0.076201
12820	0.076187
7970	0.076061
4530	0.075967
1809	0.075809
5720	0.075788
12776	0.075744
10225	0.075736
13319	0.075732
13321	0.075663
1812	0.075546
1811	0.075546
3726	0.075445
10670	0.075351
13689	0.075283
13489	0.075283
6423	0.075231
11312	0.075030
11354	0.074847
5780	0.074846
13680	0.074725
12418	0.074717
277	0.074713
2594	0.074684
11297	0.074615
12628	0.074595
5148	0.074593
4933	0.074523
12029	0.074416
3418	0.074382
5159	0.074328
11365	0.074314
11270	0.074314
10957	0.074314
7144	0.074314
2041	0.074269
10650	0.074242
4740	0.074226
11525	0.074081
13389	0.073974
226	0.073966
5650	0.073775
11190	0.073772
12630	0.073732
12426	0.073710
3174	0.073663
10172	0.073577
3106	0.073470
7070	0.073304
2332	0.073302
11173	0.073284
11419	0.073271
12161	0.073264
11870	0.073264
11794	0.073264
11204	0.073264
11203	0.073264
6144	0.073264
6143	0.073264
6142	0.073264
6141	0.073264
10517	0.073248
10758	0.073245
12109	0.073234
5948	0.073234
4349	0.073157
12769	0.072987
1348	0.072975
2798	0.072941
11524	0.072884
2440	0.072822
8638	0.072762
12567	0.072699
11459	0.072638
11340	0.072638
6329	0.072638
11053	0.072617
10002	0.072607
5451	0.072272
10937	0.072210
8162	0.072181
13306	0.071902
4655	0.071897
10426	0.071834
3120	0.071812
1413	0.071799
1367	0.071799
11017	0.071781
3250	0.071749
12775	0.071677
9720	0.071657
11020	0.071491
5638	0.071442
4433	0.071414
9799	0.071292
12783	0.071128
10215	0.071128
5664	0.070903
2473	0.070725
597	0.070675
10124	0.070649
1807	0.070494
12273	0.070482
11551	0.070441
10597	0.070327
6140	0.070181
6139	0.070181
5141	0.070155
5249	0.070090
7399	0.070041
5736	0.070041
7475	0.070019
7748	0.069917
9900	0.069806
9165	0.069806
7387	0.069806
11501	0.069754
9908	0.069583
9164	0.069583
12352	0.069578
11464	0.069489
11747	0.069267
9595	0.069228
11179	0.069198
7068	0.069174
12410	0.069124
12436	0.069114
3451	0.069085
11530	0.069076
12597	0.069051
2595	0.068936
9276	0.068892
9275	0.068892
9166	0.068892
7173	0.068892
7138	0.068892
7133	0.068892
7069	0.068892
10556	0.068747
9830	0.068688
10554	0.068614
4532	0.068569
1779	0.068523
9319	0.068461
4588	0.068447
8890	0.068413
5734	0.068408
13376	0.068223
2341	0.068221
5787	0.068219
12147	0.068153
12708	0.068118
4792	0.068091
6667	0.067807
12604	0.067646
7140	0.067582
14250	0.067539
10558	0.067539
10555	0.067539
6968	0.067539
8042	0.067528
14249	0.067464
10615	0.067434
3040	0.067379
8596	0.067310
11307	0.067286
4945	0.067282
7135	0.067194
4368	0.067175
3266	0.067108
5362	0.067061
5361	0.067061
5360	0.067061
10388	0.067031
11172	0.066959
12153	0.066927
4702	0.066927
11183	0.066894
11189	0.066818
11086	0.066814
11188	0.066606
11187	0.066606
9989	0.066499
7183	0.066488
12622	0.066298
10376	0.066216
1411	0.066151
11182	0.065937
10318	0.065801
13598	0.065688
8609	0.065677
10859	0.065670
11201	0.065470
13122	0.065259
1882	0.065155
11589	0.065111
11009	0.065028
10468	0.065008
12402	0.065003
4856	0.064864
13522	0.064811
10837	0.064767
13320	0.064721
12409	0.064637
12502	0.064622
10843	0.064490
13095	0.064474
6969	0.064474
13183	0.064464
11008	0.064464
10486	0.064412
11211	0.064346
6737	0.064338
5435	0.064310
12431	0.064279
10573	0.064252
11582	0.064155
6887	0.064047
8054	0.064027
3678	0.063948
3673	0.063948
12590	0.063940
11490	0.063935
2054	0.063908
7907	0.063894
11176	0.063870
10574	0.063868
11843	0.063740
6998	0.063740
4973	0.063675
9919	0.063657
14291	0.063629
11842	0.063594
6486	0.063594
7079	0.063518
11081	0.063493
13838	0.063416
11595	0.063370
5969	0.063316
11283	0.063275
11520	0.063088
12594	0.062917
10557	0.062777
10042	0.062650
2062	0.062540
5800	0.062503
3312	0.062474
11498	0.062471
13820	0.062284
11783	0.062221
11180	0.062165
9311	0.062154
11181	0.062132
10127	0.062030
9587	0.061845
14111	0.061751
14080	0.061751
8557	0.061738
8555	0.061738
8547	0.061738
6098	0.061685
11094	0.061664
9229	0.061568
5970	0.061371
7453	0.061251
10069	0.061235
10264	0.061137
7403	0.061096
8252	0.060840
12422	0.060838
5398	0.060815
7676	0.060745
13497	0.060695
7030	0.060675
10024	0.060638
7977	0.060474
11450	0.060409
6438	0.060406
10125	0.060322
11804	0.060301
11237	0.060266
4503	0.060237
2227	0.060023
6326	0.060007
5483	0.059997
11135	0.059891
6366	0.059867
13560	0.059819
7457	0.059759
5366	0.059627
5670	0.059623
7206	0.059582
13111	0.059492
13109	0.059492
9959	0.059492
9960	0.059490
11474	0.059405
11581	0.059405
4872	0.059182
10739	0.058711
10788	0.058710
10777	0.058710
10759	0.058710
7969	0.058655
4816	0.058556
5622	0.058512
4038	0.058485
7088	0.058457
11174	0.058442
11477	0.058319
10640	0.058306
12897	0.058284
13375	0.058205
11153	0.058160
10845	0.058160
11381	0.058146
9389	0.058125
12210	0.057746
3342	0.057714
11634	0.057685
2799	0.057657
9958	0.057654
6810	0.057616
8051	0.057445
10738	0.057407
7268	0.057406
12408	0.057380
10435	0.057255
10737	0.057213
11511	0.057210
11728	0.057164
4189	0.057119
7245	0.057105
10846	0.057062
2780	0.057046
11729	0.056948
9726	0.056916
4193	0.056889
4166	0.056861
3886	0.056861
11164	0.056852
10920	0.056846
10349	0.056804
11104	0.056803
12536	0.056773
9747	0.056712
11502	0.056702
13374	0.056672
13373	0.056672
8907	0.056624
11485	0.056585
12525	0.056552
10547	0.056482
13794	0.056456
6809	0.056411
854	0.056363
11186	0.056316
14063	0.056295
5841	0.056272
9946	0.056182
13413	0.056159
6512	0.056118
5259	0.056114
11218	0.056086
10606	0.056050
7500	0.056023
24	0.055904
8699	0.055843
12813	0.055786
2796	0.055752
12710	0.055740
7131	0.055708
13498	0.055690
10152	0.055682
4361	0.055661
12830	0.055634
12512	0.055603
12773	0.055586
13662	0.055544
10031	0.055521
13687	0.055475
12835	0.055420
7194	0.055388
4416	0.055377
10921	0.055372
12235	0.055193
8239	0.055184
9992	0.055169
3030	0.055119
10933	0.055105
10387	0.055073
4721	0.055049
13110	0.055021
9966	0.054938
855	0.054895
12660	0.054770
5679	0.054612
11106	0.054610
11105	0.054610
1880	0.054477
10674	0.054418
11635	0.054276
11200	0.054149
7398	0.054130
13094	0.054121
10450	0.054042
4456	0.053827
10523	0.053799
11415	0.053746
6733	0.053700
13165	0.053627
12509	0.053522
11515	0.053514
7855	0.053428
3111	0.053427
13597	0.053403
13596	0.053403
13595	0.053403
13583	0.053403
13554	0.053403
13402	0.053403
7990	0.053403
12444	0.053287
2159	0.053278
690	0.053193
3363	0.053155
10548	0.053121
11111	0.053047
12445	0.053041
8472	0.052922
5110	0.052921
12598	0.052873
8390	0.052780
7397	0.052709
14347	0.052679
5156	0.052675
6500	0.052605
8003	0.052586
9026	0.052519
8548	0.052396
323	0.052370
11685	0.052303
2491	0.052291
12520	0.052241
11289	0.052236
1737	0.052221
10119	0.052039
12578	0.051945
5174	0.051892
10319	0.051846
7337	0.051769
12405	0.051717
10939	0.051712
10305	0.051673
7353	0.051584
10511	0.051528
2320	0.051511
3851	0.051434
11447	0.051362
4434	0.051199
13443	0.051165
9952	0.051140
7024	0.051140
4289	0.051045
4882	0.051038
10212	0.050978
4330	0.050951
13440	0.050900
4803	0.050864
11683	0.050858
13015	0.050854
9950	0.050833
3764	0.050791
2070	0.050739
12679	0.050691
6808	0.050642
12341	0.050522
13550	0.050484
5887	0.050470
4098	0.050459
3918	0.050458
7992	0.050365
4786	0.050365
2546	0.050356
12461	0.050223
10907	0.050194
5214	0.050148
7028	0.050130
6001	0.050077
2823	0.050035
11542	0.049840
7961	0.049829
6945	0.049805
7155	0.049726
8284	0.049677
6450	0.049667
7701	0.049624
5250	0.049544
11132	0.049454
13039	0.049315
9971	0.049313
5011	0.049302
2952	0.049297
604	0.049236
7139	0.049078
5041	0.049045
191	0.048952
7979	0.048936
8593	0.048925
1885	0.048840
1884	0.048840
1883	0.048840
4295	0.048803
12667	0.048787
13568	0.048786
6289	0.048786
10500	0.048778
1192	0.048678
9918	0.048635
5071	0.048624
10632	0.048578
12695	0.048550
2802	0.048538
9056	0.048517
3163	0.048516
2586	0.048448
10740	0.048420
8835	0.048416
11439	0.048364
8900	0.048359
12386	0.048292
6613	0.048268
8031	0.048238
12236	0.048216
12723	0.048215
9904	0.048186
10543	0.048186
1767	0.048158
10534	0.048154
11301	0.048141
1977	0.048129
9706	0.048022
10453	0.047896
10526	0.047896
9227	0.047802
3760	0.047697
13439	0.047642
11033	0.047465
10949	0.047431
10808	0.047391
14	0.047374
