1084	0.281477
8551	0.280812
14331	0.280400
14330	0.280400
4826	0.276811
10513	0.272452
9874	0.264480
4867	0.242731
427	0.230208
13422	0.227236
12127	0.226741
9495	0.199203
9147	0.199203
13435	0.199143
2059	0.199143
2057	0.199112
2067	0.199052
2037	0.197253
12419	0.194945
9109	0.192891
9108	0.192753
12786	0.192016
10993	0.189938
12100	0.189455
12513	0.188970
5157	0.185846
11782	0.180336
14132	0.178488
5377	0.175884
11124	0.175766
5378	0.175094
8342	0.174417
10540	0.173669
12881	0.173471
12093	0.172820
3838	0.168992
5680	0.167377
5010	0.167115
6753	0.165309
5160	0.164053
2232	0.163621
11152	0.162833
8025	0.162833
4377	0.162641
11998	0.162638
4450	0.162598
1690	0.159254
5376	0.157675
3144	0.153393
2069	0.153309
2066	0.153309
8112	0.152899
2068	0.152899
9872	0.152272
12505	0.151546
10783	0.150898
11686	0.148210
10784	0.147271
2072	0.146955
2061	0.146524
11163	0.143557
7523	0.141060
6499	0.140228
11010	0.139409
7055	0.138349
13802	0.137085
300	0.135846
12774	0.135613
3240	0.135145
2039	0.134652
9662	0.134456
2229	0.134429
2049	0.133869
7593	0.133265
8402	0.132190
7955	0.131965
4219	0.130837
12187	0.130768
4293	0.130500
12401	0.130188
10649	0.127980
9191	0.127703
11486	0.125852
5028	0.125395
14276	0.125299
13428	0.125299
11175	0.124358
12526	0.124206
12562	0.124055
4737	0.123867
11101	0.123834
11900	0.123619
11154	0.123373
1619	0.123118
9829	0.122803
1583	0.122753
13517	0.122332
13323	0.121801
11162	0.121776
4387	0.121485
3320	0.121353
7668	0.120775
5112	0.120735
7875	0.120467
12199	0.119941
4490	0.119891
9917	0.119487
4489	0.119411
1184	0.118896
13679	0.118724
7667	0.118381
8794	0.118295
2071	0.118262
12393	0.117692
12508	0.117092
566	0.116746
10424	0.116655
12396	0.116123
12804	0.115808
9875	0.115292
4712	0.115248
8606	0.114515
13185	0.114374
11841	0.114317
5491	0.114066
12832	0.113426
3178	0.113304
8370	0.113072
4881	0.112964
9643	0.112836
1618	0.112662
4436	0.112657
7078	0.112549
8377	0.112354
7277	0.112087
4438	0.112037
5164	0.111938
5163	0.111938
9926	0.111901
9925	0.111901
9924	0.111901
9852	0.111901
7773	0.111901
7447	0.111901
14203	0.111676
13907	0.111676
13906	0.111676
13407	0.111676
11171	0.111676
8372	0.111676
7978	0.111676
3942	0.111676
10809	0.111586
7580	0.111586
7581	0.111584
5221	0.111576
9998	0.111221
3981	0.110664
966	0.110386
12554	0.110264
9800	0.110055
6630	0.109748
7056	0.109114
7898	0.108821
4324	0.108812
7201	0.108749
12801	0.108553
2041	0.108037
11519	0.107915
12090	0.107777
9015	0.107767
7418	0.106701
4362	0.106568
2301	0.106344
13186	0.106241
2731	0.105698
11043	0.105380
13294	0.104950
5106	0.104912
5104	0.104912
747	0.104902
13573	0.104880
2054	0.104671
4328	0.104409
13358	0.104359
8135	0.104058
12537	0.104045
12145	0.103988
10515	0.103988
5956	0.103988
5957	0.103706
1809	0.103693
13325	0.103673
8862	0.103634
8861	0.103634
8860	0.103634
8859	0.103634
8858	0.103634
8857	0.103634
8844	0.103634
8843	0.103634
8842	0.103634
8841	0.103634
8840	0.103634
8839	0.103634
8838	0.103634
8834	0.103634
8824	0.103634
8823	0.103634
8822	0.103634
8820	0.103634
8818	0.103634
8817	0.103634
8803	0.103634
8798	0.103634
8737	0.103634
8639	0.103634
7682	0.103634
7677	0.103634
7382	0.103634
7247	0.103634
13460	0.103631
10731	0.103615
10894	0.103610
7154	0.103571
5795	0.103546
4433	0.103527
8250	0.103525
7014	0.103516
6323	0.103421
8382	0.103416
10732	0.103369
2435	0.103286
3951	0.103256
13319	0.103238
5897	0.103150
1020	0.103144
7681	0.102994
1812	0.102971
1811	0.102971
12262	0.102964
13689	0.102942
13489	0.102942
11743	0.102898
4292	0.102898
3489	0.102856
5856	0.102842
9691	0.102790
6876	0.102660
4711	0.102639
4504	0.102585
4168	0.102513
13680	0.102415
6325	0.102272
10153	0.102115
7930	0.102106
11554	0.101969
7419	0.101869
8652	0.101574
11536	0.101522
8103	0.101480
5451	0.101286
78	0.101101
6261	0.101099
7246	0.101010
5265	0.100860
9717	0.100798
6231	0.100528
10927	0.100395
8704	0.100221
10819	0.099960
11501	0.099627
4172	0.099495
1413	0.099372
1367	0.099372
6124	0.099021
235	0.098786
12200	0.098705
13332	0.098259
3822	0.098241
4729	0.098178
11491	0.098178
5894	0.097706
2404	0.097653
3217	0.097571
5780	0.097437
1411	0.097431
543	0.097260
11818	0.097255
7001	0.097214
9964	0.097037
12743	0.096968
4740	0.096941
9790	0.096833
12210	0.096335
4819	0.096102
8157	0.096044
10670	0.096042
11476	0.095919
10002	0.095846
11459	0.095844
11340	0.095844
6329	0.095844
6544	0.095777
12833	0.095323
9835	0.095305
5148	0.095173
9847	0.095113
9308	0.094146
3072	0.094074
12803	0.093997
6291	0.093845
2930	0.093781
1616	0.093581
6123	0.093346
596	0.093312
13200	0.093219
9320	0.093219
9318	0.093219
9315	0.093219
9314	0.093219
9313	0.093219
9312	0.093219
9310	0.093219
9309	0.093219
9306	0.093219
9305	0.093219
8733	0.093219
8669	0.093219
8668	0.093219
8608	0.093219
8607	0.093219
8605	0.093219
8603	0.093219
7703	0.093219
7477	0.093219
7408	0.093219
11556	0.093144
5254	0.093080
12587	0.093036
7702	0.092836
12829	0.092804
10950	0.092782
13737	0.092782
11343	0.092654
12514	0.091996
12336	0.091873
9082	0.091758
5720	0.091699
11496	0.091698
13321	0.091617
8397	0.091475
5212	0.091367
4505	0.091350
4501	0.091350
1503	0.091350
2341	0.091194
2332	0.091153
3753	0.091035
6343	0.091023
1504	0.091023
12775	0.090111
4880	0.090040
12548	0.089802
5159	0.089736
10974	0.089583
11351	0.089509
8837	0.089479
12812	0.089349
11141	0.089199
13199	0.089182
13198	0.089182
5400	0.089069
3040	0.089029
4536	0.088842
7399	0.088732
7475	0.088658
5994	0.088501
1550	0.088494
10239	0.088412
1188	0.088347
10681	0.088201
12528	0.088132
12809	0.088070
8821	0.088018
11570	0.088007
10517	0.087400
12666	0.087201
9857	0.087130
12654	0.086804
13606	0.086761
8836	0.086690
10647	0.086677
7748	0.086499
11201	0.086331
5638	0.086237
9726	0.085985
2062	0.085876
11179	0.085775
10858	0.085773
11404	0.085733
10922	0.085733
12410	0.085727
10680	0.085582
11530	0.085498
4439	0.085268
12638	0.085189
12818	0.085144
9929	0.085065
6052	0.085004
9654	0.084850
1538	0.084757
9307	0.084705
14109	0.084405
10736	0.084405
10764	0.084316
10679	0.084316
10735	0.084258
10766	0.084140
10765	0.084140
1043	0.084112
10903	0.083757
8162	0.083732
10552	0.083648
4534	0.083466
13389	0.083324
4945	0.082829
13122	0.082759
11086	0.082692
12576	0.082567
11525	0.082550
542	0.082364
10854	0.082220
5995	0.082180
10853	0.082093
4933	0.082048
1821	0.082041
11085	0.081874
9066	0.081835
10781	0.081666
13306	0.081614
5649	0.081556
2440	0.081447
597	0.081408
11174	0.081316
12438	0.081256
11053	0.081168
11477	0.081097
3106	0.081096
4208	0.080623
4038	0.080458
10468	0.080434
3152	0.080426
11153	0.080325
10845	0.080325
11081	0.080296
6091	0.080236
6090	0.080236
6089	0.080207
6299	0.080144
14091	0.080042
11783	0.079911
11180	0.079906
10737	0.079857
6282	0.079737
4166	0.079670
11172	0.079627
10846	0.079624
13320	0.079364
3726	0.079325
10738	0.079325
3312	0.079249
5736	0.079243
10389	0.079045
12273	0.078998
9915	0.078957
9169	0.078925
2070	0.078855
11381	0.078781
6423	0.078619
9587	0.078394
11551	0.078265
11502	0.078260
12658	0.078230
11116	0.078230
2795	0.078230
2794	0.078230
12813	0.078212
2800	0.078136
7079	0.077930
6138	0.077881
13443	0.077782
277	0.077733
13440	0.077669
10667	0.077603
12820	0.077590
1359	0.077553
13439	0.077543
5483	0.077488
11190	0.077455
11183	0.077443
226	0.077377
10119	0.077296
7453	0.077273
11522	0.077246
5235	0.077219
1507	0.077005
1348	0.076988
9595	0.076846
4655	0.076760
10152	0.076694
11182	0.076651
4368	0.076647
7676	0.076613
12783	0.076549
10215	0.076549
6919	0.076484
4673	0.076428
12681	0.076298
12144	0.076261
4700	0.076261
232	0.076134
13121	0.076122
4789	0.076122
4788	0.076122
11581	0.076106
4787	0.075742
12418	0.075518
12405	0.075386
6353	0.075378
4701	0.075378
4361	0.075372
7398	0.075325
7206	0.075309
5734	0.075240
12109	0.075211
5948	0.075211
10263	0.075158
11492	0.075134
13687	0.075087
11626	0.074880
11307	0.074742
8708	0.074619
4882	0.074598
10124	0.074543
3210	0.074527
1192	0.074502
6620	0.074389
12776	0.074385
4531	0.074067
11520	0.073951
12808	0.073946
11312	0.073775
5969	0.073401
9893	0.073400
9892	0.073400
9888	0.073400
9887	0.073400
9841	0.073400
9821	0.073400
9768	0.073400
9300	0.073400
9294	0.073400
10499	0.073195
10568	0.073111
9641	0.073059
3451	0.073036
7135	0.072787
13560	0.072557
12426	0.072542
12604	0.072470
6812	0.072366
416	0.072298
11181	0.072242
4535	0.072230
8907	0.072156
4291	0.072078
6387	0.071932
3266	0.071897
10225	0.071859
12753	0.071850
6946	0.071784
5141	0.071771
11200	0.071727
11450	0.071695
4532	0.071665
11135	0.071657
5970	0.071590
2798	0.071366
13598	0.071339
7403	0.071332
11354	0.071082
3678	0.071009
3673	0.071009
1767	0.070995
2040	0.070970
7907	0.070947
4856	0.070945
11173	0.070871
11464	0.070822
10916	0.070757
11419	0.070631
12769	0.070578
12597	0.070409
9261	0.070397
11524	0.070380
3250	0.070340
12628	0.070257
12444	0.070240
5262	0.070075
12445	0.070028
11403	0.069989
6148	0.069989
11498	0.069936
5650	0.069719
13295	0.069441
4803	0.069388
12029	0.069266
13522	0.069216
7353	0.069177
9747	0.069167
1807	0.069101
12630	0.069084
5651	0.069062
11595	0.068975
11683	0.068875
5259	0.068862
12402	0.068793
2594	0.068709
13413	0.068691
6758	0.068510
8336	0.068438
4434	0.068434
8314	0.068342
191	0.068255
690	0.068238
11176	0.068164
9311	0.068079
4193	0.068015
4530	0.067994
6296	0.067765
7070	0.067628
9720	0.067573
7183	0.067567
12708	0.067350
12567	0.067346
12386	0.067222
13716	0.067172
13094	0.067126
11393	0.066993
3418	0.066977
7969	0.066971
7155	0.066877
11009	0.066861
9138	0.066790
2064	0.066632
3111	0.066621
7855	0.066619
13597	0.066580
13596	0.066580
13595	0.066580
13583	0.066580
13554	0.066580
13402	0.066580
7990	0.066580
12161	0.066554
11870	0.066554
11794	0.066554
11204	0.066554
11203	0.066554
6144	0.066554
6143	0.066554
6142	0.066554
6141	0.066554
12723	0.066532
4349	0.066524
13183	0.066503
11008	0.066503
12197	0.066268
5634	0.066239
7268	0.066223
10843	0.066213
1633	0.066161
12235	0.066135
12352	0.066093
2473	0.066068
9536	0.065732
12422	0.065706
477	0.065574
7856	0.065529
10939	0.065514
10937	0.065488
9319	0.065359
9194	0.065252
11297	0.065228
10318	0.065207
10650	0.065176
11044	0.065140
2230	0.065135
4588	0.065090
11017	0.065027
11365	0.065014
11270	0.065014
10957	0.065014
7144	0.065014
10453	0.064992
12622	0.064989
7363	0.064957
8878	0.064930
11020	0.064569
7764	0.064447
11685	0.064410
12520	0.064385
10426	0.064324
7992	0.064240
6887	0.064172
8054	0.064149
6957	0.064063
8175	0.064048
456	0.063941
3120	0.063864
5664	0.063861
5435	0.063832
3363	0.063766
5622	0.063699
6140	0.063544
6139	0.063544
4503	0.063394
10486	0.063323
12409	0.063227
7537	0.063074
7503	0.063074
10597	0.062989
5249	0.062947
95	0.062925
12502	0.062853
4846	0.062828
1790	0.062810
11474	0.062792
14017	0.062735
7914	0.062735
9989	0.062705
7030	0.062684
2044	0.062571
10452	0.062513
11007	0.062428
12436	0.062426
12147	0.062409
9890	0.062372
7370	0.062317
4847	0.062317
8609	0.062245
7979	0.062031
10674	0.061982
2799	0.061966
12777	0.061964
8890	0.061963
10608	0.061866
8596	0.061710
5046	0.061660
6805	0.061649
6450	0.061580
13015	0.061499
2595	0.061431
13662	0.061390
2802	0.061329
6510	0.061235
6342	0.061152
12341	0.061114
10556	0.061107
12632	0.061082
4402	0.060915
4190	0.060868
10859	0.060693
13427	0.060641
9830	0.060510
1683	0.060484
1779	0.060459
6438	0.060381
385	0.060357
7263	0.060345
1882	0.060334
5317	0.060294
9918	0.060285
508	0.060234
13611	0.060219
9828	0.060177
14250	0.060159
10558	0.060159
10555	0.060159
6968	0.060159
8042	0.060147
7286	0.060141
10758	0.060003
8638	0.059910
5011	0.059883
13039	0.059861
5787	0.059835
10554	0.059815
10615	0.059780
12806	0.059749
12236	0.059704
9229	0.059700
10626	0.059690
3918	0.059680
14249	0.059503
7973	0.059476
11843	0.059303
6998	0.059303
2796	0.059268
10376	0.059263
10547	0.059239
11842	0.059199
6486	0.059199
10264	0.059149
11516	0.059058
13497	0.059026
5398	0.059011
5679	0.058830
9966	0.058678
1977	0.058499
11104	0.058471
5800	0.058413
2227	0.058409
1894	0.058382
7977	0.058338
7140	0.058334
11056	0.058312
13192	0.058300
9276	0.058172
9275	0.058172
9166	0.058172
7173	0.058172
7138	0.058172
7133	0.058172
7069	0.058172
1041	0.058156
7088	0.058033
11189	0.057947
12153	0.057921
4702	0.057921
12096	0.057873
12317	0.057802
11188	0.057772
11187	0.057772
1104	0.057680
9900	0.057481
9165	0.057481
7387	0.057481
10837	0.057437
13838	0.057393
8051	0.057344
6667	0.057321
9908	0.057195
9164	0.057195
10241	0.057175
9389	0.057092
13095	0.057029
6969	0.057029
11211	0.056950
7397	0.056942
12431	0.056813
9706	0.056770
13820	0.056764
4042	0.056670
9946	0.056621
10557	0.056613
12143	0.056600
11142	0.056516
9952	0.056429
2456	0.056391
10127	0.056313
13376	0.056240
4664	0.056178
5174	0.056156
604	0.056071
7500	0.056036
4330	0.056027
2263	0.055999
11237	0.055929
11747	0.055920
11239	0.055900
11238	0.055900
4416	0.055897
8239	0.055846
8699	0.055837
14111	0.055830
14080	0.055830
11511	0.055743
7131	0.055715
1539	0.055680
12667	0.055650
13841	0.055614
5841	0.055613
1880	0.055610
9126	0.055582
13550	0.055460
1979	0.055383
4431	0.055343
2302	0.055340
10042	0.055335
7970	0.055265
11094	0.055219
929	0.055200
10658	0.055187
8518	0.055108
6512	0.054931
8252	0.054820
6737	0.054741
10305	0.054728
8557	0.054727
8555	0.054727
8547	0.054727
10921	0.054687
10573	0.054682
2546	0.054626
13950	0.054574
11634	0.054454
5524	0.054440
10657	0.054431
1611	0.054396
13188	0.054395
1008	0.054382
13291	0.054254
7194	0.054194
11582	0.054184
10387	0.054150
11164	0.054073
10574	0.054054
3174	0.054044
10785	0.054027
5670	0.053980
4816	0.053955
11804	0.053953
3168	0.053832
9909	0.053806
5319	0.053741
6289	0.053694
5413	0.053636
11106	0.053628
11105	0.053628
7068	0.053603
1171	0.053581
12408	0.053503
1369	0.053430
10388	0.053425
5101	0.053412
13189	0.053337
13187	0.053337
1609	0.053327
10172	0.053313
6098	0.053265
10920	0.053232
11490	0.053122
9799	0.053091
2844	0.053075
7024	0.052954
10787	0.052897
2770	0.052848
9559	0.052809
13023	0.052797
8466	0.052745
12695	0.052721
2780	0.052715
6326	0.052703
10739	0.052701
10788	0.052701
10777	0.052701
10759	0.052701
7630	0.052528
1925	0.052514
10548	0.052460
5383	0.052427
13498	0.052368
6129	0.052292
7337	0.052245
13374	0.052160
13373	0.052160
4432	0.052059
854	0.052057
12590	0.052037
10049	0.052019
8548	0.051795
12525	0.051783
6651	0.051772
2498	0.051734
12531	0.051702
9919	0.051655
5675	0.051549
13613	0.051516
4831	0.051464
3342	0.051369
4721	0.051334
3035	0.051311
4456	0.051257
10435	0.051243
5362	0.051175
5361	0.051175
5360	0.051175
1737	0.051127
