3437	0.200180
2277	0.198913
4466	0.194867
1756	0.172057
9869	0.164754
3739	0.151274
13036	0.151023
3745	0.149993
12053	0.149971
3002	0.148480
4468	0.144481
3921	0.143319
6838	0.139853
3977	0.136366
3438	0.135546
13076	0.133408
7526	0.130123
8864	0.129993
8863	0.129993
8583	0.129993
8124	0.129993
7904	0.129993
7903	0.129993
7902	0.129993
7901	0.129993
7900	0.129993
7899	0.129993
7897	0.129993
7896	0.129993
7895	0.129993
4088	0.128241
304	0.124869
9775	0.124590
5546	0.122545
7131	0.120044
4416	0.119756
2968	0.117960
2523	0.117877
7774	0.117733
5641	0.117733
5642	0.117721
3738	0.117598
5347	0.117535
2185	0.116504
14303	0.115933
14302	0.115933
14301	0.115933
14300	0.115933
14299	0.115933
7167	0.115593
13449	0.114885
85	0.114781
4094	0.114186
2052	0.114042
11858	0.113534
1346	0.113107
9439	0.113027
5219	0.112832
13265	0.112831
9462	0.112525
2105	0.112470
11658	0.112274
13545	0.111028
5423	0.110814
7379	0.110661
7295	0.110224
4542	0.110175
4667	0.109315
2952	0.109303
9385	0.108748
13557	0.108709
13556	0.108709
2280	0.108602
6255	0.107803
14186	0.106800
12030	0.106716
2109	0.106635
5424	0.106624
4873	0.106381
3209	0.106048
3007	0.105979
4538	0.105387
1952	0.104782
6695	0.104307
1904	0.104163
1419	0.104013
392	0.103829
5305	0.103518
11987	0.103029
268	0.102795
6482	0.102695
13517	0.102310
4671	0.102268
4669	0.102268
2990	0.102245
51	0.102001
4670	0.101775
6378	0.101538
8293	0.101322
7955	0.101276
5815	0.101253
235	0.100763
13355	0.100185
404	0.100132
11147	0.100053
13394	0.099299
10232	0.099168
1673	0.099009
2958	0.098453
4383	0.098285
8740	0.097970
4935	0.097885
1420	0.097596
2996	0.097573
2820	0.097513
8910	0.097453
3507	0.097446
2283	0.097421
861	0.097316
469	0.097307
7913	0.097244
5968	0.097244
470	0.097244
14162	0.097030
12873	0.096797
5967	0.096715
13054	0.096585
353	0.096468
2600	0.096120
9861	0.096066
9819	0.096066
4668	0.095485
5033	0.094951
3001	0.094929
331	0.094620
1919	0.094281
12252	0.094255
13665	0.094087
9218	0.093969
1400	0.093684
3212	0.093217
2110	0.092874
3636	0.092800
5034	0.092798
9484	0.092546
9483	0.092546
8312	0.092509
1173	0.092315
6065	0.092093
6064	0.091500
10227	0.091236
5746	0.091156
8916	0.091059
8915	0.091059
8914	0.091059
8913	0.091059
8912	0.091059
8911	0.091059
7634	0.091059
6568	0.091059
7453	0.090976
5635	0.090968
4168	0.090559
7676	0.090503
1232	0.090442
1229	0.090442
6741	0.090218
14269	0.090213
2107	0.090076
6841	0.089954
10233	0.089888
498	0.089844
6835	0.089647
370	0.089617
7306	0.089536
13285	0.089415
4692	0.089367
2274	0.089122
599	0.089044
1402	0.088515
11989	0.087851
4974	0.087808
876	0.087671
5747	0.087435
2097	0.086789
10694	0.086732
4977	0.086709
683	0.086640
2892	0.086331
311	0.086080
6812	0.086065
3389	0.085904
5346	0.085800
7635	0.085745
7633	0.085745
817	0.085739
314	0.085648
11781	0.085624
3837	0.085497
3539	0.085408
303	0.085399
13689	0.085328
13489	0.085328
2666	0.085272
13319	0.085228
1809	0.085176
1812	0.085127
1811	0.085127
13680	0.085125
5354	0.084940
5451	0.084884
11771	0.084819
2423	0.084817
11770	0.084807
2111	0.084802
9706	0.084659
4976	0.084460
10230	0.084385
4111	0.084382
5500	0.084316
10173	0.084275
9307	0.083960
330	0.083944
10226	0.083926
329	0.083926
38	0.083757
5588	0.083751
4450	0.083589
11998	0.083565
4377	0.083555
4659	0.083507
11298	0.083373
10994	0.083373
316	0.083352
6317	0.083289
6393	0.083095
4865	0.082932
4537	0.082921
312	0.082801
4175	0.082657
5268	0.082549
1228	0.082245
13633	0.082157
9347	0.082154
332	0.082137
5413	0.082063
8615	0.082026
9231	0.081927
8634	0.081913
11715	0.081904
11739	0.081883
12074	0.081821
3638	0.081772
13360	0.081770
13490	0.081709
13632	0.081709
13631	0.081709
335	0.081566
334	0.081566
327	0.081566
305	0.081566
302	0.081566
11638	0.081553
11818	0.081509
11678	0.081140
6217	0.081043
7328	0.081021
4176	0.080973
14263	0.080961
14002	0.080961
14001	0.080961
14000	0.080961
13998	0.080961
13996	0.080961
6666	0.080961
5064	0.080961
4854	0.080961
4852	0.080961
12276	0.080961
6015	0.080730
4850	0.080697
310	0.080509
2845	0.080501
4778	0.080490
6689	0.080285
6967	0.080285
8090	0.080118
2847	0.080118
2843	0.080118
2839	0.080118
11050	0.080025
11646	0.079968
7659	0.079900
2840	0.079841
8635	0.079470
1964	0.079364
11737	0.079025
6078	0.078986
321	0.078978
12263	0.078948
4682	0.078948
7874	0.078930
6102	0.078782
1734	0.078578
1953	0.078500
1954	0.078500
3505	0.078470
3973	0.078406
2113	0.078357
6191	0.078348
9204	0.078286
8592	0.078286
13325	0.078252
9623	0.078205
6302	0.078125
6267	0.078125
1237	0.078045
1238	0.077544
3320	0.077377
8503	0.077306
12219	0.077197
4465	0.077176
4106	0.077151
5829	0.076995
9438	0.076976
6157	0.076946
9909	0.076912
6101	0.076802
5830	0.076731
12909	0.076707
1951	0.076605
9413	0.076583
6530	0.076445
352	0.076180
7872	0.076167
8352	0.076165
8351	0.076165
2957	0.076165
2956	0.076165
13942	0.076124
35	0.076086
14248	0.076012
8047	0.076012
10231	0.075820
3741	0.075816
9686	0.075813
685	0.075678
8171	0.075622
14003	0.075489
4998	0.075428
4672	0.075155
4105	0.075082
12069	0.075068
6528	0.074818
13997	0.074748
3144	0.074621
6587	0.074581
9253	0.074546
1109	0.074515
9150	0.074494
11703	0.074384
1285	0.074360
12281	0.074342
6619	0.074342
6278	0.074159
6895	0.074155
9226	0.074074
9217	0.074074
8534	0.074074
14052	0.074067
10065	0.074067
7827	0.074036
220	0.073983
13456	0.073851
13342	0.073851
4118	0.073735
2276	0.073715
6305	0.073471
14266	0.073463
13030	0.073390
10229	0.073375
2382	0.073372
2881	0.073026
6616	0.073002
11840	0.072864
1731	0.072706
1780	0.072584
5299	0.072534
12197	0.072521
9460	0.072434
3736	0.072433
8319	0.072413
1816	0.072405
11988	0.072363
5038	0.072130
13462	0.072098
2064	0.071908
377	0.071877
2979	0.071843
781	0.071746
3940	0.071693
13850	0.071640
5918	0.071565
877	0.071545
874	0.071457
2281	0.071443
7510	0.071379
6896	0.071149
4169	0.071129
9415	0.071085
8851	0.071085
8850	0.071085
9235	0.070983
9230	0.070983
9228	0.070983
9225	0.070983
9224	0.070983
9221	0.070983
9219	0.070983
9214	0.070983
9213	0.070983
9211	0.070983
9209	0.070983
9208	0.070983
9206	0.070983
9193	0.070983
8807	0.070983
8679	0.070983
8677	0.070983
8675	0.070983
8674	0.070983
8673	0.070983
8670	0.070983
8637	0.070983
8633	0.070983
8631	0.070983
8610	0.070983
8591	0.070983
8539	0.070983
8538	0.070983
8537	0.070983
8536	0.070983
8529	0.070983
8526	0.070983
8525	0.070983
8632	0.070983
8671	0.070982
13687	0.070981
2	0.070923
6443	0.070913
11624	0.070874
13928	0.070794
9120	0.070765
12141	0.070701
2114	0.070651
12310	0.070638
2073	0.070598
6806	0.070577
4053	0.070403
4361	0.070384
2263	0.070344
4305	0.070299
6295	0.070256
10800	0.070230
10110	0.070225
2902	0.070171
4447	0.070082
700	0.070070
306	0.070047
5035	0.069886
9797	0.069866
6044	0.069732
11300	0.069712
6618	0.069683
9942	0.069647
9931	0.069647
9930	0.069647
9921	0.069647
9901	0.069647
9899	0.069647
9895	0.069647
9866	0.069647
9836	0.069647
9832	0.069647
9810	0.069647
9698	0.069647
9636	0.069647
9570	0.069647
9299	0.069647
8773	0.069631
6621	0.069631
6473	0.069541
7258	0.069530
2964	0.069504
12007	0.069370
4463	0.069308
3778	0.069259
3448	0.069199
1956	0.069187
1265	0.069100
8922	0.069095
9222	0.069088
2278	0.068916
333	0.068907
4262	0.068811
9192	0.068786
13926	0.068684
4042	0.068627
6179	0.068580
4855	0.068535
340	0.068520
12143	0.068515
29	0.068425
2458	0.068366
12204	0.068262
5541	0.068181
10748	0.068158
9834	0.068158
8391	0.068151
3087	0.068151
3870	0.068136
8383	0.067999
308	0.067995
7757	0.067977
12785	0.067890
6291	0.067779
13897	0.067626
1300	0.067571
2049	0.067550
6127	0.067496
5779	0.067490
5777	0.067470
3906	0.067464
13999	0.067415
5005	0.067415
782	0.067249
1119	0.067124
2708	0.067121
4661	0.067076
8026	0.067076
385	0.067041
5778	0.067009
1120	0.066866
8204	0.066817
8636	0.066744
8584	0.066721
3729	0.066703
9135	0.066641
823	0.066627
7686	0.066606
12357	0.066565
13945	0.066528
12784	0.066519
7856	0.066492
13698	0.066464
13544	0.066464
13247	0.066353
2821	0.066202
11806	0.066145
9727	0.066110
326	0.066061
12093	0.066000
12325	0.065975
9957	0.065899
3083	0.065894
10582	0.065880
4848	0.065792
6889	0.065642
9875	0.065622
12387	0.065600
14283	0.065550
549	0.065533
7343	0.065525
4051	0.065423
9361	0.065408
295	0.065265
221	0.065265
13815	0.065166
14004	0.065166
4866	0.065166
684	0.065155
9232	0.065108
6035	0.065072
6277	0.065046
13467	0.065024
12125	0.064960
13448	0.064901
7767	0.064901
7642	0.064835
12636	0.064790
251	0.064772
6747	0.064733
6697	0.064633
9237	0.064590
14085	0.064491
13384	0.064319
2598	0.064309
13321	0.064183
4849	0.064085
1118	0.064028
2128	0.064017
2542	0.064009
3358	0.064000
713	0.063979
2822	0.063676
9711	0.063662
9708	0.063662
9707	0.063662
9705	0.063662
9703	0.063662
9699	0.063582
9200	0.063572
4304	0.063495
4302	0.063495
6395	0.063492
11999	0.063488
9220	0.063456
1689	0.063446
5697	0.063426
696	0.063327
225	0.063301
9207	0.063291
9205	0.063291
8528	0.063291
13443	0.063228
13440	0.063214
5245	0.063095
3838	0.062923
5118	0.062874
328	0.062849
79	0.062843
341	0.062787
5841	0.062780
13767	0.062778
12116	0.062743
2773	0.062732
4660	0.062623
7958	0.062554
1403	0.062549
12915	0.062393
12914	0.062393
14290	0.062353
13688	0.062301
8676	0.062247
2124	0.062187
2950	0.062118
8530	0.062105
238	0.062088
12077	0.061908
6461	0.061908
3711	0.061908
1293	0.061840
5780	0.061802
7089	0.061744
13235	0.061729
9999	0.061689
13148	0.061687
13147	0.061687
7892	0.061687
6298	0.061687
6297	0.061687
4836	0.061683
6198	0.061643
4693	0.061628
5206	0.061624
13320	0.061496
633	0.061495
6886	0.061443
7400	0.061342
730	0.061313
12234	0.061262
155	0.061201
10534	0.061125
2037	0.061118
6844	0.061103
12182	0.061097
4464	0.061097
6532	0.061072
5433	0.061065
8531	0.060992
5324	0.060951
1273	0.060913
9928	0.060895
5877	0.060858
3654	0.060755
11607	0.060659
2980	0.060649
503	0.060486
9794	0.060483
2062	0.060383
4520	0.060307
13597	0.060281
13596	0.060281
13595	0.060281
13583	0.060281
13554	0.060281
13402	0.060281
7990	0.060281
7855	0.060247
2282	0.060135
8329	0.060127
9197	0.060126
7342	0.060088
3111	0.060079
13094	0.060009
12348	0.059979
2286	0.059966
6089	0.059839
524	0.059770
10628	0.059748
426	0.059732
8892	0.059724
13932	0.059721
6472	0.059717
1598	0.059695
6091	0.059689
6090	0.059689
6303	0.059579
2027	0.059421
2046	0.059371
11733	0.059367
14407	0.059324
6292	0.059277
6598	0.059209
4707	0.059175
8110	0.059077
9702	0.059067
9202	0.059053
7206	0.059033
13910	0.059032
13435	0.059029
2059	0.059029
5958	0.058984
3922	0.058946
9495	0.058932
9147	0.058932
2067	0.058878
4128	0.058823
3331	0.058822
2057	0.058781
693	0.058771
13694	0.058769
1315	0.058710
12296	0.058636
6244	0.058636
9024	0.058597
9023	0.058597
9022	0.058597
8949	0.058597
613	0.058541
5342	0.058481
5306	0.058481
10480	0.058474
6299	0.058465
6034	0.058436
702	0.058426
628	0.058367
3205	0.058359
86	0.058338
11799	0.058270
124	0.058221
11365	0.058216
11270	0.058216
10957	0.058216
7144	0.058216
4193	0.058171
1176	0.057984
4208	0.057958
2522	0.057953
5487	0.057865
3710	0.057836
215	0.057773
13013	0.057769
12962	0.057769
11297	0.057762
7650	0.057745
7096	0.057745
2102	0.057743
4426	0.057579
10916	0.057476
11679	0.057472
8928	0.057428
9152	0.057422
4291	0.057300
249	0.057265
2605	0.057232
11685	0.057203
12442	0.057201
6576	0.057178
645	0.057087
9269	0.057074
10330	0.057057
3934	0.056999
11767	0.056965
9196	0.056890
10943	0.056862
10549	0.056829
808	0.056804
1085	0.056746
1078	0.056706
354	0.056644
746	0.056625
4293	0.056603
338	0.056593
11129	0.056563
9579	0.056499
7752	0.056307
7581	0.056258
9717	0.056250
9177	0.056231
10809	0.056149
7580	0.056149
252	0.056068
6605	0.056041
6767	0.056029
6765	0.056029
6764	0.056029
2831	0.055943
10837	0.055929
4619	0.055871
1030	0.055693
5221	0.055326
5496	0.055292
2275	0.055285
9170	0.055242
13659	0.055107
13658	0.055107
2072	0.055094
8027	0.055057
11798	0.055043
1097	0.055031
11325	0.054943
4509	0.054924
690	0.054786
7288	0.054710
9210	0.054688
5063	0.054462
6908	0.054423
1905	0.054399
6677	0.054335
4853	0.054297
11686	0.054141
9108	0.054125
5375	0.054086
13889	0.054062
9829	0.053993
4112	0.053993
5300	0.053988
4231	0.053985
13199	0.053870
13198	0.053870
9109	0.053832
456	0.053724
5301	0.053712
11817	0.053631
6990	0.053631
7182	0.053630
14276	0.053525
13428	0.053525
14415	0.053523
9277	0.053523
4165	0.053479
12721	0.053442
4113	0.053365
6667	0.053325
6294	0.053200
8028	0.053181
13621	0.053167
5321	0.053157
6754	0.053137
5302	0.053073
11322	0.053036
9145	0.052967
2054	0.052940
9201	0.052897
6149	0.052788
6742	0.052697
10723	0.052434
12207	0.052418
6663	0.052391
10658	0.052362
8792	0.052344
11548	0.052271
250	0.052255
4467	0.052134
9900	0.051951
9165	0.051951
7387	0.051951
8093	0.051884
11964	0.051868
4706	0.051849
9908	0.051837
9164	0.051837
2841	0.051826
5460	0.051771
6820	0.051757
5561	0.051757
3328	0.051756
8714	0.051749
9105	0.051614
9104	0.051614
11813	0.051543
6051	0.051469
3981	0.051466
10657	0.051419
9704	0.051400
9276	0.051356
9275	0.051356
9166	0.051356
7173	0.051356
7138	0.051356
7133	0.051356
7069	0.051356
12273	0.051323
1458	0.051312
698	0.051304
4306	0.051251
28	0.051180
4838	0.051144
2588	0.051100
12954	0.051065
8625	0.051039
3383	0.051020
5790	0.050995
1836	0.050947
1111	0.050882
12338	0.050875
2104	0.050868
10456	0.050804
4824	0.050763
318	0.050761
9215	0.050744
2844	0.050723
13131	0.050699
8468	0.050604
2978	0.050604
2977	0.050604
5748	0.050522
2018	0.050488
4029	0.050486
2112	0.050463
5189	0.050417
9770	0.050370
6920	0.050354
7381	0.050354
786	0.050308
11233	0.050277
9381	0.050277
4343	0.050272
6055	0.050234
12279	0.050205
11825	0.050205
6270	0.050205
6269	0.050205
596	0.050203
8700	0.050181
9223	0.050170
991	0.050144
5272	0.050039
5634	0.049943
11065	0.049938
227	0.049915
6746	0.049896
12425	0.049895
3596	0.049870
7414	0.049852
3604	0.049821
771	0.049804
8833	0.049788
8207	0.049760
1206	0.049732
2069	0.049666
2066	0.049666
6913	0.049571
2170	0.049554
4301	0.049521
5291	0.049512
8112	0.049443
2068	0.049443
1307	0.049438
4251	0.049395
10701	0.049356
11226	0.049288
217	0.049211
1291	0.049208
14214	0.049196
7221	0.049162
9520	0.049161
10615	0.049154
13533	0.049078
13532	0.049078
13531	0.049078
3193	0.049063
7518	0.048978
1044	0.048964
5851	0.048949
11178	0.048920
6496	0.048895
5432	0.048895
4387	0.048888
