4831	0.282583
3748	0.250555
14247	0.197770
1166	0.185560
4536	0.151122
4534	0.149921
4787	0.136740
2594	0.135604
5649	0.135342
4532	0.134859
11626	0.134080
2055	0.134040
2751	0.133358
11176	0.132036
2971	0.130430
10389	0.130224
8979	0.130049
494	0.129810
5590	0.129802
2306	0.128979
13242	0.128906
13241	0.128906
5595	0.128906
5594	0.128906
13239	0.128880
4491	0.128876
5598	0.128777
9465	0.128307
155	0.128246
2752	0.128170
5067	0.127727
11925	0.127426
12871	0.127233
539	0.126871
4130	0.126321
2784	0.125067
9188	0.124951
2778	0.124850
5037	0.124433
12525	0.124322
12571	0.122716
11655	0.122658
4483	0.121971
1507	0.121318
9337	0.121048
2864	0.120945
4238	0.120721
11175	0.120467
5650	0.120207
11556	0.119897
13121	0.119605
4789	0.119605
4788	0.119605
5592	0.119583
11214	0.119431
13114	0.119194
6138	0.118787
11007	0.118666
5884	0.118426
4786	0.118349
8444	0.118125
4531	0.117731
4324	0.116940
4942	0.116736
5995	0.116589
3418	0.116530
10556	0.116288
4530	0.115961
1165	0.115940
10554	0.115927
4434	0.115851
12792	0.114898
12445	0.114845
2874	0.114808
12444	0.114702
10376	0.114282
5651	0.113811
12530	0.113702
12791	0.113662
12788	0.113662
3152	0.113325
4535	0.113267
6737	0.112658
8622	0.112107
2595	0.111730
11403	0.111463
6148	0.111463
13838	0.111063
5608	0.110936
14091	0.110761
2278	0.110624
14250	0.110230
10558	0.110230
10555	0.110230
6968	0.110230
13240	0.110193
8042	0.110182
7088	0.109996
14249	0.109993
10278	0.109882
4458	0.108648
2783	0.108373
1078	0.107658
1897	0.107595
9537	0.106917
12803	0.106768
11510	0.106702
11419	0.106640
10426	0.106442
10557	0.106271
10937	0.106222
6649	0.106101
6647	0.106101
6646	0.106101
5610	0.106101
12807	0.106058
10852	0.105913
11094	0.105908
10713	0.105714
4349	0.105558
11554	0.105401
1648	0.105271
78	0.104895
11474	0.104585
11385	0.104538
5456	0.104150
11211	0.103858
5597	0.103700
12496	0.103594
2868	0.103586
14111	0.103497
14080	0.103497
10264	0.103473
12232	0.103302
13095	0.103172
6969	0.103172
12431	0.103144
12795	0.103139
10499	0.103133
11486	0.103051
9135	0.102759
10049	0.102471
12161	0.102417
11870	0.102417
11794	0.102417
11204	0.102417
11203	0.102417
6144	0.102417
6143	0.102417
6142	0.102417
6141	0.102417
10650	0.102290
172	0.101788
7072	0.101766
6323	0.101391
9418	0.101280
2473	0.101170
5596	0.101070
11132	0.100970
5994	0.100854
10559	0.100816
7014	0.100698
8250	0.100600
7073	0.100173
4673	0.099477
2256	0.099406
12628	0.099004
8794	0.098909
5491	0.098868
9989	0.098859
8596	0.098678
11491	0.098651
10303	0.098396
9710	0.098315
6140	0.098029
6139	0.098029
9711	0.097971
9708	0.097971
9707	0.097971
9705	0.097971
9703	0.097971
9699	0.097935
11475	0.097782
10369	0.097755
9426	0.097748
11463	0.097700
3948	0.097650
13820	0.097373
2279	0.097288
12147	0.097271
10073	0.097095
4292	0.096586
8890	0.096174
9726	0.096166
12804	0.096117
12832	0.096103
6592	0.095878
12436	0.095785
546	0.095630
9948	0.095546
10523	0.095508
1143	0.094984
10318	0.094896
9909	0.094783
1506	0.094781
12787	0.094674
5664	0.094624
9702	0.094319
13166	0.094288
10739	0.094145
10788	0.094145
10777	0.094145
10759	0.094145
11683	0.094122
10722	0.094066
10927	0.093873
10127	0.093867
9946	0.093657
3084	0.093626
5110	0.093617
10511	0.093570
11926	0.093318
10921	0.093262
11845	0.093249
6325	0.093195
11415	0.092987
9958	0.092327
3342	0.092287
11019	0.092186
14407	0.092154
11928	0.091939
8501	0.091939
2779	0.091939
2756	0.091939
4984	0.091936
13227	0.091902
11927	0.091892
2759	0.091892
13272	0.091881
2786	0.091881
2782	0.091881
1505	0.091881
10226	0.091865
3451	0.091757
5797	0.091639
13099	0.091346
10591	0.091224
13103	0.091138
13102	0.091138
13101	0.091138
13100	0.091138
2775	0.090901
10740	0.090795
12630	0.090741
11575	0.090609
5599	0.090605
8336	0.090327
4149	0.090244
3851	0.090225
1997	0.090041
8797	0.090006
7504	0.089971
11189	0.089959
12153	0.089898
4702	0.089898
3120	0.089769
11188	0.089757
11187	0.089757
10658	0.089620
77	0.089562
7752	0.089476
12624	0.089349
12052	0.089262
7062	0.089247
3366	0.089165
1148	0.089105
8887	0.089073
8249	0.089033
10159	0.089023
5276	0.088849
5870	0.088836
9944	0.088813
11497	0.088770
6603	0.088764
2010	0.088709
5236	0.088506
10674	0.088503
13098	0.088402
61	0.088382
10784	0.088320
8146	0.088289
8602	0.088252
3667	0.088251
5447	0.088128
1691	0.088104
7233	0.088081
10657	0.088040
9700	0.088018
10160	0.087945
9917	0.087923
11237	0.087759
9344	0.087726
544	0.087640
14415	0.087493
9277	0.087493
12617	0.087464
12262	0.087425
10537	0.087413
11494	0.087389
11516	0.087239
7337	0.087184
10916	0.087159
2773	0.087092
12238	0.087041
13716	0.087025
2349	0.086971
6326	0.086808
9704	0.086783
4081	0.086757
10432	0.086691
5244	0.086586
10649	0.086511
4488	0.086441
6660	0.086425
12551	0.086355
11464	0.086339
5591	0.086082
10694	0.085655
1134	0.085542
2814	0.085447
2766	0.085363
12502	0.085323
11529	0.085278
11033	0.085262
2937	0.085123
10435	0.085040
9747	0.084840
1434	0.084758
10920	0.084757
11447	0.084592
2777	0.084420
11522	0.084312
10388	0.084243
6007	0.084212
4082	0.084206
8081	0.084191
4327	0.084083
3505	0.084026
9824	0.084025
9157	0.083965
11502	0.083852
12386	0.083819
12543	0.083760
5888	0.083755
9871	0.083566
11218	0.083516
529	0.083512
13427	0.083477
266	0.083453
13606	0.083350
12180	0.083332
3784	0.083050
1583	0.083018
9713	0.082855
12308	0.082843
6884	0.082843
6332	0.082495
12177	0.082489
6533	0.082300
9706	0.082174
10859	0.082129
11394	0.081964
8003	0.081663
6149	0.081647
11954	0.081507
9419	0.081414
10542	0.081371
12666	0.081324
12205	0.081207
5112	0.081201
8929	0.081162
12401	0.081028
6169	0.080997
6915	0.080901
9757	0.080899
8054	0.080890
6887	0.080872
1733	0.080668
12594	0.080604
9990	0.080573
4005	0.080560
2683	0.080553
10302	0.080457
3217	0.080403
2770	0.080398
6614	0.080303
10907	0.080283
11495	0.080281
9126	0.080266
3171	0.080243
9960	0.080216
13333	0.080187
10125	0.080185
13111	0.080134
13109	0.080134
9959	0.080134
7061	0.080113
13374	0.080072
13373	0.080072
10295	0.080061
5957	0.079894
3173	0.079875
6418	0.079857
10836	0.079827
6535	0.079697
10069	0.079694
7732	0.079676
6322	0.079653
4973	0.079573
11260	0.079545
10157	0.079545
11259	0.079409
10979	0.079385
6604	0.079340
3764	0.079304
11367	0.079285
12638	0.079271
10339	0.079247
5430	0.079243
6013	0.079188
12595	0.079087
105	0.079073
11101	0.079058
10175	0.078923
5736	0.078916
12500	0.078825
10265	0.078779
8930	0.078771
12237	0.078754
10518	0.078722
2435	0.078597
971	0.078588
12562	0.078556
12542	0.078267
10045	0.078256
6291	0.078183
10046	0.078170
11809	0.078075
3633	0.078026
12145	0.077976
10515	0.077976
5956	0.077976
11258	0.077971
2441	0.077932
12252	0.077869
2237	0.077858
11000	0.077801
7154	0.077740
11490	0.077659
10682	0.077655
10894	0.077625
8405	0.077583
532	0.077582
2040	0.077497
4872	0.077494
11477	0.077409
3845	0.077317
5221	0.077298
5849	0.077252
7070	0.077213
10949	0.077155
11312	0.077085
7267	0.077071
11589	0.076867
3390	0.076800
5041	0.076763
9835	0.076706
10809	0.076644
7580	0.076644
9203	0.076639
7581	0.076553
11315	0.076503
10517	0.076501
6278	0.076458
1764	0.076326
10547	0.076186
1161	0.075985
6366	0.075943
11343	0.075918
2471	0.075887
11154	0.075788
11455	0.075710
11426	0.075710
11941	0.075687
11568	0.075677
7068	0.075656
323	0.075627
1737	0.075623
11747	0.075566
10204	0.075548
5250	0.075517
6446	0.075399
5362	0.075203
5361	0.075203
5360	0.075203
758	0.075140
477	0.075062
10206	0.075003
7306	0.074976
11804	0.074951
490	0.074801
10483	0.074796
2282	0.074727
14266	0.074725
7553	0.074524
13196	0.074487
11163	0.074477
3741	0.074435
583	0.074428
12654	0.074328
12607	0.074277
2803	0.074208
10024	0.074202
12627	0.074057
6824	0.074018
12896	0.073950
4513	0.073950
13023	0.073912
9790	0.073904
12621	0.073844
12701	0.073787
8609	0.073755
11681	0.073639
13734	0.073587
10970	0.073544
232	0.073498
4339	0.073479
4558	0.073345
9847	0.073312
10687	0.073293
9982	0.073285
9983	0.073284
805	0.073217
11111	0.073214
6499	0.073202
10841	0.073099
12499	0.073019
8144	0.072925
5697	0.072896
12552	0.072881
7530	0.072861
10042	0.072821
9375	0.072765
11539	0.072696
5262	0.072629
10531	0.072436
11496	0.072426
12836	0.072411
12824	0.072411
12898	0.072399
1332	0.072288
2251	0.072201
11162	0.072130
3312	0.072117
10486	0.072063
10686	0.072063
9420	0.071995
10205	0.071930
11223	0.071832
7659	0.071820
12336	0.071816
10048	0.071786
13500	0.071769
7560	0.071702
5593	0.071613
4177	0.071545
11297	0.071529
12554	0.071498
10783	0.071476
705	0.071448
6124	0.071322
4295	0.071221
12200	0.071140
9961	0.071009
12704	0.071006
8135	0.070964
2464	0.070841
6252	0.070831
11577	0.070773
2006	0.070770
12636	0.070758
11365	0.070754
11270	0.070754
10957	0.070754
7144	0.070754
11469	0.070713
2799	0.070712
4933	0.070709
3200	0.070702
12494	0.070685
8845	0.070658
6081	0.070610
11515	0.070588
307	0.070497
12492	0.070449
5442	0.070430
5387	0.070404
11476	0.070274
9169	0.070268
7030	0.070152
10142	0.070105
11485	0.070084
5235	0.070029
11332	0.069992
12944	0.069903
8051	0.069625
9971	0.069562
2275	0.069551
12509	0.069534
87	0.069507
2515	0.069505
11682	0.069501
6168	0.069489
9788	0.069487
9682	0.069401
10248	0.069396
7263	0.069332
11069	0.069253
11507	0.069250
12497	0.069238
13153	0.069098
10171	0.069098
10170	0.069098
12597	0.069090
9512	0.069018
8732	0.068987
14063	0.068978
10943	0.068972
8711	0.068935
9915	0.068929
12136	0.068922
4617	0.068904
9857	0.068890
5607	0.068870
9964	0.068864
10548	0.068860
12605	0.068842
5751	0.068806
8710	0.068780
4611	0.068779
5609	0.068776
13323	0.068642
11354	0.068633
10186	0.068630
12833	0.068580
8712	0.068579
8303	0.068579
8302	0.068579
7362	0.068579
6359	0.068579
2743	0.068564
7137	0.068548
5534	0.068516
6290	0.068512
6202	0.068502
11025	0.068421
2762	0.068406
2260	0.068324
1889	0.068305
12808	0.068292
4819	0.068159
11551	0.068124
10939	0.068112
2481	0.068099
9610	0.068079
2889	0.068064
9013	0.068008
2236	0.068003
4164	0.067974
12610	0.067938
3726	0.067936
889	0.067917
2983	0.067908
14291	0.067887
10111	0.067837
10615	0.067792
3197	0.067745
10050	0.067665
7396	0.067650
13110	0.067608
13439	0.067591
9125	0.067507
11479	0.067497
10475	0.067410
12408	0.067400
5459	0.067352
3014	0.067316
9261	0.067281
542	0.067259
12708	0.067200
9059	0.067157
11226	0.067144
5780	0.067111
11509	0.067096
10033	0.067039
7762	0.066987
13482	0.066970
2755	0.066964
11834	0.066959
11467	0.066936
8024	0.066891
7245	0.066836
11129	0.066830
2817	0.066798
545	0.066704
5488	0.066628
2800	0.066609
3518	0.066608
4729	0.066603
12812	0.066590
11818	0.066587
2453	0.066584
11257	0.066539
7055	0.066539
12658	0.066522
11116	0.066522
2795	0.066522
2794	0.066522
543	0.066515
10790	0.066468
7520	0.066456
11492	0.066421
3712	0.066393
1168	0.066361
13679	0.066308
5887	0.066202
13853	0.066186
10903	0.066177
10141	0.066077
10035	0.066077
11289	0.066052
10735	0.065932
10088	0.065894
11533	0.065817
12713	0.065659
3114	0.065644
12526	0.065532
14109	0.065529
10736	0.065529
7523	0.065527
10860	0.065519
12426	0.065464
3115	0.065438
3615	0.065437
10156	0.065362
12694	0.065284
10500	0.065237
8079	0.065221
14017	0.065220
7914	0.065220
2657	0.065189
5622	0.065184
10068	0.065146
9689	0.065126
11186	0.065105
6564	0.065065
3655	0.065028
11498	0.065024
9952	0.065014
10851	0.065010
4744	0.064883
1369	0.064822
9967	0.064803
12213	0.064686
7101	0.064622
5277	0.064603
10926	0.064542
4712	0.064447
11569	0.064437
13154	0.064417
12567	0.064329
10433	0.064302
3341	0.064290
13490	0.064241
13632	0.064241
13631	0.064241
9709	0.064228
2772	0.064188
1435	0.064157
13633	0.064084
11190	0.064060
2263	0.064040
6655	0.064017
3689	0.063999
12897	0.063993
5258	0.063978
10395	0.063973
5720	0.063885
8000	0.063812
7239	0.063728
12561	0.063673
10606	0.063660
10234	0.063656
569	0.063653
5567	0.063602
14108	0.063596
4745	0.063596
13375	0.063592
3661	0.063587
9613	0.063535
10974	0.063527
12626	0.063425
3205	0.063396
10647	0.063391
7668	0.063378
3163	0.063345
4818	0.063312
4279	0.063258
5143	0.063175
10535	0.063167
3625	0.063153
12790	0.063148
4221	0.063138
12589	0.063077
5638	0.063057
12515	0.063030
9875	0.063015
7139	0.063014
14245	0.062965
11501	0.062868
11766	0.062866
2582	0.062852
12698	0.062849
6234	0.062799
13314	0.062764
12695	0.062743
13567	0.062685
5731	0.062685
5730	0.062685
5726	0.062685
5723	0.062685
5722	0.062685
5721	0.062685
5681	0.062685
3676	0.062673
4480	0.062659
8852	0.062631
11030	0.062601
11029	0.062601
179	0.062436
10450	0.062409
9840	0.062362
11651	0.062358
5575	0.062358
4606	0.062339
4655	0.062319
12710	0.062294
8709	0.062282
6012	0.062235
12835	0.062210
6123	0.062184
2452	0.062160
10758	0.062122
9438	0.062117
11009	0.062061
597	0.062044
7028	0.062016
1777	0.061939
12557	0.061919
11053	0.061858
10530	0.061837
2011	0.061778
12609	0.061770
11668	0.061741
12462	0.061706
10685	0.061706
137	0.061686
3266	0.061615
11010	0.061610
962	0.061603
7160	0.061584
10843	0.061541
10221	0.061527
6613	0.061514
6295	0.061467
379	0.061445
10751	0.061436
5135	0.061422
11544	0.061410
3519	0.061390
9008	0.061372
1376	0.061364
9720	0.061318
9040	0.061287
12350	0.061255
12349	0.061235
9142	0.061174
4451	0.061171
8931	0.061162
12773	0.061145
5688	0.061141
8324	0.061137
1373	0.061006
12911	0.060982
13580	0.060951
10609	0.060913
11894	0.060872
2747	0.060872
2353	0.060863
12146	0.060862
8582	0.060862
7599	0.060862
3695	0.060862
3694	0.060862
3616	0.060862
2581	0.060831
12590	0.060825
9488	0.060811
2798	0.060803
9146	0.060725
3516	0.060712
13841	0.060706
9870	0.060643
13164	0.060629
7975	0.060626
6289	0.060607
10212	0.060595
13183	0.060558
11008	0.060558
13165	0.060524
3551	0.060501
13292	0.060480
1619	0.060398
3123	0.060379
11439	0.060369
10714	0.060321
7961	0.060315
4781	0.060313
2094	0.060301
9503	0.060288
2448	0.060241
13151	0.060216
1793	0.060206
6733	0.060204
9045	0.060165
2362	0.060150
12587	0.060127
13225	0.060029
9612	0.059917
10139	0.059870
13607	0.059867
12760	0.059849
2026	0.059827
12629	0.059811
3304	0.059785
7140	0.059771
12801	0.059741
4581	0.059735
10138	0.059719
1816	0.059716
4206	0.059689
6626	0.059685
7817	0.059658
7535	0.059637
9827	0.059626
12744	0.059618
5038	0.059561
11506	0.059526
2200	0.059489
938	0.059459
12809	0.059424
1256	0.059410
5296	0.059384
1370	0.059380
3122	0.059337
5134	0.059305
929	0.059284
167	0.059269
1538	0.059267
8412	0.059227
12553	0.059152
12649	0.059151
6883	0.059110
4835	0.059101
12505	0.059074
13363	0.059052
5287	0.059028
4993	0.059014
12513	0.059006
74	0.059004
1392	0.058927
11173	0.058865
10789	0.058838
9611	0.058806
2994	0.058797
8513	0.058788
5913	0.058775
11692	0.058751
5670	0.058721
10572	0.058720
