9258	0.124497
12218	0.120886
2058	0.120886
3306	0.114758
14376	0.110400
14359	0.110400
7998	0.110400
14374	0.110101
14363	0.110101
11761	0.110044
6097	0.110044
5547	0.110044
3595	0.110044
2569	0.109939
7783	0.109773
10329	0.109310
2622	0.109175
14365	0.108639
14364	0.108593
3431	0.108405
114	0.107609
10540	0.106675
7002	0.105614
1116	0.105230
1798	0.102753
14368	0.102689
9358	0.102683
11355	0.102173
8221	0.101941
10236	0.101730
2613	0.101185
2244	0.100788
454	0.100224
1565	0.098713
14373	0.098652
14372	0.098652
14371	0.098652
14362	0.098652
14352	0.098652
14350	0.098652
8455	0.098652
7997	0.098652
7823	0.098652
429	0.097511
35	0.097474
6043	0.096776
40	0.096024
12039	0.096021
121	0.094726
1694	0.093190
4154	0.092388
11703	0.091679
426	0.091428
9794	0.090845
1690	0.090767
3504	0.090697
3914	0.090589
8604	0.089832
3837	0.089736
3684	0.089375
11937	0.089209
6501	0.088541
4433	0.088510
8090	0.088377
2847	0.088377
2843	0.088377
2839	0.088377
2840	0.088091
5857	0.088028
38	0.087646
1683	0.087628
9248	0.087424
4778	0.086963
11407	0.086212
1541	0.085913
3389	0.085690
7288	0.085424
1117	0.084652
1135	0.084390
1680	0.084315
12229	0.084151
14370	0.084124
1768	0.084067
10355	0.084048
10795	0.083936
14357	0.083884
7787	0.083884
12979	0.083864
8453	0.083846
1930	0.083624
3549	0.083586
7782	0.083528
7020	0.083255
3934	0.083101
5403	0.083091
10497	0.083000
2014	0.082902
613	0.082718
10341	0.082581
2507	0.082367
438	0.082105
11801	0.082085
686	0.081838
424	0.081832
3805	0.081313
7218	0.081267
1639	0.081242
2466	0.080977
187	0.080976
810	0.080732
4304	0.080073
4302	0.080073
11999	0.080072
5544	0.079912
9507	0.079848
9028	0.079745
416	0.079709
14367	0.079580
8628	0.079430
39	0.079269
10403	0.079223
1634	0.079191
12243	0.079148
31	0.079104
7692	0.079071
9081	0.078848
9078	0.078848
11607	0.078603
785	0.078562
1644	0.078557
8625	0.078371
3741	0.078296
1400	0.078144
13947	0.078049
12348	0.078011
2844	0.077971
4382	0.077903
6351	0.077857
9481	0.077576
9479	0.077576
9478	0.077576
9476	0.077576
9475	0.077576
9473	0.077576
9472	0.077576
9471	0.077576
9470	0.077576
9468	0.077576
9345	0.077576
8667	0.077576
8665	0.077576
8664	0.077576
8663	0.077576
8662	0.077576
8630	0.077576
8629	0.077576
8627	0.077576
8626	0.077576
9477	0.077571
5443	0.077502
6704	0.077331
443	0.077303
4659	0.077191
5545	0.077150
968	0.076987
225	0.076866
4668	0.076864
10437	0.076827
1852	0.076757
3028	0.076749
73	0.076516
4672	0.076375
12663	0.076318
11806	0.076178
3911	0.076159
8898	0.076043
11339	0.076020
1892	0.076013
65	0.075965
7999	0.075942
1597	0.075935
5302	0.075664
970	0.075464
12242	0.075461
11646	0.075436
2064	0.075280
14369	0.075277
10305	0.075245
14366	0.075235
14361	0.075235
14355	0.075235
8456	0.075235
5261	0.075230
9178	0.075098
421	0.075094
1979	0.075037
1665	0.074981
2037	0.074531
10501	0.074496
1167	0.074459
307	0.074424
1122	0.074410
6742	0.074349
9145	0.074335
4761	0.074277
4485	0.074116
8598	0.073763
8597	0.073763
2996	0.073749
10148	0.073618
5734	0.073507
743	0.073413
6352	0.073345
6557	0.073273
10564	0.073202
1571	0.073187
3706	0.073159
453	0.073146
10889	0.073145
5977	0.073144
10413	0.073136
8792	0.073006
9177	0.072957
8709	0.072935
2846	0.072844
7866	0.072799
2968	0.072631
3933	0.072590
10965	0.072567
9302	0.072463
5011	0.072457
9469	0.072417
6117	0.072410
5125	0.072394
4670	0.072372
4671	0.072355
4669	0.072355
13039	0.072353
2990	0.072329
2845	0.072228
10491	0.072206
43	0.072171
7370	0.072122
4847	0.072122
12058	0.072033
7966	0.071907
12181	0.071811
14253	0.071794
8845	0.071755
7015	0.071733
2246	0.071733
12212	0.071644
9804	0.071627
3687	0.071427
13023	0.071308
3651	0.071239
10971	0.071213
141	0.071185
11307	0.070884
6702	0.070802
8871	0.070700
12255	0.070646
404	0.070547
4108	0.070237
11353	0.070166
10715	0.070166
4559	0.070096
11997	0.070066
7474	0.069986
536	0.069967
3686	0.069899
11434	0.069790
7622	0.069759
439	0.069751
11056	0.069717
8120	0.069636
447	0.069563
446	0.069560
7917	0.069538
9503	0.069383
7639	0.069352
795	0.069344
1443	0.069284
448	0.069126
1714	0.069103
6208	0.068929
13252	0.068844
13251	0.068844
4383	0.068821
2617	0.068699
9627	0.068696
427	0.068505
1113	0.068459
10805	0.068443
3867	0.068378
273	0.068375
10032	0.068358
10482	0.068267
2367	0.068221
10547	0.068210
4667	0.068068
629	0.068026
13162	0.067988
10123	0.067988
774	0.067959
261	0.067934
5684	0.067906
5781	0.067903
3116	0.067863
786	0.067852
9415	0.067819
8851	0.067819
8850	0.067819
532	0.067803
507	0.067668
4867	0.067577
4107	0.067535
9191	0.067465
1858	0.067445
8712	0.067435
8303	0.067435
8302	0.067435
7362	0.067435
6359	0.067435
5378	0.067434
2435	0.067421
6202	0.067372
1195	0.067257
286	0.067148
13696	0.067108
13142	0.067091
7430	0.067091
8447	0.067052
482	0.067045
6081	0.067045
10649	0.066981
1388	0.066920
13508	0.066844
5966	0.066835
3166	0.066813
9677	0.066696
1164	0.066688
8535	0.066687
9495	0.066682
9147	0.066682
2057	0.066639
13435	0.066630
2059	0.066630
7453	0.066606
2067	0.066588
2926	0.066458
7154	0.066421
9135	0.066393
6749	0.066349
811	0.066349
611	0.066312
10894	0.066284
430	0.066233
10354	0.066153
7676	0.066130
800	0.065904
12848	0.065863
10251	0.065820
2060	0.065813
6149	0.065699
11850	0.065683
9709	0.065676
13766	0.065664
5625	0.065633
1413	0.065622
1367	0.065622
6316	0.065586
6403	0.065563
2629	0.065542
7864	0.065443
224	0.065411
11715	0.065376
13424	0.065321
13666	0.065321
3405	0.065270
3460	0.065233
9024	0.065180
9023	0.065180
9022	0.065180
8949	0.065180
4823	0.065168
2550	0.065154
198	0.065145
199	0.065082
758	0.064978
7263	0.064963
11446	0.064942
4200	0.064914
5905	0.064913
13721	0.064674
13709	0.064674
11337	0.064624
269	0.064617
1800	0.064593
8392	0.064576
11281	0.064574
123	0.064526
12038	0.064465
13406	0.064416
11686	0.064396
8312	0.064387
2620	0.064164
2228	0.064160
14132	0.064159
1660	0.064158
9610	0.063997
5696	0.063825
2619	0.063664
1340	0.063649
13611	0.063638
11191	0.063583
13122	0.063530
8710	0.063405
13739	0.063310
7479	0.063297
5377	0.063293
370	0.063247
8732	0.063190
8711	0.063185
9613	0.063066
5964	0.063054
10863	0.063025
9710	0.062814
13970	0.062813
7495	0.062748
5164	0.062728
5163	0.062728
3167	0.062662
547	0.062592
3548	0.062519
3929	0.062513
3928	0.062513
3751	0.062507
3750	0.062507
2414	0.062495
8661	0.062433
7040	0.062432
12093	0.062414
10862	0.062306
13710	0.062228
4306	0.062221
8342	0.062202
2930	0.062117
13325	0.062107
9029	0.062083
4832	0.062011
4143	0.061963
3144	0.061924
11231	0.061905
1542	0.061868
13509	0.061849
104	0.061818
13025	0.061803
13024	0.061803
13022	0.061803
8486	0.061803
13469	0.061798
11031	0.061769
5720	0.061767
42	0.061711
2616	0.061697
1580	0.061637
9448	0.061616
10050	0.061559
6295	0.061538
1766	0.061413
6175	0.061393
14375	0.061378
5161	0.061352
11232	0.061312
11230	0.061312
11229	0.061312
11228	0.061312
4498	0.061270
8886	0.061270
8008	0.061225
14360	0.061214
8739	0.061196
4553	0.061178
9711	0.061164
9708	0.061164
9707	0.061164
9705	0.061164
9703	0.061164
2179	0.061127
9699	0.061117
2827	0.061055
174	0.061009
5546	0.061005
5042	0.060956
760	0.060952
988	0.060913
6449	0.060907
205	0.060861
203	0.060861
2248	0.060814
4724	0.060802
4868	0.060797
9437	0.060786
6188	0.060746
1585	0.060681
11782	0.060673
10007	0.060648
2499	0.060645
9174	0.060621
13423	0.060593
1243	0.060541
6018	0.060538
2252	0.060538
362	0.060452
4505	0.060399
4501	0.060399
1503	0.060399
882	0.060380
1010	0.060324
8068	0.060302
6343	0.060277
1504	0.060277
30	0.060241
1863	0.060227
12297	0.060214
8098	0.060214
2788	0.060198
3890	0.060193
13277	0.060174
8618	0.060125
13827	0.060109
13108	0.060109
13107	0.060109
12882	0.060109
10121	0.060109
8458	0.060109
6210	0.060054
6049	0.060053
2342	0.060036
5101	0.060036
5173	0.060013
6807	0.059972
13295	0.059971
1651	0.059967
9108	0.059936
11920	0.059903
3927	0.059903
3868	0.059903
3784	0.059897
1011	0.059813
6194	0.059778
12064	0.059740
2764	0.059703
1637	0.059699
9612	0.059693
616	0.059608
10513	0.059607
3477	0.059604
1114	0.059477
11612	0.059463
6156	0.059461
11780	0.059460
8611	0.059453
8615	0.059451
442	0.059418
12209	0.059415
5875	0.059415
7534	0.059411
1004	0.059399
1003	0.059399
996	0.059399
757	0.059399
1402	0.059300
12030	0.059289
10045	0.059287
10517	0.059236
14011	0.059199
14010	0.059199
1476	0.059199
1474	0.059199
10000	0.059168
2247	0.059135
1511	0.059134
6671	0.058997
6214	0.058962
6212	0.058962
6177	0.058962
5866	0.058962
4528	0.058962
4446	0.058934
5749	0.058899
7758	0.058893
1929	0.058852
1598	0.058837
1279	0.058827
5193	0.058761
11760	0.058731
759	0.058686
9109	0.058677
9162	0.058673
8508	0.058659
1653	0.058653
808	0.058606
1231	0.058559
3749	0.058559
1368	0.058499
235	0.058481
4980	0.058426
5480	0.058384
7105	0.058365
5811	0.058345
4664	0.058334
14219	0.058302
4899	0.058296
3376	0.058277
8995	0.058247
1638	0.058235
6479	0.058204
1260	0.058161
13077	0.058157
12895	0.058157
6159	0.058101
6158	0.058101
11175	0.058091
7918	0.058055
7650	0.057968
7096	0.057968
11678	0.057906
2904	0.057853
7450	0.057834
2372	0.057833
11956	0.057818
2618	0.057812
3155	0.057761
4762	0.057672
802	0.057597
10549	0.057534
9474	0.057532
6961	0.057532
6447	0.057514
1488	0.057512
13470	0.057509
9102	0.057469
11919	0.057445
572	0.057420
44	0.057412
5791	0.057379
2293	0.057349
4173	0.057312
2510	0.057268
13494	0.057260
2341	0.057254
7394	0.057247
432	0.057241
1695	0.057209
113	0.057192
4779	0.057181
9633	0.057176
9630	0.057176
9628	0.057176
9626	0.057176
9625	0.057176
9624	0.057176
9622	0.057176
9621	0.057176
9620	0.057176
9619	0.057176
9618	0.057176
9615	0.057176
9482	0.057176
9152	0.057148
2687	0.057148
12881	0.057098
1894	0.057093
6320	0.057069
5381	0.057068
8207	0.056947
11079	0.056924
11078	0.056924
10999	0.056924
8650	0.056924
11014	0.056881
1656	0.056811
7228	0.056769
10102	0.056758
2509	0.056746
14351	0.056737
9671	0.056733
7115	0.056728
13793	0.056717
8136	0.056717
7049	0.056706
13170	0.056705
2540	0.056668
9614	0.056661
4021	0.056642
8361	0.056623
4219	0.056604
10209	0.056543
1600	0.056510
1595	0.056510
1590	0.056510
13032	0.056494
13031	0.056494
12429	0.056494
13502	0.056480
10668	0.056480
10494	0.056480
8676	0.056425
9631	0.056380
1257	0.056376
10286	0.056370
6587	0.056346
1022	0.056336
353	0.056325
37	0.056308
5375	0.056247
6631	0.056207
2503	0.056165
444	0.056161
6064	0.056159
11256	0.056145
13282	0.056132
11730	0.056131
451	0.056125
6459	0.056121
1636	0.056116
13281	0.056098
699	0.056080
4163	0.056072
14418	0.056067
14417	0.056067
13284	0.056067
13152	0.056067
9795	0.056067
9793	0.056067
9792	0.056067
9791	0.056067
9789	0.056067
9745	0.056067
9163	0.056067
8614	0.056067
8613	0.056067
8177	0.056067
5921	0.056041
13427	0.056018
2054	0.056009
8076	0.055980
4294	0.055977
5855	0.055913
1856	0.055850
12252	0.055847
13545	0.055742
6376	0.055737
9480	0.055721
8533	0.055721
13456	0.055701
13342	0.055701
4026	0.055674
1339	0.055665
11537	0.055620
13742	0.055582
11193	0.055571
11192	0.055571
9623	0.055565
6065	0.055562
10661	0.055542
11963	0.055412
2229	0.055402
4395	0.055400
12265	0.055353
33	0.055337
6167	0.055309
6760	0.055300
4027	0.055300
7433	0.055299
1641	0.055256
5155	0.055246
8666	0.055216
3220	0.055161
10902	0.055140
5296	0.055104
12430	0.055031
1256	0.054998
14096	0.054994
5967	0.054938
11566	0.054906
12873	0.054902
6412	0.054852
2614	0.054813
8463	0.054717
7420	0.054693
6882	0.054679
3247	0.054679
2027	0.054678
13013	0.054654
12962	0.054654
13138	0.054648
11362	0.054537
3567	0.054536
11859	0.054532
3582	0.054477
10088	0.054452
9539	0.054425
14115	0.054416
12850	0.054352
5482	0.054317
1543	0.054301
419	0.054270
733	0.054260
12210	0.054231
1854	0.054144
1084	0.054096
6199	0.054089
1456	0.054049
8204	0.054026
9684	0.054005
7050	0.053990
12372	0.053981
10953	0.053972
4504	0.053963
9311	0.053892
9740	0.053892
2566	0.053875
10212	0.053848
6554	0.053792
1667	0.053748
1014	0.053729
5111	0.053698
13741	0.053657
9413	0.053653
11096	0.053615
8874	0.053594
12909	0.053518
4688	0.053490
2061	0.053476
10813	0.053412
2997	0.053409
10156	0.053404
9006	0.053345
9004	0.053345
9003	0.053345
9001	0.053345
9000	0.053345
8999	0.053345
8941	0.053345
2062	0.053313
9564	0.053274
3566	0.053274
12854	0.053245
1483	0.053243
3172	0.053233
1862	0.053225
2016	0.053154
9578	0.053094
7913	0.053093
5968	0.053093
470	0.053093
435	0.053079
11226	0.053068
4263	0.053068
10992	0.053052
483	0.053049
5299	0.053033
5452	0.053009
4377	0.053004
11998	0.053001
4450	0.052996
3312	0.052971
8319	0.052897
469	0.052840
861	0.052805
9176	0.052765
8809	0.052765
1853	0.052753
9512	0.052737
9201	0.052686
6353	0.052680
4701	0.052680
7790	0.052667
4168	0.052637
11401	0.052615
11399	0.052615
6620	0.052601
775	0.052567
2041	0.052560
456	0.052540
1384	0.052540
12629	0.052533
8998	0.052531
7947	0.052528
3732	0.052491
3013	0.052467
5112	0.052448
10895	0.052401
10891	0.052347
4366	0.052338
5756	0.052335
414	0.052330
9611	0.052301
13165	0.052228
2360	0.052217
10094	0.052141
364	0.052118
14052	0.052098
10065	0.052098
9460	0.052067
10670	0.052053
10210	0.052023
13335	0.052014
3016	0.052009
11142	0.051953
6344	0.051953
8531	0.051880
7078	0.051873
4305	0.051870
4752	0.051865
1382	0.051865
1350	0.051860
8112	0.051818
2068	0.051818
764	0.051817
1008	0.051811
13946	0.051793
1592	0.051793
6944	0.051789
4679	0.051781
9609	0.051756
9580	0.051756
1591	0.051703
4482	0.051670
10012	0.051657
2043	0.051649
2608	0.051635
4848	0.051628
4805	0.051626
7526	0.051592
2505	0.051586
8169	0.051560
5198	0.051560
1421	0.051542
1254	0.051532
8864	0.051531
8863	0.051531
8583	0.051531
8124	0.051531
7904	0.051531
7903	0.051531
7902	0.051531
7901	0.051531
7900	0.051531
7899	0.051531
7897	0.051531
7896	0.051531
7895	0.051531
230	0.051514
5346	0.051506
8377	0.051497
12455	0.051474
9572	0.051473
610	0.051465
1893	0.051465
12411	0.051434
9489	0.051431
4071	0.051431
4070	0.051431
4069	0.051431
528	0.051422
2263	0.051395
2069	0.051392
2066	0.051392
10107	0.051392
6252	0.051387
66	0.051378
10348	0.051370
9005	0.051361
10060	0.051357
4365	0.051357
5993	0.051341
3507	0.051340
11207	0.051322
5318	0.051306
2121	0.051222
11358	0.051213
3168	0.051142
1934	0.051134
10042	0.051132
4619	0.051127
13050	0.051087
6623	0.051048
436	0.051037
11146	0.051017
7553	0.050972
2489	0.050943
3667	0.050924
11224	0.050912
10663	0.050894
8551	0.050890
6566	0.050881
