1836	0.184915
877	0.173155
2105	0.165265
13707	0.164346
13738	0.164159
13731	0.164159
13706	0.164145
2109	0.157257
1109	0.155770
13394	0.153883
2108	0.152910
221	0.151806
2110	0.150947
11914	0.149401
2104	0.147790
1119	0.145953
1120	0.145948
2111	0.145379
13247	0.145238
2113	0.142726
5642	0.142694
7774	0.142688
5641	0.142688
5347	0.142447
2107	0.138124
1711	0.137577
1840	0.135781
5862	0.135525
2102	0.134490
2124	0.133636
11989	0.132332
713	0.130512
1839	0.130303
876	0.127290
1111	0.126998
295	0.126432
6393	0.126153
3778	0.125985
4865	0.125958
1118	0.125408
2194	0.125314
4427	0.122766
2097	0.121159
6472	0.121142
1115	0.120807
1001	0.120413
13621	0.119664
2103	0.118628
12721	0.117921
11930	0.116724
2192	0.116717
2112	0.115749
2106	0.112156
2128	0.110044
13448	0.109832
2190	0.108671
13265	0.107112
11658	0.106526
2600	0.106517
498	0.106497
3681	0.105974
1133	0.104592
1833	0.102712
9623	0.101618
8903	0.101494
8902	0.101494
2121	0.098649
2658	0.097200
9462	0.097110
3837	0.096728
2119	0.095886
11858	0.095438
9439	0.095341
5268	0.095324
9176	0.095152
8809	0.095152
8615	0.095134
2191	0.094893
1030	0.093839
4595	0.093754
1132	0.093596
1235	0.093295
9121	0.093215
9112	0.093215
2828	0.092765
4596	0.092549
888	0.092470
1121	0.092234
997	0.091965
2962	0.091853
7288	0.090723
2820	0.090662
9367	0.090629
8452	0.090375
8449	0.090375
352	0.090111
254	0.089389
2958	0.089239
13515	0.088719
1673	0.088072
9174	0.086702
1837	0.086236
9199	0.085837
4652	0.085779
5433	0.085680
4651	0.085513
2708	0.085156
1044	0.085005
9366	0.084091
9365	0.084091
9364	0.084091
9363	0.084091
9359	0.084091
8869	0.084091
8849	0.084091
8848	0.084091
8846	0.084091
5745	0.084067
7025	0.083222
12043	0.082928
3636	0.082114
222	0.081691
5183	0.081627
2195	0.081420
6151	0.081399
5348	0.081327
3389	0.081316
1112	0.081059
241	0.081045
1955	0.081015
2196	0.080907
4305	0.080790
7526	0.080685
8864	0.080674
8863	0.080674
8583	0.080674
8124	0.080674
7904	0.080674
7903	0.080674
7902	0.080674
7901	0.080674
7900	0.080674
7899	0.080674
7897	0.080674
7896	0.080674
7895	0.080674
7757	0.080674
2423	0.080569
2162	0.080358
2202	0.080298
211	0.079458
2199	0.079418
9689	0.079308
2315	0.079258
4538	0.078871
5413	0.078513
7295	0.078309
4121	0.078167
4922	0.078128
591	0.077998
9393	0.077735
8773	0.077690
6621	0.077690
6618	0.077591
1419	0.077557
249	0.077398
250	0.077300
342	0.077214
6891	0.077002
2204	0.076791
4304	0.076638
4302	0.076638
11999	0.076637
9248	0.076484
7556	0.076407
6434	0.076407
633	0.076159
578	0.075949
6430	0.075918
1123	0.075918
351	0.075910
3398	0.075792
14358	0.075639
7933	0.075604
347	0.075604
5546	0.075521
11625	0.075492
3303	0.075131
2947	0.075104
2968	0.075015
115	0.074992
8935	0.074945
2821	0.074939
12873	0.074925
5719	0.074901
1260	0.074753
11607	0.074738
4306	0.074427
6838	0.074392
716	0.074262
253	0.074179
5741	0.074140
10130	0.074074
2114	0.073986
2237	0.073827
2118	0.073584
1422	0.073563
2172	0.073560
1006	0.073382
4106	0.073268
7872	0.073192
8352	0.073190
8351	0.073190
2957	0.073190
2956	0.073190
2660	0.073104
12348	0.072941
5024	0.072875
1209	0.072719
7026	0.072706
130	0.072653
56	0.072575
1572	0.072455
11637	0.072447
6730	0.072216
686	0.072148
699	0.072048
2659	0.071675
6955	0.071497
874	0.071464
5423	0.071328
6956	0.071306
8889	0.071275
13270	0.071162
11921	0.071123
4882	0.071120
14233	0.071082
1136	0.071082
4105	0.071037
14418	0.070999
14417	0.070999
13284	0.070999
13152	0.070999
9795	0.070999
9793	0.070999
9792	0.070999
9791	0.070999
9789	0.070999
9745	0.070999
9163	0.070999
8614	0.070999
8613	0.070999
8177	0.070999
4163	0.070982
8076	0.070947
4559	0.070878
823	0.070607
2965	0.070577
9139	0.070510
6895	0.070366
2123	0.070217
9531	0.069781
10243	0.069728
5996	0.069682
881	0.069394
8829	0.069360
10097	0.069120
3023	0.068803
224	0.068636
14342	0.068529
894	0.068524
10338	0.068380
2182	0.068356
3313	0.068349
7468	0.068236
2967	0.068236
6623	0.068189
2902	0.068160
2197	0.067966
777	0.067938
4120	0.067909
2185	0.067895
11739	0.067816
4541	0.067809
10847	0.067601
7887	0.067566
14404	0.067457
14400	0.067457
8143	0.067457
8096	0.067457
8116	0.067189
3538	0.067130
2452	0.067082
11618	0.067072
1039	0.067060
14061	0.067000
7511	0.066962
9818	0.066954
9693	0.066954
2709	0.066938
6407	0.066901
8038	0.066855
2612	0.066848
2129	0.066806
8531	0.066706
10584	0.066687
3905	0.066684
398	0.066571
4168	0.066427
8611	0.066381
2155	0.066194
882	0.066118
9609	0.066073
9580	0.066073
2052	0.066070
9297	0.066047
5187	0.065970
8778	0.065887
8779	0.065807
8910	0.065802
10661	0.065666
9361	0.065582
4037	0.065527
1117	0.065471
4663	0.065438
3037	0.065257
2193	0.065132
2120	0.065101
6987	0.065039
861	0.064990
9175	0.064966
9173	0.064966
8831	0.064966
8830	0.064966
7688	0.064966
469	0.064963
10098	0.064916
2188	0.064793
7913	0.064763
5968	0.064763
470	0.064763
6102	0.064749
1420	0.064443
9995	0.064193
5684	0.064101
6380	0.064089
6131	0.064077
8196	0.064053
8174	0.064053
8122	0.064053
8119	0.064053
7953	0.064053
13850	0.064007
7713	0.064004
2812	0.063972
40	0.063810
12039	0.063809
6482	0.063676
3536	0.063526
6896	0.063428
11733	0.063423
12036	0.063340
5184	0.063262
5967	0.063243
3907	0.063116
7434	0.063013
9633	0.062989
9630	0.062989
9628	0.062989
9626	0.062989
9625	0.062989
9624	0.062989
9622	0.062989
9621	0.062989
9620	0.062989
9619	0.062989
9618	0.062989
9615	0.062989
9482	0.062989
4053	0.062944
793	0.062929
51	0.062907
560	0.062874
6104	0.062863
6103	0.062863
11012	0.062760
11715	0.062738
11713	0.062692
6740	0.062692
9347	0.062652
5117	0.062619
9201	0.062589
11279	0.062562
7420	0.062335
11982	0.062263
5414	0.062263
5412	0.062263
9775	0.062189
235	0.062144
4849	0.062054
8792	0.062006
9457	0.061991
4152	0.061991
2170	0.061959
8847	0.061954
1002	0.061945
9413	0.061936
2827	0.061916
12909	0.061889
5123	0.061866
2203	0.061832
7785	0.061817
4650	0.061545
8618	0.061366
2952	0.061337
1817	0.061221
2117	0.061125
6117	0.061062
11920	0.061045
3927	0.061045
3868	0.061045
582	0.061036
3219	0.060932
492	0.060816
6449	0.060708
559	0.060657
8258	0.060639
2522	0.060511
10676	0.060489
5186	0.060471
10677	0.060403
8118	0.060290
9307	0.060289
11918	0.060223
11566	0.060208
5284	0.060151
1816	0.059884
129	0.059817
4262	0.059811
9438	0.059766
12303	0.059653
8886	0.059610
6771	0.059513
4542	0.059454
5570	0.059393
12010	0.059368
2442	0.059114
5541	0.059011
880	0.058983
8661	0.058972
1231	0.058935
11562	0.058929
3176	0.058905
1694	0.058894
5755	0.058881
9578	0.058860
3870	0.058768
6179	0.058697
2280	0.058634
7281	0.058356
3914	0.058340
9168	0.058314
353	0.058267
2116	0.058203
4294	0.058134
11937	0.058104
5510	0.058081
7048	0.058058
43	0.058012
11212	0.057991
8873	0.057876
8207	0.057707
9606	0.057558
14393	0.057534
14377	0.057534
8009	0.057523
10030	0.057456
6532	0.057435
64	0.057370
9207	0.057309
9205	0.057309
8528	0.057309
10321	0.057108
489	0.057058
11988	0.056972
3206	0.056952
11866	0.056941
3973	0.056868
13075	0.056682
7960	0.056590
7784	0.056585
14398	0.056553
14383	0.056553
8454	0.056553
7916	0.056553
7083	0.056553
3142	0.056525
7211	0.056494
13340	0.056392
5488	0.056386
1126	0.056371
4342	0.056368
5452	0.056332
7888	0.056318
5571	0.056265
586	0.056210
5354	0.056207
9942	0.056159
9931	0.056159
9930	0.056159
9921	0.056159
9901	0.056159
9899	0.056159
9895	0.056159
9866	0.056159
9836	0.056159
9832	0.056159
9810	0.056159
9698	0.056159
9636	0.056159
9570	0.056159
9299	0.056159
11919	0.056107
4878	0.055914
2981	0.055893
119	0.055865
35	0.055819
6519	0.055813
9613	0.055803
2599	0.055788
11678	0.055740
13719	0.055739
10588	0.055739
7547	0.055739
2267	0.055660
11411	0.055624
4281	0.055596
6307	0.055498
1867	0.055449
7510	0.055401
12030	0.055373
9612	0.055356
7261	0.055299
7880	0.055288
2588	0.055242
2661	0.055162
5033	0.055148
1598	0.055141
8928	0.055111
5990	0.054858
5434	0.054799
73	0.054798
6971	0.054653
3507	0.054562
240	0.054399
1889	0.054367
404	0.054339
14379	0.054329
3375	0.054316
7676	0.054301
1135	0.054267
14402	0.054120
14392	0.054120
14387	0.054120
7453	0.054007
10697	0.053941
13673	0.053775
13672	0.053775
13671	0.053775
10696	0.053748
13665	0.053666
2240	0.053585
7131	0.053585
6129	0.053533
3877	0.053516
14385	0.053465
1	0.053417
2003	0.053269
343	0.053238
820	0.053209
12283	0.053169
3506	0.053137
5034	0.053125
14395	0.053055
7891	0.053055
2540	0.053036
7889	0.053001
3544	0.053000
5746	0.052998
8625	0.052977
3561	0.052961
4416	0.052955
118	0.052893
4533	0.052883
9674	0.052809
3929	0.052754
3928	0.052754
5476	0.052688
7089	0.052633
214	0.052632
8572	0.052629
8569	0.052629
8568	0.052629
13634	0.052555
6992	0.052545
3549	0.052506
3867	0.052496
13535	0.052465
3427	0.052320
8870	0.052313
7807	0.052269
10698	0.052268
7767	0.052263
6385	0.052230
286	0.052162
2064	0.052091
9198	0.052080
9006	0.052031
9004	0.052031
9003	0.052031
9001	0.052031
9000	0.052031
8999	0.052031
8941	0.052031
392	0.052026
9024	0.051962
9023	0.051962
9022	0.051962
8949	0.051962
1040	0.051945
13026	0.051798
10760	0.051766
9503	0.051666
1829	0.051602
9360	0.051586
13497	0.051576
4670	0.051552
6149	0.051551
120	0.051545
892	0.051531
2645	0.051525
7029	0.051483
13712	0.051472
4667	0.051465
12119	0.051433
3879	0.051414
6904	0.051345
4646	0.051317
12073	0.051304
7646	0.051303
8457	0.051303
14432	0.051303
14430	0.051303
14403	0.051303
14397	0.051303
14396	0.051303
14394	0.051303
14391	0.051303
14390	0.051303
14389	0.051303
14384	0.051303
14381	0.051303
14378	0.051303
14356	0.051303
8448	0.051303
8244	0.051303
8198	0.051303
8195	0.051303
8071	0.051303
7788	0.051303
7786	0.051303
6981	0.051250
12372	0.051242
10223	0.051233
13736	0.051224
8998	0.051208
9494	0.051185
9177	0.051139
1893	0.051132
9436	0.051010
1982	0.051009
13484	0.051006
7050	0.050962
7049	0.050926
3136	0.050872
3590	0.050865
4231	0.050820
6763	0.050809
9794	0.050795
14410	0.050773
14409	0.050773
14408	0.050773
7919	0.050773
8570	0.050772
12414	0.050756
8245	0.050753
14433	0.050723
4671	0.050596
4669	0.050596
2990	0.050566
8892	0.050532
1751	0.050484
1756	0.050443
4537	0.050387
3545	0.050365
7890	0.050331
7669	0.050313
173	0.050298
9414	0.050251
2523	0.050246
13498	0.050217
565	0.050209
9152	0.050158
9338	0.050028
122	0.050022
9226	0.049913
9217	0.049913
8534	0.049913
7827	0.049901
9269	0.049855
2451	0.049831
12281	0.049774
6619	0.049774
6024	0.049768
6208	0.049751
3592	0.049736
4407	0.049706
13721	0.049680
13709	0.049680
8090	0.049616
2847	0.049616
2843	0.049616
2839	0.049616
3841	0.049579
5905	0.049570
2840	0.049532
10813	0.049446
7020	0.049422
2422	0.049360
8064	0.049320
1952	0.049252
13050	0.049235
1254	0.049229
2918	0.049178
4078	0.049177
5013	0.049141
2954	0.049059
6216	0.048919
3060	0.048890
3283	0.048812
121	0.048749
5695	0.048674
4778	0.048666
9928	0.048617
6767	0.048597
6765	0.048597
6764	0.048597
5725	0.048526
1979	0.048453
7864	0.048426
8565	0.048354
3007	0.048311
1025	0.048250
3255	0.048228
7655	0.048218
14416	0.048206
10231	0.048197
31	0.048160
6725	0.048158
4383	0.048130
9610	0.048114
7915	0.048111
2122	0.048086
8584	0.047986
12063	0.047916
7276	0.047913
1265	0.047906
5219	0.047820
2351	0.047815
2350	0.047815
2348	0.047815
2346	0.047815
7659	0.047803
1664	0.047798
1194	0.047752
7554	0.047705
8883	0.047615
9153	0.047587
6301	0.047568
9424	0.047529
5114	0.047504
4260	0.047463
11616	0.047454
4648	0.047454
4643	0.047454
11679	0.047431
8464	0.047416
3259	0.047405
13076	0.047397
13603	0.047391
13238	0.047391
9553	0.047391
2959	0.047391
12103	0.047391
7654	0.047376
5459	0.047269
9913	0.047238
4721	0.047234
12893	0.047158
5743	0.047123
3727	0.047102
2960	0.047094
13442	0.047039
348	0.047037
13541	0.046962
2014	0.046889
6868	0.046833
819	0.046828
6695	0.046786
9480	0.046687
8533	0.046687
10023	0.046656
1421	0.046525
10039	0.046395
5424	0.046366
981	0.046353
9064	0.046348
4142	0.046347
12201	0.046345
1024	0.046324
2845	0.046298
12922	0.046203
12913	0.046048
8032	0.045933
792	0.045889
6065	0.045859
11903	0.045748
13955	0.045725
258	0.045647
198	0.045626
5514	0.045584
3949	0.045575
6484	0.045470
6064	0.045429
9143	0.045416
6242	0.045416
3450	0.045338
3093	0.045331
414	0.045303
10664	0.045297
2589	0.045279
6156	0.045275
1276	0.045267
13225	0.045176
10529	0.045158
5283	0.045152
14011	0.045149
14010	0.045149
1476	0.045149
1474	0.045149
12069	0.045100
2899	0.044966
12029	0.044965
4961	0.044960
13883	0.044849
4668	0.044844
2453	0.044805
5059	0.044775
4967	0.044735
11289	0.044733
13812	0.044726
8265	0.044726
12183	0.044707
6255	0.044700
9536	0.044683
9058	0.044668
6701	0.044668
9425	0.044665
13321	0.044619
11987	0.044615
11244	0.044563
3817	0.044523
630	0.044458
9751	0.044451
2996	0.044437
11634	0.044434
9687	0.044400
6470	0.044397
9561	0.044373
4148	0.044343
11635	0.044342
2521	0.044328
3383	0.044267
7977	0.044174
786	0.044141
9263	0.044102
3254	0.044099
114	0.044088
8676	0.044061
1375	0.044045
3784	0.044013
4838	0.044009
4126	0.043997
1291	0.043997
304	0.043994
2846	0.043916
2532	0.043884
3352	0.043868
3347	0.043868
9886	0.043868
12338	0.043768
9616	0.043724
5166	0.043691
3562	0.043670
10018	0.043633
977	0.043632
1510	0.043591
426	0.043581
225	0.043528
12954	0.043527
7344	0.043527
13178	0.043527
13179	0.043527
3498	0.043504
4959	0.043503
1127	0.043498
879	0.043445
8566	0.043440
7421	0.043424
9985	0.043410
6889	0.043405
6920	0.043403
7381	0.043403
1835	0.043347
8482	0.043277
6116	0.043212
34	0.043121
14429	0.043072
2472	0.043026
3213	0.043021
11552	0.042952
1882	0.042951
6640	0.042926
7414	0.042898
397	0.042896
10566	0.042830
4810	0.042793
3318	0.042771
653	0.042769
12399	0.042725
11823	0.042719
6641	0.042708
13334	0.042690
8264	0.042686
7428	0.042679
7102	0.042679
316	0.042662
333	0.042637
5055	0.042601
4164	0.042598
14267	0.042585
4111	0.042562
1400	0.042506
39	0.042445
1097	0.042440
11425	0.042421
10379	0.042421
5461	0.042418
8604	0.042416
8087	0.042370
12532	0.042365
1110	0.042321
2227	0.042297
13904	0.042295
10577	0.042293
6815	0.042291
1301	0.042279
8451	0.042261
7227	0.042167
354	0.042155
3728	0.042125
1273	0.042106
12333	0.042009
7955	0.042009
1654	0.042005
6774	0.041980
12849	0.041980
6642	0.041949
6668	0.041949
5197	0.041895
7379	0.041836
9120	0.041826
167	0.041808
6045	0.041675
698	0.041672
10808	0.041651
3057	0.041649
9218	0.041628
8922	0.041590
10862	0.041525
