2968	0.161614
2052	0.161527
2105	0.157021
4538	0.154214
1419	0.153805
9462	0.153364
11858	0.152570
9439	0.151856
3837	0.148713
5347	0.148695
7774	0.147919
5641	0.147919
5642	0.147918
8615	0.147754
4542	0.147089
1420	0.146572
9218	0.145543
9135	0.145020
7526	0.144759
8864	0.144693
8863	0.144693
8583	0.144693
8124	0.144693
7904	0.144693
7903	0.144693
7902	0.144693
7901	0.144693
7900	0.144693
7899	0.144693
7897	0.144693
7896	0.144693
7895	0.144693
9623	0.144070
12873	0.143454
11989	0.142449
12030	0.142260
5967	0.142258
6838	0.142196
7913	0.142190
5968	0.142190
470	0.142190
469	0.142170
861	0.142167
4672	0.141581
876	0.141341
12252	0.140061
51	0.139593
4667	0.139521
1673	0.138688
353	0.137467
2958	0.137365
4670	0.137363
4671	0.137320
4669	0.137320
2990	0.137280
2097	0.136918
2820	0.136808
9704	0.135926
5546	0.135153
404	0.135115
5219	0.135114
370	0.135106
11678	0.135034
9775	0.135022
8207	0.134559
9711	0.134473
9708	0.134473
9707	0.134473
9705	0.134473
9703	0.134473
9699	0.134439
2263	0.134387
3507	0.133493
7379	0.133429
4383	0.132925
7295	0.131364
7659	0.131281
2064	0.131270
2600	0.129502
9794	0.129140
11715	0.128947
2523	0.128350
2996	0.128119
12909	0.128114
9413	0.128076
4668	0.127256
9702	0.126811
14407	0.126156
6278	0.126010
4537	0.126009
3389	0.125376
2952	0.125216
1400	0.125150
4106	0.124915
11658	0.124803
13265	0.124558
8352	0.124557
8351	0.124557
2957	0.124557
2956	0.124557
7872	0.124553
7288	0.124226
14266	0.124095
7752	0.122921
4105	0.122901
6255	0.122829
8676	0.122795
9710	0.122547
14415	0.122454
9277	0.122454
6895	0.122405
13850	0.122241
13449	0.122147
38	0.122030
8892	0.121910
6896	0.121833
1800	0.121573
10226	0.121513
10694	0.121267
2902	0.120969
11646	0.120653
8928	0.120125
9706	0.119635
6102	0.119219
1119	0.119097
9415	0.118687
8851	0.118687
8850	0.118687
3741	0.118518
6378	0.118481
1120	0.118437
13247	0.118203
8584	0.118176
3438	0.118122
5746	0.117943
352	0.117819
8714	0.117677
6149	0.117632
9347	0.117468
221	0.117192
6295	0.117001
9177	0.116965
10227	0.116839
5413	0.116697
4304	0.116689
4302	0.116689
11999	0.116688
1300	0.116526
9152	0.116501
10232	0.116237
9385	0.116215
35	0.116128
13557	0.116022
13556	0.116022
5500	0.115558
11607	0.115527
5354	0.115505
6482	0.115473
11147	0.115352
4416	0.115315
7131	0.115213
11806	0.115061
2892	0.115032
5299	0.114545
2107	0.114416
225	0.114380
8090	0.114261
2847	0.114261
2843	0.114261
2839	0.114261
6806	0.114174
2840	0.114118
2114	0.114016
1232	0.113883
1229	0.113883
4778	0.113813
1118	0.113413
7453	0.112903
1228	0.112750
7676	0.112577
1952	0.112571
9484	0.112524
9483	0.112524
9226	0.111986
9217	0.111986
8534	0.111986
7827	0.111963
1097	0.111958
12348	0.111871
8611	0.111721
9460	0.111117
9713	0.110944
235	0.110928
12915	0.110799
12914	0.110799
8312	0.110658
8531	0.110216
9145	0.109991
4175	0.109860
9709	0.109780
6742	0.109696
2845	0.109499
9231	0.109368
8634	0.109367
307	0.109314
4176	0.109227
11987	0.109158
6217	0.109094
12276	0.109052
14263	0.109052
14002	0.109052
14001	0.109052
14000	0.109052
13998	0.109052
13996	0.109052
6666	0.109052
5064	0.109052
4854	0.109052
4852	0.109052
4231	0.108909
9307	0.108884
8792	0.108763
4306	0.108680
9700	0.108367
8604	0.107995
2109	0.107846
11998	0.107802
4377	0.107787
4450	0.107776
6532	0.107598
14162	0.107585
13545	0.107459
268	0.107211
1458	0.107088
224	0.106827
8503	0.106767
6127	0.106611
8625	0.106574
3448	0.106440
9909	0.106411
2964	0.106289
4294	0.106130
4977	0.106105
6044	0.106018
3505	0.105396
7767	0.105369
9192	0.105138
2666	0.105138
8711	0.105046
8732	0.105024
5433	0.104984
8710	0.104952
4976	0.104852
532	0.104769
6305	0.104646
2274	0.104633
13030	0.104605
12785	0.104400
1402	0.104211
7955	0.103987
12784	0.103903
4118	0.103765
2382	0.103758
8845	0.103268
9942	0.103260
9931	0.103260
9930	0.103260
9921	0.103260
9901	0.103260
9899	0.103260
9895	0.103260
9866	0.103260
9836	0.103260
9832	0.103260
9810	0.103260
9698	0.103260
9636	0.103260
9570	0.103260
9299	0.103260
6081	0.103106
8712	0.102892
8303	0.102892
8302	0.102892
7362	0.102892
6359	0.102892
6202	0.102824
13997	0.102824
3934	0.102710
9204	0.102617
8592	0.102617
6689	0.102483
6967	0.102483
6889	0.102429
781	0.102401
599	0.102087
2280	0.101959
1756	0.101839
9150	0.101801
6191	0.101610
4262	0.101544
782	0.101475
13633	0.101461
6302	0.101358
6267	0.101358
11737	0.101044
8204	0.100863
2881	0.100810
2980	0.100769
4850	0.100768
13490	0.100764
13632	0.100764
13631	0.100764
12219	0.100722
155	0.100682
10233	0.100486
2442	0.100483
4463	0.100385
8076	0.100341
9726	0.100259
9024	0.100243
9023	0.100243
9022	0.100243
8949	0.100243
14418	0.100054
14417	0.100054
13284	0.100054
13152	0.100054
9795	0.100054
9793	0.100054
9792	0.100054
9791	0.100054
9789	0.100054
9745	0.100054
9163	0.100054
8614	0.100054
8613	0.100054
8177	0.100054
4163	0.100038
4848	0.099965
13926	0.099954
2110	0.099902
12182	0.099876
4464	0.099876
6473	0.099666
2411	0.099622
9512	0.099591
823	0.099428
5062	0.099070
4111	0.098846
3320	0.098841
9207	0.098833
9205	0.098833
8528	0.098833
304	0.098809
7306	0.098737
1293	0.098645
888	0.098470
6695	0.098189
3047	0.098071
9780	0.098069
3739	0.098068
9121	0.097662
9112	0.097662
3144	0.097545
13076	0.097498
2128	0.097302
1265	0.097290
4301	0.097225
3745	0.096727
12053	0.096723
12141	0.096430
14004	0.096418
4866	0.096418
8709	0.096346
13036	0.096092
2521	0.096092
8468	0.096042
2978	0.096042
2977	0.096042
6501	0.096024
4485	0.095961
5123	0.095928
5033	0.095920
2040	0.095916
12089	0.095900
5191	0.095837
4922	0.095783
6072	0.095748
6913	0.095695
13928	0.095661
786	0.095394
10661	0.095369
9269	0.095239
14248	0.095198
8047	0.095198
13942	0.095151
2621	0.094921
13665	0.094799
11226	0.094786
5034	0.094786
5296	0.094773
6317	0.094719
13533	0.094716
13532	0.094716
13531	0.094716
9787	0.094564
9786	0.094564
9785	0.094564
9784	0.094564
9783	0.094564
9782	0.094564
9781	0.094564
9778	0.094564
9280	0.094564
8585	0.094564
8567	0.094564
8553	0.094564
6465	0.094523
2458	0.094284
10549	0.094278
4168	0.094264
426	0.094189
1094	0.094174
2277	0.093943
7606	0.093810
2062	0.093747
14416	0.093703
6557	0.093621
4582	0.093568
14085	0.093548
730	0.093539
4465	0.093484
8451	0.093423
4873	0.093400
10748	0.093292
9834	0.093292
7958	0.093220
4935	0.093220
13767	0.093160
6616	0.093100
1346	0.092742
2979	0.092729
817	0.092587
4305	0.092386
6064	0.092324
4042	0.092145
12143	0.092072
7954	0.092004
11818	0.091990
13517	0.091983
12949	0.091957
12947	0.091957
12946	0.091957
12945	0.091957
12943	0.091957
12942	0.091957
4998	0.091925
9201	0.091915
3921	0.091914
6065	0.091910
14003	0.091898
2773	0.091696
11903	0.091641
524	0.091632
9610	0.091630
1905	0.091519
11298	0.091491
10994	0.091491
13999	0.091479
5005	0.091479
4692	0.091476
4855	0.091381
7686	0.091282
2821	0.091220
1919	0.091136
3539	0.091079
14358	0.090834
9174	0.090759
3588	0.090714
13013	0.090666
12962	0.090666
9913	0.090636
5118	0.090603
14269	0.090600
2541	0.090450
12069	0.090361
13659	0.090203
13658	0.090203
5063	0.090076
5268	0.090028
2612	0.090026
7388	0.089991
3553	0.089851
9202	0.089796
6598	0.089730
3973	0.089633
5346	0.089542
9716	0.089481
498	0.089438
8775	0.089403
12077	0.089380
6461	0.089380
3711	0.089380
13394	0.089370
13068	0.089320
13067	0.089320
13066	0.089320
13065	0.089320
13064	0.089320
13063	0.089320
13062	0.089320
13056	0.089320
13053	0.089320
13046	0.089320
13044	0.089320
12971	0.089320
12921	0.089320
10060	0.089319
4365	0.089319
8057	0.089310
13235	0.089255
4366	0.089057
503	0.089014
6664	0.088635
6576	0.088628
2	0.088435
13910	0.088428
9248	0.088229
9578	0.088067
3613	0.088029
2542	0.087608
7263	0.087485
6618	0.087197
141	0.087176
9928	0.087064
8412	0.087012
6277	0.086843
6035	0.086841
8773	0.086783
6621	0.086783
3654	0.086659
8180	0.086551
6303	0.086477
13945	0.086466
6767	0.086455
6765	0.086455
6764	0.086455
6587	0.086169
9613	0.086164
9480	0.086139
8533	0.086139
613	0.085975
882	0.085902
3171	0.085882
1133	0.085772
1254	0.085599
13050	0.085476
10230	0.085450
2950	0.085376
7757	0.085310
4865	0.085279
5038	0.085066
2185	0.085002
13815	0.084920
8635	0.084823
86	0.084798
3900	0.084742
1656	0.084673
14283	0.084610
2380	0.084600
4447	0.084556
1111	0.084555
4787	0.084456
9673	0.084423
2954	0.084254
5863	0.084133
13456	0.084133
13342	0.084133
6393	0.084092
11988	0.084086
5302	0.084028
8661	0.084009
414	0.084004
9788	0.083962
13897	0.083902
9244	0.083874
11609	0.083789
4482	0.083651
6623	0.083626
6304	0.083437
9612	0.083279
874	0.083223
14342	0.083206
74	0.083042
3940	0.082965
10800	0.082772
10110	0.082754
4511	0.082709
4849	0.082653
2037	0.082571
5035	0.082530
10943	0.082348
354	0.082260
3142	0.082238
13664	0.082144
6763	0.082062
879	0.082048
8671	0.082002
2283	0.081999
4169	0.081995
9235	0.081966
9230	0.081966
9228	0.081966
9225	0.081966
9224	0.081966
9221	0.081966
9219	0.081966
9214	0.081966
9213	0.081966
9211	0.081966
9209	0.081966
9208	0.081966
9206	0.081966
9193	0.081966
8807	0.081966
8679	0.081966
8677	0.081966
8675	0.081966
8674	0.081966
8673	0.081966
8670	0.081966
8637	0.081966
8633	0.081966
8631	0.081966
8610	0.081966
8591	0.081966
8539	0.081966
8538	0.081966
8537	0.081966
8536	0.081966
8529	0.081966
8526	0.081966
8525	0.081966
8632	0.081966
6443	0.081943
9761	0.081769
1403	0.081710
2518	0.081657
10642	0.081625
115	0.081462
10229	0.081380
5745	0.081265
11129	0.081201
343	0.081176
9831	0.081175
9361	0.081171
2755	0.081121
9108	0.081108
1510	0.081104
4165	0.081092
3636	0.081016
13676	0.080944
8636	0.080894
9109	0.080880
3604	0.080837
7581	0.080824
10045	0.080820
1231	0.080747
10809	0.080745
7580	0.080745
13788	0.080585
14233	0.080496
1136	0.080496
5790	0.080337
9633	0.080309
9630	0.080309
9628	0.080309
9626	0.080309
9625	0.080309
9624	0.080309
9622	0.080309
9621	0.080309
9620	0.080309
9619	0.080309
9618	0.080309
9615	0.080309
9482	0.080309
13320	0.080262
9232	0.080149
5221	0.080143
6176	0.080130
7089	0.080021
12944	0.080016
4853	0.079897
12357	0.079870
9215	0.079787
13889	0.079766
4824	0.079729
6908	0.079701
6034	0.079648
2275	0.079602
11799	0.079578
5779	0.079540
13698	0.079468
13544	0.079468
9957	0.079418
168	0.079402
4094	0.079394
10582	0.079339
2067	0.079311
2955	0.079309
2953	0.079309
2111	0.079280
13435	0.079268
2059	0.079268
11730	0.079237
11300	0.079185
2057	0.079121
2281	0.079120
11767	0.079099
9495	0.079078
9147	0.079078
4693	0.079038
7420	0.078829
11798	0.078825
5778	0.078811
13462	0.078795
4053	0.078713
12198	0.078573
1121	0.078506
5777	0.078489
2286	0.078484
877	0.078458
1285	0.078291
4596	0.078250
8530	0.078150
12093	0.077967
3506	0.077900
2951	0.077828
10286	0.077818
12636	0.077807
1132	0.077695
3751	0.077611
3750	0.077611
7830	0.077571
7642	0.077555
14290	0.077490
3710	0.077462
3388	0.077445
9539	0.077304
2758	0.077298
2072	0.077281
6886	0.077217
13932	0.077091
4112	0.076992
2981	0.076923
2828	0.076871
1238	0.076656
743	0.076546
7261	0.076489
11616	0.076427
4648	0.076427
4643	0.076427
4281	0.076272
4113	0.076199
56	0.076073
6472	0.076047
13448	0.076027
11739	0.075996
3700	0.075958
13467	0.075956
11679	0.075883
7856	0.075876
1491	0.075874
9534	0.075844
9533	0.075844
9529	0.075844
9509	0.075844
2049	0.075772
6412	0.075705
5424	0.075468
4646	0.075326
9176	0.075258
8809	0.075258
633	0.075240
11682	0.075114
14404	0.075058
14400	0.075058
8143	0.075058
8096	0.075058
3778	0.075037
92	0.074719
5305	0.074671
6707	0.074616
9912	0.074498
9911	0.074498
9237	0.074429
3007	0.074411
2424	0.074306
9438	0.074099
9220	0.073988
7617	0.073850
1078	0.073742
2396	0.073721
13500	0.073641
7560	0.073613
9606	0.073558
392	0.073520
13688	0.073360
5245	0.073311
11212	0.073309
746	0.073215
14071	0.073212
5476	0.073200
1457	0.073105
4758	0.073069
13012	0.072975
13004	0.072975
2961	0.072862
11686	0.072857
7984	0.072806
1731	0.072676
5006	0.072672
12430	0.072501
4520	0.072423
4466	0.072299
758	0.072253
3870	0.072215
239	0.072192
2079	0.072176
3974	0.072144
4128	0.072141
6430	0.072121
1123	0.072121
1654	0.072062
713	0.072032
9338	0.072007
6179	0.071993
2042	0.071989
7654	0.071900
14406	0.071837
14405	0.071837
13032	0.071825
13031	0.071825
12429	0.071825
7400	0.071791
3437	0.071717
9200	0.071626
10231	0.071516
3774	0.071485
5541	0.071471
3638	0.071366
6078	0.071361
11681	0.071335
1901	0.071316
9503	0.071262
3736	0.071208
9098	0.071187
5461	0.071091
1951	0.071074
6663	0.071047
9686	0.071043
6725	0.071000
4961	0.070965
5482	0.070912
9796	0.070876
79	0.070858
6411	0.070831
2525	0.070777
2844	0.070721
3786	0.070698
4148	0.070684
13694	0.070675
1785	0.070662
6361	0.070657
9210	0.070646
4958	0.070623
63	0.070578
2113	0.070536
2510	0.070533
9199	0.070494
7917	0.070466
7655	0.070366
9869	0.070334
12956	0.070234
11638	0.070180
5908	0.070164
6007	0.070127
10701	0.070125
3666	0.070080
9993	0.070038
3001	0.070025
1115	0.069921
5423	0.069893
2069	0.069761
2066	0.069761
13552	0.069753
13511	0.069753
13507	0.069753
2509	0.069752
6016	0.069694
8112	0.069528
2068	0.069528
5523	0.069528
3203	0.069235
1521	0.069231
5272	0.069134
1835	0.069131
10330	0.069024
2054	0.069023
351	0.068986
2102	0.068980
2363	0.068899
14375	0.068790
12853	0.068735
8026	0.068649
13970	0.068648
4823	0.068647
11566	0.068633
6525	0.068617
1434	0.068513
4641	0.068475
6656	0.068436
13116	0.068397
3960	0.068392
3956	0.068392
881	0.068381
1941	0.068253
4709	0.068243
4619	0.068147
1953	0.068128
1954	0.068128
9540	0.068126
5442	0.068092
385	0.067857
1266	0.067814
2602	0.067786
3209	0.067781
9170	0.067620
7227	0.067604
9611	0.067559
7993	0.067559
9608	0.067494
9028	0.067451
1598	0.067393
7915	0.067380
9034	0.067353
1833	0.067352
13121	0.067307
4789	0.067307
4788	0.067307
3957	0.067301
12285	0.067208
12275	0.066985
9497	0.066973
243	0.066951
9741	0.066905
3310	0.066905
4624	0.066898
5649	0.066873
9081	0.066806
9078	0.066806
2605	0.066757
3906	0.066649
1740	0.066610
5697	0.066591
761	0.066558
4810	0.066544
2594	0.066535
7880	0.066473
802	0.066462
10050	0.066382
6605	0.066313
6076	0.066287
5045	0.066282
4160	0.066240
2041	0.066239
3311	0.066234
679	0.066194
9859	0.066126
7240	0.066125
295	0.066110
792	0.066098
3427	0.066077
1689	0.066045
9069	0.066019
9068	0.066019
9067	0.066019
2846	0.066013
9506	0.065988
5780	0.065988
11325	0.065984
3314	0.065978
13052	0.065977
13010	0.065977
12879	0.065977
11425	0.065951
10379	0.065951
1237	0.065872
6674	0.065867
