7397	0.233872
2546	0.232959
5318	0.227988
819	0.221564
2549	0.217167
274	0.214922
5317	0.192859
50	0.179417
5319	0.169966
13827	0.167644
13108	0.167644
13107	0.167644
12882	0.167644
10121	0.167644
8458	0.167644
2550	0.167580
4764	0.160797
34	0.157405
4001	0.154815
4078	0.151362
5684	0.143989
3708	0.143454
1138	0.143112
2547	0.140600
2545	0.139987
11847	0.139666
2548	0.138213
680	0.136086
4033	0.133385
3078	0.133341
43	0.132429
12597	0.132323
6328	0.131351
4031	0.128848
12314	0.128379
8749	0.128379
8748	0.128379
11175	0.126404
286	0.124414
39	0.123292
206	0.118975
699	0.118233
277	0.116284
8622	0.116231
7898	0.114607
7553	0.114296
1260	0.113930
11510	0.113334
5320	0.112633
5606	0.112249
3342	0.111970
5174	0.111785
11920	0.111761
3927	0.111761
3868	0.111761
6449	0.111509
10023	0.110968
8886	0.110950
5240	0.109797
5844	0.109739
13606	0.109510
10018	0.109332
7337	0.108716
10318	0.108652
3929	0.108570
3928	0.108570
11555	0.108483
46	0.108000
3784	0.107813
13607	0.107323
11919	0.107127
270	0.106870
686	0.105750
11554	0.105361
5112	0.105111
4292	0.105066
379	0.104888
5491	0.104631
12109	0.104262
5948	0.104262
5736	0.104020
11490	0.103912
10927	0.103253
3304	0.103196
1829	0.103091
4453	0.103004
12832	0.102130
5512	0.101556
12360	0.101461
7711	0.101461
7864	0.101343
12381	0.101135
5238	0.101118
9835	0.100853
2435	0.100821
5237	0.100757
31	0.100422
5905	0.100407
11918	0.100230
2642	0.100191
13721	0.099915
13709	0.099915
13314	0.099880
13580	0.099876
7154	0.099874
11053	0.099852
3626	0.099851
10894	0.099746
1507	0.099737
11486	0.099175
5670	0.099068
9992	0.098791
10907	0.098780
12073	0.098053
10432	0.097935
7807	0.097921
4832	0.097731
12787	0.097608
10435	0.097468
6208	0.097402
3746	0.097191
66	0.097145
11556	0.097028
3168	0.096919
820	0.096912
12544	0.096804
3213	0.096647
11218	0.096638
4786	0.096385
665	0.096184
10375	0.095697
3743	0.095642
641	0.095434
41	0.095376
5239	0.095175
6129	0.094986
3312	0.094788
9857	0.094782
858	0.094697
11007	0.094605
9587	0.094566
8324	0.094512
2594	0.094323
10554	0.094147
13748	0.093999
6479	0.093883
8618	0.093870
13567	0.093845
5731	0.093845
5730	0.093845
5726	0.093845
5723	0.093845
5722	0.093845
5721	0.093845
5681	0.093845
7709	0.093719
11419	0.093498
6499	0.093433
11501	0.093419
9616	0.093389
188	0.093255
11343	0.093202
12795	0.093045
3732	0.092949
11312	0.092745
199	0.092741
3867	0.092440
1737	0.092308
9820	0.092307
8735	0.092307
12862	0.092211
3879	0.092033
6138	0.091986
5650	0.091669
294	0.091489
10863	0.091405
10903	0.091387
12525	0.091346
10862	0.091265
10389	0.091205
9944	0.090987
13363	0.090973
10069	0.090718
11701	0.090656
11161	0.090587
12804	0.090586
10674	0.090496
11507	0.090467
232	0.090153
12336	0.090079
5208	0.090025
3716	0.089902
5649	0.089449
12408	0.089377
9917	0.089293
7267	0.089200
1014	0.089146
11154	0.089073
12571	0.088933
3052	0.088888
205	0.088730
203	0.088730
9948	0.088554
194	0.088545
10784	0.088484
13766	0.088448
5041	0.088439
11293	0.088269
5728	0.088042
3633	0.088023
13277	0.088020
8794	0.088001
11179	0.087927
7055	0.087885
3266	0.087787
477	0.087588
12426	0.087301
12505	0.087167
11539	0.087121
13904	0.086950
13166	0.086926
12628	0.086907
1817	0.086835
10583	0.086715
1538	0.086625
1332	0.086596
2094	0.086401
9958	0.086372
8087	0.086296
30	0.086284
11374	0.086280
12565	0.086245
12910	0.086185
11530	0.086181
14017	0.086131
7914	0.086131
671	0.086029
10468	0.086025
1892	0.085972
4213	0.085831
397	0.085802
11086	0.085728
11132	0.085689
8051	0.085481
10891	0.085269
9490	0.085237
12410	0.085161
3805	0.085066
11256	0.084855
3485	0.084850
408	0.084797
276	0.084656
10647	0.084638
7947	0.084571
12807	0.084564
11626	0.084489
3486	0.084294
6737	0.083994
8797	0.083986
10632	0.083926
11163	0.083908
567	0.083880
1009	0.083858
11094	0.083858
11702	0.083752
10890	0.083689
9725	0.083493
10350	0.083382
12621	0.083369
10649	0.083353
11494	0.083305
14249	0.083278
12551	0.083230
12401	0.083200
12536	0.083188
11497	0.083143
11538	0.082630
4819	0.082576
10556	0.082574
12792	0.082564
8816	0.082543
8815	0.082543
8814	0.082543
8812	0.082543
8796	0.082543
8795	0.082543
8777	0.082543
7923	0.082543
12560	0.082515
13122	0.082473
12812	0.082468
8208	0.082407
13333	0.082362
1963	0.082299
12542	0.082261
4030	0.082243
12791	0.082096
12788	0.082096
10580	0.081934
5930	0.081934
3630	0.081808
5483	0.081612
12359	0.081586
6468	0.081586
628	0.081504
9191	0.081501
8003	0.081396
280	0.081326
6117	0.081299
4349	0.081249
12191	0.081136
10475	0.080722
3217	0.080433
9960	0.080246
11477	0.080142
11516	0.080127
5567	0.080112
9971	0.080110
279	0.080086
13111	0.080063
13109	0.080063
9959	0.080063
11101	0.080021
10253	0.079939
10125	0.079915
5061	0.079775
12809	0.079722
647	0.079716
5688	0.079697
5186	0.079680
606	0.079492
12178	0.079400
11491	0.079234
9952	0.079134
12658	0.079124
11116	0.079124
2795	0.079124
2794	0.079124
12513	0.079070
10852	0.079011
2800	0.078981
12880	0.078899
4038	0.078899
269	0.078739
10517	0.078724
2595	0.078694
13838	0.078689
2473	0.078547
7024	0.078510
14250	0.078510
10558	0.078510
10555	0.078510
6968	0.078510
11463	0.078486
9503	0.078484
8042	0.078474
4945	0.078440
14091	0.078438
12654	0.078438
12562	0.078361
5887	0.078280
3451	0.078209
10722	0.078172
542	0.078131
5250	0.078047
10450	0.078021
11056	0.077994
11495	0.077946
5109	0.077925
9720	0.077854
12570	0.077853
7070	0.077833
10843	0.077718
5734	0.077649
10376	0.077604
218	0.077604
4532	0.077376
8336	0.077335
12561	0.077261
11176	0.077203
12554	0.077153
7819	0.076909
11148	0.076890
11498	0.076876
13841	0.076745
3841	0.076743
12640	0.076678
3341	0.076666
655	0.076665
5346	0.076656
4787	0.076501
11092	0.076443
10758	0.076413
7973	0.076325
1555	0.076281
11830	0.076274
4639	0.076274
4635	0.076274
4634	0.076274
3082	0.076274
13121	0.076251
4789	0.076251
4788	0.076251
5573	0.076222
5622	0.076124
7062	0.076096
5969	0.076056
10339	0.076013
10033	0.075953
5558	0.075900
12585	0.075895
208	0.075886
3152	0.075796
8397	0.075752
4818	0.075719
7229	0.075705
10486	0.075683
11145	0.075671
11667	0.075618
12584	0.075582
9295	0.075486
12496	0.075464
11323	0.075431
662	0.075405
12153	0.075378
4702	0.075378
653	0.075369
10740	0.075174
10557	0.075093
7534	0.075053
10658	0.075012
13404	0.074991
9564	0.074970
3566	0.074970
12719	0.074902
1807	0.074875
9416	0.074843
5665	0.074821
668	0.074686
11506	0.074684
11711	0.074607
12247	0.074563
12630	0.074531
10547	0.074469
4763	0.074417
12200	0.074402
9190	0.074372
9169	0.074366
666	0.074361
3643	0.074350
12633	0.074331
282	0.074327
11860	0.074326
11564	0.074265
2472	0.074263
9436	0.074252
6960	0.074248
674	0.074248
673	0.074248
664	0.074248
657	0.074248
652	0.074248
646	0.074248
189	0.074248
3053	0.074191
10921	0.074153
637	0.074133
5994	0.074057
12613	0.074040
3669	0.074015
9541	0.073983
4530	0.073959
643	0.073953
3918	0.073928
2696	0.073906
644	0.073902
649	0.073848
293	0.073827
292	0.073827
291	0.073827
290	0.073827
287	0.073827
3675	0.073807
10783	0.073748
11173	0.073717
195	0.073507
13095	0.073375
6969	0.073375
14111	0.073344
14080	0.073344
10916	0.073336
658	0.073314
12431	0.073313
11211	0.073309
98	0.073286
12808	0.073186
5514	0.073152
11189	0.073146
7139	0.073138
2889	0.073092
10650	0.073075
10496	0.073061
11188	0.072967
11187	0.072967
10499	0.072956
2543	0.072887
4206	0.072869
1201	0.072770
14093	0.072746
10441	0.072702
9915	0.072696
6971	0.072682
10657	0.072649
5513	0.072631
2586	0.072614
12552	0.072558
1344	0.072515
2471	0.072490
12580	0.072456
1733	0.072449
3059	0.072365
5148	0.072296
12579	0.072280
9263	0.072267
9989	0.072216
11572	0.072200
8346	0.072140
8345	0.072140
13361	0.072064
11162	0.071961
65	0.071958
5970	0.071932
1937	0.071882
5720	0.071818
5367	0.071766
11354	0.071752
11104	0.071672
9536	0.071631
4143	0.071547
7959	0.071543
6316	0.071379
5011	0.071366
7403	0.071361
5957	0.071321
10721	0.071230
13039	0.071197
11010	0.071162
5261	0.071104
12801	0.071056
419	0.071015
12383	0.071010
11533	0.071006
1936	0.071000
7420	0.070916
5276	0.070900
4910	0.070840
6366	0.070802
12789	0.070766
13482	0.070704
7523	0.070577
10425	0.070534
285	0.070502
5995	0.070459
4729	0.070418
7013	0.070377
196	0.070302
12548	0.070208
11511	0.070191
10264	0.070176
10476	0.070131
2835	0.070086
4744	0.070035
663	0.070035
10461	0.069975
12038	0.069907
12145	0.069900
10515	0.069900
5956	0.069900
12543	0.069893
6816	0.069829
12759	0.069823
13073	0.069794
6941	0.069794
5368	0.069794
971	0.069779
10523	0.069742
8162	0.069682
10017	0.069658
3363	0.069650
9370	0.069649
11496	0.069609
1506	0.069580
8079	0.069534
6570	0.069514
11286	0.069513
12382	0.069465
11025	0.069408
10049	0.069398
12829	0.069391
7762	0.069369
661	0.069331
12397	0.069323
4016	0.069265
986	0.069260
1957	0.069242
12822	0.069211
10127	0.069199
2466	0.069119
4190	0.069106
1619	0.069103
44	0.069068
12666	0.068967
7100	0.068966
12409	0.068918
3678	0.068806
3673	0.068806
12704	0.068750
5534	0.068672
4933	0.068608
4393	0.068538
9519	0.068486
3822	0.068446
12063	0.068369
12745	0.068368
11476	0.068357
7061	0.068347
10735	0.068342
7165	0.068310
6733	0.068261
1345	0.068228
12595	0.068178
4536	0.068175
13413	0.068137
12624	0.067952
7094	0.067916
11485	0.067800
11521	0.067782
4172	0.067750
11081	0.067726
12736	0.067726
10833	0.067667
8802	0.067642
12708	0.067640
9187	0.067614
12833	0.067551
5651	0.067540
7536	0.067381
4114	0.067351
11237	0.067347
10548	0.067322
14108	0.067321
4745	0.067321
11431	0.067296
13912	0.067244
10859	0.067166
12758	0.067159
14063	0.067031
14060	0.067026
7716	0.066932
5725	0.066881
2927	0.066855
10153	0.066819
9349	0.066740
10263	0.066706
8489	0.066673
10368	0.066671
11415	0.066662
4713	0.066586
10421	0.066454
10492	0.066424
13023	0.066409
11447	0.066408
14109	0.066405
10736	0.066405
9950	0.066356
11315	0.066354
10095	0.066348
12803	0.066344
9609	0.066322
9580	0.066322
2634	0.066279
12701	0.066277
11351	0.066272
319	0.066202
5520	0.066032
12398	0.066013
13820	0.065985
8253	0.065890
9946	0.065841
10388	0.065810
8069	0.065746
543	0.065742
6559	0.065731
12428	0.065704
10395	0.065703
12698	0.065694
12776	0.065693
3277	0.065678
8080	0.065625
12734	0.065579
6638	0.065573
5608	0.065563
537	0.065557
7022	0.065515
12617	0.065495
1746	0.065387
12502	0.065366
10042	0.065342
11223	0.065326
11030	0.065312
11029	0.065312
12720	0.065286
7666	0.065286
10235	0.065276
11520	0.065197
4531	0.065133
5430	0.065097
12753	0.065065
14349	0.064946
14344	0.064946
14316	0.064946
14309	0.064946
14306	0.064946
14260	0.064946
14240	0.064946
14216	0.064946
14168	0.064946
12707	0.064911
3726	0.064893
5690	0.064843
1190	0.064833
12526	0.064823
9005	0.064804
8135	0.064802
10974	0.064795
5692	0.064768
12514	0.064743
10119	0.064729
9847	0.064697
10772	0.064667
12848	0.064663
4588	0.064627
6289	0.064577
5946	0.064542
13798	0.064536
8401	0.064515
6809	0.064487
6614	0.064443
2033	0.064350
6655	0.064310
12747	0.064262
12187	0.064218
1977	0.064193
5708	0.064130
703	0.064084
12794	0.064074
852	0.064052
10844	0.064034
9039	0.063989
12537	0.063952
5195	0.063948
12774	0.063930
13846	0.063929
8459	0.063929
2582	0.063926
10956	0.063903
5709	0.063882
10537	0.063875
10141	0.063867
10035	0.063867
6527	0.063813
11297	0.063805
14315	0.063790
9961	0.063624
5446	0.063596
9827	0.063589
3652	0.063585
12262	0.063581
8707	0.063568
5187	0.063489
323	0.063461
13398	0.063455
11365	0.063420
11270	0.063420
10957	0.063420
7144	0.063420
7668	0.063417
6887	0.063393
10205	0.063347
6418	0.063339
11795	0.063309
8054	0.063307
10864	0.063305
167	0.063256
9179	0.063148
4326	0.063138
6842	0.063060
4535	0.063058
12500	0.062949
6163	0.062928
1612	0.062879
2770	0.062857
12821	0.062839
2251	0.062837
8896	0.062837
12757	0.062812
11217	0.062795
10687	0.062772
8900	0.062713
9002	0.062662
6370	0.062640
4962	0.062636
7114	0.062619
12751	0.062571
2798	0.062569
10531	0.062558
11581	0.062541
3649	0.062527
6928	0.062520
566	0.062466
11371	0.062430
11370	0.062430
10955	0.062430
11535	0.062424
4645	0.062393
10834	0.062376
8237	0.062304
4534	0.062303
1779	0.062281
3305	0.062182
3302	0.062182
12547	0.062159
9689	0.062080
6729	0.062039
9830	0.062003
4076	0.061993
2581	0.061967
12541	0.061885
12154	0.061866
68	0.061843
12386	0.061814
11528	0.061799
660	0.061780
10139	0.061765
9613	0.061735
2081	0.061714
11264	0.061692
289	0.061683
12564	0.061658
8017	0.061620
8405	0.061613
7926	0.061592
2440	0.061496
14061	0.061468
5025	0.061450
2620	0.061380
12594	0.061361
11500	0.061343
4664	0.061337
10739	0.061316
10788	0.061316
10777	0.061316
10759	0.061316
11332	0.061286
7010	0.061243
5213	0.061221
11290	0.061194
2503	0.061165
6649	0.061132
6647	0.061132
6646	0.061132
5610	0.061132
5447	0.061101
11522	0.061075
12112	0.061061
8513	0.061043
5666	0.061042
9142	0.061041
11474	0.061036
383	0.061029
13948	0.061015
4797	0.060992
6660	0.060982
12444	0.060940
12445	0.060917
10477	0.060881
6535	0.060776
10686	0.060738
6723	0.060737
6722	0.060737
4434	0.060720
11575	0.060704
3764	0.060700
10573	0.060647
12589	0.060605
9274	0.060597
9377	0.060593
10429	0.060582
3065	0.060562
10682	0.060533
10138	0.060525
8909	0.060509
9988	0.060506
822	0.060494
2796	0.060491
1925	0.060396
8264	0.060387
11115	0.060386
634	0.060367
8337	0.060352
3835	0.060302
9612	0.060289
10500	0.060283
3114	0.060274
272	0.060273
11759	0.060251
11755	0.060198
3115	0.060196
10920	0.060190
6534	0.060088
4295	0.060026
2434	0.060006
10738	0.059925
13153	0.059909
10171	0.059909
10170	0.059909
8661	0.059893
11334	0.059884
3646	0.059872
3982	0.059851
12567	0.059780
12093	0.059772
10574	0.059765
11729	0.059763
1893	0.059759
6911	0.059720
9664	0.059717
10142	0.059710
14070	0.059696
5188	0.059688
6334	0.059602
10483	0.059589
11213	0.059574
14083	0.059552
5249	0.059540
4279	0.059439
11033	0.059439
9756	0.059436
8959	0.059404
4425	0.059400
7049	0.059373
3242	0.059298
12586	0.059281
10597	0.059250
14069	0.059241
11124	0.059185
4327	0.059150
1359	0.059126
11180	0.059100
12297	0.059065
8098	0.059065
10166	0.059062
8960	0.059056
6569	0.058995
6613	0.058993
11464	0.058961
12508	0.058959
7220	0.058956
13123	0.058935
10034	0.058935
11190	0.058822
5014	0.058799
10428	0.058774
11019	0.058773
11493	0.058739
7246	0.058736
6517	0.058702
3662	0.058656
11009	0.058654
1609	0.058654
4433	0.058634
3106	0.058603
288	0.058589
13449	0.058572
7520	0.058537
12590	0.058485
11743	0.058462
8652	0.058444
10385	0.058414
11410	0.058413
12494	0.058388
12602	0.058370
7681	0.058370
12587	0.058345
6910	0.058341
11728	0.058246
7206	0.058075
4735	0.058075
11574	0.058030
12507	0.058023
