7285	0.309541
11697	0.279695
5846	0.265561
5843	0.233492
6259	0.221021
12358	0.211894
45	0.206245
3226	0.205915
6480	0.201659
4828	0.201485
5582	0.195522
11591	0.188370
11592	0.187843
5293	0.187309
5583	0.172699
12286	0.172254
11742	0.171401
5226	0.171401
13204	0.166011
5248	0.160223
4895	0.158044
6963	0.157036
850	0.153968
6394	0.153250
6481	0.151064
2230	0.148182
12091	0.145333
5048	0.145333
12385	0.143339
12504	0.141822
4867	0.140573
6010	0.139215
8402	0.139055
11292	0.137216
10390	0.136569
2585	0.134659
10734	0.134104
7908	0.133386
12591	0.132413
9551	0.127116
11699	0.127019
7417	0.127019
5292	0.125038
9123	0.124881
10138	0.123698
6009	0.122653
4742	0.122653
1381	0.120557
4497	0.119652
5159	0.118843
3030	0.117732
7475	0.116902
7399	0.116566
4743	0.116429
7544	0.116047
6935	0.115820
13805	0.115809
5132	0.115809
14317	0.114682
11472	0.114354
11579	0.113019
10344	0.111774
2381	0.111125
12691	0.110386
8877	0.109794
10343	0.109709
6718	0.109709
6719	0.108760
10347	0.107777
12395	0.107522
10082	0.106670
8317	0.106496
8316	0.106496
10896	0.106491
11428	0.106423
10729	0.106409
14218	0.106339
10370	0.106287
10812	0.106271
5574	0.106204
10850	0.106141
10346	0.106140
7478	0.106074
5010	0.105956
8257	0.105851
12384	0.105841
7459	0.105824
8113	0.105797
11344	0.105795
11306	0.105795
10728	0.105795
10099	0.105737
10282	0.105391
13124	0.105332
10179	0.105332
11430	0.105289
11304	0.105289
10763	0.105289
10963	0.105266
10960	0.105266
10958	0.105266
13854	0.105182
10371	0.104912
10178	0.104878
10109	0.104308
6776	0.103969
10961	0.103314
10056	0.103170
14329	0.103060
11754	0.102501
1182	0.102291
3990	0.102172
6630	0.102080
1452	0.101445
1411	0.100769
6625	0.100756
14331	0.099857
14330	0.099857
2823	0.099629
5402	0.099402
8551	0.098986
10275	0.098902
6934	0.098878
10519	0.098097
2232	0.098089
1084	0.098015
8497	0.097898
4826	0.097737
10608	0.097692
11753	0.097361
5175	0.097330
10513	0.096830
10237	0.096799
8175	0.095775
7542	0.095714
6688	0.095714
3041	0.095600
12632	0.094306
1351	0.094249
2496	0.093999
3353	0.093703
4297	0.092811
11808	0.092543
10959	0.092223
10280	0.092178
5160	0.091956
11152	0.091773
8025	0.091773
6687	0.091772
4402	0.091055
9874	0.090974
12772	0.090971
8135	0.090622
5584	0.090269
427	0.089932
7952	0.089770
6522	0.089670
5585	0.088948
5046	0.088896
8564	0.088757
12665	0.088381
10806	0.087442
7667	0.086741
10185	0.086690
12646	0.086295
7708	0.086080
5441	0.086032
10754	0.085968
4741	0.085939
5343	0.085866
4328	0.085608
5586	0.084822
2269	0.084749
7359	0.084676
4947	0.084486
12439	0.084286
10427	0.083946
851	0.083490
5524	0.083256
5327	0.082731
8862	0.082357
8861	0.082357
8860	0.082357
8859	0.082357
8858	0.082357
8857	0.082357
8844	0.082357
8843	0.082357
8842	0.082357
8841	0.082357
8840	0.082357
8839	0.082357
8838	0.082357
8834	0.082357
8824	0.082357
8823	0.082357
8822	0.082357
8820	0.082357
8818	0.082357
8817	0.082357
8803	0.082357
8798	0.082357
8737	0.082357
8639	0.082357
7682	0.082357
7677	0.082357
7382	0.082357
7247	0.082357
5795	0.082322
3951	0.082217
8382	0.082042
1020	0.081876
6353	0.081669
4701	0.081669
14126	0.081520
14125	0.081520
7681	0.081476
11743	0.081349
12145	0.081213
10515	0.081213
5956	0.081213
12144	0.081056
4700	0.081056
6620	0.080966
1385	0.080757
11459	0.080546
11340	0.080546
6329	0.080546
1413	0.080528
1367	0.080528
4736	0.080436
10002	0.080167
8907	0.080047
11409	0.080008
5957	0.080006
10428	0.079954
11357	0.079515
11356	0.079354
1894	0.078419
9139	0.078159
13810	0.078054
7668	0.077382
2229	0.076816
6261	0.076434
10670	0.076317
10954	0.075943
2674	0.075510
10895	0.075490
10643	0.075373
10210	0.075300
11200	0.075200
12090	0.074837
10348	0.074834
1616	0.074661
6972	0.074515
4376	0.074311
13638	0.074242
6220	0.073775
8238	0.072671
8217	0.072359
7578	0.072359
7465	0.072179
8162	0.072141
10553	0.071919
10853	0.071796
8836	0.071779
3175	0.071417
10511	0.071109
4658	0.070924
6721	0.070827
10854	0.070803
8837	0.070138
4864	0.069993
11498	0.069941
13435	0.069782
2059	0.069782
9495	0.069766
9147	0.069766
3240	0.069756
2067	0.069720
2057	0.069704
2440	0.069314
2341	0.069287
4500	0.068802
7001	0.068423
10507	0.068250
6854	0.067948
11055	0.067339
4841	0.067153
11501	0.066963
8813	0.066886
11326	0.066707
9981	0.066433
7698	0.066389
12427	0.066232
10743	0.066179
12200	0.066170
6876	0.066030
13318	0.066001
7865	0.065995
13947	0.065844
11241	0.065704
12521	0.065424
6558	0.065361
4359	0.065132
2037	0.064890
9756	0.064839
5157	0.064673
9109	0.064599
11240	0.064447
5103	0.064026
2386	0.064011
2387	0.064011
9108	0.063939
3753	0.063880
1050	0.063333
7907	0.063174
8572	0.062822
8569	0.062822
8568	0.062822
14332	0.062783
14320	0.062783
14257	0.062783
14235	0.062783
14231	0.062783
14217	0.062783
14143	0.062783
598	0.062483
568	0.062426
3375	0.062370
10921	0.061915
8570	0.061799
4340	0.061601
3056	0.061435
12514	0.061351
12283	0.061182
10733	0.060852
4338	0.060752
4475	0.060714
4504	0.060703
8887	0.060679
2332	0.060635
5870	0.060549
10015	0.060493
11000	0.060370
12507	0.060281
6591	0.060144
12783	0.060062
10215	0.060062
14073	0.060037
11447	0.060012
8307	0.059764
9964	0.059019
7106	0.058899
4172	0.058815
11154	0.058802
5024	0.058788
6415	0.058592
13295	0.058547
1192	0.058543
638	0.058490
8405	0.058486
4433	0.058479
8566	0.058367
11782	0.058306
5382	0.058281
381	0.058096
11077	0.058096
12511	0.058013
5141	0.058005
9653	0.057920
8806	0.057899
11349	0.057821
8079	0.057812
6544	0.057388
7942	0.057124
4190	0.057009
5203	0.056338
2173	0.056216
3534	0.056095
11263	0.056086
5650	0.056071
14132	0.055964
1773	0.055958
5383	0.055936
13201	0.055876
13197	0.055876
13202	0.055660
14199	0.055484
2289	0.055461
6727	0.055457
2129	0.055368
5377	0.055323
12743	0.055077
10712	0.055030
13087	0.054939
11436	0.054853
10711	0.054853
6216	0.054724
5680	0.054722
3341	0.054705
1403	0.054703
9847	0.054622
11007	0.054601
4997	0.054557
8969	0.054498
10475	0.054321
590	0.054238
11698	0.054108
12798	0.054041
4913	0.053986
10049	0.053787
8342	0.053781
5376	0.053776
5378	0.053668
11595	0.053599
8780	0.053580
12262	0.053563
4437	0.053549
10946	0.053527
12495	0.053526
13821	0.053526
11054	0.053456
4337	0.053455
11234	0.053362
5259	0.053318
1778	0.053153
403	0.053108
11522	0.052981
7268	0.052979
5225	0.052884
2069	0.052833
2066	0.052833
9120	0.052736
13611	0.052461
8112	0.052451
2068	0.052451
10540	0.052283
12120	0.052216
3993	0.052216
10432	0.052064
5430	0.051927
11516	0.051741
9030	0.051731
4740	0.051710
9894	0.051633
13592	0.051578
13600	0.051527
7630	0.051337
7177	0.051167
4655	0.051087
2519	0.051038
12093	0.051007
10821	0.050978
6448	0.050834
7581	0.050764
10809	0.050749
7580	0.050749
9357	0.050732
11002	0.050640
5221	0.050620
543	0.050612
5116	0.050474
8922	0.050441
5220	0.050386
2526	0.050075
108	0.050022
7611	0.050017
1862	0.049846
1583	0.049744
4963	0.049723
7421	0.049622
7824	0.049617
11403	0.049579
6148	0.049579
12855	0.049530
7428	0.049488
7102	0.049488
6484	0.049485
9915	0.049483
10457	0.049461
9747	0.049376
11752	0.049351
14334	0.049342
8482	0.049342
4729	0.049016
12881	0.048995
2227	0.048956
1016	0.048680
12734	0.048676
10389	0.048658
742	0.048559
7977	0.048493
13193	0.048484
9169	0.048374
3451	0.048264
10376	0.048254
10557	0.048193
10962	0.048099
12202	0.048074
3988	0.048074
985	0.048047
12757	0.047951
12794	0.047946
10292	0.047922
8821	0.047881
10834	0.047798
6966	0.047783
11373	0.047741
10202	0.047741
6349	0.047664
5649	0.047659
8466	0.047619
10649	0.047566
10699	0.047542
12747	0.047539
11178	0.047459
10264	0.047447
5164	0.047430
5163	0.047430
5593	0.047427
8017	0.047367
10441	0.047358
7239	0.047227
14291	0.047135
11556	0.047121
1550	0.047102
13122	0.047098
6566	0.047097
9066	0.047062
9354	0.047047
14254	0.046882
11467	0.046807
5517	0.046792
9662	0.046767
6124	0.046729
2595	0.046611
13323	0.046351
572	0.046297
11476	0.046285
10939	0.046264
2072	0.046186
11998	0.046061
4450	0.046036
4377	0.046012
300	0.046003
2889	0.045996
6579	0.045924
11683	0.045907
5166	0.045898
6583	0.045882
6580	0.045882
4959	0.045882
10495	0.045831
14250	0.045793
10558	0.045793
10555	0.045793
6968	0.045793
11211	0.045773
8042	0.045769
13679	0.045649
6348	0.045609
4967	0.045588
7860	0.045477
4166	0.045429
4531	0.045428
1690	0.045402
13095	0.045350
6969	0.045350
11512	0.045277
11394	0.045222
13196	0.045199
13618	0.045197
13419	0.045197
6840	0.045197
3489	0.045173
12431	0.045170
7060	0.045156
10783	0.045127
9651	0.045122
5597	0.045055
9825	0.045034
9089	0.044982
13734	0.044967
7183	0.044966
12556	0.044941
10369	0.044918
10556	0.044866
13602	0.044784
3418	0.044747
11626	0.044724
7527	0.044679
1060	0.044642
14236	0.044637
13901	0.044637
13601	0.044637
7863	0.044637
7862	0.044637
7859	0.044637
13356	0.044629
11177	0.044617
2594	0.044523
6680	0.044478
11859	0.044471
14091	0.044432
3982	0.044368
12754	0.044340
14203	0.044333
13907	0.044333
13906	0.044333
13407	0.044333
11171	0.044333
8372	0.044333
7978	0.044333
3942	0.044333
2404	0.044297
12778	0.044278
12701	0.044228
10335	0.044198
10014	0.044180
14249	0.044165
12400	0.044160
11586	0.044160
13104	0.044112
10013	0.044112
1366	0.044112
9998	0.044084
9875	0.044083
3013	0.044081
10118	0.044080
11477	0.044040
2982	0.044027
3178	0.044015
3987	0.043957
1931	0.043941
13460	0.043902
13374	0.043862
13373	0.043862
2061	0.043833
4026	0.043706
10321	0.043666
12101	0.043633
1606	0.043630
9826	0.043610
13838	0.043543
964	0.043335
3152	0.043298
7078	0.043279
6760	0.043214
4027	0.043214
8874	0.043199
11170	0.043116
10920	0.043099
8377	0.043094
12617	0.043008
13023	0.042888
7264	0.042885
10882	0.042818
7858	0.042775
13180	0.042674
4505	0.042589
4501	0.042589
1503	0.042589
1295	0.042529
2180	0.042504
11163	0.042483
11514	0.042363
10293	0.042362
13599	0.042358
333	0.042309
2930	0.042254
11415	0.042240
13121	0.042220
4789	0.042220
4788	0.042220
12451	0.042192
9025	0.042190
4878	0.042170
10567	0.042137
5780	0.042109
12759	0.042080
12377	0.042022
12376	0.042022
6343	0.041979
1504	0.041979
4618	0.041973
13900	0.041964
7861	0.041964
2038	0.041953
12804	0.041892
9643	0.041808
12502	0.041783
13358	0.041729
1417	0.041667
12775	0.041643
5328	0.041603
10421	0.041505
6595	0.041479
11940	0.041479
6263	0.041447
12758	0.041444
4342	0.041262
14111	0.041251
14080	0.041251
4052	0.041232
4439	0.041153
10993	0.041140
4325	0.041102
10250	0.041097
13820	0.041066
11818	0.041029
9026	0.041009
13589	0.041005
11823	0.040972
10927	0.040892
1185	0.040880
9114	0.040828
5609	0.040809
10080	0.040711
12695	0.040675
1596	0.040642
12497	0.040602
12492	0.040591
5607	0.040492
10751	0.040427
689	0.040331
5995	0.040268
3999	0.040263
2174	0.040184
9872	0.040108
12613	0.040039
10229	0.040026
12890	0.040025
8747	0.039999
8725	0.039999
5162	0.039986
10523	0.039982
1591	0.039935
1609	0.039911
10127	0.039885
6138	0.039852
13946	0.039835
1592	0.039835
2041	0.039768
4530	0.039764
6238	0.039750
10208	0.039642
53	0.039533
11258	0.039484
12386	0.039384
11534	0.039376
11056	0.039348
6218	0.039326
10625	0.039317
1151	0.039113
9167	0.038994
12222	0.038951
9988	0.038895
14214	0.038891
12532	0.038882
5994	0.038853
11502	0.038814
13454	0.038778
13453	0.038778
13216	0.038778
13215	0.038778
13214	0.038778
13213	0.038778
13212	0.038778
13211	0.038778
13210	0.038778
12825	0.038778
12805	0.038778
12289	0.038778
7643	0.038778
1498	0.038776
6753	0.038751
11286	0.038750
3585	0.038747
4861	0.038665
12513	0.038618
11162	0.038500
9388	0.038476
10894	0.038444
11033	0.038444
3144	0.038420
11298	0.038416
10994	0.038416
7154	0.038339
10884	0.038291
1619	0.038159
10554	0.038122
9019	0.038069
11124	0.038059
12658	0.038040
11116	0.038040
2795	0.038040
2794	0.038040
2800	0.038015
4517	0.037990
6678	0.037946
6535	0.037934
9916	0.037892
9880	0.037892
9842	0.037892
9838	0.037892
9822	0.037892
9372	0.037892
8791	0.037892
8790	0.037892
8768	0.037892
6437	0.037883
9764	0.037738
9763	0.037728
9759	0.037728
9758	0.037728
8717	0.037728
8716	0.037728
8715	0.037728
11506	0.037724
10892	0.037698
7127	0.037682
13306	0.037640
2435	0.037572
11012	0.037532
1202	0.037523
11562	0.037350
13369	0.037323
6324	0.037312
561	0.037293
2049	0.037293
11175	0.037253
472	0.037235
3040	0.037198
11446	0.037142
5651	0.037124
4503	0.037116
763	0.037115
1415	0.037089
2001	0.037076
11237	0.037040
7972	0.036971
589	0.036957
1161	0.036922
9726	0.036869
10274	0.036865
3024	0.036844
12822	0.036803
12713	0.036800
7126	0.036777
2477	0.036702
4869	0.036632
6709	0.036628
10885	0.036619
3320	0.036605
4339	0.036591
7128	0.036577
13802	0.036484
2583	0.036445
1360	0.036433
454	0.036415
11470	0.036147
966	0.036107
13332	0.036101
10833	0.036098
12789	0.036085
3319	0.036065
4562	0.036036
7499	0.036030
4921	0.035969
11482	0.035965
10937	0.035929
254	0.035843
9021	0.035822
8186	0.035819
13495	0.035776
12601	0.035737
13072	0.035696
13069	0.035696
12857	0.035696
10784	0.035642
4933	0.035639
7969	0.035476
10569	0.035461
13577	0.035436
4787	0.035344
10819	0.035289
7114	0.035216
12562	0.035195
11278	0.035174
2254	0.035173
6737	0.035056
11101	0.035046
7125	0.035021
2473	0.035016
802	0.034924
2184	0.034807
7930	0.034752
6974	0.034747
10788	0.034717
10777	0.034717
10759	0.034717
10739	0.034717
13598	0.034672
7593	0.034664
10497	0.034623
1618	0.034512
13164	0.034492
13493	0.034484
3631	0.034479
1630	0.034473
6392	0.034449
4881	0.034449
2301	0.034429
13136	0.034377
10693	0.034320
2798	0.034261
6147	0.034248
4349	0.034244
13430	0.034206
10517	0.034199
3014	0.034188
1364	0.034134
12740	0.034100
6807	0.034096
1140	0.034071
12642	0.034041
9952	0.034028
4056	0.033983
8103	0.033865
10499	0.033861
10151	0.033815
10913	0.033785
10880	0.033720
9356	0.033631
5545	0.033620
4529	0.033605
2844	0.033601
8794	0.033553
11686	0.033461
12833	0.033457
12733	0.033444
3312	0.033433
3840	0.033431
4820	0.033262
11725	0.033234
435	0.033204
10879	0.033198
6761	0.033184
11504	0.033171
12096	0.033145
6352	0.032909
4856	0.032904
12503	0.032897
13499	0.032876
5379	0.032875
7394	0.032837
6254	0.032804
12698	0.032795
7088	0.032782
12612	0.032755
13294	0.032748
7353	0.032734
4117	0.032726
5458	0.032694
1369	0.032501
12317	0.032486
4778	0.032412
11736	0.032410
9844	0.032358
4204	0.032339
336	0.032307
10380	0.032278
6527	0.032278
1898	0.032245
13331	0.032119
6003	0.032117
9960	0.032091
5544	0.032089
3031	0.032085
12022	0.032058
765	0.032058
13111	0.032035
13109	0.032035
9959	0.032035
8387	0.032032
9946	0.032028
5185	0.031994
10125	0.031890
8090	0.031868
2847	0.031868
2843	0.031868
2839	0.031868
9094	0.031866
9093	0.031866
9092	0.031866
9065	0.031866
12505	0.031851
8622	0.031846
8983	0.031839
