10513	0.189479
1084	0.185788
8551	0.180919
14331	0.178792
14330	0.178792
4826	0.178321
9874	0.170660
427	0.168807
4867	0.166218
2037	0.139459
12093	0.135284
9495	0.134961
9147	0.134961
13435	0.134929
2059	0.134929
2057	0.134925
2067	0.134893
300	0.132149
9108	0.127745
9109	0.126859
2232	0.121856
5160	0.120843
11152	0.120186
8025	0.120186
4122	0.118059
2069	0.117745
2066	0.117745
8112	0.117732
2068	0.117732
9492	0.116508
9288	0.116421
7405	0.115801
1550	0.115561
5157	0.115118
2061	0.113805
2049	0.110790
6620	0.109363
9191	0.109304
35	0.109151
2072	0.108752
2041	0.108722
3144	0.108720
2172	0.107593
6353	0.106844
4701	0.106844
9424	0.105108
4450	0.104744
11998	0.104628
4377	0.104579
2840	0.104286
11725	0.104134
2229	0.103967
8090	0.103932
2847	0.103932
2843	0.103932
2839	0.103932
12144	0.103136
4700	0.103136
4778	0.103122
11124	0.102204
14132	0.102025
12513	0.101229
8342	0.100416
7955	0.099689
1690	0.099666
277	0.099343
3240	0.099208
2844	0.099073
9425	0.098922
10993	0.097587
11163	0.097481
11782	0.097144
12109	0.097040
5948	0.097040
6753	0.096636
11806	0.096526
5378	0.096243
11175	0.095461
10540	0.094803
9875	0.094510
5159	0.094492
5780	0.094293
3753	0.094175
11686	0.094174
12505	0.094046
191	0.093918
5680	0.093718
5010	0.093504
5377	0.093115
3011	0.092831
12881	0.092727
3014	0.092508
7078	0.092248
8377	0.092223
2071	0.091892
11154	0.091200
3178	0.090392
7553	0.090301
13225	0.090300
5376	0.089453
11043	0.089425
10649	0.089348
2054	0.089193
2845	0.089067
7453	0.088692
3333	0.088632
10731	0.088602
43	0.088524
10732	0.088486
11818	0.088196
9536	0.088033
11519	0.087851
7676	0.087600
5546	0.087384
5112	0.087246
6123	0.086538
11679	0.086459
861	0.086140
469	0.086134
7913	0.086089
5968	0.086089
470	0.086089
7898	0.086013
12090	0.085808
5967	0.085705
9442	0.085658
9015	0.085580
11900	0.085455
10927	0.085393
7459	0.085392
6124	0.085340
13517	0.085269
9747	0.085055
808	0.084456
13460	0.084454
613	0.084446
13449	0.083683
7650	0.083491
7096	0.083491
11215	0.082894
7001	0.082840
4292	0.082527
2018	0.082319
2062	0.082296
4306	0.082169
9872	0.081843
269	0.081390
12508	0.081369
7593	0.081334
11101	0.081287
882	0.081187
3320	0.081102
6129	0.081027
4038	0.080972
10667	0.080931
12820	0.080896
12562	0.080867
1369	0.080851
2404	0.080557
5346	0.080463
7991	0.080367
8845	0.080078
8402	0.079814
4219	0.079787
10680	0.079552
9531	0.079481
12210	0.079349
4737	0.079216
2015	0.079201
5164	0.079144
5163	0.079144
6838	0.078831
5383	0.078592
10344	0.078523
10764	0.078497
10679	0.078497
10766	0.078349
10765	0.078349
9726	0.078128
5736	0.077969
11174	0.077856
385	0.077822
12199	0.077804
11841	0.077782
5720	0.077739
11007	0.077735
1583	0.077689
13122	0.077610
11501	0.077530
9641	0.077427
10552	0.077295
5221	0.077243
11162	0.077190
9893	0.077057
9892	0.077057
9888	0.077057
9887	0.077057
9841	0.077057
9821	0.077057
9768	0.077057
9300	0.077057
9294	0.077057
1619	0.077019
1411	0.076988
6482	0.076974
12401	0.076972
9261	0.076963
590	0.076922
13294	0.076852
426	0.076849
1040	0.076806
10809	0.076665
7580	0.076665
10846	0.076636
9138	0.076632
7581	0.076584
6387	0.076461
1653	0.076459
10737	0.076384
13606	0.076316
280	0.076183
12597	0.076138
9829	0.075952
7398	0.075872
39	0.075747
13802	0.075728
9587	0.075512
8661	0.075491
11153	0.075434
10845	0.075434
7526	0.075274
14276	0.075242
13428	0.075242
1768	0.075215
8864	0.075207
8863	0.075207
8583	0.075207
8124	0.075207
7904	0.075207
7903	0.075207
7902	0.075207
7901	0.075207
7900	0.075207
7899	0.075207
7897	0.075207
7896	0.075207
7895	0.075207
1043	0.075197
8264	0.075132
4881	0.075103
6623	0.075097
289	0.075052
8837	0.074834
307	0.074834
8709	0.074789
6295	0.074758
14342	0.074696
630	0.074665
330	0.074604
329	0.074600
1922	0.074584
13323	0.074472
13325	0.074440
7875	0.074414
8712	0.074380
8303	0.074380
8302	0.074380
7362	0.074380
6359	0.074380
8874	0.074371
12804	0.074320
3312	0.074308
6202	0.074281
1633	0.074232
9196	0.074219
1413	0.074186
1367	0.074186
3040	0.074141
7268	0.074047
8135	0.073878
9543	0.073657
1000	0.073508
11477	0.073494
14162	0.073480
5382	0.073449
9611	0.073412
11678	0.073287
11715	0.073088
12873	0.072986
10509	0.072973
2021	0.072973
738	0.072917
2040	0.072821
11201	0.072662
13679	0.072622
11172	0.072599
683	0.072495
487	0.072460
4379	0.072432
11940	0.072397
6397	0.072270
7992	0.072255
6398	0.072193
11381	0.072182
336	0.072157
1921	0.072140
9436	0.072111
5106	0.072078
5104	0.072078
13011	0.072047
604	0.072025
1014	0.072008
1809	0.071959
6557	0.071797
7379	0.071705
2048	0.071585
4433	0.071506
8370	0.071365
1683	0.071330
4436	0.071304
10738	0.071237
7286	0.071227
5148	0.071203
319	0.071165
747	0.070970
1243	0.070960
13689	0.070760
13489	0.070760
5451	0.070734
1812	0.070730
1811	0.070730
13295	0.070496
13319	0.070495
791	0.070481
6081	0.070453
12813	0.070398
11534	0.070377
4362	0.070377
12405	0.070364
6763	0.070308
2846	0.070250
13680	0.070170
7277	0.069952
276	0.069949
6522	0.069936
9918	0.069902
1434	0.069808
7420	0.069799
12848	0.069762
2301	0.069753
4438	0.069721
272	0.069573
14167	0.069498
270	0.069324
12236	0.069314
3489	0.069314
743	0.069122
5119	0.068952
13573	0.068878
2435	0.068777
2227	0.068763
4712	0.068725
7977	0.068683
6876	0.068679
10854	0.068677
4144	0.068669
2770	0.068668
168	0.068648
5745	0.068585
1020	0.068502
11322	0.068368
7154	0.068320
13015	0.068299
3534	0.068289
11743	0.068284
7681	0.068281
4383	0.068277
10894	0.068256
10783	0.068247
8862	0.068215
8861	0.068215
8860	0.068215
8859	0.068215
8858	0.068215
8857	0.068215
8844	0.068215
8843	0.068215
8842	0.068215
8841	0.068215
8840	0.068215
8839	0.068215
8838	0.068215
8834	0.068215
8824	0.068215
8823	0.068215
8822	0.068215
8820	0.068215
8818	0.068215
8817	0.068215
8803	0.068215
8798	0.068215
8737	0.068215
8639	0.068215
7682	0.068215
7677	0.068215
7382	0.068215
7247	0.068215
5795	0.068128
690	0.068112
13994	0.068097
7931	0.068097
12666	0.068085
1400	0.068073
9552	0.068002
3951	0.067998
10152	0.067934
10626	0.067925
1201	0.067857
8382	0.067790
10853	0.067759
12187	0.067575
338	0.067505
3059	0.067454
4933	0.067393
14203	0.067347
13907	0.067347
13906	0.067347
13407	0.067347
11171	0.067347
8372	0.067347
7978	0.067347
3942	0.067347
1184	0.067273
5670	0.067095
5638	0.067082
11551	0.067017
9998	0.066893
3841	0.066888
12200	0.066857
13524	0.066817
6117	0.066813
1893	0.066809
12806	0.066680
11200	0.066530
13032	0.066428
13031	0.066428
12429	0.066428
11783	0.066423
2968	0.066378
4945	0.066362
9890	0.066361
2070	0.066293
4670	0.066242
2341	0.066221
1368	0.066167
4576	0.066067
331	0.065900
742	0.065855
12073	0.065847
7055	0.065804
4671	0.065790
4669	0.065790
2990	0.065780
12430	0.065769
8711	0.065732
8710	0.065725
8732	0.065703
9505	0.065668
7523	0.065598
3981	0.065578
11180	0.065532
13812	0.065504
8265	0.065504
4121	0.065499
4328	0.065461
2044	0.065455
13737	0.065345
1655	0.065298
4720	0.065227
12410	0.065191
1766	0.065160
314	0.065100
9631	0.065092
13611	0.065066
12444	0.065023
11685	0.064988
13560	0.064972
12587	0.064946
6499	0.064939
12445	0.064930
13282	0.064925
2063	0.064917
2996	0.064908
13281	0.064902
8312	0.064854
4504	0.064835
12604	0.064829
686	0.064826
9662	0.064813
10138	0.064797
278	0.064789
10453	0.064496
4668	0.064462
2038	0.064440
5026	0.064415
5027	0.064415
454	0.064415
9664	0.064391
10452	0.064364
5235	0.064340
12400	0.064218
11586	0.064218
416	0.064217
4434	0.064213
13072	0.064173
13069	0.064173
12857	0.064173
741	0.064173
13439	0.064082
1402	0.064029
2666	0.063977
370	0.063961
10785	0.063934
12304	0.063902
6479	0.063898
301	0.063891
1231	0.063827
10681	0.063746
6188	0.063706
532	0.063692
9606	0.063644
11492	0.063560
11530	0.063555
7128	0.063544
800	0.063493
6767	0.063479
6765	0.063479
6764	0.063479
1192	0.063428
3191	0.063316
7127	0.063208
1767	0.063176
11212	0.063109
7031	0.063087
10784	0.063056
4738	0.063003
5684	0.062965
6261	0.062897
10859	0.062838
5071	0.062813
9633	0.062800
9630	0.062800
9628	0.062800
9626	0.062800
9625	0.062800
9624	0.062800
9622	0.062800
9621	0.062800
9620	0.062800
9619	0.062800
9618	0.062800
9615	0.062800
9482	0.062800
8246	0.062784
12638	0.062761
10658	0.062758
10018	0.062602
7032	0.062594
8157	0.062581
220	0.062579
7033	0.062539
2841	0.062513
3072	0.062499
10657	0.062486
1934	0.062343
10787	0.062290
10318	0.062186
9643	0.062179
12235	0.062161
6868	0.062136
8162	0.062128
8070	0.062118
736	0.062118
13094	0.062106
12418	0.062103
7034	0.062099
1608	0.062098
7855	0.061998
3111	0.061979
4480	0.061978
12707	0.061970
13597	0.061963
13596	0.061963
13595	0.061963
13583	0.061963
13554	0.061963
13402	0.061963
7990	0.061963
3083	0.061914
8391	0.061908
3087	0.061908
13568	0.061906
10010	0.061892
11179	0.061884
4882	0.061871
3024	0.061867
1381	0.061864
7295	0.061801
4042	0.061680
3741	0.061679
805	0.061595
4667	0.061593
12143	0.061581
5921	0.061521
13358	0.061380
306	0.061336
11086	0.061320
9599	0.061313
1618	0.061256
1643	0.061234
1616	0.061166
12422	0.061008
2064	0.060980
6908	0.060938
9025	0.060925
5483	0.060818
215	0.060806
2583	0.060802
8068	0.060787
1863	0.060733
7263	0.060693
817	0.060635
4729	0.060613
353	0.060557
11010	0.060518
1664	0.060500
340	0.060453
12803	0.060449
12526	0.060367
5488	0.060311
12209	0.060309
5875	0.060309
10002	0.060280
1790	0.060268
11459	0.060219
11340	0.060219
6329	0.060219
1387	0.060218
10884	0.060142
1894	0.060065
5688	0.060059
7079	0.060049
38	0.060007
3451	0.059993
61	0.059965
12956	0.059962
12774	0.059957
5491	0.059955
11135	0.059861
1979	0.059792
11516	0.059787
593	0.059782
13332	0.059716
2263	0.059663
10885	0.059639
1611	0.059590
1651	0.059424
2094	0.059411
12531	0.059374
5152	0.059315
2440	0.059291
279	0.059238
10221	0.059031
335	0.059020
334	0.059020
327	0.059020
305	0.059020
302	0.059020
2976	0.059002
5328	0.058995
11019	0.058944
3485	0.058916
10271	0.058894
8412	0.058854
7930	0.058731
3486	0.058728
3840	0.058694
226	0.058665
5897	0.058656
1450	0.058642
4036	0.058520
8970	0.058472
5379	0.058455
11450	0.058439
642	0.058432
12832	0.058428
5101	0.058380
10790	0.058374
5725	0.058340
2472	0.058329
11525	0.058323
4052	0.058317
9194	0.058313
631	0.058300
1500	0.058300
4193	0.058282
12632	0.058244
12548	0.058225
5302	0.058209
1838	0.058195
7560	0.058138
11852	0.058128
9082	0.058094
9928	0.058071
328	0.058048
12154	0.058016
10475	0.058015
3494	0.057988
9484	0.057911
9483	0.057911
525	0.057900
11141	0.057891
589	0.057867
1637	0.057821
10119	0.057818
1060	0.057788
6758	0.057673
286	0.057666
999	0.057625
11522	0.057618
11491	0.057556
13638	0.057506
1977	0.057489
4532	0.057417
853	0.057399
12743	0.057352
13363	0.057213
10819	0.057206
10781	0.057175
216	0.057145
10468	0.057049
10005	0.056994
108	0.056991
11463	0.056956
9797	0.056927
5348	0.056906
12576	0.056903
1492	0.056894
8103	0.056886
4361	0.056861
1634	0.056826
332	0.056789
696	0.056714
7353	0.056688
293	0.056609
292	0.056609
291	0.056609
290	0.056609
287	0.056609
12310	0.056608
13224	0.056548
7668	0.056541
5571	0.056499
1332	0.056456
11502	0.056421
11612	0.056409
9056	0.056407
456	0.056321
1386	0.056314
2206	0.056302
3341	0.056275
13687	0.056200
1905	0.056187
12766	0.056179
12863	0.056065
3784	0.056053
2208	0.056018
1236	0.056018
2173	0.056002
7399	0.055983
9453	0.055951
1660	0.055938
12865	0.055911
40	0.055904
12039	0.055900
9613	0.055893
10381	0.055879
12031	0.055813
9585	0.055802
1493	0.055801
11561	0.055795
3106	0.055707
10244	0.055663
10432	0.055659
13720	0.055652
10058	0.055652
5232	0.055652
5231	0.055652
7709	0.055632
7475	0.055603
4864	0.055583
12554	0.055534
465	0.055520
8079	0.055506
9497	0.055453
4381	0.055424
5957	0.055403
4655	0.055403
1443	0.055376
11760	0.055365
12783	0.055262
10215	0.055262
6749	0.055256
811	0.055256
5230	0.055253
9190	0.055250
2238	0.055194
1174	0.055187
9820	0.055144
8735	0.055144
4116	0.055138
3112	0.055119
10380	0.055102
4172	0.055081
6544	0.055045
10789	0.054965
2697	0.054906
5327	0.054904
9610	0.054900
9654	0.054888
9965	0.054886
10124	0.054882
282	0.054810
9857	0.054803
6697	0.054788
6291	0.054782
11031	0.054776
12145	0.054750
10515	0.054750
5956	0.054750
7630	0.054711
4740	0.054708
12046	0.054699
11556	0.054673
5107	0.054650
333	0.054621
1507	0.054597
12801	0.054595
7412	0.054561
13023	0.054483
737	0.054464
4431	0.054456
9612	0.054365
12452	0.054361
8175	0.054320
3507	0.054288
13710	0.054231
11666	0.054206
10935	0.054206
10934	0.054206
10931	0.054206
4794	0.054206
10936	0.054206
12074	0.054174
10932	0.054169
571	0.054165
7370	0.054134
4847	0.054134
699	0.054113
11307	0.054109
1695	0.054074
5740	0.054072
5690	0.054047
1736	0.054025
1392	0.054010
8821	0.053968
12809	0.053951
11343	0.053915
1494	0.053900
7337	0.053898
9828	0.053893
5692	0.053857
6418	0.053832
303	0.053831
10110	0.053785
7712	0.053782
9977	0.053771
12514	0.053739
11071	0.053728
4495	0.053668
11070	0.053667
13567	0.053665
5731	0.053665
5730	0.053665
5726	0.053665
5723	0.053665
5722	0.053665
5721	0.053665
5681	0.053665
2930	0.053620
11474	0.053619
10800	0.053580
9897	0.053553
9584	0.053542
12393	0.053528
1382	0.053494
5046	0.053484
6535	0.053476
10670	0.053465
2889	0.053442
341	0.053392
11620	0.053352
1062	0.053299
9879	0.053263
4439	0.053116
8324	0.053099
294	0.053096
3013	0.052988
5894	0.052955
6019	0.052940
4505	0.052916
4501	0.052916
1503	0.052916
3379	0.052902
9338	0.052845
5254	0.052839
4368	0.052835
1663	0.052813
9790	0.052768
12439	0.052763
12428	0.052698
11524	0.052696
11859	0.052668
2981	0.052667
12219	0.052662
285	0.052661
5634	0.052658
6343	0.052644
1504	0.052644
12740	0.052640
12558	0.052599
275	0.052577
2230	0.052569
1378	0.052561
311	0.052551
11176	0.052535
929	0.052526
1385	0.052512
4846	0.052509
10234	0.052474
7537	0.052400
7503	0.052400
9917	0.052395
11776	0.052388
6022	0.052388
12262	0.052368
7261	0.052353
3650	0.052270
7667	0.052263
11520	0.052235
12396	0.052219
1892	0.052183
6766	0.052097
1501	0.052024
6344	0.052004
700	0.051997
4432	0.051988
7662	0.051908
10608	0.051907
6854	0.051882
3199	0.051821
9269	0.051796
281	0.051750
12775	0.051688
3305	0.051670
3302	0.051670
5325	0.051612
14179	0.051591
101	0.051586
5625	0.051566
5734	0.051523
13598	0.051502
4762	0.051498
9942	0.051439
9931	0.051439
9930	0.051439
9921	0.051439
9901	0.051439
9899	0.051439
9895	0.051439
9866	0.051439
9836	0.051439
9832	0.051439
9810	0.051439
9698	0.051439
9636	0.051439
9570	0.051439
9299	0.051439
11044	0.051415
5747	0.051393
