11178	0.143087
5650	0.142315
10389	0.139777
11091	0.139634
2297	0.138308
6138	0.136367
5649	0.136364
4618	0.134967
2180	0.133533
11626	0.131463
3428	0.129082
2594	0.127336
12525	0.127301
4947	0.122651
8794	0.122362
5994	0.122237
11073	0.122037
7224	0.121450
6574	0.121450
5527	0.121450
10920	0.121429
11556	0.118634
14091	0.117238
10507	0.117018
3152	0.116989
4235	0.116270
7422	0.115904
12502	0.115576
3429	0.115097
5491	0.112022
10921	0.111990
12832	0.111704
10388	0.111629
11109	0.111433
5185	0.110153
13838	0.109863
5995	0.109558
323	0.109443
2298	0.108408
4530	0.107966
10556	0.107905
2871	0.106983
12551	0.106729
11565	0.106516
3418	0.106437
991	0.106102
9085	0.106090
2595	0.106029
11416	0.105874
10376	0.105665
9086	0.105344
677	0.105324
3441	0.105308
10089	0.105250
10037	0.105139
14250	0.105018
10558	0.105018
10555	0.105018
6968	0.105018
8042	0.105003
11447	0.104888
10024	0.104872
4531	0.104637
11033	0.104627
4536	0.104225
5651	0.103993
11202	0.103282
3440	0.103260
12573	0.102612
12145	0.102467
10515	0.102467
5956	0.102467
556	0.102339
4204	0.102261
4787	0.102134
12897	0.101801
14249	0.101608
14111	0.101574
14080	0.101574
5957	0.101463
13375	0.101372
13820	0.101263
12315	0.101206
13121	0.100764
4789	0.100764
4788	0.100764
11564	0.100602
7036	0.100538
10273	0.100521
10852	0.100230
13155	0.100034
10358	0.099398
10557	0.099235
10499	0.098960
11211	0.098164
13095	0.097952
6969	0.097952
14128	0.097897
12431	0.097817
11403	0.097507
6148	0.097507
7245	0.097270
10801	0.097127
2486	0.096938
8623	0.096699
8656	0.095513
570	0.095255
12799	0.095203
11675	0.094451
6758	0.094421
2473	0.094186
10264	0.094101
3210	0.093861
6737	0.093654
10554	0.093509
10523	0.093385
4534	0.093381
4349	0.093347
10548	0.092409
13329	0.092166
10550	0.091797
11283	0.091654
9917	0.091415
3789	0.091320
11728	0.091252
6366	0.090851
10426	0.090708
11729	0.090165
11415	0.089957
10255	0.089840
7070	0.089602
11188	0.089545
11187	0.089545
11189	0.089428
11486	0.089090
10937	0.088872
2299	0.088543
12153	0.088531
4702	0.088531
10042	0.088273
3764	0.087627
12161	0.087225
11870	0.087225
11794	0.087225
11204	0.087225
11203	0.087225
6144	0.087225
6143	0.087225
6142	0.087225
6141	0.087225
12773	0.087197
10127	0.086752
11237	0.086630
13164	0.086487
2249	0.086469
6140	0.086412
6139	0.086412
12710	0.086360
12704	0.086304
13374	0.086130
13373	0.086130
11439	0.086095
12238	0.085857
5366	0.085817
4325	0.085776
5041	0.085776
8890	0.085465
11186	0.085267
10274	0.085238
10739	0.085071
10788	0.085071
10777	0.085071
10759	0.085071
12436	0.085044
13165	0.084641
4535	0.084607
10212	0.084575
12637	0.084408
11015	0.084407
2176	0.084367
10275	0.084323
10511	0.084043
12666	0.083694
8596	0.083174
12461	0.082737
3742	0.082312
12237	0.082241
10531	0.081754
9938	0.081684
7551	0.081684
7550	0.081684
7539	0.081684
7538	0.081684
4842	0.081602
6946	0.081560
4951	0.081327
3425	0.080749
12147	0.080084
5664	0.079597
3740	0.079584
6832	0.079381
4392	0.079360
12241	0.079352
12240	0.079352
8074	0.079352
7294	0.079352
6054	0.079352
4336	0.079352
14291	0.079027
11175	0.078813
9958	0.078368
3174	0.078070
12638	0.077631
7268	0.077489
7457	0.077162
11754	0.077155
9950	0.077123
8336	0.076995
12804	0.076793
12526	0.076696
10500	0.076293
9960	0.076230
13111	0.076198
13109	0.076198
9959	0.076198
971	0.075867
7506	0.075797
10125	0.075685
4319	0.075593
7970	0.075574
11239	0.075465
11238	0.075465
10927	0.075225
9989	0.075135
14	0.074786
3851	0.074703
1808	0.074654
8314	0.074637
4279	0.074616
3715	0.074594
9632	0.074557
8877	0.074369
10530	0.074338
2300	0.074307
10714	0.074192
9026	0.074073
12262	0.073999
10860	0.073969
5154	0.073960
13151	0.073959
5514	0.073733
10916	0.073709
11145	0.073610
11510	0.073482
11094	0.073469
10606	0.073361
12835	0.073113
3451	0.073105
6457	0.073027
6499	0.072814
6084	0.072601
9847	0.072508
13716	0.072311
11275	0.072264
11007	0.072212
3030	0.072200
11554	0.072088
10490	0.072016
8091	0.071953
11575	0.071880
9919	0.071816
5430	0.071798
11351	0.071795
12792	0.071785
7055	0.071653
4786	0.071515
3822	0.071445
6415	0.071393
6245	0.071293
7875	0.071198
1733	0.071135
5660	0.071000
5513	0.070993
4819	0.070966
12791	0.070819
12788	0.070819
11405	0.070761
3795	0.070722
8513	0.070680
4673	0.070668
8040	0.070665
5672	0.070539
7201	0.070240
10245	0.070138
13794	0.069941
5671	0.069908
10751	0.069597
11677	0.069379
4494	0.069379
4493	0.069379
5512	0.069278
12779	0.069266
10249	0.069264
10049	0.069007
7068	0.068982
12606	0.068734
12833	0.068584
6124	0.068559
4792	0.068398
5815	0.068339
12787	0.068006
12636	0.067974
11074	0.067839
6938	0.067818
11076	0.067783
10650	0.067735
1778	0.067478
11747	0.067272
9596	0.067221
8343	0.067072
11163	0.067070
7205	0.066932
8622	0.066757
9094	0.066705
9093	0.066705
9092	0.066705
9065	0.066705
7088	0.066676
10615	0.066623
10904	0.066583
5362	0.066458
5361	0.066458
5360	0.066458
9971	0.066407
10589	0.066380
10489	0.066370
1506	0.066161
10961	0.066142
10033	0.066110
10657	0.065849
8907	0.065835
10875	0.065830
10658	0.065704
6053	0.065690
6386	0.065654
3838	0.065628
12063	0.065583
4973	0.065442
13737	0.065439
2933	0.065413
10483	0.065408
12408	0.065380
11154	0.065322
1408	0.065221
11217	0.065085
6919	0.065049
13105	0.065042
11173	0.065027
11589	0.064913
12336	0.064874
12414	0.064754
11162	0.064646
7463	0.064641
6066	0.064641
11496	0.064608
12589	0.064486
11381	0.064437
12554	0.064108
10226	0.064025
12701	0.064012
12594	0.063962
10129	0.063874
12587	0.063862
3986	0.063834
11354	0.063805
7282	0.063748
5529	0.063731
1177	0.063586
6680	0.063326
12508	0.063225
10357	0.063155
10485	0.063119
7207	0.063060
12621	0.063045
5220	0.062969
11365	0.062951
11270	0.062951
10957	0.062951
7144	0.062951
10111	0.062896
10305	0.062832
6987	0.062821
12505	0.062800
2581	0.062634
11297	0.062498
2582	0.062495
1567	0.062479
12367	0.062433
4532	0.062384
8947	0.062358
7359	0.062312
4221	0.062126
10477	0.062070
10808	0.062053
12527	0.061996
10638	0.061878
11463	0.061823
9964	0.061823
7166	0.061756
9835	0.061700
10048	0.061565
10441	0.061522
12707	0.061489
4611	0.061380
12595	0.061299
5358	0.061125
11800	0.060994
10484	0.060909
12604	0.060867
11522	0.060708
568	0.060691
12654	0.060631
6564	0.060609
9909	0.060542
5110	0.060527
7762	0.060524
12729	0.060510
10464	0.060484
11101	0.060393
12574	0.060343
10465	0.060252
12836	0.060042
12824	0.060042
12605	0.059911
8135	0.059905
11502	0.059828
12552	0.059782
4933	0.059738
11343	0.059638
11753	0.059569
2471	0.059536
11176	0.059494
9857	0.059458
3668	0.059311
4177	0.059257
11010	0.059111
5175	0.059031
14227	0.058979
10722	0.058954
12613	0.058912
2281	0.058890
10020	0.058803
12562	0.058641
5292	0.058454
10694	0.058427
11312	0.058296
3163	0.058263
12783	0.058246
10215	0.058246
10069	0.058175
10612	0.058149
7139	0.058036
11019	0.057967
3962	0.057959
9929	0.057931
10818	0.057863
6147	0.057856
9946	0.057829
3961	0.057743
10521	0.057732
12774	0.057706
3963	0.057614
2250	0.057547
10019	0.057523
9926	0.057495
9925	0.057495
9924	0.057495
9852	0.057495
7773	0.057495
7447	0.057495
566	0.057465
3077	0.057448
12044	0.057394
4147	0.057392
4655	0.057351
12734	0.057338
7523	0.057219
11752	0.057143
3426	0.056990
10687	0.056985
4376	0.056855
8654	0.056841
8653	0.056841
10686	0.056802
12426	0.056745
5522	0.056646
7343	0.056562
1507	0.056524
1583	0.056495
7817	0.056479
14348	0.056475
12393	0.056435
14109	0.056289
10736	0.056289
11334	0.056167
6290	0.056157
12396	0.056144
7202	0.056141
10706	0.056130
5608	0.056125
10735	0.056090
7898	0.056019
6123	0.055992
11477	0.055889
7505	0.055871
2674	0.055847
4872	0.055845
10649	0.055819
5521	0.055717
12496	0.055694
6569	0.055595
6052	0.055592
13288	0.055368
6727	0.055274
10482	0.055090
7342	0.055072
12148	0.055006
7411	0.055006
12438	0.054991
10740	0.054934
12292	0.054924
11218	0.054859
3266	0.054819
8901	0.054770
6046	0.054737
3120	0.054656
9720	0.054608
10609	0.054532
543	0.054471
1359	0.054230
12576	0.054161
5565	0.054136
11516	0.053974
9262	0.053900
247	0.053894
12401	0.053874
10427	0.053871
13110	0.053713
2634	0.053692
12633	0.053682
12492	0.053663
11552	0.053608
5441	0.053557
5493	0.053425
10324	0.053383
11568	0.053361
10195	0.053004
10780	0.052991
11534	0.052926
9747	0.052909
2344	0.052856
10498	0.052781
3135	0.052759
12577	0.052733
10475	0.052699
12528	0.052488
10491	0.052463
5007	0.052333
10172	0.052088
10432	0.052058
8009	0.051993
3217	0.051882
10349	0.051851
11068	0.051774
10853	0.051704
9944	0.051635
2698	0.051584
11542	0.051518
11519	0.051501
7670	0.051379
8003	0.051347
11498	0.051289
11512	0.051235
11491	0.051190
5188	0.051167
12579	0.051129
10428	0.051095
5217	0.051048
10545	0.051033
2099	0.051002
10841	0.050925
10138	0.050924
7281	0.050907
8797	0.050901
9089	0.050900
8943	0.050892
11419	0.050885
11915	0.050878
2731	0.050867
7680	0.050827
12747	0.050824
6649	0.050816
6647	0.050816
6646	0.050816
5610	0.050816
12673	0.050804
5129	0.050798
12560	0.050791
12757	0.050678
7246	0.050630
11353	0.050614
10715	0.050614
5579	0.050540
12803	0.050487
12794	0.050472
10844	0.050450
5040	0.050431
10816	0.050387
12580	0.050354
10854	0.050328
10141	0.050311
10035	0.050311
1554	0.050309
10486	0.050306
9948	0.050270
1538	0.050267
11434	0.050260
1172	0.050145
5250	0.050087
12548	0.050087
756	0.050072
10793	0.050016
12660	0.049950
10858	0.049923
1018	0.049916
9988	0.049858
11404	0.049767
10922	0.049767
10639	0.049749
3823	0.049712
12709	0.049697
13441	0.049681
5039	0.049653
12559	0.049616
10834	0.049583
567	0.049577
9992	0.049536
13547	0.049522
13546	0.049522
13368	0.049522
11190	0.049474
10674	0.049381
13166	0.049375
7073	0.049267
2381	0.049254
10186	0.049228
12732	0.049102
8037	0.049014
2700	0.048988
8855	0.048892
6829	0.048881
12730	0.048870
12409	0.048825
7311	0.048781
12795	0.048774
10682	0.048770
2020	0.048752
5663	0.048699
8065	0.048676
4895	0.048568
10974	0.048502
11582	0.048489
11487	0.048457
3299	0.048384
11455	0.048372
11426	0.048372
12400	0.048353
11586	0.048353
11474	0.048338
13805	0.048328
5132	0.048328
6935	0.048326
2983	0.048294
10104	0.048229
3819	0.048189
13023	0.048166
10784	0.048152
1923	0.048133
13323	0.048112
12623	0.048034
9170	0.048001
6628	0.047979
8780	0.047941
4324	0.047933
10949	0.047910
12745	0.047874
14126	0.047823
14125	0.047823
10889	0.047765
4090	0.047763
12512	0.047691
10032	0.047656
12200	0.047636
8652	0.047634
10846	0.047562
3066	0.047556
7072	0.047485
11518	0.047477
6220	0.047398
5876	0.047358
10522	0.047349
13810	0.047336
8066	0.047326
5936	0.047311
11174	0.047260
1605	0.047242
13383	0.047220
3341	0.047216
6421	0.047208
5883	0.047189
1178	0.047179
6047	0.047169
3132	0.047156
7354	0.047151
3133	0.047123
6325	0.047107
12759	0.047082
14073	0.047082
4193	0.047076
7236	0.047073
4327	0.047038
7137	0.047015
3661	0.047006
8461	0.046981
5248	0.046977
13679	0.046956
13333	0.046929
13162	0.046920
10123	0.046920
14317	0.046880
10737	0.046849
10992	0.046825
5934	0.046799
5933	0.046799
3908	0.046794
11153	0.046790
10845	0.046790
533	0.046749
9520	0.046652
9694	0.046640
5856	0.046613
11509	0.046609
11881	0.046564
4192	0.046552
10547	0.046543
2984	0.046476
10970	0.046456
12500	0.046435
10520	0.046411
11464	0.046401
5880	0.046348
11077	0.046314
2301	0.046312
11457	0.046306
7555	0.046255
12708	0.046249
9717	0.046204
10833	0.046176
778	0.046173
10683	0.046158
7942	0.046148
2536	0.046144
7535	0.046047
12812	0.046022
11883	0.045941
11882	0.045941
3781	0.045941
10552	0.045920
11075	0.045860
5033	0.045833
7581	0.045811
10203	0.045810
12441	0.045808
472	0.045797
11177	0.045759
6809	0.045734
1618	0.045723
10809	0.045689
7580	0.045689
561	0.045674
10671	0.045655
12813	0.045653
12818	0.045651
4295	0.045630
3777	0.045514
11234	0.045335
1161	0.045250
12696	0.045216
12556	0.045129
5293	0.045117
7239	0.045086
6830	0.045083
10450	0.045074
5026	0.045047
5027	0.045047
12612	0.045018
8250	0.044941
12536	0.044922
11528	0.044889
12715	0.044886
12826	0.044850
2889	0.044843
7275	0.044842
12624	0.044814
11865	0.044810
5221	0.044778
2283	0.044755
3326	0.044753
7014	0.044733
10272	0.044733
13133	0.044696
5367	0.044688
604	0.044647
12249	0.044637
5008	0.044637
10225	0.044603
11165	0.044576
12744	0.044532
10647	0.044524
12658	0.044474
11116	0.044474
2795	0.044474
2794	0.044474
2800	0.044441
9800	0.044411
11053	0.044393
9872	0.044329
3633	0.044324
2084	0.044300
12698	0.044300
11286	0.044270
11961	0.044270
12516	0.044237
2496	0.044221
4172	0.044193
6234	0.044188
8329	0.044170
10993	0.044165
9016	0.044122
12553	0.044103
10972	0.044069
3726	0.044054
3176	0.043969
11467	0.043965
11514	0.043954
6009	0.043943
4742	0.043943
3142	0.043943
6324	0.043941
4880	0.043867
705	0.043862
10903	0.043844
11960	0.043798
11492	0.043787
13665	0.043679
12807	0.043586
9952	0.043581
4729	0.043522
1946	0.043504
11037	0.043473
10622	0.043468
1599	0.043458
4945	0.043458
11142	0.043449
1560	0.043426
10926	0.043374
9986	0.043336
14045	0.043328
2280	0.043328
2701	0.043300
10626	0.043247
10632	0.043245
3250	0.043206
12661	0.043195
12679	0.043190
6323	0.043182
12756	0.043148
5958	0.043131
5343	0.043043
6622	0.043004
13306	0.042994
7114	0.042922
12015	0.042918
11201	0.042912
7185	0.042905
3972	0.042905
10783	0.042901
13322	0.042892
9915	0.042879
11551	0.042799
4289	0.042796
12440	0.042786
10425	0.042778
8059	0.042743
11539	0.042726
10670	0.042724
12764	0.042700
10720	0.042689
5034	0.042647
9169	0.042625
779	0.042625
4743	0.042616
9990	0.042613
12806	0.042572
13675	0.042533
12712	0.042525
9015	0.042523
10325	0.042448
13609	0.042431
6570	0.042382
12802	0.042381
8402	0.042380
232	0.042380
12572	0.042377
10443	0.042314
5534	0.042311
1737	0.042310
12743	0.042302
13598	0.042254
13685	0.042160
13684	0.042160
13683	0.042160
13565	0.042160
6056	0.042149
12187	0.042139
542	0.042122
1967	0.042109
8054	0.042104
12809	0.042080
2798	0.042023
12567	0.042009
6887	0.041999
13384	0.041981
12880	0.041931
9968	0.041924
11497	0.041860
5225	0.041840
10152	0.041826
11513	0.041791
1945	0.041775
5447	0.041765
13073	0.041720
6941	0.041720
5368	0.041720
5969	0.041707
5942	0.041697
9562	0.041692
3100	0.041692
12513	0.041673
12283	0.041661
7118	0.041633
9317	0.041549
6963	0.041480
9796	0.041479
1807	0.041459
14238	0.041435
14175	0.041435
14044	0.041435
2269	0.041409
12758	0.041400
7032	0.041390
11495	0.041384
5151	0.041360
4495	0.041342
7673	0.041319
11685	0.041310
1619	0.041284
11742	0.041260
5226	0.041260
4529	0.041233
12521	0.041203
8397	0.041157
7101	0.041150
11279	0.041142
11904	0.041119
11585	0.041103
1150	0.041074
12173	0.041016
5970	0.040918
8081	0.040903
5355	0.040836
10452	0.040825
1091	0.040817
7403	0.040804
1468	0.040796
3825	0.040777
13275	0.040718
6613	0.040715
3064	0.040668
12397	0.040628
