3837	0.171296
2052	0.160420
2105	0.160105
9462	0.158939
11858	0.158459
3389	0.158372
9439	0.157883
5347	0.153624
7774	0.153281
5641	0.153281
5642	0.153268
13076	0.151642
1419	0.148100
2968	0.147183
4304	0.145613
4302	0.145613
11999	0.145598
6838	0.143927
4538	0.142730
1420	0.142549
1756	0.141895
1673	0.141085
11607	0.140909
7526	0.140824
8864	0.140665
8863	0.140665
8583	0.140665
8124	0.140665
7904	0.140665
7903	0.140665
7902	0.140665
7901	0.140665
7900	0.140665
7899	0.140665
7897	0.140665
7896	0.140665
7895	0.140665
12348	0.140646
2277	0.139787
2958	0.138847
2820	0.138243
304	0.136320
2952	0.133925
5546	0.132980
4667	0.132666
7295	0.132305
9775	0.129306
3437	0.128101
2523	0.128020
51	0.127829
4671	0.127580
4669	0.127580
2990	0.127542
4542	0.127432
13265	0.127088
4670	0.126955
11658	0.126933
861	0.126916
469	0.126907
7913	0.126835
5968	0.126835
470	0.126835
13036	0.126634
8615	0.126266
5967	0.126228
7379	0.126029
4306	0.125588
4305	0.125553
6695	0.125431
3745	0.125140
12053	0.125124
12873	0.124911
4466	0.124892
4383	0.124757
3739	0.124658
235	0.124381
3507	0.123898
353	0.123283
2109	0.122954
2280	0.122300
13545	0.121844
7757	0.120980
4668	0.120505
2996	0.120443
12030	0.119885
9869	0.119816
2110	0.119719
9623	0.118933
1400	0.118859
3921	0.118486
3741	0.118125
4672	0.118106
4111	0.117675
2064	0.117298
1119	0.116872
7288	0.116788
4537	0.116660
876	0.116567
221	0.116499
404	0.116497
4416	0.116483
1120	0.116407
7131	0.116337
11989	0.116075
7659	0.115959
13247	0.115888
12252	0.115746
6102	0.115493
4106	0.115317
5033	0.115248
4935	0.115062
2107	0.114681
8352	0.114620
8351	0.114620
2957	0.114620
2956	0.114620
7872	0.114616
13665	0.114253
7955	0.113910
2097	0.113560
370	0.113258
2600	0.113198
4105	0.113103
5034	0.113044
9218	0.112976
268	0.112914
5219	0.112659
2185	0.112635
6895	0.112274
6255	0.112115
5268	0.112000
3539	0.110859
13850	0.110857
13394	0.110731
1232	0.110209
1229	0.110209
6896	0.110138
38	0.110059
9135	0.109914
8892	0.109840
6295	0.109479
2902	0.108932
4168	0.108730
11715	0.108572
13449	0.108566
2111	0.108287
35	0.108035
8090	0.108004
2847	0.108004
2843	0.108004
2839	0.108004
4778	0.107797
2840	0.107781
9794	0.107473
352	0.107212
6278	0.107152
6482	0.107022
1228	0.106913
14266	0.106436
2128	0.106423
14407	0.106379
11678	0.106202
12915	0.106061
12914	0.106061
5746	0.105682
9702	0.105595
9699	0.105290
9711	0.105271
9708	0.105271
9707	0.105271
9705	0.105271
9703	0.105271
3438	0.105043
11646	0.104568
1118	0.104406
8676	0.103431
7752	0.103226
1952	0.103187
7606	0.103137
1265	0.103109
12909	0.102682
9413	0.102631
817	0.102356
8625	0.102311
6149	0.102088
1109	0.102014
9347	0.101874
1097	0.101616
877	0.101032
498	0.101007
9177	0.100496
3002	0.100295
11987	0.100290
9226	0.100093
9217	0.100093
8534	0.100093
9152	0.100089
7827	0.100070
2113	0.099881
6078	0.099820
8503	0.099707
2114	0.099610
2845	0.099439
8604	0.099393
9150	0.099272
14415	0.099064
9277	0.099064
13517	0.098511
9415	0.098498
8851	0.098498
8850	0.098498
1656	0.098328
3636	0.098188
6472	0.097898
6747	0.097256
5413	0.097215
224	0.097125
4865	0.096705
307	0.096642
1300	0.096480
2980	0.096461
6393	0.096285
9484	0.096208
9483	0.096208
1402	0.096201
3209	0.096167
2979	0.096159
823	0.095983
6806	0.095896
6532	0.095742
9438	0.095703
7453	0.095634
713	0.095598
7676	0.095398
225	0.095207
4977	0.095135
9248	0.095034
5500	0.095025
5035	0.094742
9706	0.094338
4450	0.094093
11998	0.094056
6081	0.094042
4377	0.094014
1458	0.093948
8712	0.093788
8303	0.093788
8302	0.093788
7362	0.093788
6359	0.093788
6202	0.093746
1837	0.093341
7767	0.093338
8709	0.093223
8312	0.093222
8204	0.093181
4976	0.093078
14162	0.092728
8076	0.092712
4163	0.092701
14418	0.092679
14417	0.092679
13284	0.092679
13152	0.092679
9795	0.092679
9793	0.092679
9792	0.092679
9791	0.092679
9789	0.092679
9745	0.092679
9163	0.092679
8614	0.092679
8613	0.092679
8177	0.092679
1285	0.092662
2274	0.092579
874	0.092352
8792	0.092297
2112	0.092217
8207	0.091937
1133	0.091632
2708	0.091611
9480	0.091608
8533	0.091608
1919	0.091573
11739	0.091566
5433	0.091321
10227	0.091288
10232	0.091212
4231	0.091071
5346	0.091006
4175	0.090969
11147	0.090955
8845	0.090812
6065	0.090712
295	0.090675
5354	0.090637
8711	0.090605
8732	0.090557
6064	0.090556
8710	0.090548
6689	0.090484
6967	0.090484
2950	0.090413
8584	0.090356
11737	0.090317
1346	0.090303
8468	0.090290
2978	0.090290
2977	0.090290
9024	0.090129
9023	0.090129
9022	0.090129
8949	0.090129
1293	0.089941
2666	0.089856
2831	0.089844
2892	0.089645
9713	0.089618
7089	0.089540
6557	0.089532
6217	0.089417
4176	0.089412
12276	0.089329
14263	0.089329
14002	0.089329
14001	0.089329
14000	0.089329
13998	0.089329
13996	0.089329
6666	0.089329
5064	0.089329
4854	0.089329
4852	0.089329
6889	0.089061
6191	0.088852
9787	0.088750
9786	0.088750
9785	0.088750
9784	0.088750
9783	0.088750
9782	0.088750
9781	0.088750
9778	0.088750
9280	0.088750
8585	0.088750
8567	0.088750
8553	0.088750
2964	0.088732
6465	0.088655
3588	0.088653
8611	0.088627
6302	0.088608
6267	0.088608
9145	0.088523
10661	0.088388
14358	0.088356
9385	0.088331
6742	0.088175
9201	0.088129
730	0.088091
8928	0.088078
13557	0.088030
13556	0.088030
1836	0.087906
9913	0.087755
9780	0.087726
4294	0.087669
3778	0.087366
5296	0.087283
6501	0.087126
9231	0.087115
8634	0.087113
3973	0.086930
9704	0.086837
6378	0.086419
4053	0.086355
1816	0.086259
9174	0.086034
2283	0.085843
9709	0.085724
4850	0.085675
1115	0.085606
4112	0.085254
13054	0.085243
5302	0.085204
12219	0.085172
11988	0.085004
3738	0.084961
9207	0.084955
9205	0.084955
8528	0.084955
7258	0.084913
6754	0.084889
14416	0.084815
8740	0.084750
2844	0.084669
2124	0.084642
12077	0.084566
6461	0.084566
3711	0.084566
10694	0.084550
5299	0.084476
13235	0.084407
3977	0.084337
781	0.084253
4113	0.084154
524	0.084069
3934	0.083989
8180	0.083988
6305	0.083956
13030	0.083869
2263	0.083630
12069	0.083536
2102	0.083407
13997	0.083335
8451	0.083232
786	0.083179
11798	0.083128
9455	0.082951
6127	0.082872
10226	0.082731
11806	0.082637
9861	0.082611
9819	0.082611
6618	0.082564
8773	0.082393
6621	0.082393
13621	0.082266
6587	0.082219
9710	0.082207
8910	0.082181
3142	0.082090
2881	0.081940
13706	0.081927
13738	0.081918
13731	0.081918
12721	0.081829
3448	0.081762
7830	0.081735
3906	0.081683
6044	0.081660
4118	0.081637
9307	0.081589
13707	0.081579
1044	0.081535
155	0.081521
2821	0.081294
7263	0.081284
3144	0.081245
4485	0.081106
13456	0.081049
13342	0.081049
9192	0.080958
1238	0.080845
2509	0.080718
6007	0.080523
9199	0.080502
9460	0.080414
2510	0.080293
6473	0.080226
9244	0.080072
426	0.080032
6913	0.080020
9686	0.079878
5697	0.079839
9176	0.079690
8809	0.079690
4262	0.079476
3212	0.079414
13533	0.079372
13532	0.079372
13531	0.079372
4848	0.079174
4855	0.079086
6395	0.079043
1121	0.078694
2170	0.078672
9942	0.078575
9931	0.078575
9930	0.078575
9921	0.078575
9901	0.078575
9899	0.078575
9895	0.078575
9866	0.078575
9836	0.078575
9832	0.078575
9810	0.078575
9698	0.078575
9636	0.078575
9570	0.078575
9299	0.078575
2108	0.078568
9673	0.078514
1111	0.078419
6616	0.078407
12141	0.078379
86	0.078219
5038	0.078053
9788	0.077860
2621	0.077845
3320	0.077735
11733	0.077472
6767	0.077283
6765	0.077283
6764	0.077283
1078	0.077273
599	0.077031
6006	0.076985
9361	0.076977
613	0.076968
2522	0.076938
9540	0.076889
8171	0.076855
6605	0.076838
5423	0.076788
10233	0.076744
4042	0.076714
8412	0.076648
12143	0.076621
12116	0.076537
6179	0.076293
4468	0.076274
4849	0.076244
7306	0.076221
11226	0.075961
331	0.075960
782	0.075959
5541	0.075916
6663	0.075871
3870	0.075843
633	0.075712
73	0.075533
13698	0.075438
13544	0.075438
9700	0.075409
2104	0.075131
5745	0.075086
10582	0.074875
5118	0.074754
10110	0.074651
10800	0.074612
1694	0.074495
14303	0.074347
14302	0.074347
14301	0.074347
14300	0.074347
14299	0.074347
879	0.074335
7167	0.074292
1237	0.074252
11566	0.074116
4094	0.074063
4301	0.073972
13788	0.073931
1905	0.073925
6303	0.073875
882	0.073855
6598	0.073829
14052	0.073812
10065	0.073812
4659	0.073724
316	0.073711
1598	0.073435
11937	0.073290
11679	0.073261
3914	0.073236
2037	0.073091
3729	0.073073
2458	0.073041
5451	0.073025
8531	0.072991
14085	0.072982
385	0.072928
13325	0.072863
3710	0.072834
4692	0.072635
1132	0.072635
14269	0.072603
5476	0.072569
10748	0.072545
9834	0.072545
8714	0.072404
7954	0.072238
6576	0.072184
2062	0.072149
5779	0.072095
56	0.072085
2828	0.072004
683	0.072003
343	0.071957
13448	0.071940
8319	0.071938
2954	0.071685
13767	0.071643
5424	0.071561
4559	0.071496
5778	0.071482
13928	0.071212
392	0.071178
2955	0.070988
2953	0.070988
11298	0.070921
10994	0.070921
3007	0.070907
4281	0.070886
12093	0.070859
6077	0.070746
13435	0.070700
2059	0.070700
2276	0.070628
2067	0.070579
9269	0.070545
9495	0.070508
9147	0.070508
2542	0.070449
2182	0.070425
2057	0.070386
1800	0.070349
9232	0.070229
13926	0.070194
1809	0.070128
2049	0.070102
13689	0.070079
13489	0.070079
8026	0.070032
14248	0.070017
8047	0.070017
13680	0.070015
9875	0.069945
4520	0.069886
13942	0.069845
13050	0.069819
1254	0.069799
5305	0.069785
13319	0.069747
239	0.069746
7958	0.069731
6430	0.069659
1123	0.069659
14233	0.069586
1136	0.069586
1812	0.069487
1811	0.069487
7654	0.069322
6035	0.069297
6277	0.069255
11914	0.069173
3654	0.069163
9729	0.069137
1951	0.069039
14186	0.069031
13013	0.068981
12962	0.068981
12296	0.068917
6244	0.068917
7655	0.068797
13355	0.068755
743	0.068600
9957	0.068596
14003	0.068542
4998	0.068526
2521	0.068444
13694	0.068416
1030	0.068396
1953	0.068367
1954	0.068367
4165	0.068297
11638	0.068245
115	0.068136
4465	0.068116
3638	0.067932
5452	0.067771
2411	0.067704
7569	0.067537
1731	0.067464
354	0.067447
1651	0.067210
10231	0.067170
5588	0.067078
2275	0.066949
2442	0.066778
5918	0.066736
456	0.066723
1904	0.066671
13320	0.066639
1094	0.066634
13659	0.066480
13658	0.066480
1320	0.066456
503	0.066394
9204	0.066300
8592	0.066300
9912	0.066278
9911	0.066278
13897	0.066243
5780	0.066207
5958	0.066205
1262	0.066139
6707	0.066085
9928	0.065832
2278	0.065807
8293	0.065753
5063	0.065659
10230	0.065557
4853	0.065550
13687	0.065533
888	0.065520
9121	0.065373
9112	0.065373
13889	0.065365
6908	0.065329
11781	0.065227
4361	0.065003
11703	0.064984
168	0.064979
2423	0.064949
7581	0.064812
12234	0.064793
6841	0.064739
10809	0.064733
7580	0.064733
12785	0.064728
1173	0.064705
6741	0.064656
13999	0.064573
5005	0.064573
10030	0.064573
314	0.064403
6835	0.064368
3736	0.064362
532	0.064248
5221	0.064139
4873	0.064032
13285	0.063998
2	0.063980
9108	0.063961
6036	0.063877
9109	0.063829
6034	0.063755
9770	0.063733
5747	0.063707
2072	0.063618
6317	0.063475
12784	0.063413
11624	0.063254
758	0.063210
2281	0.063175
1734	0.063126
11686	0.063105
2069	0.063011
2066	0.063011
141	0.062970
9120	0.062965
8112	0.062785
2068	0.062785
586	0.062744
3203	0.062728
6756	0.062705
2042	0.062673
7686	0.062627
6157	0.062589
4922	0.062467
414	0.062340
771	0.062243
13688	0.062177
11682	0.062044
7993	0.062037
5829	0.062033
14004	0.061930
4866	0.061930
1956	0.061829
12074	0.061796
311	0.061785
7206	0.061779
12430	0.061738
2188	0.061661
5272	0.061645
4974	0.061635
2846	0.061535
837	0.061432
10549	0.061398
6101	0.061362
6886	0.061284
7182	0.061279
8922	0.061217
2981	0.061204
5830	0.061131
12010	0.061095
1780	0.061092
4088	0.061033
7981	0.061014
13321	0.060986
6530	0.060981
7261	0.060963
2380	0.060943
351	0.060927
11799	0.060903
9253	0.060899
85	0.060897
5197	0.060884
6528	0.060874
13462	0.060863
11681	0.060814
13633	0.060792
685	0.060702
7400	0.060682
2168	0.060677
13032	0.060654
13031	0.060654
12429	0.060654
3604	0.060649
5777	0.060574
4596	0.060541
4447	0.060473
13490	0.060356
13632	0.060356
13631	0.060356
997	0.060350
8635	0.060049
2054	0.060030
12333	0.059960
2027	0.059892
7856	0.059774
12442	0.059730
312	0.059716
13360	0.059610
303	0.059571
9993	0.059433
11818	0.059428
8874	0.059294
7650	0.059242
7096	0.059242
2773	0.059161
10330	0.059119
808	0.059034
9237	0.059005
4958	0.059003
11771	0.058966
10286	0.058965
4128	0.058964
10229	0.058957
251	0.058778
13651	0.058724
9797	0.058713
10173	0.058616
9610	0.058583
4836	0.058537
814	0.058537
13634	0.058519
12125	0.058510
10642	0.058502
13535	0.058460
2018	0.058452
3751	0.058440
3750	0.058440
12310	0.058388
12572	0.058375
10698	0.058186
9726	0.058146
13945	0.058113
2424	0.058106
11767	0.058079
7874	0.057827
9831	0.057822
12039	0.057819
40	0.057818
330	0.057726
329	0.057715
4463	0.057672
9818	0.057629
9693	0.057629
4877	0.057566
700	0.057535
9761	0.057491
11840	0.057470
6656	0.057465
7227	0.057462
12036	0.057364
11770	0.057349
13673	0.057328
13672	0.057328
13671	0.057328
2040	0.057325
10696	0.057291
12063	0.057228
11813	0.057196
10697	0.057162
824	0.057156
2118	0.057045
12281	0.057030
6619	0.057030
4148	0.057028
249	0.056997
310	0.056988
1654	0.056954
795	0.056954
9909	0.056910
881	0.056888
1689	0.056743
11680	0.056684
9200	0.056578
679	0.056470
2609	0.056382
4169	0.056376
2046	0.056372
6443	0.056338
9235	0.056318
9230	0.056318
9228	0.056318
9225	0.056318
9224	0.056318
9221	0.056318
9219	0.056318
9214	0.056318
9213	0.056318
9211	0.056318
9209	0.056318
9208	0.056318
9206	0.056318
9193	0.056318
8807	0.056318
8679	0.056318
8677	0.056318
8675	0.056318
8674	0.056318
8673	0.056318
8670	0.056318
8637	0.056318
8633	0.056318
8631	0.056318
8610	0.056318
8591	0.056318
8539	0.056318
8538	0.056318
8537	0.056318
8536	0.056318
8529	0.056318
8526	0.056318
8525	0.056318
8632	0.056318
8671	0.056318
3505	0.056255
5123	0.056236
3749	0.056227
13910	0.056209
11425	0.056209
10379	0.056209
5488	0.056201
1319	0.056016
5183	0.055916
3677	0.055915
335	0.055815
334	0.055815
327	0.055815
305	0.055815
302	0.055815
4661	0.055654
9302	0.055636
4581	0.055582
79	0.055520
6294	0.055486
1001	0.055425
2961	0.055421
2396	0.055418
14283	0.055367
9512	0.055311
4595	0.055306
8535	0.055271
13815	0.055006
2286	0.055004
4660	0.055001
11300	0.054956
3940	0.054915
2599	0.054898
6623	0.054800
5770	0.054721
1315	0.054693
2117	0.054658
14342	0.054652
2119	0.054528
8072	0.054516
549	0.054459
321	0.054412
5695	0.054354
3596	0.054198
332	0.054105
2092	0.054086
11760	0.054066
489	0.054054
2755	0.054027
5442	0.053997
2657	0.053984
3666	0.053976
5510	0.053934
7029	0.053924
12182	0.053917
4464	0.053917
11612	0.053834
