2052	0.183646
9462	0.171256
11858	0.169706
9439	0.169115
1419	0.167023
3837	0.166777
8615	0.164778
1420	0.163115
4538	0.157127
2968	0.151961
5347	0.151153
7774	0.150957
5641	0.150957
5642	0.150955
9623	0.150904
1673	0.149674
2958	0.147692
2820	0.146874
4542	0.146161
2105	0.145686
9794	0.145390
2952	0.143814
2064	0.143124
9135	0.138793
2114	0.138270
12252	0.137809
7526	0.137742
8864	0.137714
8863	0.137714
8583	0.137714
8124	0.137714
7904	0.137714
7903	0.137714
7902	0.137714
7901	0.137714
7900	0.137714
7899	0.137714
7897	0.137714
7896	0.137714
7895	0.137714
3389	0.137535
4304	0.137379
4302	0.137379
11999	0.137371
6838	0.137189
235	0.136804
8611	0.136621
7288	0.135394
51	0.134926
11607	0.134820
9218	0.134510
9415	0.133305
8851	0.133305
8850	0.133305
7659	0.132947
12030	0.132430
12348	0.132188
9711	0.131989
9708	0.131989
9707	0.131989
9705	0.131989
9703	0.131989
9699	0.131954
4667	0.131715
9150	0.130772
6278	0.130252
4537	0.129297
14266	0.128963
12909	0.128806
9413	0.128735
4671	0.128683
4669	0.128683
2990	0.128648
225	0.128500
14407	0.128374
5413	0.128216
3741	0.128177
5546	0.127744
4670	0.127602
9702	0.127108
224	0.126937
404	0.126854
861	0.126291
469	0.126288
7913	0.126257
5968	0.126257
470	0.126257
5967	0.125962
5219	0.125398
7752	0.125228
4106	0.124287
8892	0.124213
13850	0.124068
8352	0.123960
8351	0.123960
2957	0.123960
2956	0.123960
7872	0.123960
6896	0.123746
2996	0.123641
4105	0.123335
6895	0.122664
4383	0.122414
1400	0.122330
7955	0.122299
13449	0.122094
4668	0.122080
8076	0.121801
4163	0.121583
14418	0.121544
14417	0.121544
13284	0.121544
13152	0.121544
9795	0.121544
9793	0.121544
9792	0.121544
9791	0.121544
9789	0.121544
9745	0.121544
9163	0.121544
8614	0.121544
8613	0.121544
8177	0.121544
7379	0.121004
3507	0.120997
14415	0.120358
9277	0.120358
7295	0.120153
9192	0.119913
6127	0.119749
353	0.119579
2902	0.119059
1265	0.118828
370	0.118599
8792	0.118430
6482	0.118380
12873	0.117360
4305	0.117232
268	0.117219
9706	0.117198
13265	0.117086
11658	0.116813
10661	0.116693
9709	0.116603
4306	0.116560
9710	0.116374
2097	0.116340
38	0.116193
4168	0.116102
11989	0.115528
9248	0.115105
14358	0.114988
5746	0.114734
6149	0.114700
9177	0.114435
6102	0.113895
9704	0.113739
1458	0.113015
1232	0.112971
1229	0.112971
7306	0.112812
2845	0.112756
11646	0.112480
4294	0.112174
4778	0.111881
8090	0.111656
2847	0.111656
2843	0.111656
2839	0.111656
2840	0.111342
9307	0.111284
6806	0.111247
876	0.111026
9145	0.110907
7757	0.110857
4416	0.110799
6742	0.110738
2600	0.110663
4450	0.110467
11998	0.110457
4377	0.110426
7131	0.110371
7453	0.110035
7676	0.109922
10694	0.109267
1656	0.109261
6295	0.108935
10226	0.108552
9347	0.108475
35	0.108448
9226	0.108357
9217	0.108357
8534	0.108357
7827	0.108306
8676	0.108286
8531	0.108197
9174	0.107724
2523	0.107687
5354	0.107562
9152	0.107157
8503	0.107039
9775	0.106525
4231	0.106397
11678	0.105626
1402	0.105561
2263	0.105560
9913	0.105435
4672	0.104974
8714	0.104949
1228	0.104926
6532	0.104886
9700	0.104788
8634	0.104686
9231	0.104678
6465	0.104159
9787	0.104155
9786	0.104155
9785	0.104155
9784	0.104155
9783	0.104155
9782	0.104155
9781	0.104155
9778	0.104155
9280	0.104155
8585	0.104155
8567	0.104155
8553	0.104155
11739	0.104095
9713	0.103903
9385	0.103656
13557	0.103501
13556	0.103501
2182	0.103357
9780	0.103305
7954	0.103155
11715	0.103029
4111	0.102874
9942	0.102775
9931	0.102775
9930	0.102775
9921	0.102775
9901	0.102775
9899	0.102775
9895	0.102775
9866	0.102775
9836	0.102775
9832	0.102775
9810	0.102775
9698	0.102775
9636	0.102775
9570	0.102775
9299	0.102775
8625	0.102691
13545	0.102579
4922	0.102454
12069	0.102324
8604	0.102309
2280	0.101355
11147	0.101307
14416	0.101281
9480	0.101074
8533	0.101074
10232	0.101054
3144	0.100938
2773	0.100709
11806	0.100706
9207	0.100678
9205	0.100678
8528	0.100678
8584	0.100505
155	0.100456
307	0.100449
3588	0.100314
6378	0.100260
1905	0.100082
4301	0.099749
5346	0.099747
9438	0.099474
5038	0.099463
9796	0.099239
1030	0.099159
8451	0.099154
9201	0.098941
3320	0.098904
8711	0.098848
8732	0.098804
8710	0.098726
7686	0.098619
7767	0.098544
5433	0.098480
9484	0.098363
9483	0.098363
6064	0.098120
6065	0.098018
8180	0.097901
8845	0.097691
11818	0.097613
4659	0.097601
10227	0.097502
1119	0.097117
8204	0.096831
1120	0.096482
1300	0.096180
221	0.096178
13247	0.096176
304	0.096110
3539	0.095480
9909	0.095430
2950	0.095360
5500	0.095216
5476	0.095193
6889	0.095103
8712	0.095095
8303	0.095095
8302	0.095095
7362	0.095095
6359	0.095095
6202	0.095017
9176	0.094921
8809	0.094921
10642	0.094914
5033	0.094848
9244	0.094779
6473	0.094356
9831	0.094285
5296	0.094052
2037	0.093724
6695	0.093689
13665	0.093588
6255	0.093507
6081	0.093453
8709	0.093294
9993	0.092914
9788	0.092695
7263	0.092497
5034	0.092357
3505	0.092233
13435	0.092053
2059	0.092053
6501	0.091979
2067	0.091972
9495	0.091873
9147	0.091873
2057	0.091793
2521	0.091658
613	0.091519
13517	0.091503
7606	0.091043
6044	0.090934
10230	0.090896
5697	0.090842
1133	0.090834
13633	0.090786
3448	0.090710
456	0.090701
599	0.090651
2666	0.090605
10233	0.090573
13490	0.090430
13632	0.090430
13631	0.090430
2382	0.090033
10538	0.090020
9460	0.090003
1816	0.089908
9673	0.089509
2380	0.089499
12915	0.089445
12914	0.089445
12093	0.089397
1346	0.089225
9108	0.089138
1756	0.089132
2522	0.089119
5779	0.089037
11988	0.089016
9109	0.088907
9269	0.088725
6557	0.088619
5778	0.088424
2542	0.088137
6913	0.087633
115	0.087552
9928	0.087386
1118	0.087350
13462	0.087341
14233	0.087268
1136	0.087268
1097	0.087247
8312	0.087142
4559	0.087091
2964	0.087089
11733	0.087062
8207	0.087030
13533	0.086818
13532	0.086818
13531	0.086818
9770	0.086807
2109	0.086764
2062	0.086736
2621	0.086640
743	0.086498
7182	0.086480
11798	0.086402
2054	0.086324
9539	0.086277
10097	0.086277
11679	0.085991
11703	0.085964
6035	0.085896
2274	0.085887
5123	0.085863
3438	0.085853
6277	0.085830
6179	0.085621
2892	0.085590
2424	0.085575
4977	0.085251
9512	0.085066
5541	0.085050
3870	0.084975
4848	0.084785
13076	0.084764
524	0.084586
2267	0.084451
11566	0.084368
8468	0.084285
2978	0.084285
2977	0.084285
532	0.084253
5302	0.084222
3142	0.084202
4175	0.084131
352	0.084126
2954	0.084116
4281	0.084077
9610	0.084033
4112	0.083982
730	0.083927
5299	0.083891
1293	0.083864
4485	0.083832
10045	0.083757
4976	0.083532
879	0.083439
3604	0.083143
4113	0.083045
4176	0.083027
7654	0.083014
6217	0.082974
12276	0.082912
14263	0.082912
14002	0.082912
14001	0.082912
14000	0.082912
13998	0.082912
13996	0.082912
6666	0.082912
5064	0.082912
4854	0.082912
4852	0.082912
4511	0.082796
3739	0.082763
503	0.082656
5908	0.082616
10286	0.082594
817	0.082592
331	0.082232
12077	0.082177
6461	0.082177
3711	0.082177
2107	0.082097
6395	0.082059
13235	0.082030
6294	0.081815
2049	0.081755
7655	0.081692
239	0.081682
2363	0.081548
11681	0.081442
10110	0.081404
10800	0.081362
11737	0.081308
6881	0.081181
2110	0.081068
3745	0.081044
11813	0.081024
12053	0.081022
2955	0.080925
2953	0.080925
426	0.080735
2128	0.080653
8412	0.080598
13036	0.080530
5777	0.080405
1598	0.080192
9761	0.080142
14162	0.079984
6689	0.079795
6967	0.079795
11298	0.079778
10994	0.079778
771	0.079773
13394	0.079770
6663	0.079765
2962	0.079736
2282	0.079602
6034	0.079494
1882	0.079232
4053	0.079216
3666	0.079068
9686	0.078935
5442	0.078905
7856	0.078870
4160	0.078803
6191	0.078633
6587	0.078592
9633	0.078590
9630	0.078590
9628	0.078590
9626	0.078590
9625	0.078590
9624	0.078590
9622	0.078590
9621	0.078590
9620	0.078590
9619	0.078590
9618	0.078590
9615	0.078590
9482	0.078590
10723	0.078584
2980	0.078578
2	0.078524
888	0.078468
882	0.078158
6302	0.078146
6267	0.078146
2283	0.078068
4581	0.077999
2881	0.077975
1121	0.077943
9121	0.077931
9112	0.077931
3388	0.077810
2072	0.077792
3314	0.077724
92	0.077689
3311	0.077617
6616	0.077592
2277	0.077587
5177	0.077574
9875	0.077500
874	0.077365
13997	0.077272
6623	0.077260
14342	0.077224
414	0.077076
13456	0.077019
13342	0.077019
13497	0.076929
11634	0.076896
10549	0.076777
11226	0.076620
12636	0.076530
6305	0.076512
12125	0.076504
9200	0.076469
13030	0.076451
9024	0.076430
9023	0.076430
9022	0.076430
8949	0.076430
12141	0.076266
14404	0.076209
14400	0.076209
8143	0.076209
8096	0.076209
1885	0.076182
1884	0.076182
1883	0.076182
7240	0.076102
13926	0.075929
243	0.075919
12275	0.075904
13131	0.075879
9741	0.075868
3310	0.075868
4624	0.075861
385	0.075792
7420	0.075734
13945	0.075723
1039	0.075687
4865	0.075612
4660	0.075550
6767	0.075497
6765	0.075497
6764	0.075497
4850	0.075493
9215	0.075491
1231	0.075472
4824	0.075463
4855	0.075446
1952	0.075269
8928	0.075259
2979	0.075066
3700	0.074933
14004	0.074918
4866	0.074918
3596	0.074905
6393	0.074876
7917	0.074697
5062	0.074691
2708	0.074662
5291	0.074656
1854	0.074607
11682	0.074583
8635	0.074570
7227	0.074548
2411	0.074515
3786	0.074436
3940	0.074321
4042	0.074313
12143	0.074288
11233	0.073959
9381	0.073959
4787	0.073955
4834	0.073786
13498	0.073771
10838	0.073765
1254	0.073755
2844	0.073738
1115	0.073735
3427	0.073726
4169	0.073656
10356	0.073617
5748	0.073597
13050	0.073593
6443	0.073586
8671	0.073585
9235	0.073563
9230	0.073563
9228	0.073563
9225	0.073563
9224	0.073563
9221	0.073563
9219	0.073563
9214	0.073563
9213	0.073563
9211	0.073563
9209	0.073563
9208	0.073563
9206	0.073563
9193	0.073563
8807	0.073563
8679	0.073563
8677	0.073563
8675	0.073563
8674	0.073563
8673	0.073563
8670	0.073563
8637	0.073563
8633	0.073563
8631	0.073563
8610	0.073563
8591	0.073563
8539	0.073563
8538	0.073563
8537	0.073563
8536	0.073563
8529	0.073563
8526	0.073563
8525	0.073563
8632	0.073563
5142	0.073495
8661	0.073483
10776	0.073336
3921	0.073300
4262	0.073268
12250	0.073190
8619	0.073171
11982	0.073169
5414	0.073169
5412	0.073169
5289	0.073131
10839	0.072976
781	0.072971
1141	0.072965
14003	0.072917
11425	0.072898
10379	0.072898
11996	0.072877
4998	0.072867
4447	0.072794
6016	0.072792
782	0.072783
6430	0.072735
1123	0.072735
14427	0.072725
11019	0.072713
9613	0.072593
9338	0.072568
4463	0.072496
3710	0.072488
6851	0.072455
11987	0.072448
5780	0.072374
11686	0.072373
13500	0.072170
63	0.072159
1078	0.072098
4541	0.072081
3654	0.072067
13970	0.072065
11212	0.072036
9606	0.071912
14375	0.071839
9204	0.071802
8592	0.071802
11635	0.071791
1800	0.071785
10229	0.071761
2069	0.071711
2066	0.071711
9520	0.071664
5243	0.071655
8112	0.071636
2068	0.071636
227	0.071578
4721	0.071577
10456	0.071516
7400	0.071516
9538	0.071488
10098	0.071387
2303	0.071385
3128	0.071385
3121	0.071385
3048	0.071385
2624	0.071385
7881	0.071383
12219	0.071356
7888	0.071289
2593	0.071206
1173	0.071204
9735	0.071192
6077	0.071182
8530	0.071140
1906	0.071131
6908	0.071126
5914	0.071104
6055	0.071098
12182	0.071080
4464	0.071080
9237	0.071029
3288	0.071008
6252	0.070994
6636	0.070951
3590	0.070931
9612	0.070927
3071	0.070916
8398	0.070810
7958	0.070805
11121	0.070746
4118	0.070689
2286	0.070674
6007	0.070606
14290	0.070582
6886	0.070535
4363	0.070476
2281	0.070419
14283	0.070335
6464	0.070301
6463	0.070301
5712	0.070242
5711	0.070242
5710	0.070242
9605	0.070235
2365	0.070234
13928	0.070226
5747	0.070213
13815	0.070198
6317	0.070100
2846	0.070065
4661	0.070024
5035	0.069958
14395	0.069891
7891	0.069891
2394	0.069872
7581	0.069870
3934	0.069863
14209	0.069837
10809	0.069833
7580	0.069833
3054	0.069797
10186	0.069755
3736	0.069608
5221	0.069544
7650	0.069523
7096	0.069523
1090	0.069510
3423	0.069436
5909	0.069390
13910	0.069327
6117	0.069286
9912	0.069269
9911	0.069269
7239	0.069251
9609	0.069218
9580	0.069218
6707	0.069217
14226	0.069049
14225	0.069049
13873	0.069049
13872	0.069049
13871	0.069049
13870	0.069049
8437	0.069049
8435	0.069049
8434	0.069049
4032	0.068989
7942	0.068980
79	0.068923
11300	0.068910
9726	0.068909
9578	0.068908
5268	0.068856
9855	0.068830
8713	0.068830
3774	0.068789
5305	0.068733
7830	0.068730
14085	0.068722
13687	0.068712
808	0.068702
10943	0.068664
4361	0.068626
5737	0.068610
5790	0.068545
12300	0.068418
823	0.068393
633	0.068380
9232	0.068226
2612	0.068211
2602	0.068192
758	0.068168
3209	0.068093
6598	0.068073
1094	0.067979
13767	0.067946
9098	0.067902
11129	0.067878
8636	0.067812
3613	0.067809
4348	0.067691
786	0.067690
141	0.067680
11077	0.067578
2632	0.067502
13698	0.067497
13544	0.067497
11065	0.067431
13693	0.067429
9957	0.067398
4739	0.067313
9210	0.067307
9466	0.067253
492	0.067216
4958	0.067204
11799	0.067186
4121	0.067139
10582	0.067137
13897	0.067051
3203	0.067042
12430	0.066984
6731	0.066861
1850	0.066839
10050	0.066819
5963	0.066813
12357	0.066790
9729	0.066755
1777	0.066733
4469	0.066671
2863	0.066656
7642	0.066620
4935	0.066598
5555	0.066568
13032	0.066455
13031	0.066455
12429	0.066455
2870	0.066387
13552	0.066383
13511	0.066383
13507	0.066383
11556	0.066371
6576	0.066370
1403	0.066356
8436	0.066330
498	0.066316
2817	0.066221
6833	0.066107
9220	0.066042
11034	0.066037
3437	0.065992
4873	0.065965
11322	0.065956
2509	0.065898
3260	0.065871
2510	0.065869
11429	0.065803
11324	0.065803
10031	0.065727
2458	0.065683
6303	0.065545
13788	0.065534
3000	0.065505
1114	0.065501
2831	0.065462
9199	0.065452
1285	0.065406
2061	0.065398
7101	0.065351
5591	0.065194
14351	0.065166
9611	0.065078
7553	0.065039
9170	0.065008
113	0.064981
6017	0.064971
10748	0.064941
9834	0.064941
9839	0.064939
4045	0.064920
1632	0.064895
2278	0.064887
13320	0.064868
4216	0.064825
9361	0.064784
5913	0.064722
3957	0.064681
2765	0.064676
2188	0.064644
14406	0.064613
14405	0.064613
12170	0.064601
11437	0.064597
12442	0.064567
1457	0.064486
14367	0.064470
5911	0.064379
13694	0.064372
7920	0.064287
14379	0.064267
10127	0.064234
3973	0.064210
7258	0.064199
4883	0.064146
1991	0.064144
12462	0.064121
10685	0.064121
11767	0.064115
2941	0.064090
1986	0.064070
4021	0.064068
251	0.064022
9840	0.064015
2189	0.063967
3061	0.063944
9503	0.063904
5045	0.063794
222	0.063786
6322	0.063760
1651	0.063741
7918	0.063687
5461	0.063638
2186	0.063607
3751	0.063549
3750	0.063549
13026	0.063484
11056	0.063471
678	0.063461
7458	0.063451
12010	0.063396
9870	0.063361
114	0.063269
3170	0.063236
9202	0.063194
13688	0.063144
3906	0.063132
13999	0.063076
5005	0.063076
13659	0.063073
13658	0.063073
8026	0.063031
10403	0.062976
2755	0.062974
118	0.062952
13013	0.062949
12962	0.062949
6155	0.062812
3420	0.062738
5063	0.062694
