999	0.229181
1333	0.201815
1000	0.186281
2153	0.163977
6878	0.158519
1040	0.137959
2668	0.131206
1728	0.130538
483	0.124764
919	0.123628
4478	0.122507
1362	0.122488
9396	0.122488
4481	0.122488
1004	0.122003
1003	0.122003
996	0.122003
757	0.122003
5430	0.120103
1363	0.118137
1924	0.117528
484	0.113624
7553	0.113198
9503	0.113086
10142	0.112569
7560	0.111327
10318	0.111094
13153	0.110995
10171	0.110995
10170	0.110995
9424	0.110493
9827	0.108509
9613	0.108070
9395	0.106792
10506	0.106161
1045	0.106161
3841	0.105821
2667	0.105746
11710	0.105713
1013	0.105713
9578	0.105401
9610	0.105238
611	0.105220
9425	0.105109
1005	0.105039
7053	0.105003
9612	0.104446
12803	0.102563
6117	0.101816
1108	0.099856
4664	0.099265
1370	0.099072
9531	0.098741
882	0.098283
9375	0.097906
1901	0.097689
3171	0.097296
10859	0.096850
2594	0.096605
581	0.095844
10682	0.095523
3350	0.095358
5491	0.095006
10517	0.094188
1046	0.093835
9611	0.093622
11491	0.093611
12654	0.093382
7420	0.093146
2778	0.093112
12807	0.093039
8661	0.093039
758	0.093034
7337	0.092970
9627	0.092674
12795	0.092561
1231	0.092554
12832	0.092252
5736	0.092165
9436	0.092151
4292	0.091882
5650	0.091834
6971	0.091129
10139	0.090533
6250	0.090466
9958	0.089968
1008	0.089932
12525	0.089916
6092	0.089907
4349	0.089664
565	0.089590
12695	0.089412
12415	0.089184
11175	0.089116
10658	0.088906
13606	0.088884
11626	0.088398
8929	0.088382
9881	0.088350
5429	0.088166
630	0.088156
12412	0.087689
8622	0.087623
10657	0.087555
11007	0.087547
35	0.087353
2714	0.087222
9633	0.087181
9630	0.087181
9628	0.087181
9626	0.087181
9625	0.087181
9624	0.087181
9622	0.087181
9621	0.087181
9620	0.087181
9619	0.087181
9618	0.087181
9615	0.087181
9482	0.087181
1925	0.086995
10264	0.086986
4787	0.086716
11474	0.086481
1800	0.086454
3312	0.086162
9616	0.086120
10939	0.085895
11151	0.085878
412	0.085777
10163	0.085601
10740	0.085478
11094	0.085406
9726	0.085340
10475	0.085334
5492	0.085227
2263	0.085133
3341	0.085112
10511	0.084918
5649	0.084891
12804	0.084886
10523	0.084845
10722	0.084524
5697	0.084448
10127	0.084341
11556	0.084330
9614	0.084205
10278	0.084169
10226	0.084097
12542	0.084088
11368	0.084072
5720	0.084032
11475	0.083782
6450	0.083782
9608	0.083779
5608	0.083668
4744	0.083590
11226	0.083528
10140	0.083453
7425	0.083328
6525	0.083233
10554	0.083188
534	0.083099
5459	0.083031
6623	0.083030
2889	0.082929
10969	0.082918
10049	0.082837
5112	0.082755
10389	0.082678
1483	0.082662
3633	0.082620
12435	0.082558
11019	0.082553
6626	0.082461
11415	0.082456
10649	0.082205
14108	0.082143
4745	0.082143
14342	0.082055
2860	0.082047
2973	0.081986
12597	0.081693
6649	0.081657
6647	0.081657
6646	0.081657
5610	0.081657
5059	0.081484
1941	0.081483
1078	0.081313
10376	0.081242
2293	0.081217
12426	0.081179
11394	0.081161
7973	0.081141
5221	0.081110
9437	0.081048
11510	0.080840
5688	0.080801
9609	0.080782
9580	0.080782
6737	0.080695
5111	0.080664
11191	0.080563
5346	0.080527
7964	0.080453
9606	0.080411
10556	0.080297
2466	0.080293
10852	0.080147
8207	0.080052
96	0.079968
5174	0.079956
3784	0.079886
10694	0.079843
13482	0.079842
277	0.079771
4980	0.079466
5391	0.079448
10809	0.079444
7580	0.079444
9917	0.079379
11212	0.079331
7581	0.079216
774	0.079139
2499	0.079043
11237	0.079025
5734	0.078994
11257	0.078962
10547	0.078901
12784	0.078504
11081	0.078329
10557	0.078308
11529	0.078302
7394	0.078265
9587	0.078264
12785	0.078173
4532	0.078049
11159	0.077916
11878	0.077876
2040	0.077822
5435	0.077788
14249	0.077774
6631	0.077696
12496	0.077575
387	0.077570
12408	0.077425
3451	0.077208
1507	0.077098
9623	0.077008
4720	0.076952
10674	0.076934
12653	0.076928
10739	0.076845
10788	0.076845
10777	0.076845
10759	0.076845
12238	0.076839
6138	0.076810
11469	0.076722
8135	0.076665
13121	0.076615
4789	0.076615
4788	0.076615
12401	0.076519
4818	0.076285
12629	0.076283
2572	0.076176
2595	0.076019
13449	0.075884
14250	0.075879
10558	0.075879
10555	0.075879
6968	0.075879
8042	0.075838
406	0.075774
11176	0.075736
13122	0.075700
2257	0.075669
5780	0.075535
9029	0.075519
12502	0.075512
3732	0.075395
11099	0.075365
1442	0.075355
8794	0.075309
12200	0.075143
7030	0.075128
11683	0.075098
6344	0.075010
13607	0.074794
5488	0.074636
9308	0.074391
2541	0.074362
426	0.074306
12413	0.074287
11154	0.074282
10336	0.074258
5447	0.074232
6418	0.074186
1044	0.074180
2094	0.074165
686	0.074032
2473	0.073972
569	0.073965
10921	0.073954
1488	0.073954
11132	0.073948
7958	0.073903
10212	0.073901
3754	0.073792
4480	0.073762
6887	0.073755
8054	0.073726
11252	0.073676
10042	0.073637
1332	0.073551
1893	0.073534
11160	0.073524
2168	0.073512
9631	0.073466
5234	0.073452
1186	0.073357
1388	0.073311
521	0.073257
12109	0.073245
5948	0.073245
12530	0.073151
12571	0.073043
2904	0.073032
12624	0.072989
11506	0.072967
10992	0.072963
9857	0.072961
11569	0.072923
11104	0.072900
5311	0.072885
12741	0.072825
7252	0.072813
4052	0.072810
11163	0.072803
13282	0.072666
10713	0.072616
13281	0.072557
10497	0.072515
571	0.072440
12457	0.072348
12456	0.072348
12450	0.072348
12443	0.072348
9798	0.072348
13060	0.072330
13055	0.072330
13048	0.072330
13014	0.072330
13009	0.072330
12892	0.072330
8379	0.072330
9644	0.072287
11502	0.072243
6856	0.072139
9423	0.072060
11577	0.072053
11955	0.072052
9946	0.071991
5751	0.071962
9348	0.071945
10537	0.071936
9790	0.071919
2949	0.071905
13013	0.071837
12962	0.071837
12237	0.071795
5622	0.071777
1963	0.071758
7206	0.071744
10500	0.071735
7070	0.071595
9338	0.071587
11211	0.071522
4144	0.071476
5259	0.071444
9519	0.071434
3705	0.071308
1482	0.071266
3867	0.071151
1254	0.071083
4433	0.071059
869	0.071055
11516	0.071015
10982	0.070972
596	0.070958
1686	0.070931
10351	0.070877
5670	0.070858
3277	0.070854
12431	0.070853
10998	0.070816
10997	0.070816
2680	0.070776
13838	0.070763
4808	0.070747
12940	0.070740
11047	0.070686
13095	0.070679
6969	0.070679
13994	0.070678
7931	0.070678
10572	0.070629
11463	0.070623
6915	0.070596
13050	0.070551
11476	0.070395
11494	0.070382
3845	0.070342
7028	0.070325
10040	0.070289
699	0.070278
11806	0.070270
13374	0.070266
13373	0.070266
5455	0.070233
12146	0.070202
8582	0.070202
7599	0.070202
3695	0.070202
3694	0.070202
3616	0.070202
3764	0.070148
12546	0.070109
4672	0.070066
10284	0.070020
7105	0.070019
11107	0.069934
9960	0.069893
12720	0.069864
7666	0.069864
12792	0.069844
12064	0.069764
11522	0.069741
8019	0.069712
13567	0.069702
5731	0.069702
5730	0.069702
5726	0.069702
5723	0.069702
5722	0.069702
5721	0.069702
5681	0.069702
13664	0.069700
5665	0.069668
1376	0.069666
10125	0.069643
7114	0.069636
1936	0.069630
13116	0.069627
13111	0.069596
13109	0.069596
9959	0.069596
12749	0.069511
12748	0.069511
10927	0.069509
10392	0.069509
286	0.069500
9536	0.069465
11918	0.069444
275	0.069416
5201	0.069386
11575	0.069380
11477	0.069363
2845	0.069324
14111	0.069289
14080	0.069289
391	0.069226
13676	0.069177
3490	0.069158
10247	0.069119
11681	0.069073
13199	0.069009
13198	0.069009
1007	0.069001
12872	0.068997
1937	0.068995
7961	0.068987
8324	0.068932
12791	0.068906
12788	0.068906
1638	0.068819
6007	0.068806
11400	0.068806
7820	0.068742
2840	0.068619
12941	0.068606
10186	0.068539
11497	0.068472
11520	0.068458
7988	0.068450
10761	0.068446
3242	0.068441
7388	0.068435
520	0.068403
5038	0.068397
6449	0.068384
9724	0.068365
11312	0.068355
11920	0.068315
3927	0.068315
3868	0.068315
2011	0.068297
8090	0.068287
2847	0.068287
2843	0.068287
2839	0.068287
11919	0.068274
2329	0.068248
6563	0.068231
11101	0.068206
11581	0.068173
1733	0.068139
10046	0.068029
1506	0.068010
12107	0.067984
10970	0.067972
10221	0.067931
1218	0.067923
12694	0.067901
11486	0.067897
1161	0.067851
7950	0.067836
10149	0.067830
12853	0.067813
1922	0.067787
6945	0.067758
11539	0.067726
3342	0.067657
12411	0.067634
11671	0.067582
8051	0.067543
2214	0.067535
11321	0.067496
6021	0.067398
6303	0.067376
10542	0.067375
11498	0.067369
11554	0.067349
8144	0.067341
7981	0.067309
5156	0.067245
11548	0.067244
3763	0.067144
10435	0.067127
11447	0.067086
9307	0.067072
1737	0.067018
11467	0.067008
4143	0.067005
12874	0.066999
12497	0.066977
6922	0.066952
278	0.066939
12562	0.066937
5287	0.066914
1383	0.066906
4786	0.066890
10762	0.066881
4530	0.066877
9417	0.066857
6289	0.066846
11546	0.066842
10205	0.066838
4832	0.066800
7286	0.066796
10476	0.066780
5691	0.066742
1648	0.066717
3047	0.066698
10303	0.066692
962	0.066690
12854	0.066668
3217	0.066615
10219	0.066613
3168	0.066575
6660	0.066534
13236	0.066391
8312	0.066331
11769	0.066287
9992	0.066261
10375	0.066249
13019	0.066234
528	0.066216
11250	0.066156
12850	0.066142
11464	0.066136
12950	0.066045
10916	0.066003
5490	0.065999
13038	0.065945
13037	0.065945
960	0.065916
3967	0.065777
10879	0.065725
10483	0.065699
8886	0.065687
13061	0.065672
4778	0.065625
3203	0.065611
5203	0.065610
4434	0.065568
12301	0.065481
2970	0.065453
11509	0.065427
2972	0.065412
14162	0.065390
4582	0.065380
6479	0.065300
2770	0.065289
12391	0.065284
13165	0.065282
10495	0.065170
10581	0.065145
9721	0.065123
7948	0.065123
7778	0.065123
7618	0.065123
7113	0.065123
323	0.065101
13363	0.065048
12858	0.064962
1829	0.064916
11189	0.064908
2116	0.064880
12153	0.064877
4702	0.064877
5089	0.064828
2425	0.064815
6523	0.064807
1880	0.064801
11053	0.064778
414	0.064747
9769	0.064743
7661	0.064733
2251	0.064716
12445	0.064704
11431	0.064693
9585	0.064684
10880	0.064681
1493	0.064680
11188	0.064675
11187	0.064675
9584	0.064646
6535	0.064646
2079	0.064600
12444	0.064583
1169	0.064560
11992	0.064538
6281	0.064515
12499	0.064487
1609	0.064470
8797	0.064427
1017	0.064413
6371	0.064398
6577	0.064341
11479	0.064321
12287	0.064294
8515	0.064294
10108	0.064257
2666	0.064253
12787	0.064250
10535	0.064249
5328	0.064244
6837	0.064164
7062	0.064134
13828	0.064108
4953	0.064088
11048	0.064062
13361	0.063935
12617	0.063908
10505	0.063791
1555	0.063787
13826	0.063765
1897	0.063697
3446	0.063634
13200	0.063623
9320	0.063623
9318	0.063623
9315	0.063623
9314	0.063623
9313	0.063623
9312	0.063623
9310	0.063623
9309	0.063623
9306	0.063623
9305	0.063623
8733	0.063623
8669	0.063623
8668	0.063623
8608	0.063623
8607	0.063623
8605	0.063623
8603	0.063623
7703	0.063623
7477	0.063623
7408	0.063623
7707	0.063586
4712	0.063509
10441	0.063468
13135	0.063440
5638	0.063404
12543	0.063381
13438	0.063343
4932	0.063315
9835	0.063303
7951	0.063270
13337	0.063228
5507	0.063228
11496	0.063223
9859	0.063194
4179	0.063147
10841	0.063117
9989	0.063106
6436	0.063091
8837	0.063076
5186	0.063061
3508	0.063048
5087	0.063034
12780	0.062976
2710	0.062972
14167	0.062935
5957	0.062927
11682	0.062913
9142	0.062907
8132	0.062905
12561	0.062884
12458	0.062859
10843	0.062818
10926	0.062744
12434	0.062734
12390	0.062734
3712	0.062655
8531	0.062629
11419	0.062621
10784	0.062616
11776	0.062615
6022	0.062615
5407	0.062614
10263	0.062608
4262	0.062604
102	0.062568
3292	0.062544
8230	0.062517
12208	0.062491
7898	0.062489
7702	0.062368
9550	0.062356
6252	0.062317
9520	0.062305
12547	0.062248
3929	0.062246
3928	0.062246
10802	0.062205
9311	0.062171
4933	0.062145
1391	0.062140
10907	0.062090
10833	0.062074
13040	0.062032
10499	0.062019
1642	0.061992
11162	0.061973
11551	0.061955
4719	0.061950
3266	0.061862
13827	0.061847
13108	0.061847
13107	0.061847
12882	0.061847
10121	0.061847
8458	0.061847
12414	0.061830
10399	0.061830
4710	0.061763
12638	0.061701
741	0.061619
3408	0.061591
8079	0.061574
908	0.061537
9715	0.061521
12808	0.061472
12899	0.061472
2705	0.061415
6614	0.061363
8465	0.061355
7534	0.061313
13081	0.061298
13080	0.061298
13079	0.061298
13078	0.061298
13074	0.061298
13071	0.061298
13057	0.061298
13049	0.061298
13047	0.061298
13045	0.061298
13043	0.061298
13017	0.061298
12959	0.061298
12904	0.061298
7936	0.061298
12798	0.061292
971	0.061277
3155	0.061261
14091	0.061237
10373	0.061232
10902	0.061225
12651	0.061220
167	0.061207
9599	0.061116
13388	0.061108
13387	0.061108
10811	0.061102
5299	0.061072
11485	0.061069
2550	0.061044
12593	0.061035
11343	0.061032
6411	0.061009
4714	0.061009
5888	0.060976
616	0.060915
12776	0.060915
11544	0.060904
12554	0.060895
12860	0.060884
12859	0.060882
5230	0.060865
10339	0.060827
9990	0.060807
14068	0.060795
6671	0.060754
10094	0.060740
9499	0.060723
10548	0.060697
6564	0.060697
3746	0.060688
6019	0.060659
9978	0.060643
7372	0.060623
13429	0.060558
12666	0.060526
11223	0.060525
5740	0.060464
11501	0.060430
2120	0.060421
9586	0.060413
12403	0.060375
11398	0.060351
6234	0.060326
13117	0.060258
11072	0.060241
5542	0.060232
10028	0.060230
11044	0.060227
8232	0.060223
9102	0.060221
7864	0.060204
12145	0.060194
10515	0.060194
5956	0.060194
12165	0.060185
2122	0.060181
998	0.060167
3152	0.060126
9076	0.060110
12952	0.060110
12951	0.060110
10234	0.060104
530	0.060077
400	0.060077
13389	0.060076
5088	0.060076
12492	0.060074
11179	0.060048
11315	0.060034
7089	0.060015
7306	0.060011
11362	0.060010
10023	0.060007
14063	0.059990
9138	0.059989
13675	0.059982
9319	0.059929
5188	0.059922
12410	0.059917
5651	0.059880
8336	0.059872
9191	0.059851
9687	0.059841
12515	0.059828
11495	0.059815
4531	0.059809
11578	0.059779
5905	0.059771
11708	0.059762
7617	0.059743
11507	0.059705
7668	0.059674
2419	0.059636
14199	0.059629
11033	0.059597
137	0.059573
6247	0.059555
4729	0.059521
4056	0.059503
5571	0.059499
11139	0.059478
4917	0.059406
4194	0.059387
6149	0.059324
9747	0.059313
237	0.059297
320	0.059240
13721	0.059238
13709	0.059238
7453	0.059201
10017	0.059201
9922	0.059178
10432	0.059154
2755	0.059121
5381	0.059107
6499	0.059099
2844	0.059074
10077	0.059035
7233	0.058958
1440	0.058937
5995	0.058921
820	0.058896
2015	0.058890
3923	0.058880
9179	0.058872
10076	0.058868
929	0.058858
12352	0.058856
3505	0.058841
9019	0.058840
12500	0.058742
1052	0.058737
1494	0.058703
10823	0.058676
2101	0.058672
3822	0.058634
12626	0.058605
7614	0.058517
7613	0.058517
4053	0.058508
2816	0.058470
6208	0.058463
11354	0.058457
5249	0.058424
1492	0.058392
5473	0.058370
2440	0.058327
3625	0.058307
5456	0.058305
12031	0.058302
1434	0.058297
10455	0.058269
5778	0.058263
1852	0.058249
6717	0.058213
10920	0.058200
7762	0.058197
5318	0.058183
7676	0.058166
10943	0.058152
12531	0.058148
9601	0.058147
2868	0.058104
5208	0.058082
12754	0.058029
5779	0.058007
5947	0.057924
12957	0.057923
10666	0.057921
10678	0.057917
11161	0.057914
781	0.057881
10302	0.057800
11492	0.057783
11902	0.057781
6950	0.057759
10597	0.057706
1501	0.057673
8405	0.057613
8778	0.057611
10352	0.057610
5865	0.057584
13413	0.057556
5302	0.057556
10138	0.057545
5074	0.057506
