1256	0.190234
8622	0.115441
11556	0.111574
11019	0.106375
2594	0.106158
5346	0.103770
11510	0.103685
4787	0.102657
12525	0.102371
12795	0.102168
10852	0.100069
10658	0.100036
4349	0.099212
10657	0.098693
7553	0.098148
11007	0.098109
5649	0.097387
10475	0.096747
11626	0.096444
13449	0.096139
2889	0.095370
4664	0.095275
10556	0.095173
12792	0.095105
10389	0.095025
12063	0.094993
4786	0.094705
5650	0.094665
10554	0.093905
12496	0.093877
12787	0.093827
12791	0.093820
12788	0.093820
7453	0.093467
7676	0.093424
10186	0.092849
3341	0.092828
10376	0.092649
13121	0.092544
4789	0.092544
4788	0.092544
9623	0.091861
14249	0.091580
10049	0.091275
6418	0.091123
6737	0.091085
13838	0.091005
6482	0.090845
633	0.090650
2595	0.090640
14250	0.090348
10558	0.090348
10555	0.090348
6968	0.090348
8042	0.090311
12807	0.089800
10739	0.089379
10788	0.089379
10777	0.089379
10759	0.089379
10542	0.088803
5514	0.088669
6138	0.088101
14111	0.087410
14080	0.087410
10557	0.087037
10318	0.087018
12444	0.086808
12445	0.086774
8864	0.086543
8863	0.086543
8583	0.086543
8124	0.086543
7904	0.086543
7903	0.086543
7902	0.086543
7901	0.086543
7900	0.086543
7899	0.086543
7897	0.086543
7896	0.086543
7895	0.086543
7526	0.086496
4434	0.086485
8329	0.086384
1008	0.086321
323	0.086298
9610	0.086028
4530	0.085632
5546	0.085628
9613	0.085491
5697	0.085485
11211	0.085451
10127	0.085314
10511	0.085089
13095	0.085027
6969	0.085027
12431	0.084952
12571	0.084681
10264	0.084622
7337	0.084323
1925	0.083988
12707	0.083749
12804	0.083624
11534	0.083587
10499	0.082911
11463	0.082736
3451	0.082689
5491	0.082570
7560	0.082411
10523	0.082373
8531	0.082243
9135	0.082154
9612	0.082080
2251	0.081989
10921	0.081946
11415	0.081883
6838	0.081855
12803	0.081703
11477	0.081661
12561	0.081563
11575	0.081532
11394	0.081294
9503	0.081261
2097	0.081202
6623	0.081133
2118	0.080927
14342	0.080924
5447	0.080911
11679	0.080412
7062	0.080385
12093	0.080316
12832	0.080122
10497	0.080110
8794	0.080066
12654	0.080022
10226	0.080008
7114	0.079763
2107	0.079757
10441	0.079752
569	0.079546
9710	0.079527
9958	0.079427
7420	0.079170
11237	0.079159
3312	0.078944
11467	0.078807
11486	0.078747
1507	0.078633
9711	0.078628
9708	0.078628
9707	0.078628
9705	0.078628
9703	0.078628
13820	0.078550
9699	0.078537
12542	0.078427
5651	0.078373
5512	0.078357
1078	0.078166
12551	0.078051
11145	0.078022
11226	0.077915
11568	0.077732
9436	0.077643
2600	0.077560
12530	0.077531
3764	0.077419
6252	0.077397
12238	0.077369
12624	0.077293
2817	0.077258
4531	0.077185
5957	0.076961
12502	0.076928
6117	0.076886
11175	0.076867
9578	0.076808
9633	0.076745
9630	0.076745
9628	0.076745
9626	0.076745
9625	0.076745
9624	0.076745
9622	0.076745
9621	0.076745
9620	0.076745
9619	0.076745
9618	0.076745
9615	0.076745
9482	0.076745
9917	0.076606
10841	0.076588
13374	0.076526
13373	0.076526
11491	0.076414
5534	0.076337
9726	0.076303
4532	0.076231
13122	0.075976
9989	0.075932
10042	0.075897
1897	0.075841
10694	0.075805
4327	0.075802
12400	0.075737
11586	0.075737
3152	0.075545
5888	0.075388
12237	0.075377
1231	0.075348
12145	0.075336
10515	0.075336
5956	0.075336
11447	0.075177
5143	0.075152
14245	0.075082
14091	0.075034
12666	0.075025
5276	0.074993
8135	0.074904
11176	0.074870
11989	0.074865
8661	0.074848
2117	0.074845
10674	0.074611
11516	0.074542
11554	0.074434
13398	0.074127
2770	0.074109
7295	0.074070
5995	0.074039
12252	0.073872
9611	0.073589
11475	0.073458
876	0.073313
9971	0.073201
7101	0.073087
11419	0.073065
4933	0.072928
10045	0.072904
6614	0.072861
2263	0.072828
5434	0.072802
3633	0.072710
11509	0.072590
3242	0.072531
9375	0.072492
1017	0.072412
6371	0.072320
13026	0.072011
9706	0.071961
8797	0.071938
7061	0.071929
10838	0.071849
5221	0.071802
3841	0.071732
3418	0.071693
11132	0.071474
7306	0.071466
10130	0.071355
10809	0.071254
7580	0.071254
6366	0.071245
5456	0.071208
7581	0.071177
10212	0.071125
7239	0.071074
4053	0.071050
2206	0.070993
1737	0.070843
9702	0.070777
10649	0.070759
12798	0.070745
2208	0.070656
1236	0.070656
10048	0.070355
11539	0.070350
3342	0.070233
10559	0.070228
12636	0.070183
11506	0.070175
11507	0.070161
11501	0.070078
9835	0.070027
11403	0.069964
6148	0.069964
565	0.069933
5513	0.069909
6564	0.069873
10839	0.069870
2773	0.069828
10682	0.069714
9609	0.069398
9580	0.069398
14407	0.069392
155	0.069293
9983	0.069197
4831	0.069184
9982	0.069166
4536	0.069118
13165	0.068980
2582	0.068917
9495	0.068856
9147	0.068856
2057	0.068850
13435	0.068824
2059	0.068824
2067	0.068819
10547	0.068782
9840	0.068749
6592	0.068598
12462	0.068487
10685	0.068487
2037	0.068354
12403	0.068354
9616	0.068323
9606	0.068292
13396	0.068277
13338	0.068277
12621	0.068267
12701	0.068209
11212	0.068134
2473	0.067950
11818	0.067791
12426	0.067786
9909	0.067760
8929	0.067740
465	0.067688
10970	0.067660
9960	0.067596
13123	0.067578
10034	0.067578
4324	0.067520
9948	0.067518
10927	0.067508
11191	0.067471
10740	0.067461
11522	0.067440
13111	0.067351
13109	0.067351
9959	0.067351
12200	0.067349
78	0.067288
13500	0.067259
10125	0.067164
2116	0.067147
9682	0.067139
10428	0.067136
9536	0.067092
11154	0.067069
12708	0.067061
352	0.067048
8336	0.067042
13675	0.067015
14199	0.066966
542	0.066901
2581	0.066848
4744	0.066843
12617	0.066820
1893	0.066810
12808	0.066797
9870	0.066773
7752	0.066623
6971	0.066591
2064	0.066412
13716	0.066363
494	0.066333
9218	0.066332
13166	0.066276
7094	0.066229
12521	0.066221
8003	0.066134
3390	0.066093
2152	0.065975
9587	0.065864
8444	0.065846
14415	0.065752
9277	0.065752
14108	0.065749
4745	0.065749
11094	0.065601
12836	0.065569
12824	0.065569
6323	0.065512
6326	0.065510
705	0.065466
1555	0.065375
8081	0.065350
6124	0.065302
11474	0.065279
12745	0.065164
13157	0.065150
7014	0.065133
12501	0.065089
8250	0.065079
10477	0.065028
10648	0.065000
8979	0.064977
10609	0.064962
12734	0.064850
11498	0.064807
5488	0.064763
3654	0.064629
9512	0.064500
4116	0.064420
12670	0.064406
8609	0.064340
8938	0.064309
9627	0.064256
9170	0.064195
10926	0.064188
9857	0.064146
6234	0.064100
2040	0.064071
1838	0.063991
2105	0.063885
7981	0.063826
4238	0.063793
7973	0.063768
11464	0.063729
2278	0.063652
5037	0.063632
12262	0.063607
10920	0.063559
12628	0.063559
13482	0.063467
11497	0.063452
10432	0.063395
3625	0.063348
2207	0.063265
9520	0.063209
7070	0.063183
10784	0.063089
10483	0.063062
7139	0.063060
2971	0.062925
6149	0.062920
8980	0.062840
8978	0.062840
8977	0.062840
8976	0.062840
8940	0.062840
10859	0.062834
426	0.062772
12626	0.062767
6535	0.062761
10937	0.062555
11511	0.062544
6499	0.062381
10517	0.062304
456	0.062232
8908	0.062152
12794	0.062139
8079	0.062119
1835	0.062101
12747	0.062065
9109	0.062044
10050	0.061988
4535	0.061962
12515	0.061777
11189	0.061734
12536	0.061625
12613	0.061592
11188	0.061555
11187	0.061555
3120	0.061545
9108	0.061545
10426	0.061488
6291	0.061443
11163	0.061413
12694	0.061357
10088	0.061353
9944	0.061307
7055	0.061297
12153	0.061286
4702	0.061286
9338	0.061265
4292	0.061181
11852	0.061168
12713	0.061089
12109	0.061089
5948	0.061089
9713	0.061022
12757	0.060887
10156	0.060885
8405	0.060885
1963	0.060862
10520	0.060775
10907	0.060751
9946	0.060746
12546	0.060701
9961	0.060630
5059	0.060624
12637	0.060599
11988	0.060437
5994	0.060327
12698	0.060324
11322	0.060315
10834	0.060257
3505	0.060214
277	0.060208
10833	0.060136
12553	0.060134
12744	0.060092
10647	0.060072
10548	0.060053
11655	0.060046
3741	0.060006
10482	0.059930
11476	0.059883
3630	0.059871
977	0.059813
7088	0.059697
12695	0.059692
11053	0.059661
12161	0.059631
11870	0.059631
11794	0.059631
11204	0.059631
11203	0.059631
6144	0.059631
6143	0.059631
6142	0.059631
6141	0.059631
13361	0.059559
13164	0.059543
11494	0.059525
11564	0.059502
4611	0.059499
6155	0.059499
3217	0.059495
11312	0.059487
1161	0.059462
10722	0.059439
11806	0.059399
10916	0.059365
9689	0.059335
11493	0.059311
2119	0.059299
6325	0.059265
406	0.059213
12414	0.059180
12602	0.059155
4534	0.059109
10435	0.058998
3773	0.058988
10650	0.058985
13606	0.058981
7762	0.058960
7072	0.058932
10111	0.058917
12704	0.058907
12597	0.058897
9770	0.058717
8596	0.058701
1636	0.058692
6140	0.058684
6139	0.058684
5038	0.058568
3303	0.058504
2947	0.058492
11033	0.058440
8773	0.058414
6621	0.058414
9747	0.058332
6603	0.058330
604	0.058321
12457	0.058236
12456	0.058236
12450	0.058236
12443	0.058236
9798	0.058236
8890	0.058190
4177	0.058189
2055	0.058175
6618	0.058146
12147	0.058123
11533	0.058113
3957	0.058111
1889	0.058041
10713	0.058032
1089	0.057992
758	0.057933
12638	0.057916
3705	0.057896
7268	0.057853
4144	0.057840
9191	0.057836
2114	0.057764
13626	0.057755
13425	0.057755
9957	0.057731
2625	0.057699
12436	0.057688
13994	0.057682
7931	0.057682
11502	0.057664
5520	0.057662
6322	0.057662
7073	0.057653
13427	0.057623
532	0.057582
5720	0.057541
11902	0.057480
5067	0.057452
2096	0.057400
3774	0.057342
7686	0.057311
5186	0.057308
10683	0.057302
12281	0.057283
6619	0.057283
11512	0.057278
12562	0.057222
6954	0.057197
2062	0.057193
7245	0.057183
9465	0.057177
10024	0.057177
13099	0.057168
11496	0.057145
2968	0.057083
11576	0.057071
3960	0.057030
3956	0.057030
5736	0.057000
9426	0.056908
12492	0.056898
5590	0.056879
11637	0.056836
2188	0.056746
8660	0.056733
8659	0.056733
8658	0.056733
5413	0.056701
2453	0.056629
11469	0.056626
6123	0.056602
13103	0.056591
13102	0.056591
13101	0.056591
13100	0.056591
805	0.056565
5909	0.056547
10537	0.056522
2452	0.056505
5887	0.056441
9964	0.056438
10073	0.056386
11121	0.056313
6730	0.056304
5608	0.056302
10369	0.056298
5026	0.056295
5027	0.056295
1583	0.056279
3170	0.056257
7090	0.056186
1572	0.056158
5913	0.056148
5112	0.056147
9016	0.056138
787	0.056096
5734	0.056095
5182	0.056035
12812	0.055929
498	0.055871
5746	0.055852
8959	0.055820
2634	0.055788
12632	0.055713
11315	0.055706
2110	0.055705
13281	0.055617
13282	0.055607
11101	0.055536
9631	0.055529
4416	0.055519
13749	0.055471
6767	0.055465
6765	0.055465
6764	0.055465
9169	0.055457
7203	0.055437
12594	0.055397
3664	0.055361
5150	0.055358
13552	0.055343
13511	0.055343
13507	0.055343
10943	0.055249
8133	0.055235
3266	0.055219
4709	0.055197
7131	0.055181
3672	0.055176
11215	0.055174
11009	0.055047
12833	0.055043
3587	0.055041
11551	0.055035
11162	0.055035
9704	0.054981
2461	0.054946
12497	0.054933
13469	0.054932
12595	0.054929
10811	0.054928
9098	0.054909
5664	0.054865
7032	0.054831
12543	0.054811
10836	0.054807
1506	0.054784
8957	0.054769
5719	0.054761
10303	0.054757
2306	0.054743
10844	0.054739
232	0.054720
13242	0.054698
13241	0.054698
5595	0.054698
5594	0.054698
12010	0.054683
4491	0.054679
7991	0.054662
13239	0.054636
12604	0.054576
5598	0.054540
12401	0.054506
11540	0.054397
8887	0.054381
9700	0.054379
11218	0.054377
7207	0.054372
5433	0.054347
3748	0.054338
11129	0.054333
9307	0.054316
7137	0.054308
11490	0.054307
9915	0.054303
13023	0.054285
14060	0.054269
10205	0.054265
7958	0.054261
5870	0.054203
8960	0.054157
10500	0.054132
4480	0.054128
11354	0.054073
13013	0.054066
12962	0.054066
6723	0.054055
6722	0.054055
5459	0.054027
12719	0.053985
6134	0.053970
6303	0.053919
10278	0.053880
13183	0.053858
11008	0.053858
2315	0.053815
13333	0.053758
2466	0.053757
319	0.053705
1132	0.053702
2828	0.053670
7856	0.053660
11056	0.053639
12630	0.053597
7028	0.053585
1538	0.053557
3822	0.053555
8207	0.053545
5622	0.053539
11332	0.053469
570	0.053378
10356	0.053359
11495	0.053352
2522	0.053342
2952	0.053339
3254	0.053330
10339	0.053283
4729	0.053278
9179	0.053277
9188	0.053215
1648	0.053136
11385	0.053132
12508	0.053117
10388	0.053109
12712	0.053083
5483	0.053082
9927	0.053052
9896	0.053052
7208	0.053052
2266	0.053035
6649	0.053026
6647	0.053026
6646	0.053026
5610	0.053026
3175	0.053021
10810	0.052962
5289	0.052948
529	0.052947
8564	0.052936
12739	0.052933
12738	0.052933
12735	0.052933
14247	0.052930
9021	0.052926
7202	0.052885
12647	0.052878
14071	0.052871
7977	0.052870
12141	0.052847
12458	0.052831
1209	0.052826
4848	0.052792
5591	0.052734
7961	0.052683
5045	0.052664
12554	0.052635
10033	0.052634
12673	0.052629
10723	0.052623
12310	0.052607
9531	0.052583
1733	0.052564
4670	0.052488
6201	0.052477
971	0.052465
2049	0.052416
12629	0.052411
5006	0.052375
2052	0.052340
38	0.052325
3168	0.052308
35	0.052282
12696	0.052282
889	0.052275
12816	0.052269
3631	0.052266
11809	0.052265
9519	0.052250
6527	0.052213
10235	0.052199
9797	0.052191
4130	0.052180
13470	0.052171
10534	0.052154
2816	0.052152
51	0.052121
5129	0.052068
227	0.052044
370	0.052023
13098	0.052018
4671	0.052013
4669	0.052013
8611	0.051991
2990	0.051965
10783	0.051942
6334	0.051929
1022	0.051923
8017	0.051904
7942	0.051881
1419	0.051879
10583	0.051874
10677	0.051835
2972	0.051800
2018	0.051791
9720	0.051757
7049	0.051735
9788	0.051711
7530	0.051673
4612	0.051661
10615	0.051643
8052	0.051603
12710	0.051601
6295	0.051523
2227	0.051523
10443	0.051499
10982	0.051496
10450	0.051489
10572	0.051488
12799	0.051464
13363	0.051449
7926	0.051445
8397	0.051428
5958	0.051386
4520	0.051361
11139	0.051354
5877	0.051349
8901	0.051348
10843	0.051329
2965	0.051325
1332	0.051312
611	0.051285
9347	0.051281
13992	0.051265
11334	0.051243
12565	0.051217
7505	0.051190
9423	0.051180
2752	0.051111
10368	0.051101
12871	0.051074
10946	0.051046
6733	0.051038
12023	0.051016
6081	0.050957
2257	0.050935
10751	0.050901
1104	0.050879
5849	0.050843
3061	0.050823
1018	0.050795
11077	0.050759
5446	0.050759
2800	0.050719
5571	0.050705
6533	0.050703
2275	0.050666
13120	0.050665
12658	0.050662
11116	0.050662
2795	0.050662
2794	0.050662
10234	0.050623
9377	0.050620
8654	0.050618
8653	0.050618
4655	0.050606
929	0.050605
8051	0.050563
2944	0.050562
8732	0.050522
2101	0.050506
8711	0.050504
5688	0.050479
10992	0.050477
6145	0.050475
3851	0.050451
7182	0.050391
3918	0.050382
8884	0.050366
8710	0.050317
5780	0.050306
11263	0.050305
10198	0.050301
12773	0.050301
9102	0.050296
12442	0.050292
5156	0.050280
3669	0.050230
7050	0.050188
5430	0.050180
3023	0.050176
2279	0.050172
11436	0.050149
10711	0.050149
13633	0.050110
11733	0.050098
1800	0.050093
13490	0.050081
13632	0.050081
13631	0.050081
7261	0.050079
11104	0.050037
9069	0.050031
9068	0.050031
9067	0.050031
10712	0.050025
11795	0.049993
13087	0.049987
2061	0.049964
12897	0.049951
7165	0.049949
10693	0.049941
10018	0.049894
11343	0.049865
13430	0.049812
351	0.049791
11675	0.049783
2981	0.049683
2542	0.049683
9462	0.049678
13375	0.049674
539	0.049673
3169	0.049630
12665	0.049626
12372	0.049612
11179	0.049597
5044	0.049563
12549	0.049562
596	0.049541
9847	0.049532
10175	0.049510
