6383	0.305904
12416	0.304941
12033	0.304645
9905	0.304644
8020	0.303168
13715	0.302943
6384	0.302943
3019	0.291271
155	0.248429
5067	0.247050
6595	0.243100
9862	0.242832
7231	0.242806
7215	0.242670
9188	0.242641
7367	0.242324
8172	0.242296
7753	0.242266
7216	0.242266
7727	0.242263
2971	0.239070
7232	0.237211
2306	0.235352
13239	0.235349
13242	0.235317
13241	0.235317
5595	0.235317
5594	0.235317
4491	0.235306
5598	0.234872
5590	0.234360
11925	0.233971
4483	0.233370
2752	0.233305
2055	0.233196
4130	0.232937
539	0.231868
2784	0.231824
12871	0.231660
9465	0.230954
13240	0.229360
5592	0.227218
5365	0.225364
1166	0.224294
8979	0.223387
2864	0.222775
11655	0.221667
5448	0.221082
5037	0.218380
14247	0.216648
4238	0.216546
11214	0.215989
9537	0.215117
2751	0.214718
13114	0.214557
5597	0.211654
4005	0.207193
4831	0.206946
1691	0.205417
2256	0.204931
2775	0.204338
11926	0.201521
1148	0.201197
8444	0.198341
5596	0.198133
10569	0.197682
4942	0.196617
3948	0.195784
5884	0.195262
4869	0.194843
6604	0.193468
3667	0.191246
2994	0.190772
7352	0.190163
14024	0.189163
14022	0.189163
14019	0.189163
14018	0.189163
8384	0.189163
7446	0.189163
14021	0.189113
2010	0.188734
9337	0.187783
1316	0.186537
6603	0.183610
1764	0.183526
1078	0.183349
2874	0.181690
2441	0.181494
77	0.181203
5599	0.181049
11845	0.180551
5591	0.180497
9710	0.179443
3084	0.179391
2026	0.179346
3108	0.177307
2278	0.177270
7023	0.176403
1865	0.173598
11692	0.173464
5036	0.173258
2814	0.172646
2279	0.171459
10204	0.171278
11732	0.171015
2006	0.170406
4993	0.170091
2683	0.169925
10206	0.169349
937	0.169348
494	0.167698
238	0.167229
1430	0.166750
13196	0.166718
2868	0.166474
2937	0.166453
9203	0.166267
6013	0.165462
6169	0.165373
8602	0.165318
8146	0.165204
11615	0.165151
4552	0.165151
6211	0.164971
6533	0.164434
13734	0.163246
6540	0.162616
2766	0.161907
8972	0.159644
3461	0.159435
1168	0.158978
5387	0.158427
7697	0.158133
7254	0.158133
3655	0.157176
2030	0.156846
10073	0.156837
6819	0.155609
6189	0.155150
11809	0.155030
102	0.155011
7287	0.154081
131	0.153622
2803	0.153563
9106	0.153503
5593	0.153071
9107	0.153029
6322	0.152663
5827	0.152502
1897	0.151743
6446	0.151636
5849	0.151546
7233	0.151339
3122	0.150669
9135	0.150658
3123	0.150497
1648	0.150358
79	0.150092
9903	0.149765
9882	0.149765
8380	0.149585
106	0.149480
2275	0.149208
10175	0.148769
9706	0.147425
12005	0.146979
5342	0.146806
5306	0.146806
3615	0.146767
1376	0.146351
12898	0.146293
93	0.146241
6382	0.146089
5304	0.146075
11651	0.145641
5575	0.145641
7222	0.145596
11758	0.145500
9906	0.145467
5300	0.145207
5394	0.145040
7072	0.145008
5301	0.144895
9327	0.144858
10713	0.144847
7486	0.144468
61	0.144322
13845	0.144308
8371	0.144308
2533	0.144288
6839	0.144258
9328	0.144145
307	0.143880
7369	0.142998
7416	0.142424
12252	0.142406
145	0.142282
468	0.142060
6422	0.142006
11294	0.141871
10769	0.141871
1143	0.141795
2773	0.141601
7073	0.141309
549	0.141098
466	0.139871
87	0.139808
6344	0.139493
6295	0.139207
12146	0.138770
8582	0.138770
7599	0.138770
3695	0.138770
3694	0.138770
3616	0.138770
9418	0.138550
9238	0.138121
3003	0.137788
9711	0.137713
9708	0.137713
9707	0.137713
9705	0.137713
9703	0.137713
4617	0.137708
9699	0.137694
14042	0.137334
4251	0.137238
8731	0.136960
172	0.136697
4606	0.136489
74	0.136368
2872	0.136222
11636	0.135793
974	0.135791
5272	0.135517
9426	0.135152
2768	0.135103
4638	0.134605
394	0.134603
11558	0.134584
4781	0.134566
13148	0.134370
13147	0.134370
7892	0.134370
6298	0.134370
6297	0.134370
6198	0.134354
9999	0.134334
266	0.134239
9713	0.134147
1488	0.134085
8712	0.133985
8303	0.133985
8302	0.133985
7362	0.133985
6359	0.133985
6202	0.133954
5469	0.133813
10278	0.133738
583	0.133678
8845	0.133553
10559	0.133343
8709	0.133307
11936	0.133121
2862	0.133121
11668	0.132990
12763	0.132983
12369	0.132921
12361	0.132921
6299	0.132589
1789	0.132307
6110	0.132224
1134	0.132105
2538	0.131861
11385	0.131799
2534	0.131600
989	0.131426
1997	0.131072
4094	0.131008
6704	0.130969
6592	0.130896
12224	0.130515
6081	0.130346
1385	0.130172
126	0.129890
3691	0.129636
12225	0.129595
10205	0.129281
12071	0.129231
175	0.129231
12543	0.129130
2498	0.129123
1207	0.129122
10159	0.129079
11941	0.128889
9261	0.128782
12113	0.128768
10303	0.128524
7263	0.128296
8732	0.128207
8711	0.128054
7190	0.128032
8710	0.127901
1176	0.127806
10160	0.127686
1388	0.127681
8938	0.127616
78	0.127280
5353	0.126974
4324	0.126931
10015	0.126844
71	0.126789
2749	0.126705
236	0.126537
7906	0.126435
13227	0.126434
5244	0.126397
1373	0.126395
6865	0.126122
13272	0.126086
2786	0.126086
2782	0.126086
1505	0.126086
11928	0.126081
8501	0.126081
2779	0.126081
2756	0.126081
2926	0.126052
11927	0.125995
2759	0.125995
7980	0.125898
13853	0.125841
3607	0.125721
1916	0.125561
105	0.125340
12845	0.125148
12901	0.125038
395	0.125038
10979	0.125038
2777	0.124998
4460	0.124946
8980	0.124699
8978	0.124699
8977	0.124699
8976	0.124699
8940	0.124699
545	0.124340
1915	0.123744
6557	0.123740
3913	0.123637
4835	0.123301
4128	0.123288
8412	0.123227
9897	0.123170
6020	0.123035
2282	0.122828
8439	0.122464
7435	0.122464
7180	0.122464
8438	0.122329
9420	0.122223
4694	0.122217
11656	0.122014
5236	0.122012
5038	0.121873
2431	0.121860
2225	0.121835
8026	0.121765
9702	0.121262
12958	0.121020
12870	0.121020
12846	0.121020
12159	0.121020
12158	0.121020
1484	0.121020
2478	0.121020
12838	0.121017
5258	0.120834
1753	0.120762
6326	0.120613
3249	0.120498
6823	0.120422
1492	0.120421
5277	0.120395
5302	0.120325
13234	0.120266
3270	0.120047
12273	0.120040
5247	0.119960
5296	0.119850
1382	0.119820
5305	0.119736
1501	0.119690
6091	0.119535
6090	0.119535
6089	0.119525
5439	0.119507
1895	0.119403
5264	0.119375
9584	0.119270
758	0.119172
82	0.119139
767	0.118968
1912	0.118964
12232	0.118750
1502	0.118491
1490	0.118476
3276	0.118360
9397	0.118138
8000	0.118054
1494	0.117748
14407	0.117702
11132	0.117608
532	0.117579
11935	0.117358
142	0.117080
1092	0.116278
6291	0.116046
12205	0.115710
1434	0.115640
12160	0.115573
1495	0.115573
1370	0.115310
11034	0.115285
7752	0.115244
3741	0.115190
2273	0.115190
1482	0.114774
4236	0.114767
2413	0.114703
4081	0.114610
9644	0.114583
11429	0.114307
11324	0.114307
2481	0.114195
1386	0.114151
9582	0.113745
2219	0.113734
11844	0.113728
13905	0.113725
13903	0.113725
8088	0.113725
180	0.113720
2796	0.113526
179	0.113452
4868	0.113429
9247	0.113335
12439	0.113313
10537	0.113262
4488	0.113106
2745	0.113008
11979	0.112961
14415	0.112809
9277	0.112809
6984	0.112764
5235	0.112734
1392	0.112436
11848	0.112310
12177	0.112071
6332	0.111894
10256	0.111613
10258	0.111510
5978	0.111433
934	0.111414
1540	0.111291
8222	0.111253
6149	0.111221
7824	0.111129
2762	0.111107
8504	0.111036
5780	0.111013
5778	0.110815
6292	0.110739
9700	0.110683
12323	0.110649
14255	0.110514
5779	0.110393
9488	0.110367
12048	0.110301
237	0.110269
5798	0.110190
3836	0.110051
4485	0.109991
2925	0.109989
3200	0.109840
8744	0.109839
8249	0.109796
10286	0.109779
9709	0.109769
9726	0.109715
13944	0.109642
13328	0.109598
11766	0.109520
10369	0.109443
12530	0.109422
13423	0.109195
14027	0.109061
159	0.108947
4124	0.108935
6323	0.108690
5840	0.108678
13347	0.108631
13439	0.108560
13587	0.108557
13586	0.108557
13525	0.108557
4161	0.108557
2213	0.108555
3712	0.108317
4088	0.108224
1500	0.108095
1635	0.107827
11804	0.107648
9571	0.107386
7159	0.107221
9757	0.107083
3893	0.106964
3336	0.106800
1493	0.106707
9585	0.106706
12939	0.106668
12084	0.106668
4286	0.106668
4283	0.106668
4220	0.106668
2420	0.106608
3669	0.106601
3676	0.106564
12755	0.106470
12564	0.106465
6168	0.106425
9451	0.106417
6293	0.106343
1480	0.106313
3748	0.106100
11000	0.106080
10244	0.106037
7014	0.105902
2758	0.105860
4581	0.105595
8250	0.105520
5797	0.105374
1180	0.105330
11806	0.105285
14103	0.105236
8495	0.105236
6824	0.105126
11827	0.105118
3159	0.105118
12896	0.105090
4513	0.105090
1377	0.104668
13292	0.104496
6019	0.104484
1491	0.104459
490	0.104409
13352	0.104379
5871	0.104246
1481	0.104162
13918	0.104136
6442	0.103876
110	0.103769
4615	0.103726
2214	0.103721
6274	0.103674
2783	0.103592
11269	0.103194
7878	0.103166
9704	0.103152
3611	0.103109
7160	0.103046
1736	0.102972
9126	0.102791
6325	0.102637
7504	0.102536
11708	0.102528
12911	0.102485
8676	0.102367
13161	0.102307
7648	0.102212
7243	0.102212
13160	0.102186
1383	0.102064
10518	0.102029
13519	0.101866
5182	0.101852
11840	0.101834
2621	0.101751
8052	0.101608
4356	0.101602
6011	0.101505
9442	0.101492
4732	0.101470
1774	0.101306
6275	0.101254
8518	0.101205
11696	0.101170
6207	0.101170
1539	0.101121
2426	0.101054
9251	0.100873
3267	0.100714
9797	0.100662
151	0.100483
11507	0.100430
5257	0.100415
1379	0.100301
7396	0.100119
6770	0.100102
5619	0.099861
3279	0.099859
5734	0.099829
12868	0.099753
9242	0.099753
9241	0.099753
9240	0.099753
6696	0.099753
12062	0.099747
132	0.099637
7090	0.099592
5781	0.099581
2790	0.099368
6300	0.099349
5800	0.099326
2882	0.099298
8852	0.099185
12213	0.099180
12123	0.099179
8290	0.098743
2501	0.098587
6915	0.098504
9868	0.098476
9637	0.098254
14023	0.098143
12059	0.098121
12310	0.098080
10435	0.098069
9316	0.097955
9539	0.097858
3939	0.097841
1870	0.097776
9157	0.097521
6357	0.097502
11834	0.097360
2372	0.097349
11842	0.097328
6486	0.097328
1489	0.097290
1750	0.097276
10591	0.097222
11843	0.097053
6998	0.097053
12863	0.097052
6049	0.097009
10302	0.096953
12865	0.096848
171	0.096693
1499	0.096674
12382	0.096641
3692	0.096618
9875	0.096579
1380	0.096560
4316	0.096518
9871	0.096493
14094	0.096366
12003	0.096250
9167	0.096218
4149	0.096125
5688	0.096114
2897	0.096113
2356	0.096069
9439	0.095987
11858	0.095968
3910	0.095955
9045	0.095931
5456	0.095900
2883	0.095680
13954	0.095561
13953	0.095561
8051	0.095506
1498	0.095438
182	0.095340
3909	0.095210
11907	0.094995
2221	0.094977
6064	0.094974
2378	0.094898
9462	0.094760
10463	0.094741
5665	0.094708
4231	0.094583
7207	0.094547
5782	0.094481
1647	0.094402
11367	0.094256
3173	0.094243
6065	0.094219
381	0.094201
5399	0.094186
2754	0.094169
13585	0.094152
8604	0.094120
5286	0.094047
12269	0.094045
5909	0.093924
12060	0.093818
3234	0.093724
9344	0.093724
3235	0.093571
3366	0.093508
3329	0.093504
5667	0.093489
1762	0.093481
3754	0.093366
3171	0.093334
3160	0.093116
4557	0.093071
11810	0.092982
4846	0.092894
10094	0.092719
3568	0.092664
2757	0.092658
1936	0.092655
6501	0.092653
4415	0.092608
9586	0.092517
4919	0.092458
11196	0.092226
7398	0.092188
8930	0.092150
3251	0.092147
12050	0.092105
11776	0.091869
6022	0.091869
2450	0.091848
11894	0.091753
2747	0.091753
4717	0.091703
2746	0.091518
12740	0.091420
8926	0.091398
1937	0.091294
12083	0.091286
8625	0.091260
9623	0.091236
4095	0.091231
4301	0.091090
1462	0.091085
13351	0.091068
1642	0.090948
5661	0.090891
12365	0.090622
5923	0.090545
4539	0.090489
81	0.090449
10504	0.090429
12876	0.090365
1155	0.090330
3892	0.090301
1173	0.090148
9097	0.090129
9096	0.090129
10835	0.090083
5260	0.090083
1287	0.090027
5442	0.089972
9143	0.089877
6242	0.089877
7537	0.089773
7503	0.089773
13744	0.089751
13720	0.089737
10058	0.089737
5232	0.089737
5231	0.089737
10265	0.089714
10618	0.089669
14076	0.089644
3000	0.089612
4888	0.089322
13945	0.089265
6135	0.089217
2434	0.089213
13260	0.089151
13259	0.089151
12167	0.089151
8573	0.089151
11709	0.089140
6206	0.089140
410	0.089047
10907	0.088993
12386	0.088912
12031	0.088747
978	0.088742
12944	0.088732
1845	0.088665
6007	0.088660
233	0.088579
1374	0.088554
9977	0.088548
6735	0.088539
9583	0.088518
2428	0.088471
5249	0.088297
2001	0.088268
193	0.088264
1777	0.088064
3061	0.088051
1487	0.087957
10288	0.087917
13815	0.087867
6651	0.087773
8929	0.087686
4715	0.087654
12570	0.087601
4549	0.087490
7010	0.087406
3490	0.087377
325	0.087370
1851	0.087327
726	0.087317
10461	0.087232
2464	0.087179
8037	0.087110
1137	0.087085
9965	0.087064
6913	0.087015
6095	0.086983
7733	0.086971
6372	0.086884
10597	0.086813
8390	0.086809
7093	0.086758
8609	0.086706
7155	0.086694
1378	0.086661
9963	0.086617
6221	0.086599
5113	0.086579
3114	0.086576
13320	0.086521
9460	0.086520
2798	0.086414
9512	0.086390
5174	0.086375
12285	0.086337
3115	0.086194
14283	0.086104
1332	0.086094
3732	0.085855
2639	0.085848
4434	0.085802
5601	0.085802
2411	0.085689
11805	0.085678
5230	0.085661
13533	0.085607
13532	0.085607
13531	0.085607
1479	0.085585
9232	0.085441
2274	0.085426
5266	0.085420
9252	0.085399
2466	0.085326
14343	0.085323
14341	0.085323
14304	0.085323
14292	0.085323
14278	0.085323
14273	0.085323
14164	0.085323
7461	0.085323
4230	0.085278
2958	0.085270
7252	0.085255
5914	0.085161
13743	0.085140
12544	0.085042
10036	0.084934
1810	0.084929
12719	0.084910
1673	0.084879
2040	0.084846
6866	0.084727
7462	0.084546
7460	0.084546
14020	0.084545
4285	0.084507
4280	0.084507
12193	0.084466
349	0.084463
8356	0.084438
1371	0.084436
7726	0.084427
8019	0.084345
6890	0.084301
2820	0.084249
10008	0.084212
10142	0.084177
1087	0.084139
11955	0.083953
10592	0.083924
9957	0.083845
1905	0.083823
6916	0.083787
4736	0.083769
2755	0.083698
6287	0.083694
3984	0.083646
7584	0.083553
9187	0.083530
4099	0.083459
2433	0.083417
13153	0.083283
10171	0.083283
10170	0.083283
769	0.083268
309	0.083209
1021	0.083168
3530	0.083097
10009	0.083070
2257	0.083052
2347	0.083042
2101	0.083038
3248	0.082921
13417	0.082913
12445	0.082797
2073	0.082736
11627	0.082706
1314	0.082671
11490	0.082645
3063	0.082638
879	0.082572
8666	0.082464
5983	0.082396
3195	0.082390
12444	0.082386
6820	0.082365
5561	0.082365
2637	0.082348
9218	0.082258
9547	0.082254
4689	0.082254
12565	0.082248
4697	0.082220
3535	0.082210
5262	0.082139
3610	0.082102
1391	0.082100
9695	0.082039
8540	0.082039
6752	0.082039
6751	0.082039
6750	0.082039
5275	0.082028
3760	0.082022
1093	0.081960
12684	0.081922
5276	0.081914
174	0.081884
11323	0.081869
10289	0.081832
3268	0.081832
10221	0.081796
10246	0.081783
11641	0.081782
3075	0.081759
1485	0.081711
12257	0.081656
13021	0.081644
5405	0.081644
12082	0.081632
5309	0.081627
773	0.081593
1638	0.081537
12956	0.081524
4159	0.081496
3069	0.081494
12383	0.081449
7494	0.081332
6610	0.081284
6608	0.081284
5206	0.081219
5728	0.081171
7351	0.081162
3205	0.081110
2029	0.081071
3679	0.081026
2955	0.081013
2953	0.081013
4561	0.080989
4053	0.080966
1589	0.080964
1293	0.080913
12875	0.080724
5625	0.080715
9017	0.080706
8211	0.080702
