3838	0.131708
13517	0.124554
11556	0.112418
1756	0.108688
7955	0.107557
9917	0.106062
235	0.105878
5491	0.105651
11010	0.105123
2952	0.105013
13449	0.104540
12832	0.103930
7523	0.103151
4168	0.102720
11818	0.102498
9717	0.102447
12774	0.101495
11998	0.101062
4377	0.101033
4450	0.100972
4042	0.100564
12143	0.100492
9307	0.099353
9872	0.098459
13036	0.097882
6499	0.097614
6812	0.097164
8794	0.096748
3739	0.096653
3745	0.096263
12053	0.096240
11491	0.096138
2052	0.095930
12548	0.095895
13319	0.095846
1809	0.095840
566	0.095625
1812	0.095578
1811	0.095578
4712	0.095358
13689	0.095349
13489	0.095349
7055	0.094847
13680	0.094740
11163	0.094293
8606	0.094047
3738	0.093769
13422	0.093705
12127	0.093560
2277	0.093457
9691	0.093175
12093	0.092799
13435	0.092446
2059	0.092446
2037	0.092419
9495	0.092371
9147	0.092371
7131	0.092183
2067	0.092176
5451	0.092152
2057	0.092101
4416	0.091788
13199	0.091468
13198	0.091468
7581	0.091446
10809	0.091442
7580	0.091442
5221	0.091390
4787	0.091157
9926	0.091015
9925	0.091015
9924	0.091015
9852	0.091015
7773	0.091015
7447	0.091015
10694	0.090297
9964	0.090161
10226	0.090129
9909	0.090004
5413	0.089767
3144	0.089584
3437	0.089381
3320	0.089187
3921	0.089033
3822	0.089026
14276	0.089000
13428	0.089000
7201	0.088954
3505	0.088742
10784	0.088656
7875	0.088646
7702	0.088590
13200	0.088538
9320	0.088538
9318	0.088538
9315	0.088538
9314	0.088538
9313	0.088538
9312	0.088538
9310	0.088538
9309	0.088538
9306	0.088538
9305	0.088538
8733	0.088538
8669	0.088538
8668	0.088538
8608	0.088538
8607	0.088538
8605	0.088538
8603	0.088538
7703	0.088538
7477	0.088538
7408	0.088538
13545	0.088499
12654	0.087955
13321	0.087884
4737	0.087826
2283	0.087809
12505	0.087635
9460	0.087602
9790	0.087191
10783	0.087189
7856	0.087136
12508	0.086342
13716	0.085911
10993	0.085841
596	0.085660
9829	0.085513
9109	0.085384
9108	0.085185
1619	0.085095
5897	0.084494
5346	0.084322
12513	0.084301
12187	0.084047
11124	0.083986
4387	0.083777
10024	0.083190
12554	0.083153
4349	0.083077
4466	0.083057
7206	0.083013
11686	0.083000
13633	0.082985
13490	0.082797
13632	0.082796
13631	0.082796
1084	0.082784
14303	0.082711
14302	0.082711
14301	0.082711
14300	0.082711
14299	0.082711
7167	0.082372
11817	0.082327
6990	0.082327
11283	0.082259
11551	0.082186
13443	0.082128
2731	0.082064
13440	0.081916
5219	0.081887
12562	0.081869
4293	0.081493
10499	0.081370
10859	0.081354
9170	0.081262
6758	0.081129
2039	0.080815
268	0.080714
13389	0.080673
13325	0.080400
5957	0.080292
13121	0.079870
4789	0.079870
4788	0.079870
9835	0.079858
12145	0.079440
10515	0.079440
5956	0.079440
11162	0.079353
3981	0.079178
11101	0.079142
2968	0.079133
12897	0.079058
7379	0.078914
13375	0.078658
1618	0.078612
10534	0.078573
6050	0.078306
11439	0.078266
5894	0.078195
7114	0.078104
7306	0.077974
13185	0.077965
10127	0.077949
6138	0.077945
1419	0.077899
6102	0.077864
2280	0.077860
10739	0.077748
10788	0.077748
10777	0.077748
10759	0.077748
11782	0.077693
9462	0.077574
1420	0.077550
11858	0.077525
12525	0.077472
6838	0.077330
11486	0.077266
9439	0.077250
14132	0.077165
1946	0.077107
5649	0.076692
14203	0.076486
13907	0.076486
13906	0.076486
13407	0.076486
11171	0.076486
8372	0.076486
7978	0.076486
3942	0.076486
9998	0.076476
5378	0.076310
1945	0.076207
5650	0.076194
13320	0.076159
12173	0.076107
12636	0.076041
12502	0.075904
12786	0.075882
2049	0.075860
12419	0.075845
6048	0.075766
12756	0.075583
12818	0.075428
10389	0.075324
13358	0.075322
9800	0.075193
12170	0.075181
11437	0.075178
11554	0.075135
2594	0.075099
6450	0.074993
8551	0.074963
8342	0.074911
7686	0.074750
7526	0.074742
2069	0.074715
2066	0.074715
10658	0.074707
8864	0.074681
8863	0.074681
8583	0.074681
8124	0.074681
7904	0.074681
7903	0.074681
7902	0.074681
7901	0.074681
7900	0.074681
7899	0.074681
7897	0.074681
7896	0.074681
7895	0.074681
4667	0.074579
10916	0.074565
14331	0.074534
14330	0.074534
5377	0.074529
13186	0.074524
2061	0.074367
2301	0.074335
8112	0.074308
2068	0.074308
7668	0.074295
14162	0.073878
2263	0.073701
2473	0.073609
51	0.073428
10556	0.073388
10683	0.073360
11477	0.073334
323	0.073318
1232	0.073237
1229	0.073237
9237	0.073173
364	0.073155
11154	0.073037
6291	0.072994
11548	0.072912
12100	0.072683
10657	0.072673
12197	0.072645
14186	0.072584
5010	0.072563
5254	0.072553
2064	0.072519
2072	0.072479
7245	0.072460
1150	0.072422
5680	0.072297
12764	0.072261
513	0.072234
13374	0.072143
13373	0.072143
10513	0.072141
12785	0.072028
10376	0.071993
8042	0.071928
14250	0.071925
10558	0.071925
10555	0.071925
6968	0.071925
12517	0.071888
5720	0.071853
12666	0.071839
2595	0.071639
11476	0.071541
10548	0.071527
6737	0.071494
13573	0.071456
9875	0.071336
10318	0.071296
1673	0.071289
1882	0.071255
4671	0.071142
4669	0.071142
2990	0.071127
11739	0.071090
14249	0.071068
12784	0.070959
10636	0.070920
10557	0.070889
7774	0.070881
5641	0.070881
5642	0.070870
9026	0.070620
4538	0.070551
12109	0.070534
5948	0.070534
11081	0.070386
13820	0.070367
4670	0.070140
12403	0.070028
5546	0.070016
5347	0.070006
9986	0.069951
10305	0.069934
11211	0.069585
2276	0.069532
13095	0.069510
6969	0.069510
4826	0.069408
12431	0.069343
10042	0.069266
277	0.069247
5500	0.069244
817	0.069171
12426	0.069076
2958	0.069002
11626	0.068995
12235	0.068931
8336	0.068858
7229	0.068836
6395	0.068799
6124	0.068712
1885	0.068671
1884	0.068671
1883	0.068671
10264	0.068666
7135	0.068639
5376	0.068594
5558	0.068556
9082	0.068537
12516	0.068523
3507	0.068494
12393	0.068486
1346	0.068481
12695	0.068438
12292	0.068348
9311	0.068316
4729	0.068261
11297	0.068180
2159	0.068174
11536	0.068124
1400	0.068056
1402	0.068052
9662	0.067982
2996	0.067966
12396	0.067956
13687	0.067926
4361	0.067904
5299	0.067869
9747	0.067832
12219	0.067803
2820	0.067761
12881	0.067745
11365	0.067673
11270	0.067673
10957	0.067673
7144	0.067673
1583	0.067627
2062	0.067606
10606	0.067602
11188	0.067576
11187	0.067576
11189	0.067576
1690	0.067559
6482	0.067523
12710	0.067510
4668	0.067467
13332	0.067414
10554	0.067356
5033	0.067282
7667	0.067238
8312	0.067172
12153	0.067141
4702	0.067141
12801	0.067086
1991	0.067052
9874	0.067047
12835	0.066986
12803	0.066979
12773	0.066822
11964	0.066821
11159	0.066755
13355	0.066705
12716	0.066667
6299	0.066610
6278	0.066592
3438	0.066589
7659	0.066545
12030	0.066434
13665	0.066424
7246	0.066422
5746	0.066418
4383	0.066404
14266	0.066159
13838	0.066019
2773	0.066011
5492	0.065922
4819	0.065898
4208	0.065896
12438	0.065805
227	0.065784
4053	0.065657
10671	0.065657
1632	0.065650
2281	0.065608
4116	0.065592
13497	0.065509
11520	0.065452
12273	0.065395
9192	0.065384
5156	0.065326
10674	0.065315
5734	0.065311
1141	0.065204
14111	0.065201
14080	0.065201
8652	0.065170
1466	0.065162
2404	0.065148
9929	0.065136
10388	0.065053
9232	0.065046
6245	0.064847
4542	0.064838
9094	0.064784
9093	0.064784
9092	0.064784
9065	0.064784
4977	0.064768
5780	0.064734
5034	0.064699
10511	0.064580
13323	0.064486
10203	0.064473
702	0.064446
11019	0.064329
6123	0.064279
14091	0.064166
7070	0.064076
10615	0.064074
78	0.064048
13165	0.064046
5660	0.064014
10212	0.063940
7930	0.063928
11415	0.063814
10852	0.063727
9769	0.063651
11351	0.063649
10523	0.063637
10172	0.063616
12743	0.063615
4530	0.063603
10500	0.063571
1779	0.063554
4175	0.063428
11634	0.063351
8402	0.063272
4976	0.063200
11467	0.063180
9830	0.063143
13679	0.063048
9706	0.062993
5697	0.062980
5488	0.062916
9200	0.062842
6217	0.062689
4176	0.062686
12276	0.062639
14263	0.062639
14002	0.062639
14001	0.062639
14000	0.062639
13998	0.062639
13996	0.062639
6666	0.062639
5064	0.062639
4854	0.062639
4852	0.062639
12623	0.062632
11183	0.062557
1816	0.062352
404	0.062339
9869	0.062255
6587	0.062229
10490	0.062186
11394	0.062151
12412	0.062119
11186	0.062090
9978	0.062090
12415	0.062062
10819	0.062043
12536	0.062002
5691	0.061950
10836	0.061949
13429	0.061896
4193	0.061881
12873	0.061874
5856	0.061832
6616	0.061826
13456	0.061811
13342	0.061811
12461	0.061794
6323	0.061779
10677	0.061771
12526	0.061761
11145	0.061749
5030	0.061720
9308	0.061712
3152	0.061695
95	0.061679
4664	0.061653
331	0.061600
8503	0.061591
11037	0.061555
3826	0.061444
13076	0.061423
9222	0.061359
7014	0.061326
8250	0.061263
10723	0.061235
1188	0.061211
6089	0.061201
6091	0.061168
6090	0.061168
11581	0.061139
11147	0.061114
8314	0.061113
12410	0.061098
11982	0.061095
5414	0.061095
5412	0.061095
11237	0.061031
9016	0.061006
542	0.060987
9486	0.060977
3342	0.060894
4088	0.060889
11053	0.060824
1925	0.060813
1008	0.060794
353	0.060790
11164	0.060741
12199	0.060712
12833	0.060670
7529	0.060632
5958	0.060603
861	0.060587
12063	0.060566
469	0.060565
12409	0.060480
9775	0.060476
10844	0.060441
2114	0.060438
7363	0.060438
7913	0.060402
5968	0.060402
470	0.060402
13094	0.060387
11182	0.060314
7764	0.060282
7530	0.060269
370	0.060215
9484	0.060197
9483	0.060197
3250	0.060181
3111	0.060145
13597	0.060104
13596	0.060104
13595	0.060104
13583	0.060104
13554	0.060104
13402	0.060104
7990	0.060104
11767	0.060059
1228	0.060038
7855	0.060031
13662	0.060031
13749	0.059984
12069	0.059966
10647	0.059961
6127	0.059922
13329	0.059920
5354	0.059910
6689	0.059892
6967	0.059892
6052	0.059883
9950	0.059878
13698	0.059844
13544	0.059844
8740	0.059799
9438	0.059751
13498	0.059732
10263	0.059723
5994	0.059691
4855	0.059679
3587	0.059676
10678	0.059663
9828	0.059659
12401	0.059620
9958	0.059616
3489	0.059544
9520	0.059508
703	0.059500
11496	0.059431
9989	0.059427
10676	0.059427
3825	0.059414
11737	0.059414
10582	0.059374
4659	0.059335
11179	0.059320
2892	0.059286
2475	0.059246
6255	0.059161
5967	0.059159
10943	0.059156
10232	0.059139
12795	0.059135
9227	0.059076
7101	0.059048
4721	0.059037
2817	0.059019
3451	0.058985
1184	0.058971
6098	0.058951
10225	0.058913
6277	0.058838
6035	0.058832
3764	0.058808
2027	0.058781
8947	0.058779
10517	0.058770
9861	0.058646
9819	0.058646
6015	0.058572
8135	0.058518
854	0.058490
7295	0.058467
7894	0.058465
5112	0.058408
6334	0.058356
8708	0.058340
6191	0.058324
12776	0.058267
6302	0.058242
6267	0.058242
9347	0.058190
385	0.058168
6325	0.058144
9840	0.058128
5634	0.058109
10649	0.058100
4672	0.058091
4945	0.057951
11129	0.057923
11086	0.057896
7337	0.057851
6550	0.057841
12141	0.057841
4711	0.057796
12462	0.057781
10685	0.057781
7973	0.057749
2327	0.057746
3312	0.057669
2185	0.057664
4673	0.057650
6134	0.057616
4324	0.057599
5212	0.057592
7453	0.057570
11530	0.057564
12537	0.057546
4292	0.057545
13089	0.057536
1039	0.057535
10233	0.057444
3710	0.057428
11050	0.057371
599	0.057323
4289	0.057280
11393	0.057262
10482	0.057259
13999	0.057236
5005	0.057236
9870	0.057232
11635	0.057180
11107	0.057085
690	0.057076
12804	0.057033
10489	0.057025
1538	0.057018
13413	0.057012
10505	0.056947
5513	0.056933
7676	0.056918
13122	0.056882
2054	0.056862
12015	0.056837
2881	0.056799
10230	0.056743
12238	0.056739
6919	0.056731
4322	0.056721
3210	0.056699
12711	0.056687
2809	0.056687
9587	0.056663
6305	0.056638
10531	0.056623
13030	0.056588
10139	0.056529
5615	0.056492
13110	0.056435
12597	0.056365
5529	0.056322
5841	0.056299
6366	0.056287
12809	0.056256
12638	0.056246
10667	0.056200
11121	0.056194
14072	0.056160
9847	0.056151
12820	0.056063
12723	0.056013
4291	0.055962
7650	0.055940
7096	0.055940
10808	0.055940
12270	0.055911
10153	0.055901
782	0.055787
9960	0.055784
12777	0.055762
8397	0.055759
10491	0.055754
10125	0.055715
13111	0.055699
13109	0.055699
9959	0.055699
12322	0.055672
9204	0.055639
8592	0.055639
11678	0.055612
12829	0.055606
10648	0.055602
3217	0.055583
8318	0.055481
10858	0.055467
4850	0.055424
10229	0.055411
11404	0.055392
10922	0.055392
6303	0.055387
3168	0.055304
2320	0.055302
8054	0.055288
1433	0.055275
3072	0.055267
6887	0.055252
12514	0.055243
9194	0.055225
4537	0.055166
12812	0.055163
7964	0.055145
1880	0.055144
10680	0.055123
11044	0.055115
2278	0.055109
4521	0.055102
6767	0.055060
6765	0.055060
6764	0.055060
4262	0.055039
12679	0.055032
12692	0.054988
12425	0.054979
6746	0.054978
2666	0.054925
10940	0.054891
8003	0.054858
11703	0.054800
11783	0.054769
11180	0.054755
4873	0.054708
966	0.054655
4922	0.054630
11226	0.054606
808	0.054587
10640	0.054518
10751	0.054492
427	0.054488
4118	0.054419
8907	0.054419
10227	0.054398
9218	0.054369
2497	0.054361
12708	0.054352
1686	0.054316
10764	0.054262
10679	0.054262
5235	0.054240
6598	0.054191
5483	0.054174
12798	0.054144
10766	0.054142
10765	0.054142
5651	0.054138
1273	0.054105
11190	0.054082
11502	0.053968
11522	0.053933
12595	0.053907
5969	0.053893
12551	0.053847
4933	0.053841
7898	0.053787
5995	0.053740
13997	0.053612
4531	0.053563
11685	0.053503
12252	0.053456
13265	0.053434
929	0.053420
10152	0.053394
11175	0.053306
2523	0.053304
14004	0.053296
4866	0.053296
11498	0.053293
3120	0.053292
11682	0.053269
798	0.053229
12281	0.053212
6619	0.053212
13606	0.053201
13028	0.053192
6058	0.053186
13560	0.053151
6170	0.053107
13439	0.053105
11142	0.053084
1507	0.053034
2979	0.052968
3002	0.052935
3977	0.052907
6034	0.052865
8888	0.052792
10443	0.052791
6576	0.052784
2109	0.052723
10296	0.052696
9191	0.052692
12262	0.052690
10939	0.052617
1403	0.052602
12387	0.052588
11516	0.052566
1731	0.052563
11658	0.052543
11111	0.052522
11582	0.052487
1952	0.052475
12200	0.052464
10838	0.052463
12607	0.052419
4778	0.052412
5970	0.052408
4106	0.052400
10526	0.052386
12077	0.052381
6461	0.052381
3711	0.052381
8377	0.052351
13462	0.052340
9928	0.052315
8615	0.052243
13235	0.052230
4867	0.052212
7403	0.052198
7078	0.052178
10871	0.052127
11546	0.052115
10330	0.052086
11061	0.052076
5514	0.052058
10785	0.052053
456	0.052015
503	0.051958
10921	0.051953
10186	0.051906
8081	0.051900
3178	0.051897
10839	0.051896
11715	0.051886
6946	0.051878
8090	0.051781
2847	0.051781
2843	0.051781
2839	0.051781
13013	0.051779
12962	0.051779
5189	0.051775
6171	0.051715
4683	0.051715
11519	0.051703
4038	0.051678
8329	0.051638
304	0.051635
10468	0.051616
781	0.051605
11289	0.051576
1599	0.051559
6886	0.051552
1605	0.051544
11578	0.051538
597	0.051510
8293	0.051467
2840	0.051454
10295	0.051421
9720	0.051394
1963	0.051379
38	0.051354
4468	0.051321
9942	0.051307
9931	0.051307
9930	0.051307
9921	0.051307
9901	0.051307
9899	0.051307
9895	0.051307
9866	0.051307
9836	0.051307
9832	0.051307
9810	0.051307
9698	0.051307
9636	0.051307
9570	0.051307
9299	0.051307
12813	0.051189
12520	0.051174
10701	0.051170
14052	0.051074
10065	0.051074
10787	0.051009
5038	0.050954
7872	0.050954
8352	0.050952
8351	0.050952
2957	0.050952
2956	0.050952
11201	0.050910
13928	0.050899
