12786	0.301186
12100	0.297005
12419	0.296910
13422	0.256828
12127	0.256061
1084	0.217866
8551	0.217720
14331	0.217598
14330	0.217598
4826	0.213179
10513	0.207794
9874	0.204811
4489	0.185004
4490	0.184805
4867	0.183746
3838	0.183459
12513	0.176585
10424	0.176317
10993	0.172440
427	0.168637
566	0.161487
7056	0.160738
11124	0.159164
9917	0.158950
9926	0.157932
9925	0.157932
9924	0.157932
9852	0.157932
7773	0.157932
7447	0.157932
5028	0.154823
7201	0.151698
11782	0.150091
9800	0.148365
2039	0.147560
5377	0.147024
9717	0.145724
2731	0.144091
5010	0.143748
5400	0.142392
5157	0.140871
10950	0.140371
14132	0.140097
5378	0.139807
6499	0.139807
12401	0.139595
9495	0.138828
9147	0.138828
13435	0.138766
2059	0.138766
2057	0.138718
2067	0.138656
9872	0.138449
12505	0.136797
8342	0.136544
2037	0.136255
7055	0.135978
12881	0.135722
10783	0.135344
7418	0.135338
10784	0.135318
5680	0.134724
9109	0.134503
9108	0.134147
11163	0.133705
7523	0.132948
11010	0.132495
5212	0.132365
10540	0.131773
14276	0.131262
13428	0.131262
6753	0.130250
7419	0.129896
4737	0.129202
11085	0.128986
9829	0.127259
5856	0.127104
5376	0.126919
12774	0.126533
12093	0.126166
8704	0.125994
11486	0.124526
8606	0.122607
3217	0.122447
4711	0.122298
12526	0.121708
12187	0.121651
12681	0.121600
7246	0.121314
5491	0.121240
8250	0.121217
7014	0.121190
6323	0.120957
8652	0.120940
12832	0.120834
4168	0.120739
4377	0.120354
11998	0.120343
4450	0.120290
6325	0.120146
9662	0.119133
3981	0.118427
4324	0.118374
11686	0.118152
5160	0.117830
8794	0.117628
78	0.117337
2232	0.116849
11152	0.116685
8025	0.116685
7875	0.116492
12438	0.115794
1690	0.115243
4293	0.115057
235	0.114894
12818	0.114726
12801	0.114458
12393	0.114021
3240	0.112907
12396	0.112790
10858	0.112612
11404	0.112542
10922	0.112542
3144	0.111950
14109	0.111861
10736	0.111861
11175	0.111841
10735	0.111777
10649	0.111757
12562	0.111720
12508	0.111361
13573	0.111228
11101	0.110867
12537	0.110642
10239	0.110135
11162	0.109800
8402	0.109499
4712	0.108985
9654	0.108603
13517	0.108514
7955	0.108460
9857	0.108190
10153	0.108129
7668	0.107862
5148	0.107585
9691	0.107151
4387	0.106897
3210	0.106119
4819	0.105723
11536	0.105161
1619	0.104922
11554	0.104823
13323	0.104788
11491	0.104765
13802	0.104501
13185	0.104477
6946	0.103689
1618	0.103510
7667	0.103352
9929	0.102568
11154	0.102349
5112	0.102145
13679	0.102143
11201	0.102137
1583	0.102099
966	0.102066
2061	0.101782
8314	0.101484
5897	0.101038
9790	0.100932
11570	0.100279
12145	0.100255
10515	0.100255
5956	0.100255
1188	0.100190
7898	0.100045
2069	0.099974
2066	0.099974
5957	0.099923
4172	0.099828
6052	0.099602
8112	0.099515
2068	0.099515
11519	0.099241
2229	0.098910
12554	0.098715
6291	0.098701
7001	0.098573
9835	0.097792
6758	0.097397
8862	0.097365
8861	0.097365
8860	0.097365
8859	0.097365
8858	0.097365
8857	0.097365
8844	0.097365
8843	0.097365
8842	0.097365
8841	0.097365
8840	0.097365
8839	0.097365
8838	0.097365
8834	0.097365
8824	0.097365
8823	0.097365
8822	0.097365
8820	0.097365
8818	0.097365
8817	0.097365
8803	0.097365
8798	0.097365
8737	0.097365
8639	0.097365
7682	0.097365
7677	0.097365
7382	0.097365
7247	0.097365
8382	0.097323
5795	0.097292
11900	0.097050
7681	0.096957
11743	0.096893
3951	0.096888
11351	0.096683
4328	0.096672
2072	0.096672
13186	0.096587
1020	0.096547
3822	0.096543
3072	0.096334
4208	0.096290
4504	0.096209
12804	0.095970
9015	0.095966
12199	0.095814
6630	0.095535
7702	0.095349
13200	0.095242
9320	0.095242
9318	0.095242
9315	0.095242
9314	0.095242
9313	0.095242
9312	0.095242
9310	0.095242
9309	0.095242
9306	0.095242
9305	0.095242
8733	0.095242
8669	0.095242
8668	0.095242
8608	0.095242
8607	0.095242
8605	0.095242
8603	0.095242
7703	0.095242
7477	0.095242
7408	0.095242
4219	0.095216
5894	0.095167
11017	0.095092
14203	0.094968
13907	0.094968
13906	0.094968
13407	0.094968
11171	0.094968
8372	0.094968
7978	0.094968
3942	0.094968
6919	0.094816
11020	0.094698
9998	0.094652
7593	0.094468
13389	0.094080
8370	0.093855
6544	0.093565
9847	0.093395
543	0.093382
12262	0.093291
4436	0.093070
2301	0.092985
1184	0.092794
8135	0.092600
9643	0.092507
300	0.092414
5262	0.092385
12812	0.092291
11174	0.092024
13199	0.092012
13198	0.092012
9066	0.091946
11153	0.091811
10845	0.091811
596	0.091759
11501	0.091613
4673	0.091471
7277	0.091185
4438	0.091157
12587	0.091093
10737	0.091067
13737	0.091065
11381	0.091007
5994	0.090918
10846	0.090840
6231	0.090782
5106	0.090714
5104	0.090714
5265	0.090568
5787	0.090371
10738	0.090351
12654	0.090325
12829	0.090242
11841	0.090130
10647	0.090034
747	0.089993
4292	0.089744
9964	0.089707
7581	0.089642
2049	0.089637
10809	0.089607
7580	0.089607
4729	0.089602
5483	0.089572
3320	0.089564
8397	0.089541
12833	0.089509
7930	0.089410
5221	0.089329
12813	0.089239
10681	0.089155
8836	0.089134
11053	0.088929
11530	0.088927
9082	0.088852
11043	0.088850
12410	0.088802
11179	0.088725
6261	0.088711
3178	0.088581
2930	0.088496
6812	0.088271
10152	0.088260
4536	0.087620
12090	0.087557
9799	0.087513
8103	0.087510
11476	0.087395
10819	0.087368
12743	0.087265
13358	0.087207
1538	0.087182
10731	0.087151
1043	0.087139
11496	0.086961
10568	0.086922
10732	0.086916
9191	0.086881
11492	0.086833
4945	0.086615
11086	0.086611
10894	0.086540
7154	0.086495
5254	0.086453
10927	0.086277
11173	0.086270
1616	0.086248
1809	0.086204
13319	0.086189
2435	0.086164
7078	0.086113
1812	0.086006
1811	0.086006
11783	0.085931
11180	0.085869
12809	0.085867
12200	0.085847
8377	0.085821
13689	0.085754
13489	0.085754
12405	0.085667
11183	0.085553
12803	0.085530
10517	0.085527
4505	0.085515
4501	0.085515
1503	0.085515
6343	0.085463
1504	0.085463
6091	0.085456
6090	0.085456
6089	0.085340
11556	0.085317
13680	0.085251
8837	0.084899
6423	0.084892
10468	0.084666
12336	0.084608
13332	0.084603
8638	0.084567
11182	0.084476
9875	0.084351
1348	0.084313
6282	0.084247
6299	0.084113
13325	0.083882
10903	0.083865
4038	0.083818
11343	0.083750
11525	0.083638
12514	0.083599
4880	0.083591
12548	0.083514
4362	0.083417
8336	0.083319
4439	0.083236
7363	0.083031
7764	0.083013
1821	0.082828
5649	0.082637
3152	0.082625
10974	0.082566
5969	0.082561
4291	0.082526
5451	0.082522
13321	0.082465
12418	0.082401
7140	0.082304
4534	0.082183
5164	0.082156
5163	0.082156
5995	0.082141
3489	0.082031
14091	0.081978
12638	0.081664
13294	0.081581
12528	0.081467
95	0.081442
542	0.081350
6123	0.081281
10263	0.081072
5970	0.080867
9587	0.080815
9308	0.080660
7403	0.080623
12776	0.080575
8821	0.080570
6124	0.080540
10389	0.080511
3106	0.080456
11477	0.080295
12666	0.080164
5720	0.080008
8557	0.079981
8555	0.079981
8547	0.079981
1507	0.079798
6387	0.079388
6138	0.079256
13716	0.079219
13121	0.079134
4789	0.079134
4788	0.079134
12777	0.078986
12197	0.078924
8252	0.078923
11081	0.078907
5638	0.078885
13460	0.078840
11818	0.078633
10680	0.078463
9595	0.078449
9915	0.078365
9169	0.078169
10916	0.078127
9307	0.077740
11524	0.077590
4787	0.077553
10499	0.077395
10764	0.077149
10679	0.077149
12386	0.077111
9194	0.077060
10766	0.076966
10765	0.076966
12628	0.076581
4531	0.076504
12576	0.076447
1413	0.076428
1367	0.076428
3753	0.076345
10670	0.076209
10552	0.076175
12658	0.076121
11116	0.076121
2795	0.076121
2794	0.076121
2780	0.076121
8708	0.076109
2800	0.076003
8157	0.075914
10853	0.075866
12808	0.075798
11626	0.075729
10854	0.075631
12273	0.075485
4881	0.075400
3678	0.075393
3673	0.075393
10843	0.075372
11520	0.075232
13606	0.074904
11419	0.074872
12630	0.074790
7135	0.074712
2440	0.074670
3250	0.074381
11581	0.074241
10225	0.074140
7206	0.074049
11141	0.073909
12029	0.073783
11239	0.073771
11238	0.073771
13413	0.073613
10781	0.073523
8162	0.073522
9229	0.073476
7970	0.073416
10486	0.073371
597	0.073275
10172	0.073231
3726	0.073214
232	0.073168
11459	0.073060
11340	0.073060
6329	0.073060
10002	0.072990
11522	0.072830
13320	0.072798
11403	0.072757
6148	0.072757
10667	0.072601
6876	0.072592
12820	0.072582
4433	0.072580
1359	0.072270
11551	0.072268
10758	0.072220
11200	0.072215
1411	0.072194
9536	0.072167
4792	0.072114
226	0.072003
4535	0.071987
9900	0.071761
9165	0.071761
7387	0.071761
11297	0.071738
11582	0.071735
11804	0.071719
11312	0.071709
12753	0.071620
2071	0.071575
9908	0.071541
9164	0.071541
4933	0.071525
11365	0.071486
11270	0.071486
10957	0.071486
7144	0.071486
12352	0.071439
12402	0.071391
5651	0.071358
4349	0.071288
5780	0.071230
12426	0.071204
7030	0.071190
3174	0.071161
13522	0.070953
9276	0.070907
9275	0.070907
9166	0.070907
7173	0.070907
7138	0.070907
7133	0.070907
7069	0.070907
8239	0.070867
4530	0.070639
3418	0.070487
13306	0.070466
11354	0.070402
4816	0.070366
277	0.070341
9319	0.070338
13376	0.070141
11843	0.069996
6998	0.069996
10453	0.069862
11842	0.069851
6486	0.069851
8699	0.069693
4740	0.069673
6667	0.069639
5141	0.069540
12109	0.069499
5948	0.069499
5734	0.069481
8609	0.069456
4655	0.069430
10915	0.069403
7475	0.069296
7070	0.069295
7399	0.069248
12567	0.069070
13560	0.068940
11190	0.068791
2594	0.068770
5800	0.068760
2041	0.068746
5650	0.068559
10650	0.068400
2341	0.068376
10597	0.068287
12775	0.068177
10124	0.068085
5249	0.068073
12769	0.068006
12161	0.067900
11870	0.067900
11794	0.067900
11204	0.067900
11203	0.067900
6144	0.067900
6143	0.067900
6142	0.067900
6141	0.067900
3760	0.067894
12723	0.067886
12783	0.067816
10215	0.067816
5159	0.067728
3451	0.067705
9919	0.067432
12597	0.067359
2332	0.067316
8472	0.067262
9720	0.067221
10318	0.067157
5736	0.067106
3120	0.067026
11181	0.067024
11464	0.066982
11393	0.066968
12598	0.066864
14347	0.066763
13598	0.066750
10426	0.066593
12806	0.066474
10937	0.066421
10452	0.066321
10626	0.066302
2798	0.066205
6887	0.066109
8054	0.066087
7907	0.065893
10859	0.065849
12622	0.065816
4588	0.065752
10785	0.065640
7155	0.065636
12520	0.065606
1807	0.065482
5214	0.065267
6140	0.065224
6139	0.065224
10547	0.065072
5664	0.064866
4098	0.064817
3266	0.064769
10554	0.064708
10119	0.064699
1882	0.064660
10787	0.064656
11747	0.064607
6001	0.064562
11094	0.064485
12708	0.064484
7068	0.064435
7748	0.064423
8284	0.064393
11044	0.064338
9830	0.064301
10615	0.064296
1779	0.064213
12436	0.064139
11142	0.064135
2595	0.064084
8593	0.064079
3040	0.064072
6450	0.064035
2473	0.063988
10556	0.063987
8890	0.063701
8031	0.063643
3363	0.063464
9989	0.063312
11307	0.063293
11595	0.063148
10837	0.063115
14291	0.063043
12604	0.063018
8835	0.063000
8596	0.062877
12147	0.062841
14250	0.062775
10558	0.062775
10555	0.062775
6968	0.062775
8042	0.062762
4532	0.062737
13662	0.062664
8696	0.062649
6438	0.062647
2802	0.062526
12594	0.062517
11009	0.062462
14249	0.062453
4503	0.062378
7457	0.062350
8051	0.062305
5362	0.062274
5361	0.062274
5360	0.062274
7028	0.062220
11515	0.062198
12509	0.062194
9311	0.062139
11283	0.062094
9301	0.062067
7973	0.062026
7961	0.062022
7183	0.061956
13439	0.061913
13183	0.061854
11008	0.061854
7398	0.061629
11104	0.061510
7814	0.061456
8362	0.061392
10376	0.061391
5235	0.061365
12502	0.061354
3224	0.061337
6098	0.061270
7977	0.061262
13122	0.061244
11474	0.061198
4259	0.061185
4456	0.061067
11125	0.061064
11490	0.061006
6014	0.060999
13497	0.060976
2227	0.060911
2799	0.060835
8907	0.060791
10024	0.060738
11172	0.060723
12409	0.060711
3886	0.060568
7969	0.060523
5398	0.060458
8697	0.060453
12590	0.060310
11589	0.060298
12667	0.060205
13443	0.060100
13095	0.060088
6969	0.060088
10388	0.060074
4973	0.060068
1886	0.059953
5596	0.059947
11211	0.059944
13440	0.059928
5622	0.059912
12431	0.059900
5435	0.059844
13838	0.059791
9726	0.059781
9389	0.059747
7737	0.059724
11150	0.059720
11189	0.059581
12153	0.059565
4702	0.059565
11498	0.059513
2672	0.059483
11247	0.059436
2823	0.059406
11188	0.059388
11187	0.059388
4368	0.059371
10069	0.059366
10042	0.059359
5670	0.059302
7453	0.059268
2062	0.059255
6326	0.059217
6737	0.059188
2054	0.059143
4685	0.059130
8500	0.059109
8701	0.059043
8724	0.059043
8723	0.059043
8722	0.059043
8721	0.059043
8720	0.059043
8719	0.059043
8702	0.059043
8698	0.059043
8695	0.059043
8694	0.059043
8693	0.059043
8692	0.059043
8691	0.059043
8690	0.059043
8689	0.059043
8688	0.059043
8687	0.059043
8686	0.059043
8685	0.059043
8684	0.059043
8683	0.059043
8682	0.059043
8681	0.059043
8680	0.059043
8649	0.059043
8648	0.059043
8647	0.059043
8646	0.059043
8645	0.059043
8644	0.059043
8643	0.059043
8642	0.059043
8640	0.059043
8554	0.059043
7577	0.059043
6483	0.059038
17	0.058945
5259	0.058913
7482	0.058911
13377	0.058830
11683	0.058782
8192	0.058755
10573	0.058750
2796	0.058728
7676	0.058672
3312	0.058650
11502	0.058613
4193	0.058608
5489	0.058434
12656	0.058403
10574	0.058394
14111	0.058381
14080	0.058381
8612	0.058329
12422	0.058317
10557	0.058310
11176	0.058206
4445	0.058194
4856	0.058191
11168	0.058101
8385	0.058034
3342	0.057926
8328	0.057875
7079	0.057672
1990	0.057609
3918	0.057513
9946	0.057475
11159	0.057471
12897	0.057446
11634	0.057432
4361	0.057381
11450	0.057371
10640	0.057345
13375	0.057334
13687	0.057235
10031	0.057181
7073	0.057138
11164	0.057090
11135	0.057027
11511	0.057008
10127	0.056999
5841	0.056970
10264	0.056951
12536	0.056920
10340	0.056816
6512	0.056707
12203	0.056702
8580	0.056702
8575	0.056702
8546	0.056702
7122	0.056702
13794	0.056658
4975	0.056622
5492	0.056611
11695	0.056601
5366	0.056595
6314	0.056573
13820	0.056566
7072	0.056463
10944	0.056446
8548	0.056437
12408	0.056419
9261	0.056415
4189	0.056412
8579	0.056375
6809	0.056288
7245	0.056251
5701	0.056189
10739	0.056041
10788	0.056041
10777	0.056041
10759	0.056041
11237	0.056027
1684	0.055941
7088	0.055794
13094	0.055768
7537	0.055715
7503	0.055715
6366	0.055697
1539	0.055457
10674	0.055426
10125	0.055366
13498	0.055351
4846	0.055253
10796	0.055213
1737	0.055163
10349	0.055151
9867	0.055148
7855	0.055136
3111	0.055122
13597	0.055116
13596	0.055116
13595	0.055116
13583	0.055116
13554	0.055116
13402	0.055116
7990	0.055116
6861	0.055006
7438	0.054986
7123	0.054986
8493	0.054964
8518	0.054858
2491	0.054840
11580	0.054820
690	0.054748
10939	0.054669
3465	0.054555
13111	0.054542
13109	0.054542
9959	0.054542
9960	0.054535
4721	0.054440
9893	0.054430
9892	0.054430
9888	0.054430
9887	0.054430
9841	0.054430
9821	0.054430
9768	0.054430
9300	0.054430
9294	0.054430
12210	0.054405
10920	0.054391
4872	0.054383
13972	0.054302
6733	0.054233
9641	0.054159
9747	0.054157
6810	0.054128
929	0.054073
12512	0.054024
7988	0.053967
10534	0.053929
10435	0.053913
12444	0.053908
11218	0.053896
10658	0.053812
1468	0.053775
854	0.053686
12445	0.053674
12660	0.053657
3723	0.053656
12679	0.053635
8878	0.053619
7131	0.053573
