7942	0.217657
11077	0.216514
7239	0.208249
1862	0.196438
11234	0.196270
7240	0.175491
3837	0.133152
2052	0.129499
235	0.123718
9135	0.122978
1419	0.122138
12252	0.121004
9462	0.120938
8615	0.120317
11858	0.119339
8611	0.119288
9439	0.119071
1420	0.118974
3741	0.115495
9711	0.114169
9708	0.114169
9707	0.114169
9705	0.114169
9703	0.114169
9699	0.114064
2952	0.113221
9702	0.112790
13500	0.112462
9218	0.111013
1905	0.110646
9794	0.110014
14407	0.110009
6149	0.108619
2064	0.108199
4304	0.108117
4302	0.108117
11999	0.108113
9710	0.107622
11607	0.107607
6234	0.107174
7752	0.107022
9704	0.106960
14415	0.106934
9277	0.106934
4294	0.106303
2621	0.105942
9623	0.105872
224	0.105745
2114	0.104557
9706	0.104271
4538	0.104262
12348	0.104226
1030	0.104008
6278	0.103910
1458	0.103759
6127	0.103677
7659	0.103076
8892	0.102676
14266	0.102656
6295	0.102416
9709	0.101991
9192	0.101949
7288	0.101862
2182	0.101180
8076	0.100097
1673	0.100014
9415	0.099900
8851	0.099900
8850	0.099900
4168	0.099873
4163	0.099846
14418	0.099802
14417	0.099802
13284	0.099802
13152	0.099802
9795	0.099802
9793	0.099802
9792	0.099802
9791	0.099802
9789	0.099802
9745	0.099802
9163	0.099802
8614	0.099802
8613	0.099802
8177	0.099802
4537	0.099206
8676	0.098963
10661	0.098929
4542	0.098821
13552	0.098502
13511	0.098502
13507	0.098502
2958	0.098462
2820	0.098030
5219	0.097728
5347	0.097512
7774	0.097350
5641	0.097350
5642	0.097348
10226	0.097328
268	0.097101
307	0.096715
5177	0.096679
4301	0.096663
10694	0.096348
4305	0.096298
3774	0.095904
2968	0.095435
8711	0.095178
8732	0.095133
8710	0.095046
7954	0.094864
225	0.094827
9098	0.094725
4087	0.094532
3209	0.094435
4306	0.094313
2380	0.093866
5045	0.093735
2105	0.093656
9177	0.093540
12909	0.093485
9780	0.093397
9413	0.093394
6806	0.093335
9787	0.093301
9786	0.093301
9785	0.093301
9784	0.093301
9783	0.093301
9782	0.093301
9781	0.093301
9778	0.093301
9280	0.093301
8585	0.093301
8567	0.093301
8553	0.093301
6465	0.093282
4511	0.093053
5413	0.092548
9226	0.092504
9217	0.092504
8534	0.092504
7827	0.092474
8712	0.092010
8303	0.092010
8302	0.092010
7362	0.092010
6359	0.092010
8584	0.091920
6202	0.091897
2280	0.091589
3604	0.091515
7453	0.091253
4111	0.091224
7676	0.090833
8604	0.090706
9150	0.090581
9248	0.090528
1785	0.090400
3170	0.090212
7757	0.090212
13850	0.090181
2274	0.090020
155	0.089908
13545	0.089773
8625	0.089688
6896	0.089679
3389	0.089677
9700	0.089606
4204	0.088992
3773	0.088862
6695	0.088827
8451	0.088819
7263	0.088819
8714	0.088816
3388	0.088594
3666	0.088548
532	0.088399
9244	0.088375
5296	0.088277
12030	0.088177
13265	0.088088
9788	0.088085
3588	0.087852
9913	0.087805
2363	0.087799
4106	0.087759
11658	0.087571
7767	0.087536
9145	0.087505
6081	0.087502
8864	0.087489
8863	0.087489
8583	0.087489
8124	0.087489
7904	0.087489
7903	0.087489
7902	0.087489
7901	0.087489
7900	0.087489
7899	0.087489
7897	0.087489
7896	0.087489
7895	0.087489
7526	0.087487
2773	0.087352
8709	0.087339
6742	0.087245
7872	0.087241
8352	0.087239
8351	0.087239
2957	0.087239
2956	0.087239
14358	0.087178
9480	0.087130
8533	0.087130
4105	0.087112
8792	0.087110
9174	0.087053
2542	0.086995
5033	0.086708
6838	0.086662
8180	0.086544
14416	0.086535
6889	0.086286
4112	0.086271
6895	0.086235
3314	0.086141
8845	0.085964
9796	0.085862
4113	0.085720
3311	0.085691
4922	0.085470
9673	0.085405
243	0.085068
4624	0.085047
9741	0.085047
3310	0.085047
12275	0.085019
13665	0.084983
4231	0.084730
9307	0.084717
5034	0.084427
3700	0.084082
4160	0.083965
51	0.083853
9713	0.083507
2424	0.083186
4834	0.083163
13449	0.083056
10097	0.083034
9207	0.082552
9205	0.082552
8528	0.082552
5908	0.082309
8531	0.082225
9909	0.082126
13054	0.082079
7686	0.081987
6851	0.081807
404	0.081489
2950	0.081449
9735	0.081287
1906	0.081268
5044	0.081132
2902	0.081126
11147	0.081114
6155	0.081108
599	0.081049
4463	0.081006
4416	0.080836
239	0.080833
6557	0.080625
5038	0.080481
10227	0.080449
7131	0.080438
10045	0.080302
874	0.080245
6501	0.080176
10232	0.080153
9761	0.080105
9231	0.079984
8634	0.079960
5546	0.079913
11677	0.079717
4494	0.079717
4493	0.079717
3438	0.079706
5914	0.079668
4787	0.079432
2267	0.079170
5790	0.079071
10511	0.079059
13600	0.078987
5712	0.078940
5711	0.078940
5710	0.078940
2382	0.078883
11178	0.078794
9201	0.078531
5913	0.078481
9539	0.078334
6317	0.078203
10286	0.078084
1090	0.077982
12182	0.077901
4464	0.077901
5442	0.077834
11989	0.077829
3786	0.077821
1346	0.077797
2962	0.077653
6102	0.077531
304	0.077395
9152	0.077361
5302	0.077174
4667	0.077115
11019	0.077084
6913	0.077041
6077	0.077012
3957	0.076771
4671	0.076728
4669	0.076728
2990	0.076709
10233	0.076668
11996	0.076610
13533	0.076288
13532	0.076288
13531	0.076288
3142	0.076169
6532	0.076141
5777	0.076098
4670	0.076028
11798	0.075961
13076	0.075742
4485	0.075631
13626	0.075437
13425	0.075437
5289	0.075310
9204	0.075103
8592	0.075103
5476	0.075064
4672	0.075000
9855	0.074981
8713	0.074981
2522	0.074957
10230	0.074876
758	0.074677
13427	0.074625
4958	0.074523
2817	0.074521
11556	0.074362
4709	0.074307
5649	0.074230
9215	0.074229
4824	0.074203
7101	0.074170
3539	0.074095
3960	0.074079
3956	0.074079
7856	0.074046
6938	0.073958
6473	0.073903
5062	0.073813
12093	0.073734
861	0.073708
469	0.073701
7913	0.073647
5968	0.073647
470	0.073647
876	0.073408
7654	0.073392
1854	0.073364
13688	0.073215
5967	0.073205
3128	0.073179
3121	0.073179
3048	0.073179
2624	0.073179
2303	0.073179
10098	0.073153
7207	0.073037
2996	0.072934
2097	0.072903
5779	0.072799
2365	0.072739
5243	0.072675
2594	0.072451
5778	0.072431
11818	0.072333
2394	0.072287
1232	0.072168
1229	0.072168
5911	0.072086
7200	0.072063
11681	0.072007
8619	0.071979
5918	0.071972
7655	0.071948
9840	0.071883
12462	0.071858
10685	0.071858
11298	0.071630
10994	0.071630
6016	0.071619
6482	0.071558
3712	0.071464
13497	0.071411
3287	0.071374
3212	0.071360
2593	0.071281
11733	0.071275
79	0.071257
3505	0.071225
7306	0.071209
4883	0.071189
2281	0.071188
2286	0.071163
11806	0.071146
3054	0.071089
9176	0.071049
8809	0.071049
679	0.071040
9870	0.070979
4281	0.070814
10642	0.070781
2263	0.070774
10701	0.070763
1656	0.070760
8412	0.070722
3288	0.070715
6252	0.070712
6663	0.070670
3071	0.070603
10389	0.070442
1882	0.070381
7379	0.070380
11682	0.070251
370	0.070229
3613	0.070211
10916	0.070197
5909	0.070118
9831	0.070096
5780	0.070023
1133	0.070009
3507	0.069736
6464	0.069616
6463	0.069616
12175	0.069594
3420	0.069558
2632	0.069558
6866	0.069521
6147	0.069460
10538	0.069416
13633	0.069359
13490	0.069271
13632	0.069271
13631	0.069271
169	0.069226
38	0.069213
5737	0.069196
7584	0.069183
5650	0.069079
4109	0.069023
14209	0.068896
4383	0.068890
13498	0.068864
8398	0.068856
11626	0.068850
5433	0.068845
13694	0.068799
2282	0.068783
1265	0.068708
11646	0.068707
11800	0.068464
12300	0.068455
7245	0.068425
678	0.068408
7295	0.068408
7182	0.068376
2037	0.068367
9775	0.068354
2600	0.068329
4668	0.068322
14226	0.068321
14225	0.068321
13873	0.068321
13872	0.068321
13871	0.068321
13870	0.068321
8437	0.068321
8435	0.068321
8434	0.068321
9512	0.068314
7955	0.068283
4349	0.068275
13435	0.068275
2059	0.068275
9495	0.068203
9147	0.068203
2320	0.068181
2845	0.068165
2067	0.068089
10229	0.068081
4541	0.068068
5697	0.068024
948	0.068023
11635	0.068018
2057	0.068017
10739	0.067999
10788	0.067999
10777	0.067999
10759	0.067999
9170	0.067883
12414	0.067862
11803	0.067791
5305	0.067663
6124	0.067644
4032	0.067551
2708	0.067534
10740	0.067518
3884	0.067437
92	0.067354
5461	0.067311
4469	0.067255
11634	0.067250
13320	0.067224
12069	0.067197
1400	0.067129
5963	0.067013
186	0.067004
353	0.066996
596	0.066984
3441	0.066970
9520	0.066917
1457	0.066859
1850	0.066793
1583	0.066752
6294	0.066751
3839	0.066639
8312	0.066563
5354	0.066490
6255	0.066424
4659	0.066381
10556	0.066348
2	0.066318
9460	0.066315
4721	0.066227
1285	0.066081
677	0.066028
184	0.065898
13164	0.065894
14406	0.065866
14405	0.065866
4559	0.065783
5346	0.065748
4530	0.065671
2525	0.065603
5123	0.065557
2870	0.065518
3061	0.065508
6291	0.065487
1118	0.065476
4778	0.065437
2523	0.065434
13121	0.065338
4789	0.065338
4788	0.065338
1119	0.065272
597	0.065243
8090	0.065196
2847	0.065196
2843	0.065196
2839	0.065196
2283	0.065127
9484	0.065106
9483	0.065106
9875	0.065064
14162	0.065016
2863	0.064921
4348	0.064898
2954	0.064878
2595	0.064870
2748	0.064863
2840	0.064846
9200	0.064831
991	0.064830
6145	0.064786
1675	0.064727
1120	0.064692
6395	0.064671
8436	0.064661
115	0.064661
13247	0.064656
9385	0.064655
13557	0.064653
13556	0.064653
2602	0.064627
14249	0.064600
14250	0.064585
10558	0.064585
10555	0.064585
6968	0.064585
8042	0.064583
10127	0.064568
6277	0.064536
2278	0.064527
6035	0.064526
6322	0.064488
10376	0.064416
6737	0.064415
1529	0.064374
13517	0.064320
9108	0.064282
5591	0.064274
9109	0.064182
406	0.064150
1952	0.064048
11799	0.064005
2438	0.063830
11415	0.063803
11987	0.063693
4476	0.063659
9993	0.063652
3095	0.063645
10646	0.063628
14233	0.063546
1136	0.063546
221	0.063487
11365	0.063468
11270	0.063468
10957	0.063468
7144	0.063468
5035	0.063415
8974	0.063398
6731	0.063387
1889	0.063325
5101	0.063311
3631	0.063200
2775	0.063093
10405	0.063082
11297	0.063050
3094	0.063035
2411	0.063028
3428	0.062933
3736	0.062885
10723	0.062848
2452	0.062840
13462	0.062696
12873	0.062683
3590	0.062636
492	0.062584
227	0.062583
10018	0.062577
3423	0.062572
989	0.062511
10523	0.062478
13942	0.062461
3429	0.062457
10557	0.062455
1979	0.062400
5156	0.062396
14248	0.062394
8047	0.062394
35	0.062339
141	0.062336
3225	0.062302
9311	0.062262
12530	0.062252
4169	0.062195
6366	0.062178
3430	0.062163
9466	0.062149
8671	0.062131
13396	0.062120
13338	0.062120
6443	0.062107
9235	0.062101
9230	0.062101
9228	0.062101
9225	0.062101
9224	0.062101
9221	0.062101
9219	0.062101
9214	0.062101
9213	0.062101
9211	0.062101
9209	0.062101
9208	0.062101
9206	0.062101
9193	0.062101
8807	0.062101
8679	0.062101
8677	0.062101
8675	0.062101
8674	0.062101
8673	0.062101
8670	0.062101
8637	0.062101
8633	0.062101
8631	0.062101
8610	0.062101
8591	0.062101
8539	0.062101
8538	0.062101
8537	0.062101
8536	0.062101
8529	0.062101
8526	0.062101
8525	0.062101
8632	0.062101
1992	0.062096
10198	0.062045
7888	0.062041
6426	0.062012
11982	0.061926
5414	0.061926
5412	0.061926
6034	0.061757
6378	0.061734
5456	0.061711
2453	0.061707
14404	0.061684
14400	0.061684
8143	0.061684
8096	0.061684
11679	0.061668
3739	0.061662
2809	0.061643
11739	0.061642
11211	0.061636
13095	0.061585
6969	0.061585
13569	0.061544
8635	0.061529
10186	0.061511
4947	0.061499
12431	0.061465
888	0.061434
10220	0.061434
7915	0.061387
9202	0.061363
10326	0.061351
1228	0.061333
5744	0.061296
5523	0.061281
10554	0.061277
553	0.061224
5651	0.061148
1039	0.061127
2521	0.061088
10197	0.060934
9121	0.060923
9112	0.060923
10264	0.060889
3974	0.060883
6852	0.060862
14395	0.060830
7891	0.060830
4495	0.060803
9610	0.060770
4948	0.060748
10761	0.060738
503	0.060673
6138	0.060623
10838	0.060620
4465	0.060578
9237	0.060573
8387	0.060461
2018	0.060440
10762	0.060403
1958	0.060390
456	0.060377
13374	0.060293
13373	0.060293
11988	0.060259
6198	0.060212
13148	0.060211
13147	0.060211
7892	0.060211
6298	0.060211
6297	0.060211
2458	0.060183
13199	0.060131
13198	0.060131
2639	0.060128
1521	0.060124
9999	0.060093
13519	0.060091
12636	0.060077
9099	0.060035
6587	0.060033
5746	0.059955
90	0.059912
9942	0.059908
9931	0.059908
9930	0.059908
9921	0.059908
9901	0.059908
9899	0.059908
9895	0.059908
9866	0.059908
9836	0.059908
9832	0.059908
9810	0.059908
9698	0.059908
9636	0.059908
9570	0.059908
9299	0.059908
7343	0.059905
7606	0.059905
10356	0.059896
2941	0.059886
1897	0.059873
2985	0.059862
746	0.059832
7759	0.059802
7357	0.059802
7355	0.059802
9726	0.059772
10839	0.059760
10748	0.059659
9834	0.059659
7356	0.059606
9779	0.059516
3940	0.059513
8223	0.059477
8530	0.059463
2396	0.059385
12126	0.059353
3745	0.059280
1535	0.059278
12053	0.059262
7400	0.059261
12273	0.059258
9839	0.059255
4531	0.059193
7977	0.059177
11998	0.059096
3751	0.059089
3750	0.059089
14290	0.059075
4377	0.059069
13200	0.059030
9320	0.059030
9318	0.059030
9315	0.059030
9314	0.059030
9313	0.059030
9312	0.059030
9310	0.059030
9309	0.059030
9306	0.059030
9305	0.059030
8733	0.059030
8669	0.059030
8668	0.059030
8608	0.059030
8607	0.059030
8605	0.059030
8603	0.059030
7703	0.059030
7477	0.059030
7408	0.059030
9506	0.059029
4450	0.059016
13456	0.058981
13342	0.058981
2964	0.058978
12525	0.058843
3432	0.058828
5272	0.058772
5593	0.058760
4613	0.058757
1759	0.058707
8173	0.058622
80	0.058596
879	0.058571
10049	0.058556
4781	0.058428
10456	0.058411
12077	0.058369
6461	0.058369
3711	0.058369
8207	0.058333
2227	0.058333
2666	0.058323
2020	0.058290
4128	0.058238
8140	0.058220
11300	0.058206
13235	0.058161
4029	0.058142
10658	0.058115
5424	0.058115
11703	0.058109
5788	0.058093
11065	0.058092
10337	0.058081
8636	0.058050
3260	0.058007
5299	0.058000
10059	0.057943
13036	0.057817
13716	0.057813
9210	0.057774
9199	0.057762
6184	0.057736
3440	0.057725
7702	0.057701
11121	0.057697
12238	0.057690
6677	0.057683
10615	0.057488
12237	0.057482
3270	0.057473
8032	0.057421
7917	0.057385
13131	0.057345
13847	0.057340
10199	0.057292
11926	0.057249
9957	0.057201
4664	0.057192
12357	0.057131
2699	0.057087
392	0.057049
1242	0.056955
8621	0.056922
9222	0.056917
10920	0.056898
11439	0.056897
10841	0.056884
1691	0.056872
730	0.056830
2955	0.056769
2953	0.056769
14214	0.056768
1173	0.056742
4296	0.056715
11237	0.056702
9319	0.056690
7642	0.056683
7342	0.056681
10943	0.056617
2971	0.056567
1330	0.056564
3425	0.056545
7227	0.056484
3735	0.056454
3007	0.056431
9436	0.056419
5500	0.056380
1816	0.056373
2529	0.056318
2447	0.056305
2783	0.056300
11813	0.056300
8439	0.056293
7435	0.056293
7180	0.056293
1756	0.056286
1402	0.056279
10657	0.056255
179	0.056250
8438	0.056234
3276	0.056220
9438	0.056208
4509	0.056179
6415	0.056139
11129	0.056137
4766	0.056123
4442	0.056056
7114	0.056050
9770	0.056036
5748	0.056018
12352	0.056013
6833	0.055986
1403	0.055960
11233	0.055942
9381	0.055942
8000	0.055863
5604	0.055834
10542	0.055799
12010	0.055763
2477	0.055761
12403	0.055712
1898	0.055635
14379	0.055583
13970	0.055444
11226	0.055416
9220	0.055413
5447	0.055385
78	0.055343
7082	0.055294
6307	0.055261
5275	0.055223
3710	0.055147
9674	0.055122
