4078	0.331704
34	0.288975
2545	0.224899
13846	0.223535
8459	0.223535
5195	0.223198
7397	0.220273
2546	0.219751
819	0.211402
6328	0.210274
5025	0.200170
5684	0.186030
1138	0.185896
5606	0.185509
4033	0.183606
199	0.178196
205	0.174965
203	0.174965
13277	0.174196
11918	0.171722
206	0.169261
5240	0.168661
5844	0.168608
2835	0.165872
31	0.165442
8618	0.161549
7807	0.160166
4453	0.160062
11920	0.158590
3927	0.158590
3868	0.158590
3213	0.158159
6449	0.158114
8886	0.157710
1260	0.156647
3626	0.156579
3879	0.155063
11919	0.154215
686	0.152835
835	0.152040
4080	0.151911
3929	0.151508
3928	0.151508
13748	0.151386
7709	0.150853
9820	0.149935
8735	0.149935
286	0.147078
5239	0.146967
5905	0.145775
43	0.145713
13721	0.145259
13709	0.145259
7864	0.145085
3784	0.145034
699	0.144858
3716	0.143356
5238	0.143030
6208	0.142434
208	0.141093
820	0.139880
12360	0.139549
7711	0.139549
10862	0.139243
198	0.139151
10863	0.138690
4832	0.136953
39	0.136157
40	0.135912
12039	0.135909
4954	0.135373
1829	0.135210
3867	0.132709
4030	0.131064
7947	0.130642
858	0.129463
379	0.129337
11256	0.129305
4533	0.128572
12359	0.127721
6468	0.127721
3304	0.126648
12038	0.125411
1892	0.121638
6816	0.121575
65	0.121276
5261	0.120887
3052	0.120686
3504	0.119391
66	0.119325
4661	0.119266
5318	0.119110
9616	0.118099
2123	0.117977
5237	0.117558
14093	0.117095
3053	0.116820
8346	0.115902
8345	0.115902
4393	0.115204
10580	0.114415
5930	0.114415
1422	0.113969
13766	0.113932
8816	0.113084
8815	0.113084
8814	0.113084
8812	0.113084
8796	0.113084
8795	0.113084
8777	0.113084
7923	0.113084
5011	0.113061
13039	0.112988
665	0.111997
5728	0.111176
3503	0.110325
11323	0.108777
4079	0.108235
98	0.107770
7433	0.107663
13862	0.107649
4763	0.107392
3549	0.107181
5174	0.106193
1549	0.103909
11701	0.103886
13363	0.103160
4639	0.102917
4635	0.102917
4634	0.102917
3082	0.102917
11830	0.102917
3743	0.102225
606	0.101969
9609	0.101949
9580	0.101949
3486	0.101905
4213	0.101833
8324	0.101472
4031	0.100984
8749	0.100749
8748	0.100749
12314	0.100749
3485	0.100611
3106	0.100261
7534	0.100240
2543	0.099988
6836	0.099964
4797	0.099824
269	0.099754
13567	0.099725
5731	0.099725
5730	0.099725
5726	0.099725
5723	0.099725
5722	0.099725
5721	0.099725
5681	0.099725
6316	0.099244
2472	0.098820
6129	0.098690
46	0.098480
7553	0.097992
7809	0.097469
3649	0.097170
3643	0.096219
11860	0.096135
9370	0.096047
2927	0.095476
3805	0.095137
6997	0.094328
6479	0.093921
9541	0.093259
9725	0.092472
8208	0.092419
1009	0.092419
12861	0.091769
12073	0.091300
7420	0.090854
3732	0.090467
2440	0.090305
13607	0.090171
5486	0.089701
270	0.089135
3226	0.089114
4143	0.089061
11212	0.088570
12112	0.088431
13994	0.088221
7931	0.088221
9606	0.088193
6638	0.088120
9436	0.088067
279	0.087862
4144	0.087682
3646	0.087475
12191	0.087131
9564	0.087112
3566	0.087112
4800	0.086890
1621	0.086793
7536	0.086597
1990	0.086439
3600	0.086261
3078	0.086018
1358	0.085917
458	0.085785
8557	0.085780
8555	0.085780
8547	0.085780
1421	0.085705
6582	0.085561
7492	0.085422
8252	0.085320
12111	0.085127
5665	0.085081
9039	0.084704
1190	0.084654
3834	0.084635
8328	0.084556
5734	0.084520
4713	0.084430
1332	0.084421
628	0.084232
4910	0.084129
9633	0.084087
9630	0.084087
9628	0.084087
9626	0.084087
9625	0.084087
9624	0.084087
9622	0.084087
9621	0.084087
9620	0.084087
9619	0.084087
9618	0.084087
9615	0.084087
9482	0.084087
13652	0.083887
6117	0.083741
9330	0.083598
6584	0.083589
6581	0.083589
3813	0.083479
2094	0.083426
7631	0.083405
3812	0.083296
6480	0.083150
3650	0.083002
13550	0.082680
12862	0.082571
8661	0.082184
6534	0.082057
4330	0.081917
1201	0.081822
7077	0.081789
10023	0.081740
3059	0.081655
8338	0.081583
2033	0.081528
5688	0.081524
457	0.081300
459	0.081271
10835	0.081249
5260	0.081249
4679	0.081083
6490	0.081044
41	0.081040
3040	0.080997
1462	0.080869
7220	0.080846
14342	0.080742
7100	0.080699
3652	0.080501
6001	0.080390
1352	0.080362
986	0.080336
11695	0.080304
680	0.080292
12313	0.080193
8167	0.080193
3669	0.080161
6623	0.080140
64	0.080127
7213	0.080127
419	0.079884
4816	0.079804
6452	0.079775
3230	0.079589
695	0.079545
1341	0.079425
276	0.079319
9295	0.079242
8835	0.079228
4828	0.079116
2620	0.078971
5682	0.078922
6971	0.078909
13972	0.078705
3240	0.078703
280	0.078646
1231	0.078633
6910	0.078074
7152	0.078012
5843	0.077995
12736	0.077966
3841	0.077945
7438	0.077911
7123	0.077911
10796	0.077758
9502	0.077421
11148	0.077182
6363	0.077119
9867	0.077100
9612	0.076980
1655	0.076949
9002	0.076827
11413	0.076713
5181	0.076644
397	0.076633
294	0.076629
2703	0.076537
9338	0.076452
13606	0.076381
5540	0.076356
13915	0.076356
11743	0.076282
2560	0.076271
3976	0.076270
7332	0.076258
6365	0.076258
13708	0.076235
1588	0.076219
7681	0.076199
13876	0.076162
8061	0.076162
2552	0.076155
7959	0.076098
5550	0.076064
6224	0.075998
7331	0.075983
11221	0.075975
6222	0.075913
9898	0.075835
1566	0.075835
9501	0.075770
2551	0.075673
9005	0.075629
2554	0.075628
9613	0.075609
426	0.075603
8862	0.075534
8861	0.075534
8860	0.075534
8859	0.075534
8858	0.075534
8857	0.075534
8844	0.075534
8843	0.075534
8842	0.075534
8841	0.075534
8840	0.075534
8839	0.075534
8838	0.075534
8834	0.075534
8824	0.075534
8823	0.075534
8822	0.075534
8820	0.075534
8818	0.075534
8817	0.075534
8803	0.075534
8798	0.075534
8737	0.075534
8639	0.075534
7682	0.075534
7677	0.075534
7382	0.075534
7247	0.075534
5795	0.075511
5267	0.075447
7963	0.075352
8382	0.075348
2100	0.075271
2553	0.075267
5251	0.075251
5602	0.075234
3965	0.075145
5666	0.075112
4024	0.075092
12231	0.075085
3305	0.075080
3302	0.075080
5551	0.075035
9587	0.075024
220	0.075015
3951	0.075007
2437	0.074994
9500	0.074974
10057	0.074956
274	0.074895
5600	0.074846
14041	0.074771
9487	0.074762
6086	0.074716
14060	0.074619
1582	0.074598
7739	0.074598
2555	0.074576
13946	0.074531
1592	0.074531
629	0.074519
9676	0.074407
1591	0.074333
1893	0.074316
4735	0.074297
8799	0.074192
4506	0.074192
4502	0.074192
1947	0.074192
4647	0.074162
5605	0.074095
5059	0.074093
2076	0.074093
1020	0.074050
6381	0.074029
3544	0.073832
5308	0.073809
6085	0.073536
831	0.073412
6268	0.073381
9182	0.073373
9611	0.073299
2780	0.073258
852	0.073153
4902	0.073066
2558	0.073022
6462	0.073000
212	0.072912
7329	0.072845
11265	0.072728
671	0.072661
5186	0.072580
2556	0.072575
12383	0.072499
1596	0.072498
2547	0.072431
2077	0.072289
4975	0.072267
12203	0.072186
8580	0.072186
8575	0.072186
8546	0.072186
7122	0.072186
12061	0.072126
13452	0.071834
4698	0.071753
13653	0.071750
13555	0.071750
13316	0.071750
10602	0.071750
8028	0.071708
9006	0.071679
9004	0.071679
9003	0.071679
9001	0.071679
9000	0.071679
8999	0.071679
8941	0.071679
3168	0.071627
382	0.071602
10876	0.071383
2559	0.071323
6223	0.071257
13305	0.071233
3987	0.071134
6481	0.071104
8898	0.070957
12117	0.070952
7345	0.070952
188	0.070904
8998	0.070834
30	0.070801
1597	0.070775
4793	0.070749
8493	0.070699
6314	0.070552
6162	0.070438
3469	0.070427
832	0.070408
2540	0.070369
8441	0.070343
8440	0.070343
11702	0.070229
2548	0.070142
3723	0.070073
1581	0.070069
9187	0.069996
6698	0.069922
2557	0.069871
10923	0.069628
1822	0.069537
8763	0.069411
8761	0.069411
289	0.069403
10164	0.069313
9675	0.069247
12154	0.069179
10813	0.069119
7453	0.069091
4154	0.068974
7049	0.068806
7676	0.068799
13092	0.068694
13624	0.068631
13623	0.068631
12312	0.068593
6928	0.068577
12433	0.068515
8579	0.068477
9767	0.068471
5317	0.068425
4507	0.068306
8577	0.068291
8576	0.068291
8574	0.068291
8556	0.068291
5603	0.068264
2929	0.068219
12372	0.068178
1817	0.068166
9503	0.068149
4328	0.068127
4292	0.068010
1399	0.068008
1937	0.067994
7050	0.067984
828	0.067924
6958	0.067890
13650	0.067796
10756	0.067639
2102	0.067604
5736	0.067492
10603	0.067454
293	0.067408
292	0.067408
291	0.067408
290	0.067408
287	0.067408
325	0.067401
7259	0.067344
9181	0.066896
13405	0.066895
6627	0.066829
3229	0.066787
285	0.066682
1936	0.066546
5465	0.066545
13504	0.066542
13059	0.066523
12334	0.066523
6549	0.066523
13938	0.066511
1485	0.066481
13808	0.066461
9595	0.066357
9623	0.066336
3675	0.066300
3099	0.066292
14059	0.066253
9876	0.066217
7628	0.066217
7627	0.066217
282	0.066201
9718	0.066094
2434	0.066081
4790	0.066012
14048	0.066011
14141	0.065992
9373	0.065963
8087	0.065814
5256	0.065734
2341	0.065665
1616	0.065608
7726	0.065591
11176	0.065550
8202	0.065525
9097	0.065380
9096	0.065380
13529	0.065204
6362	0.065190
8926	0.065034
6955	0.065032
4051	0.064953
8728	0.064940
9664	0.064933
1359	0.064884
2466	0.064848
1337	0.064826
3555	0.064800
4425	0.064753
277	0.064647
9578	0.064594
7706	0.064589
5701	0.064530
5906	0.064530
13482	0.064508
9329	0.064446
11648	0.064389
7485	0.064328
7484	0.064328
3545	0.064325
6956	0.064317
8162	0.064254
8889	0.064215
1014	0.064184
10314	0.064181
12547	0.064139
791	0.064024
194	0.064013
10315	0.064007
6287	0.063925
2706	0.063895
215	0.063661
13580	0.063619
3678	0.063617
3673	0.063617
9631	0.063525
1345	0.063486
5601	0.063446
13282	0.063241
7560	0.063225
13281	0.063201
13904	0.063171
2549	0.063021
1344	0.062994
4410	0.062955
2322	0.062939
6394	0.062924
11582	0.062704
5928	0.062680
3232	0.062573
8836	0.062554
8377	0.062491
13	0.062440
8837	0.062416
13314	0.062394
656	0.062294
441	0.062268
1610	0.062192
7078	0.062182
882	0.062128
3254	0.062081
9597	0.062075
9355	0.062075
6748	0.062075
12910	0.062063
4532	0.062049
9766	0.061986
9765	0.061986
6643	0.061972
7341	0.061865
9212	0.061841
3680	0.061838
4678	0.061803
1966	0.061800
11824	0.061797
5187	0.061731
5090	0.061620
10583	0.061595
5319	0.061557
2224	0.061514
195	0.061510
1987	0.061317
3809	0.061294
13460	0.061285
5155	0.061258
3191	0.061202
3363	0.061155
4408	0.061087
4224	0.061065
272	0.061024
1243	0.060995
11454	0.060953
10238	0.060926
1993	0.060926
1981	0.060912
8373	0.060891
8240	0.060891
12428	0.060799
13083	0.060761
9689	0.060760
13084	0.060718
9184	0.060718
9180	0.060718
7293	0.060718
7292	0.060718
7291	0.060718
1891	0.060671
11735	0.060637
3263	0.060616
12202	0.060541
3988	0.060541
8531	0.060532
11104	0.060498
10461	0.060476
9342	0.060455
14061	0.060432
1220	0.060340
1980	0.060300
13362	0.060211
3182	0.060086
10724	0.060065
4332	0.060017
3888	0.059858
12544	0.059804
9416	0.059676
7001	0.059660
6979	0.059520
13008	0.059516
11011	0.059487
11115	0.059480
7977	0.059432
10725	0.059306
2227	0.059129
68	0.058974
632	0.058878
9183	0.058839
50	0.058787
5708	0.058759
961	0.058747
12564	0.058744
11216	0.058692
11386	0.058614
2567	0.058607
8703	0.058572
10429	0.058500
6226	0.058337
6382	0.058299
10672	0.058267
5725	0.058166
10359	0.058114
11746	0.057987
9906	0.057915
6004	0.057800
4504	0.057796
10044	0.057635
2869	0.057524
6261	0.057493
12382	0.057433
6422	0.057395
12751	0.057385
10043	0.057365
10331	0.057341
10919	0.057269
3662	0.057250
2793	0.057203
9190	0.057188
11921	0.057182
3178	0.057026
12753	0.056927
3105	0.056852
1456	0.056813
3039	0.056638
10410	0.056631
4731	0.056618
4675	0.056618
204	0.056611
2998	0.056598
12109	0.056596
5948	0.056596
5695	0.056458
12291	0.056457
11389	0.056419
1336	0.056417
5176	0.056353
2701	0.056346
3490	0.056318
1599	0.056291
10181	0.056203
4856	0.056192
2550	0.056104
10411	0.056036
9347	0.056022
9007	0.056015
3645	0.055969
6189	0.055966
190	0.055932
1977	0.055930
12297	0.055930
8098	0.055930
7229	0.055920
4208	0.055806
341	0.055744
1985	0.055680
5558	0.055620
6306	0.055610
200	0.055532
5622	0.055522
9696	0.055509
6544	0.055508
11954	0.055384
5080	0.055270
3605	0.055225
13827	0.055204
13108	0.055204
13107	0.055204
12882	0.055204
10121	0.055204
8458	0.055204
4259	0.055151
1021	0.055142
13404	0.055119
12178	0.055114
8718	0.055099
2797	0.055026
6043	0.055021
6867	0.055003
4791	0.054991
9121	0.054988
9112	0.054988
9680	0.054863
7308	0.054863
7265	0.054863
5494	0.054863
4320	0.054827
11507	0.054753
888	0.054718
1878	0.054669
643	0.054615
8780	0.054599
6482	0.054544
6882	0.054532
3247	0.054532
3231	0.054405
5917	0.054393
10604	0.054350
4962	0.054283
258	0.053997
1397	0.053990
726	0.053958
383	0.053940
2997	0.053921
249	0.053914
9236	0.053899
10785	0.053886
1427	0.053796
1193	0.053689
760	0.053547
218	0.053499
13524	0.053407
6856	0.053339
10618	0.053282
5709	0.053261
653	0.053239
5407	0.053237
1803	0.053111
254	0.053091
7056	0.053065
5860	0.053048
3065	0.053017
9830	0.052912
3835	0.052875
1568	0.052714
5991	0.052656
13160	0.052650
13161	0.052585
1779	0.052538
2031	0.052487
283	0.052452
44	0.052395
308	0.052146
8696	0.052108
11269	0.052099
13762	0.052099
9118	0.051980
5234	0.051923
637	0.051912
3949	0.051908
12245	0.051849
3224	0.051811
250	0.051749
12277	0.051728
8073	0.051728
6150	0.051728
5944	0.051728
5943	0.051728
3946	0.051656
3803	0.051586
11530	0.051508
1513	0.051495
5167	0.051494
3760	0.051341
4792	0.051341
9610	0.051301
216	0.051197
8463	0.051113
8253	0.051106
11053	0.051089
2008	0.051089
14096	0.051010
5537	0.051007
393	0.050989
7814	0.050950
8362	0.050919
2724	0.050823
429	0.050717
10468	0.050710
7907	0.050680
1463	0.050651
5720	0.050627
12364	0.050627
14349	0.050589
14344	0.050589
14316	0.050589
14309	0.050589
14306	0.050589
14260	0.050589
14240	0.050589
14216	0.050589
14168	0.050589
11086	0.050518
7482	0.050496
10640	0.050489
3038	0.050403
5069	0.050352
5264	0.050346
2696	0.050328
5068	0.050322
2144	0.050301
6729	0.050269
5007	0.050256
14315	0.050250
4452	0.050229
8052	0.050171
759	0.050145
10632	0.050115
4252	0.050090
5014	0.050056
13302	0.050047
8578	0.050038
261	0.050018
5377	0.049993
12565	0.049884
1913	0.049839
6691	0.049826
8284	0.049814
3642	0.049799
4439	0.049768
11179	0.049746
13423	0.049693
7812	0.049602
5828	0.049578
3785	0.049563
5374	0.049559
7813	0.049500
7805	0.049500
9811	0.049464
13324	0.049463
1613	0.049439
6159	0.049413
6158	0.049413
9739	0.049392
5123	0.049373
13956	0.049331
4628	0.049331
7641	0.049225
6341	0.049225
12380	0.049225
2948	0.049153
2946	0.049153
7071	0.049028
9879	0.049010
5716	0.048965
12410	0.048945
1847	0.048934
4172	0.048921
8116	0.048910
8170	0.048760
2790	0.048734
10054	0.048705
1197	0.048694
4016	0.048688
2975	0.048677
8593	0.048630
1607	0.048566
6715	0.048558
1612	0.048549
8697	0.048543
9229	0.048510
3208	0.048368
4484	0.048364
13491	0.048362
6908	0.048289
13798	0.048204
10787	0.048180
1593	0.048035
3606	0.047968
196	0.047946
