34	0.213354
4078	0.196666
206	0.150036
5240	0.146688
5844	0.146663
7397	0.143343
5238	0.143245
2546	0.142796
199	0.142114
2545	0.141976
12360	0.141283
7711	0.141283
4453	0.138842
31	0.137437
819	0.135903
3213	0.135743
205	0.135457
203	0.135457
6328	0.134441
13277	0.134282
13421	0.131880
10410	0.130964
11389	0.129854
10411	0.129421
3879	0.127313
4763	0.127126
13807	0.126581
14107	0.125537
3091	0.124843
3089	0.124843
3088	0.124843
7223	0.124839
14148	0.124834
14147	0.124833
3090	0.124833
1847	0.124458
14146	0.124287
12359	0.124112
6468	0.124112
8618	0.123841
13748	0.122535
858	0.121328
5684	0.121204
11920	0.120909
3927	0.120909
3868	0.120909
2929	0.120803
6449	0.120728
7709	0.120247
8886	0.119918
9616	0.119725
4033	0.119575
9820	0.118935
8735	0.118935
3680	0.118747
13652	0.118082
5155	0.117371
11918	0.116979
686	0.116903
11919	0.116694
5239	0.116543
3646	0.116485
6582	0.116053
7492	0.115822
5905	0.115478
1138	0.115339
3929	0.115092
3928	0.115092
699	0.114968
7864	0.114503
13721	0.114418
13709	0.114418
9330	0.114307
6584	0.114271
6581	0.114271
7631	0.113916
1358	0.113770
2927	0.113574
6208	0.113468
5606	0.112999
4795	0.111445
628	0.110236
10461	0.110192
5602	0.110173
5550	0.110131
40	0.110060
12039	0.110050
12736	0.109944
3716	0.109853
3669	0.109759
5603	0.109570
2500	0.109099
5682	0.108843
10023	0.108655
632	0.108589
11413	0.108516
286	0.108326
1260	0.108129
9295	0.108064
7077	0.108007
7739	0.107977
13938	0.107929
2555	0.107891
2560	0.107802
12544	0.107773
9502	0.107772
9487	0.107749
12117	0.107686
7345	0.107686
9500	0.107655
2033	0.107628
7332	0.107600
6365	0.107600
9898	0.107557
5600	0.107474
13876	0.107452
8061	0.107452
3976	0.107424
7331	0.107407
5551	0.107379
11221	0.107378
1588	0.107371
13708	0.107332
2552	0.107321
5176	0.107198
1427	0.107121
6224	0.107090
4024	0.106839
5251	0.106798
6222	0.106741
2554	0.106700
5267	0.106557
7959	0.106288
9597	0.106240
9355	0.106240
6748	0.106240
12231	0.106209
325	0.106094
2551	0.105873
11323	0.105817
2553	0.105670
14041	0.105592
6223	0.105583
10862	0.105498
12383	0.105366
2558	0.105331
43	0.105314
5605	0.105308
9501	0.105221
5906	0.105087
10863	0.104967
10057	0.104957
7485	0.104925
7484	0.104925
1582	0.104875
9187	0.104759
39	0.104730
10583	0.104676
3805	0.104596
7807	0.104417
9182	0.104297
6085	0.104177
3555	0.104174
5666	0.104101
13808	0.103921
2703	0.103723
6268	0.103654
7947	0.103624
5728	0.103607
3662	0.103544
2559	0.103538
8064	0.103493
6928	0.103329
8116	0.103275
4902	0.103230
4679	0.103209
13538	0.103169
13452	0.103000
2556	0.102999
13653	0.102832
13555	0.102832
13316	0.102832
10602	0.102832
7554	0.102792
3965	0.102773
9675	0.102720
2100	0.102671
2434	0.102544
6745	0.102536
7706	0.102533
4698	0.102513
11701	0.102432
458	0.102408
5465	0.102367
820	0.102319
5734	0.101806
3784	0.101191
5174	0.101159
7329	0.101103
2567	0.101082
13550	0.100878
4731	0.100804
4675	0.100804
9181	0.100675
459	0.100647
457	0.100587
7726	0.100559
4793	0.100459
3867	0.100242
11265	0.100180
4330	0.100140
1485	0.100119
2076	0.099996
1822	0.099965
5237	0.099947
6462	0.099871
1829	0.099775
9118	0.099464
11648	0.099351
2557	0.098916
8763	0.098838
8761	0.098838
1399	0.098743
6836	0.098398
208	0.098170
7809	0.097994
3732	0.097828
6958	0.097680
4393	0.097452
6452	0.097205
11256	0.097187
6534	0.097131
8810	0.097128
9676	0.096952
9609	0.096850
9580	0.096850
3504	0.096663
13423	0.096433
14061	0.096404
9416	0.096275
6287	0.095961
3626	0.095880
3834	0.095626
4832	0.095438
13092	0.095335
65	0.095105
1892	0.094934
6226	0.094777
9362	0.094384
5308	0.094336
12433	0.094231
249	0.094222
5261	0.094073
13491	0.094038
13883	0.094030
6422	0.093933
3263	0.093852
9373	0.093847
30	0.093720
776	0.093549
4484	0.093420
12382	0.092871
7553	0.092838
250	0.092771
4735	0.092762
6382	0.092727
5181	0.092724
269	0.092649
198	0.092532
4224	0.092441
5991	0.092314
9906	0.092241
11507	0.091971
7220	0.091954
5665	0.091843
12073	0.091770
9329	0.091726
10603	0.091684
4452	0.091604
12564	0.091568
3743	0.091361
12565	0.091360
12751	0.090775
2706	0.090692
852	0.090595
5601	0.090403
9811	0.090310
9739	0.090265
11216	0.090259
3039	0.090127
10672	0.089897
12191	0.089855
11386	0.089729
2724	0.089691
10580	0.089145
5930	0.089145
12570	0.089133
2123	0.089086
2566	0.089050
3053	0.088785
629	0.088748
6715	0.088632
13305	0.088624
11921	0.088471
13398	0.088471
10756	0.088198
8816	0.087920
8815	0.087920
8814	0.087920
8812	0.087920
8796	0.087920
8795	0.087920
8777	0.087920
7923	0.087920
4410	0.087855
12862	0.087838
5264	0.087772
6910	0.087718
4713	0.087663
7152	0.087656
98	0.087607
383	0.087402
14093	0.087120
1340	0.086961
10017	0.086755
13607	0.086571
2869	0.086453
10876	0.086328
4533	0.086207
3549	0.086073
7887	0.086027
12561	0.085961
10835	0.085888
5260	0.085888
11034	0.085840
1462	0.085761
11429	0.085709
11324	0.085709
4051	0.085581
8346	0.085249
8345	0.085249
6816	0.085150
46	0.085121
3469	0.085065
2561	0.085045
3185	0.084868
4332	0.084791
4425	0.084766
13083	0.084721
9767	0.084716
13084	0.084581
9184	0.084581
9180	0.084581
7293	0.084581
7292	0.084581
7291	0.084581
9830	0.083925
1779	0.083639
13404	0.083576
2472	0.083481
8052	0.083364
10001	0.083137
11104	0.083069
3168	0.083019
12297	0.082832
8098	0.082832
5227	0.082590
1336	0.082581
9183	0.082477
253	0.082434
10497	0.082137
4154	0.081762
9002	0.081655
11269	0.081592
13161	0.081414
13160	0.081389
1397	0.081333
1655	0.081278
4678	0.081143
11500	0.080972
9587	0.080964
10782	0.080867
7676	0.080823
1021	0.080813
9006	0.080796
9004	0.080796
9003	0.080796
9001	0.080796
9000	0.080796
8999	0.080796
8941	0.080796
3230	0.080788
7453	0.080465
11830	0.080426
4639	0.080426
4635	0.080426
4634	0.080426
3082	0.080426
5695	0.080397
13766	0.080320
9179	0.080295
5716	0.080247
9920	0.080029
8998	0.079999
12372	0.079935
9885	0.079866
9851	0.079866
8828	0.079866
8826	0.079866
8825	0.079866
8811	0.079866
7781	0.079866
1022	0.079851
5324	0.079756
4507	0.079708
9876	0.079674
7628	0.079674
7627	0.079674
7050	0.079646
10813	0.079645
6586	0.079615
2540	0.079590
606	0.079569
4790	0.079534
13624	0.079526
13623	0.079526
13504	0.079513
12312	0.079422
3229	0.079316
2466	0.078959
4962	0.078923
5266	0.078820
66	0.078619
1556	0.078332
13405	0.078204
4143	0.078143
1621	0.078058
12719	0.077919
637	0.077865
4213	0.077825
653	0.077767
4797	0.077699
6784	0.077569
6638	0.077537
1421	0.077489
7049	0.077350
7534	0.077242
8898	0.076783
13529	0.076705
3232	0.076621
11935	0.076600
12038	0.076587
665	0.076366
11325	0.076286
1597	0.076119
11454	0.076091
7229	0.076016
10907	0.075854
5558	0.075835
9005	0.075779
6733	0.075667
2588	0.075581
11860	0.075575
3643	0.075571
1555	0.075551
33	0.075536
5318	0.075507
10359	0.075457
5858	0.075425
5344	0.075378
7716	0.075312
13912	0.075158
760	0.075083
10315	0.075004
8114	0.074931
7065	0.074895
14315	0.074882
9766	0.074852
9765	0.074852
44	0.074777
10314	0.074732
8051	0.074678
11702	0.074530
13830	0.074312
2835	0.074225
1422	0.074005
42	0.073983
12547	0.073847
1647	0.073830
8531	0.073760
3675	0.073730
10618	0.073722
1339	0.073593
671	0.073580
698	0.073544
5213	0.073516
7433	0.073251
9153	0.073219
11490	0.073158
3254	0.073039
1612	0.073031
376	0.072868
1193	0.072759
9718	0.072748
3649	0.072671
6671	0.072671
6955	0.072606
254	0.072423
10435	0.072278
11148	0.071958
7963	0.071958
8377	0.071827
13486	0.071789
8222	0.071613
2437	0.071597
656	0.071572
1581	0.071551
7078	0.071510
14342	0.071476
7536	0.071419
12380	0.071364
13798	0.071299
6956	0.071277
3052	0.071133
13644	0.071094
8889	0.071092
6623	0.070977
9370	0.070718
2620	0.070635
2372	0.070630
7420	0.070461
5346	0.070447
13846	0.070403
8459	0.070403
5011	0.070276
375	0.070267
14069	0.070229
11501	0.070184
13039	0.070155
10431	0.070064
12910	0.070011
2790	0.070005
10604	0.069917
5195	0.069908
11460	0.069877
11288	0.069877
3427	0.069717
5413	0.069563
4190	0.069451
379	0.069379
4307	0.069288
759	0.069260
8324	0.069038
3191	0.069037
3888	0.068961
12501	0.068948
11511	0.068939
6117	0.068920
4030	0.068777
13460	0.068697
41	0.068674
13516	0.068661
6115	0.068660
10468	0.068584
190	0.068536
2008	0.068503
2286	0.068471
6643	0.068456
5604	0.068372
7610	0.068215
9878	0.068122
3231	0.068109
6159	0.068102
6158	0.068102
8348	0.067979
6479	0.067918
5554	0.067912
5752	0.067899
13567	0.067865
5731	0.067865
5730	0.067865
5726	0.067865
5723	0.067865
5722	0.067865
5721	0.067865
5681	0.067865
11530	0.067863
4836	0.067863
5753	0.067855
11086	0.067642
10331	0.067471
1190	0.067467
695	0.067428
12753	0.067388
3304	0.067368
9039	0.067265
11169	0.067256
3486	0.067200
6086	0.067151
10205	0.067081
7330	0.067017
12535	0.066943
11179	0.066877
11681	0.066756
194	0.066628
9623	0.066429
4791	0.066349
9633	0.066269
9630	0.066269
9628	0.066269
9626	0.066269
9625	0.066269
9624	0.066269
9622	0.066269
9621	0.066269
9620	0.066269
9619	0.066269
9618	0.066269
9615	0.066269
9482	0.066269
6316	0.066249
8196	0.066229
8174	0.066229
8122	0.066229
8119	0.066229
7953	0.066229
10318	0.066183
12410	0.066110
8827	0.066054
13588	0.066031
195	0.066003
11299	0.065982
4800	0.065957
3955	0.065903
3485	0.065874
9680	0.065828
7308	0.065828
7265	0.065828
5494	0.065828
10119	0.065811
11508	0.065800
3208	0.065758
680	0.065732
1988	0.065729
12538	0.065704
3242	0.065660
2102	0.065638
7818	0.065601
647	0.065491
1878	0.065418
14083	0.065391
3650	0.065377
8661	0.065307
3630	0.065133
14070	0.065109
2094	0.065097
11213	0.064997
12178	0.064914
10941	0.064678
13363	0.064663
3835	0.064650
14178	0.064571
7935	0.064571
610	0.064551
4350	0.064531
1201	0.064516
961	0.064499
1549	0.064461
3059	0.064366
251	0.064325
277	0.064315
1839	0.064312
280	0.064307
8169	0.064150
5198	0.064150
7234	0.064011
114	0.063999
11982	0.063810
5414	0.063810
5412	0.063810
9331	0.063740
10360	0.063740
4031	0.063672
8749	0.063602
8748	0.063602
12314	0.063600
3637	0.063561
5453	0.063509
11854	0.063469
1286	0.063451
121	0.063283
426	0.063021
11011	0.062991
8258	0.062955
9212	0.062900
8473	0.062886
8226	0.062886
8224	0.062886
6071	0.062886
14089	0.062877
14084	0.062877
9579	0.062807
8337	0.062792
12763	0.062764
12280	0.062715
7641	0.062551
6341	0.062551
9377	0.062510
7056	0.062458
294	0.062415
2948	0.062375
2946	0.062375
13994	0.062346
7931	0.062346
276	0.062338
7928	0.062298
64	0.062274
11558	0.062251
3178	0.062227
3084	0.062171
3954	0.062110
3600	0.062029
2844	0.062017
12507	0.062009
643	0.061790
4144	0.061706
2173	0.061624
2793	0.061557
882	0.061553
1840	0.061510
2797	0.061458
661	0.061447
12515	0.061410
3821	0.061375
1613	0.061339
1817	0.061333
1341	0.061215
13449	0.061208
5667	0.061157
12628	0.060992
5025	0.060962
6283	0.060935
660	0.060842
9097	0.060766
9096	0.060766
7217	0.060700
6476	0.060700
13948	0.060696
10923	0.060671
1231	0.060640
6971	0.060602
7337	0.060488
3809	0.060467
3240	0.060432
9985	0.060424
8926	0.060414
8441	0.060322
8440	0.060322
6698	0.060321
14232	0.060289
4435	0.060289
9258	0.060169
975	0.060129
4320	0.060107
9233	0.060074
9823	0.060036
9274	0.059991
8995	0.059985
12536	0.059937
573	0.059934
8080	0.059932
6129	0.059920
10919	0.059911
393	0.059833
697	0.059767
4499	0.059738
3414	0.059736
5276	0.059587
196	0.059474
1011	0.059271
11053	0.059253
2604	0.059245
7213	0.059177
12313	0.059083
8167	0.059083
3890	0.059063
220	0.059014
5059	0.058991
9612	0.058933
270	0.058920
12109	0.058854
5948	0.058854
6376	0.058793
8272	0.058779
8141	0.058767
1113	0.058730
5186	0.058717
10096	0.058705
7515	0.058705
6517	0.058597
2077	0.058526
13580	0.058498
3841	0.058466
5109	0.058380
5256	0.058335
7654	0.058280
1337	0.058270
1117	0.058264
13661	0.058259
7655	0.058237
9940	0.058087
9914	0.058087
7044	0.058087
6848	0.058087
10611	0.058074
9121	0.058057
9112	0.058057
13314	0.058048
9176	0.058045
8809	0.058045
2104	0.057945
4145	0.057905
11255	0.057899
888	0.057895
357	0.057876
6704	0.057819
9613	0.057800
9818	0.057740
9693	0.057740
3642	0.057737
13302	0.057710
11212	0.057681
1963	0.057668
7364	0.057664
6482	0.057614
10463	0.057612
1332	0.057588
12558	0.057563
8535	0.057501
5887	0.057464
9436	0.057404
9606	0.057404
9273	0.057383
11532	0.057360
11718	0.057197
6867	0.057084
1135	0.057063
5520	0.057045
12214	0.057020
8253	0.056992
1039	0.056990
13361	0.056774
4411	0.056733
11419	0.056714
5187	0.056679
3633	0.056590
5241	0.056410
1937	0.056383
13143	0.056270
14349	0.056262
14344	0.056262
14316	0.056262
14309	0.056262
14306	0.056262
14260	0.056262
14240	0.056262
14216	0.056262
14168	0.056262
10563	0.056250
3953	0.056190
1014	0.056075
8087	0.056048
11166	0.055979
2250	0.055964
5888	0.055923
10597	0.055919
8718	0.055873
835	0.055854
1696	0.055808
5249	0.055795
1009	0.055763
7404	0.055754
9725	0.055738
197	0.055725
11132	0.055692
37	0.055602
1936	0.055551
4761	0.055541
2322	0.055447
9503	0.055394
644	0.055339
339	0.055301
5941	0.055295
1600	0.055281
1595	0.055281
1590	0.055281
5670	0.055215
6121	0.055205
4080	0.055201
5928	0.055198
322	0.055174
2701	0.055165
13706	0.055078
13738	0.055077
13731	0.055077
10165	0.055049
420	0.055032
13707	0.055026
10156	0.054993
9722	0.054980
7782	0.054970
5708	0.054907
9578	0.054845
9248	0.054785
8703	0.054764
6960	0.054669
674	0.054669
673	0.054669
664	0.054669
657	0.054669
652	0.054669
646	0.054669
189	0.054669
5688	0.054622
12228	0.054550
2475	0.054481
7312	0.054474
315	0.054474
13904	0.054450
11520	0.054389
7819	0.054359
1609	0.054282
12229	0.054277
11226	0.054216
11290	0.054149
12728	0.054134
11555	0.054006
6185	0.053997
8021	0.053876
5044	0.053862
10088	0.053854
7994	0.053809
6624	0.053791
3431	0.053784
11193	0.053768
11192	0.053768
1273	0.053719
11014	0.053621
1507	0.053587
5222	0.053456
10475	0.053442
7341	0.053435
649	0.053366
2334	0.053361
12630	0.053346
5490	0.053324
9721	0.053308
7948	0.053308
7778	0.053308
7618	0.053308
7113	0.053308
6286	0.053266
11922	0.053208
7020	0.053153
12665	0.053082
3078	0.053049
11506	0.052991
12242	0.052977
8833	0.052953
274	0.052902
212	0.052882
221	0.052783
1456	0.052735
13194	0.052653
6882	0.052628
3247	0.052628
4945	0.052605
923	0.052604
3796	0.052596
7206	0.052566
8208	0.052563
3506	0.052493
13498	0.052460
3803	0.052425
14370	0.052420
9904	0.052321
4910	0.052290
5851	0.052279
7866	0.052269
3804	0.052202
1120	0.052181
4561	0.052177
1119	0.052157
13497	0.052063
14060	0.052054
9839	0.052040
10795	0.052020
666	0.051996
7093	0.051974
11541	0.051894
