6680	0.191498
1778	0.190124
4204	0.178070
10589	0.163739
7670	0.161787
11677	0.160002
4494	0.160002
4493	0.160002
5379	0.151417
3024	0.146741
6147	0.138233
4947	0.132353
3428	0.127487
4495	0.119852
10882	0.119201
4087	0.114752
11091	0.113762
11178	0.113091
7207	0.111215
6620	0.110749
6353	0.110351
4701	0.110351
7224	0.109863
6574	0.109863
5527	0.109863
4235	0.108853
3441	0.108154
7359	0.107316
12144	0.107267
4700	0.107267
3429	0.105818
6415	0.103996
4895	0.102741
677	0.102063
8907	0.101270
13427	0.100921
10369	0.100741
10507	0.099032
10511	0.098884
6009	0.096273
4742	0.096273
7036	0.095838
2871	0.095828
12502	0.095390
12530	0.095372
13618	0.094644
13419	0.094644
6840	0.094644
4743	0.094369
2486	0.094224
11556	0.094199
5185	0.093864
12315	0.093628
3789	0.093397
14128	0.093278
12145	0.093155
10515	0.093155
5956	0.093155
5957	0.092977
179	0.091687
10274	0.091062
5650	0.090370
10275	0.090208
5010	0.090165
4319	0.089924
10881	0.089901
11202	0.089735
10801	0.089367
10749	0.088611
9964	0.088370
7932	0.087944
10301	0.087923
12187	0.087916
10089	0.087393
1202	0.087362
3440	0.086482
991	0.085830
13164	0.085823
3014	0.085353
12409	0.085121
10255	0.084626
11073	0.084317
7073	0.083535
5154	0.083301
12773	0.083082
7072	0.083026
12710	0.082775
1897	0.082711
8874	0.081774
412	0.081319
12638	0.081215
11109	0.080668
8794	0.080445
522	0.080408
2381	0.080257
10559	0.080228
1759	0.080223
6010	0.080186
12571	0.079419
12238	0.079115
3425	0.079012
7200	0.079003
10921	0.078638
11474	0.078562
12632	0.078397
323	0.078265
1785	0.077820
4349	0.077592
3825	0.077467
12636	0.077303
3715	0.077082
13225	0.077034
3748	0.076901
11019	0.076747
5293	0.076734
8135	0.076567
10920	0.076519
5491	0.076346
5220	0.076261
570	0.076152
12617	0.076096
3822	0.075934
2001	0.075714
12832	0.075656
6592	0.075621
11591	0.075477
6935	0.075253
13805	0.075253
5132	0.075253
11592	0.075111
10739	0.074994
10788	0.074994
10777	0.074994
10759	0.074994
10212	0.074593
2453	0.074584
11626	0.074531
12237	0.074346
1889	0.074152
9986	0.074017
9950	0.073951
10550	0.073865
5649	0.073666
10264	0.073646
14317	0.073637
5343	0.073628
4618	0.073421
10722	0.073293
9724	0.073280
1619	0.073217
11447	0.073213
7875	0.073155
3764	0.073099
13306	0.073088
4322	0.073072
12504	0.072866
5026	0.072857
5027	0.072857
10389	0.072551
10273	0.072521
11859	0.072378
7268	0.072076
4831	0.071565
5441	0.071534
3013	0.071439
11675	0.071425
9085	0.071374
11501	0.071297
12637	0.071214
11416	0.071197
11752	0.071123
9016	0.070877
10042	0.070771
10108	0.070156
10581	0.070021
11463	0.069975
2452	0.069911
9086	0.069873
13500	0.069695
5327	0.069616
4655	0.069536
3986	0.069521
12679	0.069494
3211	0.069466
4867	0.069311
2594	0.069146
6325	0.069062
5999	0.069060
5998	0.069060
10203	0.068981
2230	0.068974
12623	0.068926
12654	0.068907
10671	0.068864
9123	0.068834
12622	0.068671
10682	0.068577
5493	0.068518
4324	0.068341
7239	0.068257
12091	0.068196
5048	0.068196
12497	0.068099
11915	0.068052
1433	0.067940
597	0.067776
12804	0.067656
11464	0.067537
10256	0.067505
10912	0.067473
6963	0.067447
6134	0.067358
6138	0.067288
12665	0.067236
11725	0.067170
3030	0.067142
10658	0.067073
4392	0.066995
6938	0.066963
12241	0.066949
12240	0.066949
8074	0.066949
7294	0.066949
6054	0.066949
4336	0.066949
561	0.066907
4402	0.066902
9872	0.066882
3210	0.066606
2020	0.066599
10657	0.066518
12270	0.066494
12573	0.066448
12772	0.066431
11683	0.066345
13089	0.066319
2496	0.066267
11165	0.066237
2812	0.066191
10334	0.066129
12015	0.066125
5383	0.065775
10608	0.065766
3426	0.065697
11516	0.065595
12200	0.065568
11565	0.065434
4337	0.065418
11487	0.065278
10475	0.065198
13966	0.065195
12322	0.065181
10037	0.065150
8921	0.065031
9917	0.064980
10358	0.064935
9790	0.064933
14072	0.064787
13155	0.064779
10277	0.064737
1411	0.064718
11502	0.064710
14247	0.064664
11522	0.064582
3661	0.064542
794	0.064516
6053	0.064433
11415	0.064361
2809	0.064359
9170	0.064346
10049	0.064335
12508	0.064307
9840	0.064298
10258	0.064233
10670	0.064174
11234	0.064136
7205	0.064109
11033	0.064068
7201	0.063970
9909	0.063948
10961	0.063913
9989	0.063855
11579	0.063850
1997	0.063824
5846	0.063779
12783	0.063762
10215	0.063762
12462	0.063678
10685	0.063678
9870	0.063657
566	0.063545
8564	0.063541
11595	0.063508
12792	0.063467
14	0.063406
10761	0.063384
10762	0.063357
5672	0.063328
12799	0.063309
10073	0.063248
13165	0.063245
6386	0.063202
10523	0.063153
1507	0.063131
5534	0.063064
13716	0.063032
12826	0.063026
9486	0.062942
2889	0.062916
11077	0.062888
568	0.062864
10278	0.062849
7942	0.062810
4117	0.062808
11491	0.062769
12791	0.062768
12788	0.062768
3826	0.062724
5671	0.062707
14203	0.062655
13907	0.062655
13906	0.062655
13407	0.062655
11171	0.062655
8372	0.062655
7978	0.062655
3942	0.062655
3312	0.062617
7581	0.062595
10809	0.062541
7580	0.062541
3341	0.062501
11534	0.062475
9988	0.062312
9998	0.062294
8175	0.062290
9946	0.062231
5046	0.062197
5221	0.062126
11652	0.062113
1894	0.061962
8250	0.061952
6418	0.061890
7014	0.061863
11477	0.061849
10518	0.061809
9926	0.061563
9925	0.061563
9924	0.061563
9852	0.061563
7773	0.061563
7447	0.061563
7245	0.061544
10852	0.061535
3473	0.061481
3250	0.061400
12384	0.061362
2817	0.061262
13560	0.061254
6323	0.061190
5287	0.061189
12833	0.061006
12495	0.060987
2332	0.060982
8877	0.060971
2099	0.060894
7523	0.060802
11258	0.060758
4787	0.060541
11498	0.060500
11753	0.060447
4297	0.060424
11356	0.060308
11409	0.060200
11111	0.060143
6946	0.060110
5175	0.060074
1922	0.060013
11357	0.059981
12803	0.059854
5456	0.059764
6854	0.059723
9654	0.059716
10427	0.059664
11564	0.059607
8079	0.059584
8887	0.059543
2301	0.059540
8092	0.059511
9982	0.059508
11007	0.059492
3664	0.059478
9983	0.059476
3451	0.059460
12754	0.059430
4177	0.059419
9596	0.059402
5870	0.059369
9847	0.059343
1182	0.059315
6758	0.059310
10441	0.059271
4536	0.059215
10860	0.059180
12551	0.059101
11312	0.059048
2816	0.059041
2813	0.058998
1583	0.058967
9747	0.058913
11496	0.058867
12400	0.058857
11586	0.058857
7028	0.058846
12694	0.058754
11754	0.058653
11237	0.058594
4933	0.058574
5780	0.058485
11419	0.058470
10250	0.058375
5597	0.058249
11818	0.058225
7961	0.058222
10643	0.058036
1104	0.057964
11510	0.057932
11010	0.057921
12646	0.057874
4172	0.057869
2823	0.057799
12733	0.057691
6124	0.057587
10312	0.057543
13332	0.057528
12818	0.057488
1618	0.057431
12386	0.057419
12438	0.057227
7166	0.057219
5815	0.057211
2608	0.057165
3390	0.057146
7222	0.057134
5270	0.057100
5598	0.057034
12385	0.057023
8656	0.057019
3984	0.057006
2055	0.056995
10198	0.056958
1587	0.056906
3342	0.056867
12774	0.056846
5066	0.056714
2461	0.056672
6662	0.056623
13397	0.056548
13687	0.056513
13144	0.056500
2306	0.056424
11728	0.056422
13242	0.056360
13241	0.056360
5595	0.056360
5594	0.056360
7101	0.056336
13239	0.056336
4491	0.056332
11519	0.056281
8402	0.056228
2952	0.056184
529	0.056072
13598	0.056065
5949	0.056022
13358	0.056008
5292	0.056008
11729	0.055996
4361	0.055985
10884	0.055910
10885	0.055874
7055	0.055859
10245	0.055851
5651	0.055684
10649	0.055654
464	0.055653
12666	0.055631
4530	0.055610
2971	0.055598
2485	0.055587
10048	0.055561
12136	0.055554
12574	0.055552
8622	0.055538
10318	0.055501
12525	0.055463
13123	0.055416
10034	0.055416
11172	0.055388
5951	0.055378
78	0.055361
13845	0.055312
8371	0.055312
1862	0.055308
463	0.055284
5590	0.055279
1413	0.055195
1367	0.055195
5259	0.055158
6499	0.055137
3418	0.055006
11492	0.054978
9328	0.054967
11035	0.054965
9710	0.054936
521	0.054906
8513	0.054906
6561	0.054905
1139	0.054886
11378	0.054875
10939	0.054735
11916	0.054722
12426	0.054707
1385	0.054678
6876	0.054613
5952	0.054551
7035	0.054534
10926	0.054507
7486	0.054506
9927	0.054471
9896	0.054471
7208	0.054471
6839	0.054468
5995	0.054459
8405	0.054436
12516	0.054428
7930	0.054420
12401	0.054377
3505	0.054343
2359	0.054334
13568	0.054262
6023	0.054179
3630	0.054150
5269	0.054095
12408	0.054058
11328	0.054012
10751	0.053999
3205	0.053902
12507	0.053901
473	0.053893
9800	0.053846
6324	0.053801
2731	0.053775
542	0.053758
4434	0.053750
11514	0.053718
81	0.053716
13838	0.053701
11289	0.053691
5323	0.053677
10111	0.053647
10292	0.053631
5071	0.053579
11182	0.053538
13114	0.053452
4611	0.053446
12445	0.053442
12444	0.053397
10014	0.053318
7240	0.053296
4534	0.053262
11214	0.053244
11467	0.053187
9835	0.053186
11486	0.053161
5950	0.053155
604	0.053135
8979	0.052942
11154	0.052913
12395	0.052815
6630	0.052791
607	0.052779
5608	0.052768
12439	0.052735
13151	0.052722
2289	0.052691
3152	0.052663
9327	0.052578
12871	0.052410
10819	0.052397
2814	0.052363
13104	0.052345
10013	0.052345
1366	0.052345
3242	0.052339
10118	0.052305
2784	0.052245
7459	0.052244
12262	0.052232
10166	0.052189
1931	0.052178
10937	0.052174
10713	0.052155
6709	0.052126
6535	0.052107
12604	0.052079
6632	0.052032
3607	0.052012
14291	0.051995
4531	0.051967
12795	0.051894
7202	0.051847
3499	0.051842
10544	0.051798
2344	0.051788
4588	0.051733
5067	0.051731
9188	0.051724
1648	0.051693
9465	0.051570
5620	0.051561
11655	0.051560
12787	0.051509
7062	0.051474
8314	0.051394
10790	0.051389
8037	0.051387
4339	0.051301
4781	0.051240
7879	0.051210
11094	0.051155
11004	0.051153
6019	0.051096
12701	0.051090
9857	0.051059
543	0.051042
11001	0.051032
7278	0.051014
2490	0.050961
5599	0.050958
93	0.050904
4130	0.050889
9704	0.050851
8234	0.050831
10778	0.050824
2752	0.050807
9674	0.050767
5593	0.050742
10556	0.050700
10701	0.050695
11354	0.050634
4483	0.050623
3631	0.050614
11278	0.050601
10827	0.050554
11542	0.050551
13626	0.050546
13425	0.050546
9825	0.050538
1184	0.050491
14091	0.050479
13121	0.050432
4789	0.050432
4788	0.050432
12630	0.050329
10450	0.050277
11925	0.050263
13600	0.050252
10627	0.050249
7457	0.050246
8091	0.050243
3058	0.050222
10500	0.050220
13295	0.050212
11141	0.050194
10376	0.050188
9875	0.050177
3175	0.050146
9826	0.050066
4193	0.050065
6649	0.050037
6647	0.050037
6646	0.050037
5610	0.050037
11394	0.050005
7673	0.049942
8017	0.049930
4948	0.049838
12628	0.049823
10552	0.049814
10979	0.049798
10674	0.049797
11132	0.049735
12779	0.049712
9169	0.049710
10822	0.049707
10740	0.049657
5037	0.049648
13552	0.049645
13511	0.049645
13507	0.049645
2084	0.049548
13023	0.049529
8266	0.049518
9251	0.049514
8572	0.049507
8569	0.049507
8568	0.049507
9915	0.049485
14337	0.049415
13990	0.049415
8267	0.049410
14054	0.049401
13517	0.049379
8890	0.049343
10927	0.049340
8596	0.049298
13539	0.049292
2595	0.049240
539	0.049200
9972	0.049151
1166	0.049123
12556	0.049118
12283	0.049100
8570	0.049059
11326	0.049002
11377	0.048986
5994	0.048971
8444	0.048956
9944	0.048921
10280	0.048906
6140	0.048896
6139	0.048896
10015	0.048878
9952	0.048849
10432	0.048808
11381	0.048798
12707	0.048779
8836	0.048779
9643	0.048733
13820	0.048725
10237	0.048719
8042	0.048719
14250	0.048711
10558	0.048711
10555	0.048711
6968	0.048711
7955	0.048663
10499	0.048637
10743	0.048630
11506	0.048624
10005	0.048605
11002	0.048595
6648	0.048590
12436	0.048581
10426	0.048551
3375	0.048523
5592	0.048513
13094	0.048504
4119	0.048484
1364	0.048459
1895	0.048417
12521	0.048405
3111	0.048392
13597	0.048386
13596	0.048386
13595	0.048386
13583	0.048386
13554	0.048386
13402	0.048386
7990	0.048386
13122	0.048352
4819	0.048350
7855	0.048323
13632	0.048305
13631	0.048305
13490	0.048305
3011	0.048247
3774	0.048232
2174	0.048137
13545	0.048103
8497	0.048086
10477	0.048085
10249	0.048030
10609	0.048003
11196	0.047898
11685	0.047876
10991	0.047809
2451	0.047802
13633	0.047789
11472	0.047714
2803	0.047690
494	0.047681
14214	0.047681
12781	0.047681
12161	0.047666
11870	0.047666
11794	0.047666
11204	0.047666
11203	0.047666
6144	0.047666
6143	0.047666
6142	0.047666
6141	0.047666
11003	0.047644
4376	0.047560
10384	0.047560
10462	0.047557
5129	0.047542
11005	0.047497
3489	0.047497
6216	0.047484
2674	0.047480
1938	0.047478
10272	0.047474
7865	0.047457
2581	0.047450
2582	0.047443
2278	0.047435
11509	0.047425
5430	0.047401
10519	0.047359
14224	0.047354
13391	0.047354
11110	0.047354
13947	0.047343
14249	0.047320
4460	0.047298
1963	0.047258
4612	0.047258
9828	0.047250
7088	0.047244
11403	0.047233
6148	0.047233
155	0.047209
11551	0.047204
9990	0.047202
11069	0.047197
7668	0.047191
3773	0.047184
8837	0.047175
12427	0.047173
11845	0.047119
1460	0.047070
4238	0.047057
2937	0.047053
2316	0.046997
7558	0.046987
7557	0.046987
2314	0.046985
2312	0.046985
12235	0.046965
6934	0.046953
2180	0.046948
9098	0.046892
2310	0.046887
2542	0.046886
10433	0.046884
12102	0.046881
14111	0.046840
14080	0.046840
12147	0.046833
9562	0.046807
3100	0.046807
12118	0.046801
2083	0.046801
2074	0.046801
1899	0.046801
1896	0.046801
11068	0.046797
11800	0.046754
12505	0.046745
6727	0.046741
2313	0.046724
12345	0.046724
12344	0.046724
8095	0.046724
12311	0.046723
8901	0.046703
3098	0.046690
2098	0.046681
2251	0.046667
4842	0.046653
2269	0.046612
6052	0.046606
5177	0.046604
5679	0.046583
6421	0.046555
1979	0.046535
10244	0.046497
1134	0.046490
13099	0.046477
9871	0.046474
690	0.046470
12542	0.046460
11575	0.046457
5156	0.046447
1906	0.046441
9334	0.046419
13323	0.046343
12188	0.046296
11531	0.046263
10495	0.046129
10946	0.046081
7394	0.046076
7535	0.046066
3266	0.046056
13333	0.046028
10235	0.046013
2297	0.046009
2772	0.046001
11183	0.045997
2010	0.045975
13103	0.045962
13102	0.045962
13101	0.045962
13100	0.045962
4340	0.045955
7061	0.045925
6252	0.045876
1199	0.045845
9157	0.045832
10268	0.045784
4066	0.045783
10789	0.045753
232	0.045731
2800	0.045685
11758	0.045643
6653	0.045621
9717	0.045602
12658	0.045587
11116	0.045587
2795	0.045587
2794	0.045587
12496	0.045579
2347	0.045547
11436	0.045544
10711	0.045544
11351	0.045522
1506	0.045510
6631	0.045490
10712	0.045470
10531	0.045430
2766	0.045427
14073	0.045398
9139	0.045380
5582	0.045347
530	0.045332
400	0.045332
5524	0.045328
7665	0.045304
14222	0.045273
13866	0.045273
11043	0.045257
579	0.045251
5648	0.045241
1609	0.045145
6737	0.045128
6344	0.045122
11804	0.045067
11638	0.045057
9682	0.045034
2487	0.045022
7337	0.045018
10241	0.045014
9026	0.045012
11743	0.045010
9203	0.045002
5057	0.044962
5047	0.044950
7681	0.044947
8566	0.044890
2798	0.044879
10734	0.044874
7233	0.044857
4786	0.044818
5913	0.044811
13157	0.044805
11576	0.044799
1137	0.044794
10968	0.044759
10693	0.044752
108	0.044702
13430	0.044658
5038	0.044654
11540	0.044621
13322	0.044617
8382	0.044612
5041	0.044608
8738	0.044573
10731	0.044565
10260	0.044554
10248	0.044533
4756	0.044528
3819	0.044515
3840	0.044471
3260	0.044470
10732	0.044469
8862	0.044449
8861	0.044449
