1188	0.173120
1553	0.159041
1552	0.145287
1203	0.143115
9485	0.142407
13526	0.141602
3796	0.139956
9026	0.139693
7884	0.139050
1204	0.138910
13682	0.136698
13487	0.136698
13345	0.136698
5936	0.135683
12051	0.134667
11839	0.134614
3650	0.133691
1560	0.133504
3230	0.124633
1669	0.124536
2475	0.124468
3678	0.124158
3673	0.124158
9830	0.124028
1779	0.123242
9094	0.121983
9093	0.121983
9092	0.121983
9065	0.121983
1593	0.121431
1821	0.120592
5937	0.117506
4064	0.116963
4063	0.116963
4061	0.116963
4058	0.116963
4057	0.116963
2644	0.116963
798	0.116888
8835	0.116804
8947	0.116726
13598	0.114957
377	0.114808
1355	0.114783
14037	0.114717
14157	0.114569
4059	0.114455
1353	0.114425
6451	0.114243
6187	0.114088
10654	0.113884
11790	0.113853
11440	0.113833
11341	0.113833
3797	0.113152
10655	0.112416
5115	0.112397
3363	0.112067
724	0.111854
8328	0.110695
11695	0.110614
10796	0.110416
6001	0.109748
13877	0.109666
5218	0.109012
3656	0.108976
13070	0.108955
7438	0.108701
7123	0.108701
9867	0.108042
723	0.107873
8557	0.107690
8555	0.107690
8547	0.107690
13972	0.107339
4816	0.107279
6363	0.106716
7166	0.106680
14154	0.106119
14152	0.106119
14150	0.106119
14145	0.106119
14131	0.106119
14062	0.106119
4898	0.106109
8252	0.105982
8338	0.105892
6258	0.105474
14313	0.105333
14296	0.105333
6028	0.105299
8900	0.105184
5939	0.105166
14058	0.104842
2536	0.104784
8155	0.104137
8154	0.104137
8153	0.104137
8151	0.104137
8150	0.104137
4975	0.103930
5028	0.103583
6314	0.103180
12203	0.102987
8580	0.102987
8575	0.102987
8546	0.102987
7122	0.102987
1221	0.102900
8579	0.102591
2406	0.102564
1222	0.102518
1554	0.102297
8962	0.102224
8961	0.102224
3309	0.102224
9351	0.101675
9350	0.101675
7401	0.101675
2474	0.101530
9084	0.101365
4060	0.100981
688	0.100850
8493	0.100675
1547	0.100147
8577	0.099366
8576	0.099366
8574	0.099366
8556	0.099366
443	0.099229
6810	0.099176
3163	0.098564
448	0.098365
9677	0.098231
446	0.098211
447	0.098210
4189	0.097863
441	0.097750
5966	0.097644
6381	0.097602
4062	0.097444
8799	0.097315
4506	0.097315
4502	0.097315
1947	0.097315
5938	0.097256
4723	0.097253
12148	0.097042
7411	0.097042
1990	0.096950
3723	0.096906
13560	0.096871
2401	0.096735
6556	0.096660
6555	0.096660
3040	0.096609
12181	0.096466
13654	0.096317
12710	0.096175
12773	0.096150
1278	0.095439
373	0.095381
5701	0.095377
818	0.095341
10090	0.095307
10842	0.095244
11421	0.095244
11345	0.095244
11335	0.095244
453	0.095112
2780	0.095052
8089	0.094765
895	0.094749
14165	0.094707
14321	0.094540
14311	0.094540
14307	0.094540
14114	0.094540
10393	0.094540
8406	0.094540
8368	0.094540
3158	0.094540
9595	0.094178
7592	0.094161
7259	0.094161
3232	0.094066
439	0.094015
506	0.093673
4505	0.093384
4501	0.093384
1503	0.093384
6343	0.093323
1504	0.093323
9236	0.093266
13650	0.092973
9718	0.092957
7418	0.092902
2930	0.092573
1406	0.091757
13405	0.091566
14059	0.091433
14048	0.091398
24	0.091376
14141	0.091366
2933	0.091106
6627	0.091060
13529	0.090955
2224	0.090789
10164	0.090788
2537	0.090771
8728	0.090338
11582	0.090191
9392	0.090132
9617	0.090105
5858	0.089845
3872	0.089837
10640	0.089622
13624	0.088727
13623	0.088727
12312	0.088621
707	0.088545
3963	0.088494
12801	0.088472
9089	0.088373
1053	0.088123
7463	0.088099
6066	0.088099
5307	0.088065
3961	0.087976
217	0.087802
5856	0.087698
10181	0.087649
3178	0.087173
7943	0.086918
3005	0.086892
6362	0.086858
5080	0.086762
10394	0.086669
10498	0.086611
10647	0.086552
2998	0.086551
385	0.086399
432	0.086128
13359	0.086078
11956	0.085926
6254	0.085897
4503	0.085585
3038	0.085515
12409	0.085488
1183	0.085473
4484	0.085420
14035	0.085390
8149	0.085390
11486	0.085318
8821	0.085264
1610	0.085219
11933	0.085158
3229	0.085006
12154	0.084893
10069	0.084825
4193	0.084680
10314	0.084584
13461	0.084335
10315	0.084312
5728	0.084276
10933	0.084165
11735	0.084033
482	0.083849
6004	0.083770
3962	0.083641
7419	0.083588
9694	0.083496
4410	0.083471
690	0.083406
13392	0.083404
8255	0.083399
7248	0.083269
7058	0.083251
7059	0.083249
1618	0.083211
8327	0.083036
8373	0.082824
8240	0.082824
11337	0.082613
11932	0.082507
1347	0.082441
4085	0.082335
1715	0.081937
8377	0.081928
7078	0.081746
3648	0.081555
11262	0.081438
600	0.081422
3103	0.081418
4504	0.081233
3405	0.081057
11186	0.080936
5828	0.080868
8704	0.080754
2053	0.080658
11674	0.080572
13094	0.080477
8152	0.080460
14291	0.080421
19	0.080296
8307	0.080236
9835	0.080069
703	0.080058
3111	0.079941
7855	0.079906
7010	0.079879
6340	0.079875
13597	0.079857
13596	0.079857
13595	0.079857
13583	0.079857
13554	0.079857
13402	0.079857
7990	0.079857
442	0.079749
1140	0.079699
13504	0.079547
10898	0.079533
1408	0.079376
14006	0.079347
3617	0.079317
10597	0.079293
8310	0.079291
9507	0.079076
8276	0.079047
13033	0.079018
13305	0.078870
14339	0.078847
14338	0.078847
14312	0.078847
14272	0.078847
14259	0.078847
14160	0.078847
14159	0.078847
14158	0.078847
14156	0.078847
14144	0.078847
14133	0.078847
14123	0.078847
14110	0.078847
14102	0.078847
14053	0.078847
13501	0.078847
8311	0.078847
8309	0.078847
8308	0.078847
8306	0.078847
8288	0.078847
8286	0.078847
8285	0.078847
8283	0.078847
8282	0.078847
8280	0.078847
8278	0.078847
8277	0.078847
8046	0.078847
4603	0.078847
13542	0.078763
11685	0.078568
1394	0.078450
12638	0.078438
10858	0.078426
5249	0.078385
7813	0.078218
7805	0.078218
6588	0.078162
6194	0.078151
5212	0.078135
244	0.078098
11818	0.077991
7812	0.077940
11404	0.077925
10922	0.077925
7160	0.077901
5845	0.077837
9564	0.077814
3566	0.077814
4083	0.077496
4724	0.077352
3676	0.077236
14277	0.077222
14043	0.077029
547	0.076963
9664	0.076753
11958	0.076738
4439	0.076693
5443	0.076682
4647	0.076680
7236	0.076664
14073	0.076582
4819	0.076497
11351	0.076314
13292	0.076121
296	0.075987
13416	0.075979
9865	0.075295
12262	0.075209
6205	0.075107
7615	0.074999
3231	0.074997
5181	0.074927
3188	0.074890
7809	0.074854
10717	0.074843
12109	0.074821
5948	0.074821
4999	0.074814
10977	0.074810
13294	0.074590
2344	0.074417
2337	0.074396
12286	0.074304
12341	0.074267
10976	0.074211
11280	0.074058
3605	0.074056
1191	0.074011
8137	0.073947
10899	0.073903
1359	0.073777
3256	0.073716
4425	0.073412
13550	0.073375
10624	0.073360
8657	0.073282
4329	0.073191
13250	0.073185
5112	0.073116
277	0.073006
7071	0.072998
3668	0.072971
6919	0.072962
4330	0.072945
12255	0.072924
6173	0.072840
13956	0.072759
4628	0.072759
13422	0.072689
3217	0.072678
2383	0.072643
8259	0.072603
11542	0.072514
12513	0.072490
1605	0.072451
2695	0.072419
10054	0.072367
1613	0.072355
12804	0.072218
12536	0.072179
12127	0.072101
5374	0.072086
4107	0.072038
12248	0.071976
1036	0.071954
8336	0.071930
8836	0.071850
2341	0.071846
538	0.071739
12516	0.071654
13185	0.071651
1538	0.071621
7701	0.071593
13460	0.071513
542	0.071459
3606	0.071364
4622	0.071336
4711	0.071132
13431	0.071131
2497	0.071100
4623	0.071085
8654	0.071054
8653	0.071054
3959	0.071047
10702	0.070946
11333	0.070788
1599	0.070787
7238	0.070656
10033	0.070519
6189	0.070502
8253	0.070408
1350	0.070291
7505	0.070089
6121	0.070008
14349	0.069992
14344	0.069992
14316	0.069992
14309	0.069992
14306	0.069992
14260	0.069992
14240	0.069992
14216	0.069992
14168	0.069992
3738	0.069734
3240	0.069718
10974	0.069662
10361	0.069554
13491	0.069544
5614	0.069394
5582	0.069311
8081	0.069253
7857	0.069241
2484	0.069211
11511	0.069167
10531	0.069143
14034	0.069085
8305	0.069043
3822	0.068972
12098	0.068967
3958	0.068967
12419	0.068926
10153	0.068902
14095	0.068899
3034	0.068786
13613	0.068496
9828	0.068232
2106	0.068210
9596	0.068178
8289	0.068106
7523	0.068092
13186	0.068025
1555	0.067986
13167	0.067941
10122	0.067941
8237	0.067939
6403	0.067882
419	0.067813
4497	0.067812
4889	0.067682
5707	0.067669
3838	0.067355
10239	0.067309
409	0.067087
13132	0.066986
3576	0.066944
3489	0.066742
828	0.066565
1815	0.066556
12567	0.066433
12730	0.066413
5129	0.066345
1418	0.066325
9915	0.066325
1561	0.066303
12537	0.066295
9929	0.066290
3227	0.066289
5692	0.066263
5690	0.066230
23	0.066189
7220	0.066176
9169	0.066155
6114	0.066137
2301	0.066037
9229	0.065956
6643	0.065890
1920	0.065755
11728	0.065717
8121	0.065690
12100	0.065652
12578	0.065640
11729	0.065593
6733	0.065534
5583	0.065518
13029	0.065514
9738	0.065514
9737	0.065514
8060	0.065514
3641	0.065451
725	0.065289
1405	0.065259
7376	0.065225
566	0.065221
7377	0.065221
6499	0.065184
12302	0.065024
4773	0.065024
4772	0.065024
1084	0.064996
8762	0.064970
854	0.064969
12510	0.064959
12199	0.064854
4227	0.064842
9222	0.064835
3669	0.064809
11963	0.064793
6947	0.064711
5584	0.064657
10349	0.064645
7321	0.064614
9800	0.064612
12658	0.064588
11116	0.064588
2795	0.064588
2794	0.064588
13973	0.064511
12187	0.064470
2800	0.064439
9904	0.064408
7272	0.064364
11793	0.064351
5585	0.064322
9872	0.064321
1967	0.064309
4475	0.064229
13303	0.064127
7712	0.064000
11070	0.063987
10025	0.063973
7412	0.063925
7337	0.063891
14254	0.063887
11071	0.063846
6766	0.063810
4771	0.063717
2039	0.063652
13686	0.063573
13670	0.063573
6069	0.063534
7127	0.063374
10940	0.063370
13620	0.063357
12153	0.063326
4702	0.063326
11780	0.063197
7212	0.063186
5917	0.063173
490	0.063081
11213	0.063072
11554	0.063049
232	0.062998
11189	0.062972
4359	0.062930
1773	0.062922
5579	0.062918
11666	0.062849
10935	0.062849
10934	0.062849
10931	0.062849
4794	0.062849
10936	0.062849
11010	0.062840
11188	0.062839
11187	0.062839
4208	0.062812
10932	0.062795
7128	0.062787
7055	0.062768
7268	0.062689
6031	0.062679
6030	0.062679
5992	0.062679
10450	0.062629
9331	0.062620
4108	0.062578
1607	0.062550
4279	0.062536
508	0.062403
12650	0.062371
434	0.062343
13652	0.062335
1604	0.062330
11536	0.062283
3406	0.062261
12548	0.062245
11960	0.062206
7875	0.062162
11961	0.062149
13192	0.062148
7229	0.062146
13716	0.062124
12512	0.062096
5174	0.062029
256	0.062023
12597	0.062010
12704	0.061987
6829	0.061935
5573	0.061885
11172	0.061864
13674	0.061848
13411	0.061848
12753	0.061823
10042	0.061778
1139	0.061713
5615	0.061684
12812	0.061644
13657	0.061635
1719	0.061635
11528	0.061562
8855	0.061542
10950	0.061509
11551	0.061463
10993	0.061460
384	0.061385
12508	0.061369
5558	0.061361
2731	0.061331
6830	0.061309
6500	0.061225
5982	0.061186
210	0.061109
3946	0.061104
11283	0.061066
8780	0.060978
6534	0.060968
7543	0.060898
7672	0.060751
696	0.060749
6589	0.060748
1619	0.060743
1770	0.060728
2163	0.060722
12505	0.060702
3987	0.060600
8461	0.060595
13823	0.060490
5079	0.060379
12607	0.060247
12630	0.060220
7246	0.060196
445	0.060176
12202	0.060119
3988	0.060119
428	0.060099
10530	0.060085
3681	0.060036
1707	0.059988
364	0.059986
12708	0.059977
11062	0.059931
6809	0.059918
4662	0.059838
693	0.059814
8578	0.059803
444	0.059798
13649	0.059783
3753	0.059707
12157	0.059638
5675	0.059572
6808	0.059563
5241	0.059562
47	0.059528
5010	0.059522
7437	0.059522
11487	0.059435
13369	0.059397
12774	0.059381
3058	0.059341
12660	0.059305
770	0.059195
13189	0.059187
13187	0.059187
9295	0.059111
11801	0.059091
8652	0.058989
10714	0.058988
4293	0.058988
10857	0.058950
1761	0.058923
7364	0.058920
11154	0.058863
6052	0.058862
12527	0.058768
7729	0.058764
2914	0.058684
4826	0.058633
10638	0.058604
5250	0.058584
2796	0.058561
2798	0.058555
5431	0.058552
323	0.058544
8551	0.058518
8794	0.058480
5586	0.058405
7645	0.058383
8325	0.058317
9016	0.058264
1625	0.058222
8401	0.058146
3220	0.058145
14431	0.058062
8148	0.058062
4841	0.058050
4807	0.058018
8488	0.058009
14243	0.057997
12526	0.057990
3168	0.057937
7529	0.057934
7084	0.057832
1600	0.057793
1595	0.057793
1590	0.057793
11595	0.057775
12557	0.057767
1963	0.057568
7273	0.057549
4051	0.057248
13165	0.057223
10545	0.057222
2586	0.057199
11455	0.057115
11426	0.057115
3627	0.057111
2268	0.057107
5351	0.057104
5428	0.057094
452	0.057086
14331	0.057085
14330	0.057085
11173	0.057021
8852	0.056959
10435	0.056922
418	0.056904
213	0.056888
14077	0.056859
6283	0.056858
12636	0.056846
12681	0.056836
13638	0.056826
5929	0.056797
6098	0.056738
527	0.056731
1632	0.056725
11922	0.056706
10949	0.056699
12576	0.056642
10583	0.056594
10500	0.056553
9951	0.056541
8656	0.056491
12786	0.056490
573	0.056479
9056	0.056416
1466	0.056299
1189	0.056282
11675	0.056259
396	0.056233
2519	0.056225
3307	0.056202
427	0.056175
3308	0.056152
12897	0.056149
455	0.056111
449	0.056111
7413	0.056096
4727	0.056083
7985	0.056080
13375	0.056035
2473	0.056009
3182	0.055967
8138	0.055953
4259	0.055939
9717	0.055842
12590	0.055839
3888	0.055820
13540	0.055783
7959	0.055775
5673	0.055752
10024	0.055744
9643	0.055726
4332	0.055641
4752	0.055632
4084	0.055632
10603	0.055631
8040	0.055603
2174	0.055502
2927	0.055471
345	0.055468
13219	0.055460
9290	0.055460
8003	0.055391
5512	0.055383
420	0.055372
8430	0.055341
8819	0.055336
9691	0.055333
10907	0.055331
13941	0.055298
12535	0.055180
5613	0.055157
5674	0.055114
5493	0.055077
9289	0.054938
13762	0.054927
13893	0.054863
9293	0.054859
9292	0.054859
9291	0.054859
9857	0.054835
5514	0.054834
6229	0.054791
1585	0.054791
8623	0.054750
9227	0.054747
6812	0.054744
216	0.054738
10600	0.054713
7079	0.054697
11124	0.054669
11553	0.054659
5154	0.054540
2033	0.054524
2948	0.054520
2946	0.054520
8581	0.054501
11500	0.054369
689	0.054366
7641	0.054358
6341	0.054358
10212	0.054340
3001	0.054322
245	0.054278
9747	0.054270
1427	0.054244
13323	0.054234
7611	0.054224
8397	0.054222
8141	0.054169
6657	0.054139
10318	0.054111
29	0.054090
10543	0.054012
13562	0.054008
10422	0.054008
13133	0.054007
13759	0.054004
12554	0.053967
13361	0.053901
8407	0.053885
13317	0.053829
6245	0.053812
12625	0.053810
5931	0.053793
13883	0.053791
11218	0.053791
7201	0.053730
12336	0.053723
9197	0.053673
6050	0.053655
3675	0.053653
7056	0.053608
3228	0.053522
13960	0.053483
6613	0.053371
5007	0.053367
13679	0.053338
5491	0.053327
2404	0.053291
10856	0.053263
9926	0.053261
9925	0.053261
9924	0.053261
9852	0.053261
7773	0.053261
7447	0.053261
1885	0.053260
1884	0.053260
1883	0.053260
28	0.053221
12587	0.053164
10606	0.053154
6496	0.053134
5432	0.053134
12835	0.053104
12621	0.053028
8304	0.053022
11419	0.052981
5660	0.052965
6062	0.052927
3033	0.052900
13129	0.052876
6061	0.052876
2408	0.052868
8700	0.052813
13146	0.052770
11175	0.052769
3055	0.052762
436	0.052747
5317	0.052711
380	0.052706
11343	0.052681
4295	0.052647
12682	0.052599
8107	0.052593
8593	0.052565
11491	0.052550
10174	0.052535
5495	0.052452
8284	0.052424
10135	0.052382
5290	0.052298
10941	0.052296
2634	0.052273
