13545	0.186168
2052	0.159385
9462	0.157647
11858	0.157263
9439	0.156715
1419	0.148907
4538	0.144853
9218	0.144701
1420	0.144499
1673	0.142041
2958	0.140181
12252	0.139970
3837	0.139712
2820	0.139092
13517	0.138877
9135	0.138779
2952	0.137607
2968	0.135193
9623	0.133903
9711	0.132340
9708	0.132340
9707	0.132340
9705	0.132340
9703	0.132340
9699	0.132270
2105	0.130959
4542	0.130806
6695	0.130205
13076	0.128299
7659	0.128143
5347	0.127282
7774	0.127099
5641	0.127099
5642	0.127092
9710	0.126282
4537	0.125152
6278	0.124845
8615	0.124440
304	0.123945
14266	0.123615
3739	0.122740
9702	0.122544
4106	0.122316
9177	0.122305
4667	0.122151
8352	0.121871
8351	0.121871
2957	0.121871
2956	0.121871
7872	0.121867
3745	0.121482
12053	0.121441
13036	0.121368
4105	0.121084
3741	0.120916
235	0.120899
13850	0.120694
4304	0.120536
4302	0.120536
11999	0.120530
6895	0.120374
6896	0.120186
4671	0.120140
4669	0.120140
2990	0.120099
14407	0.119958
11607	0.119759
4670	0.119074
9706	0.118283
7526	0.118081
8864	0.118005
8863	0.118005
8583	0.118005
8124	0.118005
7904	0.118005
7903	0.118005
7902	0.118005
7901	0.118005
7900	0.118005
7899	0.118005
7897	0.118005
7896	0.118005
7895	0.118005
6838	0.117919
12348	0.117451
2064	0.117429
13449	0.117205
7752	0.117106
2902	0.116809
9152	0.116744
12030	0.116353
51	0.116224
9909	0.115419
14415	0.114462
9277	0.114462
2996	0.114215
3389	0.114144
9704	0.113986
8312	0.113031
1400	0.112038
4668	0.111959
6806	0.111667
4383	0.111568
404	0.111251
5219	0.110982
4672	0.110948
8625	0.110680
8676	0.110457
13633	0.110425
268	0.110377
7379	0.110347
3921	0.110248
13490	0.110032
13632	0.110032
13631	0.110032
7955	0.109630
9226	0.109544
9217	0.109544
8534	0.109544
370	0.109512
7827	0.109500
6587	0.109489
5546	0.109261
3505	0.109235
2114	0.109193
14162	0.109133
5413	0.108904
3507	0.108790
13456	0.108425
13342	0.108425
353	0.108070
9794	0.108025
1756	0.107833
12909	0.106223
9413	0.106170
6532	0.105928
1285	0.105855
11818	0.105669
9150	0.105557
9232	0.105465
861	0.105395
469	0.105388
6295	0.105362
7913	0.105333
5968	0.105333
470	0.105333
9204	0.105186
8592	0.105186
6102	0.104990
9460	0.104924
5967	0.104863
1346	0.104673
13698	0.104613
13544	0.104613
10582	0.104375
4305	0.104235
9512	0.103915
12873	0.103660
5451	0.103319
1232	0.103128
1229	0.103128
8604	0.103007
9709	0.102828
9775	0.102615
13265	0.102227
8892	0.102209
2280	0.102175
8634	0.102084
9231	0.102082
11658	0.101844
8584	0.101625
155	0.101116
6889	0.100832
6149	0.100824
38	0.100721
5500	0.100610
2523	0.100053
9713	0.099984
13680	0.099965
1809	0.099948
13319	0.099864
13689	0.099662
13489	0.099662
7453	0.099660
11998	0.099414
4377	0.099399
7676	0.099354
4450	0.099345
4168	0.099328
7767	0.099270
7295	0.099261
2773	0.099195
1812	0.098912
1811	0.098912
8531	0.098863
7757	0.098809
9201	0.098628
8611	0.098413
1458	0.097868
4848	0.097735
1402	0.097669
3209	0.097667
2277	0.097545
11646	0.097491
7288	0.097462
11989	0.097414
2521	0.097165
7306	0.096645
9415	0.096620
8851	0.096620
8850	0.096620
12069	0.096406
9700	0.096201
9207	0.096196
9205	0.096196
8528	0.096196
1265	0.095985
2097	0.095831
5746	0.095701
8090	0.095670
2847	0.095670
2843	0.095670
2839	0.095670
4778	0.095632
13320	0.095564
2600	0.095302
2840	0.095271
1228	0.095150
876	0.095019
3320	0.094945
4294	0.094883
35	0.094408
6501	0.094405
5033	0.094348
4111	0.094125
3738	0.094095
6482	0.093930
5235	0.093795
1656	0.093586
4175	0.093516
225	0.093403
224	0.093366
5433	0.093313
6913	0.093290
13665	0.093212
307	0.093203
12141	0.093123
2542	0.093094
5299	0.092927
3539	0.092903
6473	0.092753
1905	0.092703
13533	0.092455
13532	0.092455
13531	0.092455
4176	0.092391
12276	0.092173
14263	0.092173
14002	0.092173
14001	0.092173
14000	0.092173
13998	0.092173
13996	0.092173
6666	0.092173
5064	0.092173
4854	0.092173
4852	0.092173
6217	0.092172
8503	0.092116
5034	0.091539
4416	0.091421
7131	0.091252
11678	0.091189
8710	0.090911
8711	0.090898
13439	0.090863
8732	0.090848
9307	0.090766
2263	0.090750
5354	0.090451
3438	0.090193
2283	0.090043
2892	0.089935
8845	0.089864
9480	0.089857
8533	0.089857
7686	0.089831
9248	0.089748
4262	0.089635
10226	0.089600
9347	0.089320
9869	0.089287
7954	0.089255
10694	0.089032
4301	0.089024
2881	0.089024
11715	0.088826
2274	0.088793
13687	0.088672
4361	0.088559
2964	0.087986
6277	0.087927
6035	0.087907
2278	0.087888
9484	0.087762
9483	0.087762
8712	0.087755
8303	0.087755
8302	0.087755
7362	0.087755
6359	0.087755
6202	0.087663
9787	0.087639
9786	0.087639
9785	0.087639
9784	0.087639
9783	0.087639
9782	0.087639
9781	0.087639
9778	0.087639
9280	0.087639
8585	0.087639
8567	0.087639
8553	0.087639
13321	0.087634
8076	0.087625
6465	0.087595
6255	0.087514
3144	0.087504
2	0.087491
4163	0.087458
14418	0.087435
14417	0.087435
13284	0.087435
13152	0.087435
9795	0.087435
9793	0.087435
9792	0.087435
9791	0.087435
9789	0.087435
9745	0.087435
9163	0.087435
8614	0.087435
8613	0.087435
8177	0.087435
524	0.086944
13997	0.086809
9780	0.086665
11806	0.086460
4998	0.086425
14003	0.086380
13897	0.086249
8207	0.086181
4231	0.086089
8709	0.085997
2950	0.085517
13054	0.085459
817	0.085449
503	0.085429
2037	0.085390
4977	0.085216
13030	0.085189
6305	0.085188
5296	0.085101
4922	0.084939
12636	0.084900
2755	0.084839
2845	0.084825
7606	0.084809
3934	0.084806
6317	0.084787
1293	0.084600
1300	0.084533
426	0.084438
6616	0.084421
10943	0.084414
6557	0.084406
13435	0.084345
2059	0.084345
9192	0.084323
3437	0.084264
2067	0.084253
13325	0.084247
11739	0.084181
10661	0.084148
9495	0.084143
9147	0.084143
6127	0.084110
6081	0.084071
9200	0.084053
2057	0.084051
9913	0.083942
4485	0.083823
11129	0.083657
12915	0.083513
12914	0.083513
4976	0.083387
8204	0.083384
6395	0.083354
3604	0.083316
8180	0.083284
5591	0.083275
2621	0.083216
7263	0.083139
9438	0.083057
9610	0.083055
1403	0.082882
3588	0.082829
4306	0.082693
9942	0.082623
9931	0.082623
9930	0.082623
9921	0.082623
9901	0.082623
9899	0.082623
9895	0.082623
9866	0.082623
9836	0.082623
9832	0.082623
9810	0.082623
9698	0.082623
9636	0.082623
9570	0.082623
9299	0.082623
7400	0.082361
2666	0.082311
8451	0.082209
4094	0.082200
11147	0.081795
5038	0.081773
14004	0.081764
4866	0.081764
4466	0.081753
6034	0.081595
9673	0.081577
4850	0.081536
9108	0.081473
9109	0.081455
8792	0.081421
13945	0.081398
11226	0.081239
2954	0.081120
352	0.081112
782	0.081053
9244	0.080892
4042	0.080823
1816	0.080812
12143	0.080763
14358	0.080750
12093	0.080706
1952	0.080695
14416	0.080598
2951	0.080573
10232	0.080498
11737	0.080206
12219	0.080136
6065	0.080046
3736	0.079916
14283	0.079895
1919	0.079852
4118	0.079834
6064	0.079811
4169	0.079791
13815	0.079785
5305	0.079775
8671	0.079727
6443	0.079724
4619	0.079711
9235	0.079705
9230	0.079705
9228	0.079705
9225	0.079705
9224	0.079705
9221	0.079705
9219	0.079705
9214	0.079705
9213	0.079705
9211	0.079705
9209	0.079705
9208	0.079705
9206	0.079705
9193	0.079705
8807	0.079705
8679	0.079705
8677	0.079705
8675	0.079705
8674	0.079705
8673	0.079705
8670	0.079705
8637	0.079705
8633	0.079705
8631	0.079705
8610	0.079705
8591	0.079705
8539	0.079705
8538	0.079705
8537	0.079705
8536	0.079705
8529	0.079705
8526	0.079705
8525	0.079705
8632	0.079705
4855	0.079684
6689	0.079513
6967	0.079513
5062	0.079230
13557	0.079157
13556	0.079157
9385	0.079067
13926	0.079011
2109	0.078742
79	0.078601
11987	0.078590
10227	0.078434
9145	0.078431
13928	0.078379
8635	0.078330
6742	0.078257
1097	0.078205
613	0.078139
13651	0.078127
879	0.078121
6191	0.078073
2424	0.077966
5302	0.077666
6302	0.077652
6267	0.077652
2282	0.077471
2980	0.077377
3193	0.077295
4873	0.077294
239	0.077048
9726	0.077008
2275	0.076644
11686	0.076643
3940	0.076596
2382	0.076577
5346	0.076549
9912	0.076470
9911	0.076470
6707	0.076423
5779	0.076265
6598	0.076226
5697	0.076204
7856	0.076135
4787	0.076126
13910	0.076068
2281	0.076042
1078	0.076026
4509	0.075990
5777	0.075918
599	0.075911
5778	0.075777
11798	0.075772
5442	0.075768
2955	0.075604
2953	0.075604
532	0.075565
2380	0.075482
9237	0.075382
9361	0.075347
4849	0.075210
3002	0.075071
3142	0.074908
8714	0.074888
8928	0.074866
1119	0.074814
823	0.074689
6378	0.074658
2979	0.074657
10233	0.074574
6576	0.074503
2458	0.074261
1120	0.074237
7642	0.074219
3212	0.074135
13440	0.074127
86	0.074083
13247	0.074059
9788	0.073978
414	0.073909
9174	0.073884
10748	0.073821
9834	0.073821
8026	0.073812
8636	0.073758
11767	0.073560
9797	0.073535
6886	0.073501
221	0.073487
13443	0.073486
1133	0.073324
12310	0.073257
8530	0.073154
13581	0.073144
5918	0.073097
13694	0.073082
2522	0.073035
1780	0.072967
2411	0.072886
11679	0.072640
4659	0.072640
9222	0.072626
12357	0.072573
11988	0.072349
13659	0.072340
13658	0.072340
3007	0.072331
14290	0.072286
9220	0.072280
9024	0.072277
9023	0.072277
9022	0.072277
8949	0.072277
1800	0.072246
5424	0.072244
14085	0.072231
9269	0.072172
9796	0.072046
3666	0.072011
13500	0.071900
5063	0.071822
13999	0.071769
5005	0.071769
781	0.071763
13013	0.071725
12962	0.071725
13767	0.071704
1118	0.071696
6533	0.071578
2107	0.071323
6663	0.071183
14071	0.071179
2363	0.071140
4476	0.071035
11733	0.071008
7101	0.070983
392	0.070924
9215	0.070906
5423	0.070864
5780	0.070861
5908	0.070841
5118	0.070841
4824	0.070805
12530	0.070769
1979	0.070766
9081	0.070736
9078	0.070736
9028	0.070732
5035	0.070725
13462	0.070669
10549	0.070406
3884	0.070375
3311	0.070202
4088	0.070047
6294	0.070024
4160	0.069964
5006	0.069961
9875	0.069882
74	0.069791
9957	0.069775
243	0.069590
12275	0.069556
9741	0.069545
3310	0.069545
4624	0.069537
7958	0.069513
7942	0.069507
4112	0.069465
9520	0.069386
13394	0.069309
2185	0.069207
3786	0.069174
1094	0.069168
13148	0.069167
13147	0.069167
7892	0.069167
6298	0.069167
6297	0.069167
6198	0.069158
9999	0.069094
13050	0.069040
9210	0.069034
10045	0.068930
1254	0.068884
6044	0.068800
743	0.068788
10230	0.068719
3314	0.068709
2844	0.068687
9202	0.068686
4113	0.068670
5634	0.068549
3654	0.068477
11077	0.068467
1906	0.068464
3448	0.068462
2027	0.068345
4958	0.068270
9613	0.068215
8468	0.068205
2978	0.068205
2977	0.068205
5375	0.068166
6291	0.068082
5245	0.067823
9176	0.067789
8809	0.067789
11703	0.067746
13932	0.067651
7082	0.067606
2128	0.067598
8621	0.067574
13427	0.067571
4834	0.067481
3710	0.067446
82	0.067444
2423	0.067399
14052	0.067357
10065	0.067357
4463	0.067270
5720	0.067204
5272	0.067145
2062	0.067085
4447	0.067081
730	0.066977
4511	0.066945
5289	0.066884
2477	0.066848
12462	0.066845
10685	0.066845
7258	0.066836
9466	0.066834
9840	0.066819
350	0.066810
1173	0.066746
9578	0.066715
9612	0.066595
11996	0.066576
2817	0.066499
4281	0.066435
9870	0.066433
2605	0.066425
14214	0.066394
8412	0.066302
6623	0.066277
9633	0.066259
9630	0.066259
9628	0.066259
9626	0.066259
9625	0.066259
9624	0.066259
9622	0.066259
9621	0.066259
9620	0.066259
9619	0.066259
9618	0.066259
9615	0.066259
9482	0.066259
5243	0.066258
14342	0.066257
8319	0.066204
6851	0.066129
9735	0.066119
2110	0.066110
3906	0.065924
14233	0.065862
1136	0.065862
7239	0.065836
5123	0.065821
5914	0.065743
11298	0.065727
10994	0.065727
6322	0.065720
12077	0.065683
6461	0.065683
3711	0.065683
9539	0.065659
758	0.065508
12273	0.065501
7699	0.065499
13235	0.065471
10286	0.065470
11655	0.065453
115	0.065414
9761	0.065377
3388	0.065137
2602	0.065101
3128	0.064988
3121	0.064988
3048	0.064988
2624	0.064988
2303	0.064984
12182	0.064982
4464	0.064982
786	0.064973
7700	0.064949
4520	0.064864
10642	0.064837
13939	0.064774
2593	0.064667
5913	0.064591
456	0.064549
4857	0.064385
3287	0.064382
874	0.064345
9831	0.064304
2170	0.064229
3774	0.064163
2941	0.064143
4348	0.064121
92	0.064037
11556	0.064023
14101	0.064017
8365	0.064017
6292	0.063993
12204	0.063983
1090	0.063922
2541	0.063883
2018	0.063879
5026	0.063801
5027	0.063801
13676	0.063774
2394	0.063745
2971	0.063619
3288	0.063600
13664	0.063599
7182	0.063595
5476	0.063531
385	0.063479
3071	0.063403
12136	0.063377
2841	0.063327
9928	0.063237
12296	0.063161
6244	0.063161
1862	0.063141
9779	0.063118
7581	0.063014
9098	0.062995
6007	0.062989
4641	0.062987
10809	0.062960
7580	0.062960
7245	0.062946
4865	0.062945
13688	0.062913
13293	0.062892
3700	0.062762
4935	0.062759
1231	0.062714
9170	0.062640
13822	0.062623
3054	0.062608
13552	0.062573
13511	0.062573
13507	0.062573
5221	0.062542
3427	0.062398
2775	0.062359
5268	0.062225
837	0.062197
7650	0.062191
7096	0.062191
6393	0.062170
5737	0.062062
11840	0.062056
11799	0.062039
406	0.061966
2365	0.061951
5649	0.061943
13396	0.061912
13338	0.061912
6016	0.061911
13942	0.061911
9143	0.061901
6242	0.061901
6252	0.061864
10229	0.061840
14248	0.061777
8047	0.061777
7880	0.061772
4853	0.061766
2632	0.061759
4465	0.061753
808	0.061531
6731	0.061519
13889	0.061511
7654	0.061505
13326	0.061416
5492	0.061412
7420	0.061297
6072	0.061159
1675	0.061155
2286	0.061110
4559	0.060906
10538	0.060898
2276	0.060765
1651	0.060669
4758	0.060597
6299	0.060596
5963	0.060538
3000	0.060528
5958	0.060451
12967	0.060322
5456	0.060320
12714	0.060259
7655	0.060195
1115	0.060193
9223	0.060193
9686	0.060162
13315	0.060161
2072	0.060152
7830	0.060095
2809	0.060092
8027	0.060035
5909	0.060018
948	0.059960
2040	0.059922
10511	0.059822
6656	0.059774
6747	0.059751
5177	0.059636
11019	0.059563
9770	0.059527
4053	0.059504
11681	0.059459
2870	0.059442
4128	0.059418
4032	0.059401
2049	0.059272
1039	0.059193
4581	0.059105
9503	0.058945
5045	0.058930
1898	0.058878
1768	0.058821
10389	0.058810
1991	0.058724
2594	0.058702
13121	0.058702
4789	0.058702
4788	0.058702
1121	0.058597
11964	0.058596
2863	0.058565
8329	0.058518
12281	0.058503
6619	0.058503
4692	0.058425
4541	0.058410
11682	0.058404
4251	0.058394
2279	0.058382
1882	0.058332
2821	0.058317
633	0.058252
14269	0.058248
9311	0.058218
11325	0.058167
2046	0.058127
13497	0.058064
13788	0.058025
45	0.057908
685	0.057893
5650	0.057641
11626	0.057629
8661	0.057617
9839	0.057574
10337	0.057574
3948	0.057568
3001	0.057523
2174	0.057474
1893	0.057434
2846	0.057433
11212	0.057431
11982	0.057391
5414	0.057391
5412	0.057391
10127	0.057374
6155	0.057293
6303	0.057289
6077	0.057256
2054	0.057183
5625	0.057170
12785	0.057143
184	0.057123
6725	0.057072
9606	0.057061
3613	0.056980
2069	0.056980
2066	0.056980
2452	0.056965
6089	0.056844
5734	0.056835
7328	0.056781
8112	0.056700
2068	0.056700
6908	0.056613
6881	0.056613
