4460	0.202919
3752	0.195598
4461	0.181445
13086	0.177414
13085	0.177414
5475	0.176859
3908	0.175529
9779	0.174401
1679	0.171576
5116	0.153432
2526	0.152693
8895	0.151314
8891	0.150721
11611	0.150415
8894	0.150415
8893	0.150415
6339	0.150415
3439	0.150415
3075	0.146308
3415	0.141871
2529	0.141641
5836	0.138052
468	0.134531
13126	0.129624
1436	0.127596
4784	0.126939
4783	0.126667
1685	0.126128
4782	0.124465
93	0.124318
13697	0.123553
13364	0.123553
13365	0.122799
6839	0.121506
9327	0.120928
7222	0.120307
10778	0.119660
82	0.117683
7486	0.117188
2196	0.116724
9328	0.116675
13845	0.116553
8371	0.116553
8594	0.116211
7432	0.116211
12868	0.116147
9242	0.116147
9241	0.116147
9240	0.116147
6696	0.116147
2638	0.114836
6322	0.114451
7103	0.114017
13168	0.113609
11744	0.112676
466	0.112658
6366	0.112055
6498	0.111846
11654	0.111533
12328	0.111322
4823	0.110853
2441	0.110395
10204	0.109230
463	0.108959
3939	0.108884
10206	0.108736
9710	0.108100
10198	0.107929
54	0.107876
12733	0.107774
2411	0.107619
3820	0.107422
464	0.107060
45	0.105617
3810	0.105383
11764	0.103644
10008	0.103544
12	0.103541
6916	0.102622
10009	0.102040
4663	0.100489
11450	0.100128
5881	0.100028
11135	0.100025
3806	0.099826
13023	0.098805
5399	0.098650
2179	0.098221
361	0.098200
12252	0.098043
10067	0.097827
7436	0.097649
6639	0.097645
13488	0.097511
10066	0.097229
5562	0.096688
9036	0.096018
2528	0.095931
12876	0.095767
11758	0.094910
1490	0.094618
13118	0.094521
3653	0.094521
1055	0.094521
2447	0.094520
9141	0.094415
1058	0.094415
5619	0.094119
9397	0.094010
1056	0.093913
3577	0.093887
10175	0.093530
7209	0.093472
11915	0.093452
4174	0.093383
11699	0.093118
7417	0.093118
9850	0.093004
5171	0.092924
5570	0.092754
9877	0.092510
4125	0.092039
11899	0.091949
5169	0.091949
4696	0.091943
9037	0.091886
9035	0.091886
3532	0.091713
812	0.091682
4417	0.091609
3771	0.091469
2178	0.091468
2099	0.091425
5503	0.091278
10185	0.091215
10178	0.090883
3657	0.090859
2390	0.090818
13124	0.090712
10179	0.090712
3101	0.090670
1388	0.090660
5504	0.090649
5506	0.090607
12903	0.090588
11237	0.090537
6742	0.090508
9145	0.090392
2758	0.090152
1263	0.090112
2837	0.089940
6252	0.089863
142	0.089860
11977	0.089704
3869	0.089698
3336	0.089595
9413	0.089465
12909	0.089353
4260	0.089327
12351	0.089211
6478	0.089211
9251	0.089203
5777	0.089140
13848	0.088896
79	0.088865
2775	0.088731
9873	0.088650
1224	0.088579
1482	0.088557
67	0.088465
13918	0.088056
772	0.088011
11809	0.087887
12705	0.087704
2028	0.087582
12939	0.086860
12084	0.086860
4286	0.086860
4283	0.086860
4220	0.086860
1488	0.086787
11352	0.086686
5501	0.086628
2177	0.086488
4551	0.086444
5330	0.086346
2194	0.086035
7760	0.085988
2084	0.085967
9160	0.085479
2692	0.085453
9281	0.085394
14205	0.085304
3765	0.085158
3769	0.085143
13230	0.085143
13229	0.085143
3766	0.085143
3762	0.085143
3423	0.085139
1155	0.084959
11848	0.084943
4251	0.084916
3045	0.084830
10356	0.084823
5778	0.084683
1161	0.084603
1749	0.084582
12264	0.084379
6195	0.084054
2941	0.084036
10137	0.083974
6984	0.083951
5779	0.083901
7182	0.083868
3699	0.083849
1148	0.083705
5849	0.083513
3722	0.083509
12856	0.083374
11979	0.083317
4482	0.083218
12752	0.083157
1986	0.083068
162	0.082997
14407	0.082937
6731	0.082841
8057	0.082761
13068	0.082738
13067	0.082738
13066	0.082738
13065	0.082738
13064	0.082738
13063	0.082738
13062	0.082738
13056	0.082738
13053	0.082738
13046	0.082738
13044	0.082738
12971	0.082738
12921	0.082738
11926	0.082681
9716	0.082635
7184	0.082619
8775	0.082615
2944	0.082497
2098	0.082380
8854	0.082339
8975	0.082090
3707	0.082085
9512	0.082057
9368	0.081847
4908	0.081757
13132	0.081755
1285	0.081673
946	0.081539
4039	0.081466
12198	0.081379
8925	0.081274
2290	0.081263
6850	0.081233
9135	0.081207
5873	0.081187
1691	0.081156
7752	0.080972
9605	0.080952
8319	0.080924
9762	0.080916
9740	0.080706
13112	0.080624
6554	0.080592
14052	0.080407
10065	0.080407
1217	0.080330
5314	0.080284
5994	0.080262
10337	0.080132
12492	0.080001
9999	0.079761
5341	0.079719
13148	0.079690
13147	0.079690
7892	0.079690
6298	0.079690
6297	0.079690
5649	0.079672
6198	0.079668
3179	0.079605
12125	0.079507
973	0.079383
6995	0.079357
6664	0.079273
1908	0.079242
3812	0.079139
6176	0.079131
10762	0.079027
1491	0.078973
2388	0.078892
3813	0.078891
11505	0.078854
10761	0.078821
12123	0.078792
5995	0.078791
13320	0.078784
14094	0.078722
6100	0.078565
7368	0.078525
8600	0.078492
5748	0.078452
4907	0.078429
4363	0.078379
9532	0.078360
10776	0.078346
9535	0.078330
9530	0.078330
9527	0.078330
9526	0.078330
9525	0.078330
9524	0.078330
9523	0.078330
9521	0.078330
9517	0.078330
9516	0.078330
9515	0.078330
9513	0.078330
9511	0.078330
9510	0.078330
9243	0.078330
9161	0.078330
6099	0.078330
2527	0.078254
10271	0.078244
9080	0.078130
3300	0.078087
9528	0.078015
3811	0.078002
11626	0.077980
155	0.077880
13905	0.077748
13903	0.077748
8088	0.077748
9702	0.077737
2389	0.077689
11813	0.077655
10064	0.077619
9460	0.077603
2275	0.077592
6421	0.077572
11916	0.077570
237	0.077367
10015	0.077350
1793	0.077337
5295	0.077317
5247	0.077145
9538	0.077025
9534	0.077024
9533	0.077024
9529	0.077024
9509	0.077024
11236	0.076960
2951	0.076908
12956	0.076901
9706	0.076869
473	0.076820
10285	0.076773
4550	0.076752
5291	0.076488
3421	0.076472
5334	0.076455
14427	0.076441
7398	0.076436
11629	0.076434
7290	0.076425
6373	0.076425
11907	0.076411
3171	0.076405
13937	0.076394
11233	0.076345
9381	0.076345
4572	0.076341
467	0.076294
12676	0.076269
5142	0.076258
12250	0.076249
6636	0.076149
3654	0.076097
9713	0.075967
3851	0.075892
13131	0.075877
6201	0.075656
1214	0.075647
12936	0.075645
5149	0.075554
2521	0.075507
2647	0.075458
2512	0.075431
11893	0.075401
10389	0.075359
5576	0.075346
6996	0.075336
5329	0.075334
12916	0.075334
11978	0.075334
9447	0.075334
8005	0.075334
5340	0.075334
5339	0.075334
5337	0.075334
5335	0.075334
5331	0.075328
12069	0.075303
1048	0.075290
5114	0.075274
4916	0.075145
9604	0.075056
13257	0.074987
13221	0.074987
9648	0.074987
9647	0.074987
9340	0.074987
6442	0.074979
8164	0.074934
7389	0.074934
6685	0.074934
6612	0.074934
6611	0.074934
8165	0.074903
3152	0.074833
13814	0.074830
12285	0.074775
634	0.074754
10723	0.074725
6477	0.074688
2594	0.074612
12944	0.074607
1907	0.074583
5621	0.074545
9446	0.074545
4576	0.074492
12890	0.074464
12075	0.074443
813	0.074443
4294	0.074434
5333	0.074368
5038	0.074325
11697	0.074321
7882	0.074245
7142	0.074237
4715	0.074226
6221	0.074141
5630	0.074041
11980	0.073965
1211	0.073919
669	0.073900
7665	0.073898
12140	0.073869
14091	0.073796
13096	0.073793
3842	0.073704
12083	0.073700
6055	0.073601
8942	0.073600
13258	0.073513
6070	0.073458
7088	0.073421
7296	0.073412
4705	0.073257
9445	0.073249
887	0.073248
9726	0.073191
9490	0.073190
8101	0.073187
575	0.073177
1481	0.073160
5406	0.073053
5363	0.072965
9451	0.072938
9405	0.072922
7268	0.072913
6138	0.072602
7245	0.072573
6514	0.072520
10112	0.072517
283	0.072504
12363	0.072452
9875	0.072380
13150	0.072378
3670	0.072343
13334	0.072329
1380	0.072270
9711	0.072249
9708	0.072249
9707	0.072249
9705	0.072249
9703	0.072249
9699	0.072231
2750	0.072143
3093	0.072139
131	0.072113
9709	0.072080
1841	0.072013
1754	0.072002
1845	0.071996
9334	0.071903
7177	0.071891
8931	0.071877
9894	0.071815
2015	0.071788
3283	0.071746
14081	0.071735
5140	0.071735
4487	0.071731
4232	0.071600
1870	0.071594
87	0.071546
7072	0.071517
1627	0.071425
12305	0.071424
5438	0.071400
6063	0.071383
5668	0.071356
8957	0.071320
2518	0.071293
2755	0.071218
5697	0.071152
10456	0.071148
1810	0.071050
9695	0.071016
8540	0.071016
6752	0.071016
6751	0.071016
6750	0.071016
12201	0.070944
1922	0.070939
8370	0.070824
129	0.070823
5564	0.070779
1452	0.070773
13018	0.070765
11631	0.070765
11633	0.070688
11632	0.070688
12031	0.070619
3741	0.070611
721	0.070507
1903	0.070496
2073	0.070479
3317	0.070473
13744	0.070468
320	0.070366
2872	0.070339
13693	0.070335
1081	0.070334
9963	0.070277
9441	0.070191
12693	0.070156
13278	0.070099
14343	0.070063
14341	0.070063
14304	0.070063
14292	0.070063
14278	0.070063
14273	0.070063
14164	0.070063
7461	0.070063
7073	0.070049
5448	0.069990
758	0.069953
9504	0.069938
2480	0.069926
13743	0.069900
659	0.069872
7462	0.069871
7460	0.069871
8356	0.069842
4436	0.069722
7327	0.069642
14415	0.069584
9277	0.069584
1168	0.069554
13082	0.069517
9133	0.069517
9129	0.069517
7409	0.069515
11065	0.069492
1742	0.069491
13012	0.069445
13004	0.069445
9444	0.069428
10755	0.069417
9034	0.069368
11844	0.069343
4755	0.069311
13275	0.069274
7880	0.069252
11538	0.069210
3345	0.069204
5012	0.069029
3060	0.068972
8884	0.068971
4531	0.068969
773	0.068923
13288	0.068861
639	0.068847
5571	0.068833
1909	0.068775
5417	0.068718
7881	0.068697
8934	0.068668
6610	0.068660
6608	0.068660
5338	0.068582
5313	0.068553
13844	0.068495
4637	0.068484
12740	0.068433
8292	0.068426
6295	0.068417
1407	0.068383
6890	0.068284
1470	0.068275
2470	0.068220
9519	0.068143
12584	0.068138
7390	0.067942
5848	0.067897
11847	0.067884
6915	0.067876
11840	0.067864
563	0.067753
7219	0.067683
2062	0.067565
225	0.067550
3367	0.067481
5336	0.067373
11765	0.067337
4285	0.067076
4280	0.067076
10523	0.067060
5272	0.067034
9203	0.066924
2026	0.066920
1215	0.066901
6973	0.066823
6609	0.066819
2006	0.066669
62	0.066576
5797	0.066527
3672	0.066440
12771	0.066439
7683	0.066439
5332	0.066436
4128	0.066370
8464	0.066294
10664	0.066247
4573	0.066211
12103	0.066128
13603	0.066128
13238	0.066128
9553	0.066128
2959	0.066128
13321	0.066014
4966	0.065940
13541	0.065904
13442	0.065820
1216	0.065800
805	0.065765
8932	0.065753
11403	0.065715
6148	0.065715
4530	0.065700
9186	0.065674
5651	0.065650
10768	0.065604
981	0.065600
3757	0.065411
5780	0.065396
7984	0.065378
5296	0.065276
11525	0.065270
5286	0.065248
7388	0.065229
2405	0.065183
4356	0.065156
2607	0.065146
12455	0.065118
126	0.065092
2282	0.064983
947	0.064982
7504	0.064884
12851	0.064883
2268	0.064835
3891	0.064828
12128	0.064795
9232	0.064770
13020	0.064762
10264	0.064734
13735	0.064699
13728	0.064699
13726	0.064699
4141	0.064672
1219	0.064653
4386	0.064643
3909	0.064598
2960	0.064576
11415	0.064538
9414	0.064475
2454	0.064468
12675	0.064456
1614	0.064450
5193	0.064344
3708	0.064332
10582	0.064225
1212	0.064192
12304	0.064099
12050	0.064047
7285	0.063997
13052	0.063817
13010	0.063817
12879	0.063817
3076	0.063816
1386	0.063790
9415	0.063769
8851	0.063769
8850	0.063769
14038	0.063724
5458	0.063704
13698	0.063650
13544	0.063650
4041	0.063641
2464	0.063596
4316	0.063562
2450	0.063526
6292	0.063392
233	0.063291
11121	0.063246
853	0.063239
6026	0.063160
7868	0.063128
6735	0.063040
10556	0.063016
13711	0.062951
5560	0.062951
12524	0.062924
12267	0.062912
5126	0.062912
6603	0.062896
1385	0.062846
11092	0.062817
4535	0.062795
2018	0.062791
2030	0.062720
3079	0.062656
10520	0.062637
5934	0.062623
5933	0.062623
6780	0.062496
309	0.062481
8247	0.062429
2152	0.062423
4719	0.062409
10705	0.062382
10937	0.062335
11746	0.062308
13581	0.062290
5534	0.062273
3770	0.062273
3416	0.062263
6076	0.062232
7704	0.062224
12113	0.062217
5880	0.062216
2595	0.062211
10286	0.062208
10376	0.062204
5877	0.062200
5883	0.062159
13157	0.062158
5453	0.062117
3971	0.062090
6833	0.062036
9106	0.062011
10650	0.061992
13966	0.061976
8933	0.061963
9107	0.061907
7602	0.061890
13007	0.061883
12309	0.061847
6779	0.061847
8865	0.061819
4932	0.061809
10916	0.061802
13551	0.061789
1213	0.061770
10426	0.061685
3418	0.061652
11721	0.061622
539	0.061581
10848	0.061505
10704	0.061505
11502	0.061498
5067	0.061421
5993	0.061393
6869	0.061377
6864	0.061364
6863	0.061364
5833	0.061299
5188	0.061293
4858	0.061274
978	0.061251
2458	0.061233
2735	0.061197
4769	0.061177
4476	0.061145
5485	0.061145
5876	0.061144
14250	0.061142
10558	0.061142
10555	0.061142
6968	0.061142
128	0.061121
10740	0.061117
8042	0.061095
10483	0.061084
6485	0.061064
5841	0.061043
7185	0.061024
3972	0.061024
6695	0.060999
9465	0.060958
14249	0.060926
3552	0.060907
12439	0.060899
4238	0.060802
11267	0.060778
8491	0.060778
7354	0.060770
10481	0.060717
7300	0.060717
7770	0.060647
1233	0.060631
5433	0.060626
13286	0.060598
13006	0.060598
193	0.060598
5727	0.060552
4457	0.060542
7697	0.060515
7254	0.060515
8596	0.060511
3655	0.060497
6011	0.060483
5625	0.060466
13091	0.060463
9239	0.060415
10748	0.060377
9834	0.060377
132	0.060310
3199	0.060275
2882	0.060259
12700	0.060233
1475	0.060228
4180	0.060120
5686	0.060104
5859	0.060021
12161	0.059960
11870	0.059960
11794	0.059960
11204	0.059960
11203	0.059960
6144	0.059960
6143	0.059960
6142	0.059960
6141	0.059960
11553	0.059940
6404	0.059891
1532	0.059883
5215	0.059782
6320	0.059720
153	0.059595
11852	0.059558
2873	0.059477
12949	0.059402
12947	0.059402
12946	0.059402
12945	0.059402
12943	0.059402
12942	0.059402
6133	0.059383
9637	0.059359
7549	0.059357
6333	0.059272
5664	0.059170
2415	0.059157
1780	0.059120
12147	0.059064
9909	0.059035
1266	0.059011
13276	0.058999
8514	0.058999
8505	0.058999
3130	0.058976
3553	0.058945
6132	0.058944
8320	0.058881
5832	0.058828
5618	0.058825
5617	0.058825
8321	0.058821
12938	0.058817
2265	0.058807
144	0.058787
13123	0.058782
10034	0.058782
3149	0.058751
12823	0.058744
2642	0.058687
3173	0.058654
5749	0.058647
12745	0.058642
13209	0.058633
13206	0.058633
13205	0.058633
13203	0.058633
6977	0.058633
3679	0.058530
475	0.058513
13827	0.058505
13108	0.058505
13107	0.058505
12882	0.058505
10121	0.058505
8458	0.058505
6737	0.058428
6140	0.058407
6139	0.058407
268	0.058382
10541	0.058358
9868	0.058320
11255	0.058319
12071	0.058277
175	0.058277
900	0.058261
10554	0.058249
12204	0.058156
2883	0.058145
8930	0.058120
12265	0.058078
8211	0.058076
7393	0.058076
6414	0.058071
11297	0.058063
13954	0.058034
13953	0.058034
11708	0.058030
8890	0.057962
12436	0.057944
10571	0.057893
1881	0.057856
3724	0.057815
11365	0.057760
11270	0.057760
10957	0.057760
7144	0.057760
1970	0.057700
1063	0.057619
3736	0.057541
9360	0.057531
3107	0.057513
6299	0.057512
1920	0.057512
1468	0.057470
8444	0.057443
12431	0.057435
12356	0.057431
7062	0.057413
11211	0.057409
9349	0.057297
3374	0.057233
4181	0.057229
7061	0.057229
13095	0.057209
6969	0.057209
9062	0.057206
1902	0.057200
903	0.057138
3268	0.057056
1763	0.056952
2535	0.056926
4718	0.056897
3321	0.056830
11246	0.056800
12967	0.056792
3978	0.056784
12808	0.056776
12845	0.056738
13322	0.056704
6403	0.056704
12341	0.056697
