10441	0.177695
11539	0.165080
7337	0.163768
12597	0.159529
8622	0.157929
5250	0.153652
10318	0.153322
12426	0.151924
3633	0.147991
10048	0.146992
12795	0.143759
11510	0.143409
10674	0.143134
6810	0.141606
9835	0.140034
10907	0.139950
11315	0.139878
12701	0.139686
520	0.138532
8017	0.138344
11132	0.137886
9827	0.137666
1963	0.137656
5670	0.137445
10609	0.136402
12698	0.136372
10486	0.136211
10831	0.136196
5041	0.135441
4190	0.135372
10069	0.134991
11007	0.134484
3342	0.134417
12567	0.134348
6809	0.133125
3363	0.133010
7819	0.131742
4339	0.130593
12804	0.129981
11493	0.128946
10141	0.128900
10035	0.128900
3678	0.128851
3673	0.128851
10435	0.128604
11506	0.128406
11332	0.128178
8079	0.127836
12542	0.127821
11161	0.127637
13087	0.127518
5208	0.127466
9944	0.126369
11486	0.126343
11463	0.126182
1669	0.125737
12880	0.125717
3845	0.125639
5690	0.125615
5692	0.125551
10547	0.125539
11419	0.125296
10351	0.124976
11516	0.124171
12500	0.123735
3163	0.123636
11400	0.123536
8401	0.123351
4819	0.123179
4295	0.123136
1507	0.123120
6655	0.122955
10832	0.122860
10349	0.122799
11490	0.122795
10859	0.122608
12621	0.122509
10313	0.122458
10432	0.122314
9601	0.122257
1555	0.122079
6808	0.121773
12821	0.121569
12741	0.121167
6062	0.121012
11485	0.120751
407	0.120629
10350	0.120447
6660	0.120101
12543	0.120070
12803	0.120070
4744	0.120014
12660	0.119967
7062	0.119769
10537	0.119714
12789	0.119706
277	0.119362
8051	0.119304
12536	0.119210
3630	0.119126
13361	0.119113
14063	0.118966
12512	0.118778
11501	0.118680
12787	0.118584
12628	0.118469
3277	0.118326
9989	0.118295
11173	0.118022
11507	0.118005
9948	0.117906
6614	0.117821
11290	0.117566
12720	0.117398
7666	0.117398
12503	0.117243
12822	0.117144
3451	0.117010
5691	0.117005
11555	0.116874
12571	0.116546
5512	0.116262
7312	0.116152
11540	0.116090
14108	0.115811
4745	0.115811
6613	0.115758
8405	0.115619
6012	0.115544
13166	0.115280
2586	0.115257
7137	0.115185
11529	0.115129
12719	0.115077
11089	0.114950
6733	0.114894
12552	0.114840
10926	0.114807
12586	0.114773
2796	0.114532
7975	0.114365
12594	0.114295
10851	0.114077
3763	0.114019
7289	0.114019
8003	0.113855
10658	0.113754
6289	0.113660
6163	0.113439
10166	0.113438
10531	0.113324
12494	0.113153
3217	0.113139
10647	0.113080
7165	0.112868
1538	0.112851
1779	0.112846
10833	0.112724
11019	0.112586
9830	0.112262
2471	0.112155
11533	0.112088
9961	0.111990
8069	0.111913
2081	0.111806
7166	0.111779
10687	0.111717
11312	0.111655
9952	0.111475
12521	0.111295
3732	0.111239
10613	0.111238
11474	0.111025
7094	0.111000
11572	0.110926
12626	0.110820
6450	0.110790
8802	0.110722
12632	0.110369
3764	0.110332
10657	0.110185
12200	0.110102
9988	0.110056
8237	0.110001
12109	0.109694
5948	0.109694
12506	0.109607
11213	0.109506
5887	0.109449
7762	0.109429
662	0.109322
10142	0.109308
11554	0.109221
10903	0.109216
4655	0.109216
10692	0.109197
12638	0.109137
10836	0.109000
8929	0.108967
8513	0.108958
10235	0.108917
12734	0.108893
3181	0.108826
9946	0.108800
13153	0.108570
10171	0.108570
10170	0.108570
5751	0.108556
402	0.108469
8080	0.108468
12630	0.108440
11755	0.108328
2335	0.108318
4221	0.108216
10686	0.107961
7233	0.107811
7645	0.107723
12547	0.107684
12607	0.107671
2251	0.107527
11759	0.107490
10860	0.107363
10368	0.107258
11518	0.107192
232	0.107163
12749	0.107124
12748	0.107124
567	0.106741
12602	0.106726
7061	0.106634
13333	0.106624
12565	0.106585
10046	0.106447
12544	0.106276
543	0.106241
5728	0.106142
11528	0.106132
5667	0.105879
10572	0.105762
11218	0.105711
5534	0.105635
12747	0.105612
12794	0.105603
12808	0.105551
12148	0.105361
7411	0.105361
2889	0.105225
11504	0.105070
4279	0.105017
11577	0.105003
5174	0.104998
9747	0.104934
4786	0.104880
12807	0.104811
12409	0.104808
11480	0.104787
2799	0.104580
12757	0.104425
11571	0.104333
12499	0.104170
4804	0.104142
1642	0.104041
3341	0.104002
5567	0.103921
10834	0.103699
3792	0.103609
11225	0.103578
10909	0.103578
6326	0.103561
12710	0.103355
12590	0.103249
11502	0.103183
10475	0.103089
11223	0.103042
5514	0.102665
12570	0.102535
978	0.102427
11542	0.102408
7010	0.102138
8496	0.102069
12496	0.101987
7520	0.101838
2778	0.101780
11488	0.101642
3982	0.101608
5109	0.101156
10583	0.101154
6811	0.101038
12665	0.100962
13493	0.100922
10339	0.100920
12773	0.100804
9718	0.100799
11492	0.100787
3675	0.100771
12640	0.100753
12751	0.100749
274	0.100684
3266	0.100597
419	0.100570
11494	0.100566
6098	0.100535
6922	0.100460
12704	0.100308
3669	0.100304
10561	0.100267
11497	0.100257
12382	0.100165
10353	0.100081
5957	0.099894
11579	0.099807
5249	0.099608
7806	0.099588
10095	0.099478
9564	0.099420
3566	0.099420
10597	0.099388
9990	0.099361
10042	0.099161
4337	0.099154
10352	0.098993
9949	0.098966
7668	0.098905
5052	0.098833
11515	0.098811
7973	0.098790
4818	0.098773
12654	0.098741
11569	0.098693
12796	0.098682
10535	0.098595
11464	0.098419
6842	0.098373
3242	0.098363
7530	0.098214
12812	0.098165
13529	0.098163
11556	0.098154
8023	0.098148
9349	0.098129
569	0.098112
9375	0.098063
12401	0.098059
3726	0.097975
3230	0.097969
12589	0.097945
11495	0.097881
12627	0.097817
1609	0.097778
11392	0.097761
12145	0.097686
10515	0.097686
5956	0.097686
12550	0.097548
6628	0.097449
9714	0.097443
10463	0.097439
12509	0.097237
9392	0.097213
11082	0.097126
12588	0.097115
13405	0.097078
12554	0.096931
10713	0.096880
10119	0.096840
6887	0.096835
10873	0.096752
8054	0.096747
2087	0.096737
5075	0.096629
1936	0.096619
3175	0.096615
10492	0.096598
10967	0.096596
5458	0.096568
10843	0.096553
1937	0.096515
9847	0.096508
14265	0.096455
14264	0.096455
11323	0.096422
8253	0.096362
11496	0.096210
364	0.096153
12783	0.096041
10215	0.096041
13088	0.096024
12650	0.095985
10684	0.095968
6283	0.095909
10530	0.095840
2801	0.095837
7596	0.095719
3231	0.095376
11151	0.095359
10023	0.095267
12408	0.095253
10401	0.095190
14349	0.095182
14344	0.095182
14316	0.095182
14309	0.095182
14306	0.095182
14260	0.095182
14240	0.095182
14216	0.095182
14168	0.095182
9769	0.095118
7964	0.095046
12561	0.094976
7505	0.094952
9951	0.094884
10450	0.094868
11354	0.094761
12711	0.094746
4962	0.094715
11351	0.094695
11534	0.094687
10315	0.094647
12507	0.094423
4859	0.094404
11226	0.094266
8465	0.094216
10314	0.094149
6266	0.094025
11145	0.093972
8654	0.093950
8653	0.093950
11544	0.093928
11574	0.093863
8052	0.093853
8909	0.093805
13495	0.093771
8947	0.093664
4729	0.093610
10402	0.093585
12595	0.093554
4327	0.093466
3229	0.093390
10714	0.093389
5129	0.093388
528	0.093368
12605	0.093113
12613	0.093078
521	0.092988
7926	0.092957
10964	0.092893
11104	0.092825
12514	0.092788
9950	0.092777
11081	0.092690
9922	0.092675
12312	0.092460
7318	0.092427
3312	0.092408
13624	0.092398
13623	0.092398
11343	0.092352
10872	0.092277
11368	0.092275
12725	0.092264
12435	0.092259
11546	0.092225
5491	0.092178
7529	0.092173
11134	0.092136
8390	0.092113
4314	0.092097
9179	0.092045
12625	0.091948
11479	0.091914
10017	0.091896
5982	0.091834
1737	0.091827
9020	0.091816
2549	0.091692
6671	0.091666
8797	0.091604
12593	0.091590
10373	0.091541
9507	0.091441
6535	0.091419
12658	0.091413
11116	0.091413
2795	0.091413
2794	0.091413
13504	0.091384
12629	0.091367
10033	0.091343
6877	0.091341
2800	0.091336
12633	0.091335
6114	0.091287
11053	0.091265
8270	0.091195
12551	0.091056
12495	0.091040
3232	0.091025
5513	0.090942
12755	0.090905
12708	0.090816
7093	0.090736
10205	0.090636
5346	0.090597
3795	0.090591
8397	0.090542
11139	0.090538
11581	0.090474
1687	0.090463
7687	0.090356
5074	0.090309
5398	0.090202
1633	0.090102
7161	0.090084
8357	0.090044
13123	0.090002
10034	0.090002
542	0.089820
12579	0.089770
11491	0.089741
1543	0.089738
477	0.089604
12580	0.089565
5181	0.089558
4629	0.089360
10263	0.089279
10691	0.089265
11250	0.089206
5490	0.089151
4189	0.089056
50	0.089042
7081	0.088866
4645	0.088803
12832	0.088774
4684	0.088659
1671	0.088543
2007	0.088523
2546	0.088501
7397	0.088472
11508	0.088430
10961	0.088360
4717	0.088358
9721	0.088301
7948	0.088301
7778	0.088301
7618	0.088301
7113	0.088301
490	0.088262
4218	0.088227
10852	0.088178
11551	0.088151
10857	0.087970
11478	0.087898
10212	0.087849
4340	0.087747
12790	0.087743
12776	0.087729
11334	0.087691
1683	0.087654
10924	0.087640
10497	0.087633
10485	0.087621
13151	0.087585
770	0.087569
13165	0.087511
319	0.087426
3565	0.087401
14245	0.087392
9955	0.087362
9992	0.087239
5143	0.087195
3671	0.087141
9169	0.087097
2642	0.087072
7028	0.086988
10772	0.086915
819	0.086861
3746	0.086755
10968	0.086714
7070	0.086654
11196	0.086609
10392	0.086590
10502	0.086567
399	0.086532
8564	0.086358
11257	0.086323
4805	0.086321
5613	0.086303
12601	0.086212
11543	0.086196
12809	0.086159
5532	0.086094
12659	0.086093
5318	0.086063
12624	0.085976
12707	0.085962
12375	0.085890
9790	0.085788
12727	0.085766
11500	0.085739
12515	0.085679
5573	0.085672
10139	0.085655
5979	0.085559
431	0.085548
1638	0.085533
12772	0.085524
7535	0.085431
10068	0.085408
12063	0.085387
12780	0.085270
11548	0.085259
12781	0.085229
12606	0.085199
11405	0.084985
9094	0.084892
9093	0.084892
9092	0.084892
9065	0.084892
13413	0.084867
2625	0.084787
12637	0.084776
10395	0.084776
11963	0.084662
9915	0.084649
5983	0.084623
7707	0.084588
2252	0.084573
11469	0.084535
11421	0.084533
11345	0.084533
11335	0.084533
10842	0.084533
9826	0.084516
3689	0.084512
8089	0.084506
5558	0.084489
6290	0.084467
12792	0.084445
323	0.084392
10090	0.084317
8081	0.084299
24	0.084273
12767	0.084266
11549	0.084254
11107	0.084239
10149	0.084230
2496	0.084207
10526	0.084158
7961	0.084099
10948	0.083914
9389	0.083866
11441	0.083861
12801	0.083761
11499	0.083750
2770	0.083697
5061	0.083692
7229	0.083679
2983	0.083600
11338	0.083592
14069	0.083561
11536	0.083531
373	0.083520
12791	0.083419
12788	0.083419
11037	0.083260
11471	0.083085
529	0.083051
8130	0.083045
6334	0.082998
5446	0.082877
10939	0.082807
11030	0.082755
11029	0.082755
244	0.082579
10461	0.082563
3567	0.082543
10287	0.082501
13154	0.082428
6110	0.082411
1647	0.082388
3558	0.082359
12635	0.082328
5736	0.082287
11795	0.082280
3605	0.082265
6527	0.082264
6418	0.082222
12383	0.082194
12730	0.082182
10476	0.082149
12520	0.082109
6199	0.082101
9825	0.082087
10700	0.082075
2705	0.082028
11337	0.082023
1017	0.081996
110	0.081940
12592	0.081918
7661	0.081853
5707	0.081843
11846	0.081826
5784	0.081826
6371	0.081811
12566	0.081805
647	0.081804
12745	0.081774
11578	0.081772
10941	0.081727
11564	0.081705
11575	0.081610
11278	0.081579
5276	0.081562
1848	0.081541
13129	0.081449
6061	0.081449
2400	0.081438
137	0.081427
11468	0.081386
10428	0.081305
5483	0.081299
9187	0.081237
1611	0.081191
4456	0.081165
12336	0.081163
8901	0.081158
968	0.081144
3251	0.081111
9971	0.081015
7119	0.081004
3390	0.080992
11568	0.080963
11477	0.080886
11366	0.080881
3474	0.080874
10885	0.080830
12415	0.080785
10400	0.080775
10678	0.080588
176	0.080582
11301	0.080495
11511	0.080478
2790	0.080419
10517	0.080382
12557	0.080288
444	0.080233
11215	0.080221
10040	0.080213
3676	0.080187
11521	0.080181
11025	0.080174
2634	0.080139
7206	0.080126
12412	0.080088
12758	0.080003
12759	0.079983
260	0.079952
6988	0.079913
6121	0.079818
1807	0.079731
10636	0.079634
2777	0.079620
366	0.079524
1230	0.079510
11308	0.079507
10682	0.079507
11482	0.079500
9857	0.079460
3495	0.079449
11489	0.079436
2466	0.079386
12666	0.079341
11286	0.079326
11573	0.079250
14076	0.079222
929	0.079204
7160	0.079193
1286	0.079155
10250	0.079080
12833	0.078916
4581	0.078838
7372	0.078836
5495	0.078829
12753	0.078818
5266	0.078796
11431	0.078767
6626	0.078733
8957	0.078730
7991	0.078700
11522	0.078653
12564	0.078633
11394	0.078613
8926	0.078607
7030	0.078557
2499	0.078544
11558	0.078520
628	0.078504
3350	0.078439
10771	0.078438
5112	0.078357
12530	0.078351
5665	0.078347
14012	0.078302
8900	0.078278
13607	0.078193
12619	0.078183
2401	0.078122
13449	0.078066
1445	0.078052
9008	0.078033
12763	0.078027
280	0.078016
9097	0.077995
9096	0.077995
5802	0.077992
12538	0.077991
11527	0.077981
13798	0.077956
4712	0.077911
3519	0.077827
1089	0.077826
11681	0.077808
538	0.077808
12612	0.077764
6700	0.077754
2515	0.077734
9084	0.077715
7139	0.077702
9964	0.077683
11509	0.077681
4933	0.077652
5673	0.077632
12695	0.077579
10421	0.077558
10949	0.077531
4006	0.077455
5978	0.077454
325	0.077414
6928	0.077277
12510	0.077260
12651	0.077255
12350	0.077202
11247	0.077136
8230	0.077127
12349	0.077114
10856	0.077105
703	0.076769
1607	0.076739
12587	0.076722
3168	0.076669
338	0.076667
6135	0.076658
13260	0.076657
13259	0.076657
12167	0.076657
8573	0.076657
6630	0.076635
10174	0.076612
12653	0.076571
7818	0.076566
537	0.076526
12555	0.076456
5367	0.076393
4263	0.076370
10618	0.076344
5725	0.076340
382	0.076229
565	0.076197
11455	0.076193
11426	0.076193
12410	0.076192
10573	0.076189
10773	0.076157
12525	0.076144
4177	0.076132
6499	0.076083
12055	0.076070
5674	0.076069
12524	0.076038
13359	0.076034
4226	0.076007
5254	0.075990
11580	0.075979
12577	0.075899
10437	0.075849
1670	0.075822
10496	0.075817
13398	0.075805
10884	0.075795
7733	0.075779
13146	0.075776
3114	0.075761
3459	0.075736
13686	0.075724
13670	0.075724
12548	0.075713
4889	0.075706
10840	0.075608
13912	0.075493
3368	0.075448
3115	0.075445
3149	0.075404
530	0.075361
400	0.075361
5213	0.075280
12636	0.075270
7716	0.075173
6026	0.075125
1612	0.075123
5580	0.075120
11467	0.075067
13620	0.075056
7234	0.074952
10881	0.074906
10209	0.074905
12504	0.074796
12535	0.074787
2238	0.074782
3664	0.074782
3248	0.074776
570	0.074680
4049	0.074676
12381	0.074655
11086	0.074636
13502	0.074583
10668	0.074583
10494	0.074583
10102	0.074571
6807	0.074563
11483	0.074524
11195	0.074497
2255	0.074483
7140	0.074480
13170	0.074471
11576	0.074459
13494	0.074456
10468	0.074435
1551	0.074433
11099	0.074402
11094	0.074402
626	0.074402
688	0.074400
2561	0.074399
6086	0.074372
10614	0.074358
12267	0.074348
5126	0.074348
8337	0.074305
10574	0.074300
12815	0.074269
5675	0.074256
10871	0.074212
5693	0.074208
7639	0.074177
11408	0.074115
815	0.074114
3662	0.074076
11487	0.074003
4561	0.073990
2319	0.073938
2379	0.073887
6252	0.073844
12866	0.073840
11683	0.073807
12910	0.073797
8794	0.073788
3049	0.073772
1674	0.073690
14315	0.073679
7040	0.073641
10798	0.073631
5991	0.073616
13644	0.073609
3470	0.073597
10292	0.073585
3456	0.073567
5579	0.073550
12582	0.073535
4297	0.073530
12736	0.073507
7673	0.073473
7114	0.073470
8852	0.073427
9520	0.073411
9884	0.073401
4752	0.073388
512	0.073314
11935	0.073288
10551	0.073275
10956	0.073249
11179	0.073128
10722	0.073127
4016	0.073092
429	0.073080
11371	0.073016
11370	0.073016
10955	0.073016
9016	0.072907
10234	0.072839
