12202	0.181625
3988	0.181625
3987	0.180506
9694	0.141451
7397	0.137745
2546	0.135583
6457	0.118630
12247	0.117672
10090	0.117517
10842	0.117246
11421	0.117246
11345	0.117246
11335	0.117246
819	0.117124
8089	0.116711
11510	0.115923
9392	0.115438
11148	0.115378
8489	0.114703
4114	0.114439
11667	0.113964
11711	0.110011
3135	0.108649
8622	0.108523
249	0.106172
10632	0.106050
1359	0.105445
12787	0.105383
5041	0.104531
4763	0.104091
12409	0.102260
9005	0.102037
1345	0.101776
3342	0.100837
3077	0.100339
11337	0.100192
5007	0.099957
9830	0.099264
1779	0.098771
9002	0.098196
4856	0.097763
6946	0.097699
10441	0.096964
6829	0.096626
250	0.096312
8855	0.096304
6758	0.096265
3326	0.096178
12249	0.096109
5008	0.096109
1344	0.095779
13087	0.095019
703	0.094247
3210	0.093834
8314	0.093742
5695	0.093314
570	0.092668
5942	0.092363
6830	0.091578
254	0.091575
11218	0.090978
5520	0.090925
277	0.090723
9377	0.090645
8959	0.090269
11007	0.089482
7337	0.089292
12633	0.089220
2588	0.089190
14128	0.088978
11728	0.088969
11729	0.088594
9370	0.088556
12109	0.088542
5948	0.088542
11534	0.088372
2486	0.087969
6624	0.087940
12698	0.087932
12880	0.087807
11675	0.087610
12795	0.087458
8960	0.087328
3064	0.087125
4392	0.087117
12241	0.087101
12240	0.087101
8074	0.087101
7294	0.087101
6054	0.087101
4336	0.087101
12734	0.087068
1613	0.086878
8832	0.086639
14	0.086620
10852	0.085886
10477	0.085314
1593	0.085283
10033	0.085071
10318	0.085059
6729	0.085002
12516	0.084818
11091	0.084741
4033	0.084712
253	0.084530
5940	0.084513
12597	0.084483
3678	0.084170
3673	0.084170
2581	0.083975
10475	0.083919
12507	0.083788
5217	0.083739
2582	0.083733
12579	0.083711
11053	0.083504
4051	0.083351
6814	0.083169
6056	0.083120
2249	0.083105
12747	0.083002
11921	0.082527
12794	0.082470
12613	0.082418
12637	0.082392
2547	0.082358
2343	0.082193
10813	0.082105
12757	0.081992
8040	0.081951
9950	0.081801
11015	0.081800
1138	0.081756
11539	0.081410
628	0.081308
10834	0.081144
4792	0.081115
6328	0.080868
11334	0.080845
680	0.080443
7049	0.080089
4030	0.079921
9944	0.079857
4000	0.079450
9006	0.079412
9004	0.079412
9003	0.079412
9001	0.079412
9000	0.079412
8999	0.079412
8941	0.079412
6527	0.079242
12561	0.079169
13333	0.078944
5446	0.078932
5858	0.078919
3341	0.078905
11795	0.078851
7050	0.078812
12673	0.078799
3066	0.078708
5565	0.078589
12372	0.078502
3834	0.078438
1421	0.078413
4713	0.078277
8998	0.078259
6456	0.078245
2701	0.078234
12792	0.078144
4389	0.077943
6454	0.077925
2540	0.077803
6121	0.077771
10069	0.077714
2548	0.077687
12791	0.077684
12788	0.077684
3074	0.077650
5040	0.077593
5606	0.077501
13305	0.077441
57	0.077340
11507	0.077254
11501	0.077252
10658	0.077234
1581	0.077213
12400	0.077019
11586	0.077019
12707	0.076976
4945	0.076868
12536	0.076822
5946	0.076688
10793	0.076657
11011	0.076283
9948	0.076237
1273	0.076018
11178	0.075888
13166	0.075820
9026	0.075731
10657	0.075593
11506	0.075318
4193	0.075228
4425	0.075089
13146	0.074916
12621	0.074654
269	0.074476
11438	0.074473
7229	0.074148
3630	0.074106
9835	0.074066
11419	0.073985
5567	0.073791
6643	0.073726
1555	0.073714
10432	0.073714
699	0.073576
3078	0.073528
10674	0.073481
319	0.073406
5558	0.073329
2344	0.073241
11293	0.073086
1600	0.072959
1595	0.072959
1590	0.072959
11374	0.072570
5039	0.072431
5522	0.072411
11217	0.072299
13398	0.072032
12410	0.071943
3668	0.071908
4800	0.071562
6506	0.071513
2889	0.071507
280	0.071431
4190	0.071354
331	0.071349
11086	0.071328
12277	0.071049
8073	0.071049
6150	0.071049
5944	0.071049
5943	0.071049
7342	0.071034
10844	0.070981
6810	0.070861
7343	0.070823
3242	0.070804
4393	0.070725
9094	0.070623
9093	0.070623
9092	0.070623
9065	0.070623
10468	0.070608
10119	0.070579
5521	0.070567
5181	0.070267
5344	0.070042
3168	0.070038
341	0.069923
5672	0.069772
8618	0.069692
5937	0.069681
4790	0.069645
9876	0.069613
7628	0.069613
7627	0.069613
643	0.069585
3642	0.069555
9295	0.069502
5671	0.069422
11530	0.069328
3254	0.069255
12612	0.069142
12565	0.069068
6386	0.068997
10772	0.068985
6910	0.068973
7152	0.068971
11518	0.068874
7205	0.068805
11275	0.068767
12544	0.068719
11963	0.068682
10385	0.068615
12802	0.068603
44	0.068530
8947	0.068415
8513	0.068352
6053	0.068303
7541	0.068229
11685	0.068216
12665	0.068181
6614	0.068175
1963	0.068105
11179	0.068042
10670	0.068014
1507	0.068001
1669	0.067878
9718	0.067863
11395	0.067832
11556	0.067791
3363	0.067772
12595	0.067756
11542	0.067641
55	0.067634
10435	0.067501
11410	0.067448
10497	0.067328
3795	0.067317
1178	0.067257
12730	0.067237
5207	0.067143
329	0.066999
330	0.066961
5519	0.066782
4192	0.066733
9587	0.066614
11019	0.066511
10604	0.066468
323	0.066458
3669	0.066451
9917	0.066421
12667	0.066338
10301	0.066305
12636	0.066241
8401	0.065978
11516	0.065951
2406	0.065902
5725	0.065869
7789	0.065791
5154	0.065770
3664	0.065769
14017	0.065662
7914	0.065662
5728	0.065606
5009	0.065410
7422	0.065394
7220	0.065344
566	0.065329
568	0.065309
8898	0.065306
7249	0.065195
4326	0.065164
7959	0.064941
11463	0.064892
10386	0.064844
5969	0.064805
690	0.064796
12628	0.064706
1422	0.064658
3822	0.064652
12163	0.064554
4430	0.064554
4429	0.064554
4428	0.064554
6444	0.064546
5319	0.064498
2180	0.064490
11564	0.064441
3742	0.064427
10253	0.064345
3230	0.064291
30	0.064288
9169	0.064135
1597	0.064065
665	0.064042
289	0.064022
4951	0.064008
9915	0.063960
2927	0.063934
4797	0.063840
274	0.063817
4023	0.063738
4078	0.063532
2033	0.063525
13151	0.063515
7645	0.063490
3469	0.063488
8208	0.063470
220	0.063379
13361	0.063358
4786	0.063316
629	0.063280
12630	0.063134
9721	0.063121
7948	0.063121
7778	0.063121
7618	0.063121
7113	0.063121
8003	0.063058
4842	0.063040
5109	0.063019
7364	0.062998
4947	0.062821
13094	0.062810
13597	0.062790
13596	0.062790
13595	0.062790
13583	0.062790
13554	0.062790
13402	0.062790
7990	0.062790
7855	0.062682
5490	0.062654
3111	0.062617
12654	0.062573
12073	0.062573
8253	0.062558
3428	0.062546
9725	0.062495
10756	0.062485
458	0.062352
8017	0.062304
14349	0.062292
14344	0.062292
14316	0.062292
14309	0.062292
14306	0.062292
14260	0.062292
14240	0.062292
14216	0.062292
14168	0.062292
10961	0.062259
5318	0.062219
5670	0.062096
10647	0.062067
1418	0.062044
1009	0.062013
11216	0.061983
1469	0.061873
11490	0.061827
7641	0.061778
6341	0.061778
6556	0.061707
6555	0.061707
2948	0.061691
2946	0.061691
9968	0.061650
477	0.061649
3068	0.061646
232	0.061568
6882	0.061562
3247	0.061562
12772	0.061531
1456	0.061528
5970	0.061496
5491	0.061365
6534	0.061345
459	0.061254
457	0.061163
14061	0.061062
7403	0.061037
3805	0.060960
12066	0.060929
13810	0.060920
11386	0.060889
376	0.060851
10907	0.060736
5129	0.060716
10626	0.060703
991	0.060657
333	0.060644
11555	0.060640
2087	0.060635
9991	0.060629
567	0.060616
12548	0.060573
2545	0.060551
5366	0.060547
12560	0.060456
6728	0.060447
7359	0.060293
10672	0.060262
1538	0.060192
12658	0.060042
11116	0.060042
2795	0.060042
2794	0.060042
393	0.060038
5692	0.059942
662	0.059911
5690	0.059863
5534	0.059859
13405	0.059854
2800	0.059832
13598	0.059715
11332	0.059712
8656	0.059693
11109	0.059634
698	0.059611
12806	0.059588
4085	0.059535
6979	0.059533
12832	0.059518
3232	0.059152
14126	0.059036
14125	0.059036
5716	0.058908
10042	0.058855
8800	0.058853
13624	0.058828
13623	0.058828
7950	0.058802
2549	0.058731
6836	0.058720
12312	0.058700
647	0.058674
7543	0.058624
12426	0.058575
10600	0.058562
3715	0.058508
9485	0.058503
12552	0.058491
13685	0.058477
13684	0.058477
13683	0.058477
13565	0.058477
12502	0.058432
7230	0.058404
12542	0.058350
8901	0.058337
10940	0.058302
2500	0.058291
375	0.058262
5317	0.058184
3857	0.058060
2559	0.057987
12096	0.057981
5075	0.057899
7165	0.057881
9085	0.057868
1104	0.057860
6159	0.057857
6158	0.057857
2496	0.057844
9938	0.057843
7551	0.057843
7550	0.057843
7539	0.057843
7538	0.057843
12570	0.057829
7224	0.057704
6574	0.057704
5527	0.057704
13123	0.057678
10034	0.057678
11493	0.057636
12632	0.057614
5888	0.057606
4841	0.057579
11416	0.057496
9016	0.057495
12317	0.057490
8461	0.057461
11315	0.057375
12577	0.057325
759	0.057282
8170	0.057247
5856	0.057239
3213	0.057195
2250	0.057183
1053	0.057175
3312	0.057052
9187	0.057023
12736	0.056974
2586	0.056833
10295	0.056806
9086	0.056792
10002	0.056691
10018	0.056637
5573	0.056567
11459	0.056533
11340	0.056533
6329	0.056533
11554	0.056515
7201	0.056418
3662	0.056271
11783	0.056252
9196	0.056234
688	0.056198
6226	0.056194
7932	0.056151
10833	0.056067
4038	0.056032
9021	0.055989
8209	0.055856
8430	0.055830
4898	0.055816
11528	0.055808
13529	0.055741
5650	0.055693
3646	0.055659
286	0.055607
2551	0.055604
9501	0.055587
13607	0.055581
10640	0.055574
2793	0.055565
4819	0.055413
10749	0.055408
7297	0.055363
6733	0.055333
5346	0.055262
6911	0.055255
262	0.055236
5014	0.055198
7732	0.055159
1608	0.055150
8623	0.055117
8237	0.055095
10450	0.055006
3888	0.055003
3229	0.054966
11260	0.054889
10157	0.054889
10545	0.054863
13652	0.054859
10486	0.054827
6715	0.054775
11180	0.054761
13165	0.054719
1021	0.054669
2519	0.054650
3675	0.054631
3656	0.054625
4024	0.054624
6306	0.054615
8064	0.054580
10973	0.054568
4752	0.054550
10492	0.054549
10104	0.054506
31	0.054506
11259	0.054450
5580	0.054422
6657	0.054420
5666	0.054410
3796	0.054401
5569	0.054379
632	0.054354
7399	0.054348
12291	0.054346
3729	0.054312
4968	0.054307
5579	0.054225
10212	0.054210
5887	0.054159
217	0.054152
7475	0.054147
10470	0.054141
7056	0.054112
10415	0.054094
10416	0.054086
11081	0.054086
1041	0.054061
10603	0.053947
10368	0.053925
12701	0.053888
5174	0.053882
13384	0.053859
13808	0.053807
6458	0.053790
10331	0.053786
10610	0.053761
10876	0.053706
10195	0.053620
12821	0.053608
332	0.053581
3963	0.053579
3740	0.053560
4962	0.053549
2997	0.053527
6700	0.053516
13846	0.053463
8459	0.053463
1188	0.053457
13449	0.053443
7809	0.053405
10314	0.053391
5250	0.053382
3961	0.053360
5550	0.053357
5195	0.053306
12710	0.053270
10890	0.053262
12589	0.053261
10315	0.053079
13008	0.053024
2558	0.053021
8802	0.052976
10037	0.052965
10583	0.052949
12773	0.052936
10134	0.052912
10891	0.052884
3982	0.052861
7982	0.052834
12381	0.052831
5602	0.052812
13550	0.052786
5308	0.052749
12719	0.052729
384	0.052721
10599	0.052681
3429	0.052594
2944	0.052584
3998	0.052529
294	0.052524
11413	0.052524
12145	0.052522
10515	0.052522
5956	0.052522
7332	0.052521
6365	0.052521
12571	0.052517
11221	0.052484
2552	0.052483
12715	0.052455
5568	0.052455
11200	0.052382
7331	0.052307
357	0.052290
4330	0.052274
9502	0.052272
696	0.052211
10005	0.052211
5512	0.052202
9898	0.052149
5957	0.052121
11351	0.052115
6938	0.052109
9632	0.052107
4235	0.052107
5682	0.052072
12438	0.051960
13708	0.051955
9500	0.051948
3976	0.051946
7306	0.051928
7554	0.051926
13504	0.051917
1588	0.051880
6222	0.051869
7341	0.051862
8259	0.051849
2560	0.051848
12383	0.051750
8079	0.051747
6699	0.051737
9964	0.051659
5707	0.051653
11565	0.051639
11576	0.051598
5615	0.051578
13876	0.051577
8061	0.051577
6224	0.051569
9616	0.051565
10598	0.051527
12709	0.051479
335	0.051454
334	0.051454
327	0.051454
305	0.051454
302	0.051454
9767	0.051445
12433	0.051433
6052	0.051372
12566	0.051369
9927	0.051351
9896	0.051351
7208	0.051351
2554	0.051339
5270	0.051331
8051	0.051302
2524	0.051244
3962	0.051241
206	0.051239
7492	0.051206
12547	0.051163
5188	0.051143
4902	0.051134
12154	0.051117
858	0.051108
10165	0.051089
10360	0.051021
2077	0.050999
4750	0.050995
2555	0.050974
760	0.050954
12751	0.050920
5267	0.050902
34	0.050857
3237	0.050844
12315	0.050800
10166	0.050796
4645	0.050795
3626	0.050786
11290	0.050743
9490	0.050732
12799	0.050692
10428	0.050667
11132	0.050639
12508	0.050614
13609	0.050597
10057	0.050532
9461	0.050523
8886	0.050516
7739	0.050503
7875	0.050501
8094	0.050497
12231	0.050496
9926	0.050481
9925	0.050481
9924	0.050481
9852	0.050481
7773	0.050481
7447	0.050481
2553	0.050475
11477	0.050475
9190	0.050440
11780	0.050400
6800	0.050397
5251	0.050396
1556	0.050367
5600	0.050354
8780	0.050353
10933	0.050306
5551	0.050304
11265	0.050286
7457	0.050253
8272	0.050228
2991	0.050222
2081	0.050215
9828	0.050187
7094	0.050143
9416	0.050143
3053	0.050087
11538	0.050068
1585	0.050067
3680	0.050016
12910	0.049992
3764	0.049979
1337	0.049974
50	0.049946
12525	0.049941
3965	0.049931
6582	0.049915
2176	0.049902
1582	0.049900
9487	0.049883
14041	0.049880
5928	0.049874
2817	0.049873
13500	0.049752
11920	0.049669
3927	0.049669
3868	0.049669
12732	0.049639
11520	0.049610
11500	0.049594
8835	0.049539
8463	0.049488
11544	0.049479
1463	0.049474
13404	0.049471
8069	0.049432
7807	0.049393
14096	0.049367
7077	0.049351
12745	0.049334
11405	0.049331
285	0.049316
2322	0.049312
10840	0.049296
6449	0.049291
10048	0.049243
13502	0.049240
10668	0.049240
10494	0.049240
10209	0.049227
7166	0.049212
10541	0.049194
10102	0.049191
4295	0.049160
7595	0.049153
9170	0.049152
2703	0.049123
13170	0.049121
10609	0.049035
306	0.049010
702	0.048933
12235	0.048916
11511	0.048884
13560	0.048851
11839	0.048835
6085	0.048797
12117	0.048773
7345	0.048773
13277	0.048765
12551	0.048740
12818	0.048740
205	0.048730
203	0.048730
11540	0.048721
4698	0.048715
5208	0.048657
10951	0.048655
2297	0.048636
9182	0.048627
12617	0.048604
12314	0.048577
8749	0.048576
8748	0.048576
10127	0.048570
10875	0.048550
12297	0.048480
8098	0.048480
8052	0.048468
373	0.048401
3163	0.048321
12538	0.048314
6268	0.048314
5269	0.048216
13452	0.048198
8995	0.048198
12187	0.048198
12666	0.048178
6584	0.048151
6581	0.048151
10158	0.048146
9330	0.048139
2039	0.048124
13653	0.048122
13555	0.048122
13316	0.048122
10602	0.048122
4031	0.048121
215	0.048107
11256	0.048096
8128	0.048088
10801	0.048079
2471	0.048060
10904	0.048042
7095	0.047986
10461	0.047978
2753	0.047974
12428	0.047956
11161	0.047943
6517	0.047908
8703	0.047872
199	0.047811
13904	0.047796
3065	0.047775
6928	0.047770
11286	0.047762
12573	0.047730
4618	0.047717
4410	0.047717
12759	0.047690
11198	0.047689
2556	0.047675
11173	0.047674
13841	0.047666
6334	0.047659
7553	0.047658
5483	0.047627
12606	0.047626
9373	0.047620
7631	0.047599
293	0.047585
292	0.047585
291	0.047585
290	0.047585
287	0.047585
7726	0.047561
11202	0.047471
10188	0.047461
5605	0.047423
190	0.047411
10920	0.047387
11581	0.047381
5025	0.047344
9564	0.047339
3566	0.047339
4744	0.047282
1817	0.047205
8405	0.047184
282	0.047165
13092	0.047155
13246	0.047139
6312	0.047113
7118	0.047081
2984	0.047072
7576	0.047032
6223	0.046994
11323	0.046990
