5293	0.243028
11742	0.232647
5226	0.232647
13204	0.230458
11591	0.229545
11592	0.226875
5292	0.212679
6259	0.207304
7285	0.191487
5248	0.181815
5846	0.180706
5582	0.171416
11697	0.165689
5843	0.161272
12286	0.156797
7908	0.154703
5583	0.154241
11292	0.154009
10390	0.153451
12358	0.152924
12385	0.151954
4947	0.150859
850	0.150093
5441	0.146780
4895	0.146302
12591	0.146112
6963	0.145902
6480	0.143055
11752	0.142607
8877	0.140813
6010	0.139207
3030	0.138041
2381	0.137310
3226	0.137110
10734	0.136793
10275	0.134011
12504	0.133033
6935	0.132453
13805	0.132446
5132	0.132446
4828	0.131774
11754	0.131013
14317	0.129931
4529	0.128630
9123	0.126004
4618	0.122534
2585	0.121273
6220	0.120424
12091	0.120410
5048	0.120410
11753	0.117447
5175	0.117346
12395	0.116968
4497	0.115912
11472	0.115695
2823	0.115481
13136	0.115193
10151	0.115099
5225	0.114275
45	0.113936
10347	0.113801
3428	0.113550
11808	0.112382
10346	0.111928
2230	0.111062
6009	0.110967
4742	0.110967
10099	0.110738
1587	0.110578
607	0.110318
8257	0.110255
10963	0.110101
10960	0.110101
10958	0.110101
10082	0.110047
8317	0.109940
8316	0.109940
11428	0.109938
1182	0.109823
10729	0.109726
10507	0.109646
10370	0.109576
14218	0.109521
11344	0.109445
11306	0.109445
10728	0.109445
10896	0.109412
10850	0.109200
6394	0.109116
10371	0.108354
13854	0.107833
10812	0.107794
11430	0.107628
11304	0.107628
10763	0.107628
10056	0.106629
10282	0.106153
6625	0.105977
3353	0.105821
1185	0.105624
2674	0.105366
4376	0.105217
2269	0.104970
12384	0.104835
4743	0.104754
6481	0.104594
7224	0.103873
6574	0.103873
5527	0.103873
10519	0.103545
10961	0.103419
12691	0.103402
10109	0.103133
5402	0.102863
6934	0.102810
10237	0.102494
11178	0.102041
7359	0.101894
7542	0.101556
6688	0.101556
4235	0.099690
6324	0.099492
7544	0.099266
11579	0.099133
8113	0.097878
10427	0.097792
11091	0.097090
7478	0.096735
10959	0.096541
5185	0.096041
8402	0.095839
6687	0.095383
5574	0.095296
10343	0.094361
6718	0.094361
6776	0.094341
11073	0.094338
5584	0.093464
3429	0.093411
6719	0.093037
8497	0.092916
5585	0.092778
991	0.092645
10089	0.092079
2871	0.091800
12017	0.091794
5343	0.091347
4204	0.091082
11202	0.090862
3823	0.090462
7036	0.089958
10280	0.088569
677	0.088316
14126	0.088264
14125	0.088264
1938	0.087888
10806	0.087395
7475	0.086639
598	0.086548
11409	0.086298
11357	0.086088
9551	0.085986
11356	0.085831
7399	0.085599
13180	0.085437
13810	0.084705
3441	0.084531
9086	0.084457
14128	0.084316
9085	0.084310
2486	0.084270
10733	0.084012
11416	0.083887
10643	0.083809
11109	0.083325
14073	0.082866
11349	0.082401
11699	0.081984
7417	0.081984
11177	0.081712
8307	0.081710
2386	0.081486
2387	0.081486
8238	0.081028
1452	0.081009
10589	0.080511
8564	0.080498
14332	0.080492
14320	0.080492
14257	0.080492
14235	0.080492
14231	0.080492
14217	0.080492
14143	0.080492
8217	0.080444
7578	0.080444
1050	0.080223
4841	0.079054
10550	0.079046
3041	0.078853
6415	0.078818
4500	0.078270
14334	0.078123
7465	0.077929
10553	0.077765
2496	0.077619
3425	0.077581
10274	0.077189
5586	0.076796
5159	0.076327
3440	0.076015
10428	0.076010
10255	0.075556
851	0.075415
1778	0.074915
4297	0.074797
10208	0.074452
1351	0.074271
8572	0.074266
8569	0.074266
8568	0.074266
11055	0.074164
10962	0.073815
11240	0.073475
8570	0.073354
13769	0.073267
4288	0.073267
3375	0.073243
12315	0.072977
6558	0.072890
10608	0.072624
4437	0.072621
12283	0.072584
10567	0.072332
2129	0.072174
13821	0.071985
10348	0.071329
10895	0.071042
3056	0.070836
10210	0.070489
10511	0.070489
568	0.070459
10821	0.070256
3789	0.070197
6680	0.070006
8175	0.069695
10457	0.069209
8813	0.068318
13087	0.068092
589	0.067729
5524	0.067655
4913	0.067314
10801	0.067177
8907	0.067049
5815	0.066996
7422	0.066735
14254	0.066672
12772	0.066476
12101	0.066017
7698	0.065709
4319	0.065701
10273	0.065413
10138	0.065347
10245	0.065066
4658	0.064872
11677	0.064667
4494	0.064667
4493	0.064667
3175	0.064472
4402	0.064435
6972	0.064175
6709	0.064128
12120	0.064072
3993	0.064072
6147	0.063658
12665	0.063554
6216	0.063347
11587	0.063342
6938	0.063038
9981	0.062978
13318	0.062472
9938	0.062359
7551	0.062359
7550	0.062359
7539	0.062359
7538	0.062359
9139	0.061954
11241	0.061658
4359	0.061622
5046	0.061618
4321	0.061563
1016	0.061506
11326	0.061459
5366	0.061219
10743	0.061168
12632	0.061108
4951	0.061041
12427	0.061024
3742	0.060542
8887	0.060389
6854	0.060342
5870	0.060277
561	0.059826
4842	0.059765
3715	0.059715
3986	0.059500
4736	0.059403
2519	0.059207
3740	0.059204
12145	0.059011
10515	0.059011
5956	0.059011
7865	0.058779
3319	0.058364
9026	0.058048
14329	0.057984
472	0.057921
3135	0.057608
14291	0.057596
5393	0.057282
2690	0.057273
8780	0.057264
5957	0.057010
1295	0.056604
11002	0.056519
6630	0.056394
8836	0.056217
7459	0.056196
11298	0.055876
10994	0.055876
2289	0.055798
6946	0.055794
13947	0.055613
12521	0.055542
6966	0.055500
10699	0.055393
11373	0.055382
10202	0.055382
11112	0.055182
14224	0.054904
13391	0.054904
11110	0.054904
13124	0.054859
10179	0.054859
4325	0.054838
6254	0.054795
3426	0.054728
8289	0.054358
11200	0.054304
6762	0.054216
14034	0.054128
3990	0.054099
8305	0.054093
7857	0.054060
6003	0.053505
2198	0.053158
474	0.053097
3210	0.052795
7667	0.052758
9089	0.052545
9357	0.052520
10178	0.052440
1411	0.052347
8276	0.052290
10638	0.052247
7670	0.052173
14339	0.052093
14338	0.052093
14312	0.052093
14272	0.052093
14259	0.052093
14160	0.052093
14159	0.052093
14158	0.052093
14156	0.052093
14144	0.052093
14133	0.052093
14123	0.052093
14110	0.052093
14102	0.052093
14053	0.052093
13501	0.052093
8311	0.052093
8309	0.052093
8308	0.052093
8306	0.052093
8288	0.052093
8286	0.052093
8285	0.052093
8283	0.052093
8282	0.052093
8280	0.052093
8278	0.052093
8277	0.052093
8046	0.052093
4603	0.052093
12367	0.052081
13542	0.051930
13618	0.051920
13419	0.051920
6840	0.051920
10712	0.051917
8314	0.051886
8310	0.051876
10670	0.051765
11436	0.051689
10711	0.051689
14006	0.051669
10249	0.051645
11652	0.051605
12527	0.051583
5327	0.051500
10634	0.051453
5493	0.051047
11459	0.050899
11340	0.050899
6329	0.050899
5205	0.050858
8135	0.050688
6758	0.050568
10002	0.050567
3585	0.050485
10441	0.050375
10984	0.050068
10946	0.049983
2184	0.049951
7708	0.049940
2191	0.049931
10754	0.049848
6457	0.049562
11402	0.049336
10307	0.049336
9120	0.049108
11800	0.049094
11743	0.048905
10308	0.048842
4090	0.048755
7681	0.048751
5010	0.048649
12670	0.048620
10229	0.048411
11263	0.048222
8566	0.048202
1184	0.048176
8623	0.048166
4340	0.048148
7626	0.048104
6987	0.048016
4997	0.047799
13369	0.047789
2176	0.047748
7943	0.047632
8862	0.047579
8861	0.047579
8860	0.047579
8859	0.047579
8858	0.047579
8857	0.047579
8844	0.047579
8843	0.047579
8842	0.047579
8841	0.047579
8840	0.047579
8839	0.047579
8838	0.047579
8834	0.047579
8824	0.047579
8823	0.047579
8822	0.047579
8820	0.047579
8818	0.047579
8817	0.047579
8803	0.047579
8798	0.047579
8737	0.047579
8639	0.047579
7682	0.047579
7677	0.047579
7382	0.047579
7247	0.047579
8382	0.047572
5795	0.047564
12511	0.047515
7977	0.047293
3951	0.047178
12646	0.047069
13054	0.046975
9094	0.046928
9093	0.046928
9092	0.046928
9065	0.046928
8922	0.046922
7952	0.046832
11054	0.046708
5154	0.046399
12202	0.046249
3988	0.046249
1020	0.046234
2227	0.045760
10185	0.045725
3576	0.045622
5103	0.045117
4741	0.045030
6721	0.044978
12400	0.044978
11586	0.044978
10344	0.044922
333	0.044864
7207	0.044800
1403	0.044778
3212	0.044757
13448	0.044563
247	0.044516
10080	0.044496
964	0.044396
570	0.044013
5024	0.043797
5141	0.043791
4662	0.043733
8255	0.043661
7489	0.043612
7514	0.043551
2180	0.043319
13610	0.043294
8969	0.043007
13164	0.042951
8947	0.042713
10475	0.042602
11300	0.042340
4463	0.042262
4867	0.042234
4338	0.042135
13209	0.041884
13206	0.041884
13205	0.041884
13203	0.041884
6977	0.041884
10335	0.041815
10432	0.041708
8405	0.041603
1894	0.041550
10625	0.041525
14199	0.041503
10693	0.041472
13430	0.041402
3176	0.041051
3617	0.040994
12451	0.040911
8837	0.040862
12798	0.040695
1177	0.040508
10921	0.040501
3209	0.040481
11447	0.040452
12507	0.040354
1359	0.040336
12556	0.040314
11904	0.040101
12377	0.040075
12376	0.040075
1616	0.040010
7668	0.039900
3341	0.039874
2831	0.039806
4392	0.039770
12241	0.039770
12240	0.039770
8074	0.039770
7294	0.039770
6054	0.039770
4336	0.039770
6727	0.039760
3987	0.039739
6261	0.039534
8009	0.039307
12754	0.039284
12070	0.039261
13374	0.039137
13373	0.039137
12514	0.039128
12403	0.038958
11498	0.038942
11675	0.038880
9114	0.038854
1405	0.038747
10749	0.038728
9964	0.038712
13265	0.038691
2477	0.038675
7611	0.038576
11512	0.038360
13331	0.038322
7106	0.038279
9066	0.038224
1178	0.038205
5650	0.038067
1202	0.038015
11812	0.038002
4117	0.037882
10751	0.037831
12182	0.037798
4464	0.037798
11658	0.037541
10767	0.037531
4328	0.037384
11415	0.037368
6591	0.037337
3963	0.037286
6455	0.037272
1381	0.037238
8339	0.037188
254	0.037153
13243	0.037131
10376	0.036900
3961	0.036888
11123	0.036849
11534	0.036810
11564	0.036794
9317	0.036689
11211	0.036625
13630	0.036591
10292	0.036588
12734	0.036458
7729	0.036391
11514	0.036377
13095	0.036373
6969	0.036373
7511	0.036266
12431	0.036228
3538	0.036194
12701	0.036183
12134	0.036172
5395	0.036169
11237	0.036133
7932	0.036124
3631	0.036060
11618	0.036045
5116	0.036022
4337	0.035974
4037	0.035971
3077	0.035922
8259	0.035880
6056	0.035691
7457	0.035691
2595	0.035657
14250	0.035621
10558	0.035621
10555	0.035621
6968	0.035621
8042	0.035605
13244	0.035600
5397	0.035558
5396	0.035558
2203	0.035521
6754	0.035455
5383	0.035443
7541	0.035426
8624	0.035421
5007	0.035413
6407	0.035353
9847	0.035333
2889	0.035331
9919	0.035187
13499	0.035077
10557	0.035071
7114	0.035069
2186	0.035020
10853	0.035011
13600	0.035006
14157	0.034989
13157	0.034963
3256	0.034934
1898	0.034908
10556	0.034885
1534	0.034771
3905	0.034770
12757	0.034752
6187	0.034708
10523	0.034683
10264	0.034683
13638	0.034673
2174	0.034664
2344	0.034637
14031	0.034636
11371	0.034501
11370	0.034501
10955	0.034501
381	0.034501
12794	0.034450
11595	0.034443
10834	0.034436
9915	0.034348
1743	0.034332
13530	0.034315
7205	0.034229
11940	0.034208
13121	0.034183
4789	0.034183
4788	0.034183
6380	0.034158
89	0.034151
12747	0.034118
3907	0.034101
475	0.034054
7713	0.034052
13942	0.034044
8387	0.033973
4475	0.033952
14248	0.033925
8047	0.033925
11278	0.033907
3962	0.033841
10454	0.033679
1596	0.033668
6892	0.033549
7356	0.033549
3473	0.033499
5167	0.033498
2440	0.033482
7759	0.033453
7357	0.033453
7355	0.033453
14249	0.033403
2709	0.033395
4135	0.033347
10646	0.033335
8747	0.033321
8725	0.033321
10197	0.033312
13946	0.033302
1592	0.033302
1591	0.033291
1413	0.033269
1367	0.033269
2152	0.033236
11239	0.033126
11238	0.033126
4856	0.033126
9997	0.033092
9756	0.033080
11313	0.033076
12713	0.033055
11350	0.033035
10910	0.033009
6238	0.032923
7970	0.032877
10956	0.032857
3174	0.032803
11000	0.032759
6386	0.032740
12497	0.032730
3438	0.032728
1030	0.032636
12783	0.032547
10215	0.032547
10854	0.032436
4613	0.032436
7281	0.032414
5351	0.032388
1418	0.032339
2185	0.032296
6184	0.032278
9169	0.032257
3316	0.032249
6053	0.032242
8173	0.032239
10059	0.032219
10415	0.032215
108	0.032084
12439	0.032017
11467	0.031968
13598	0.031954
10127	0.031941
14	0.031901
10844	0.031854
11556	0.031791
3977	0.031726
2526	0.031536
12759	0.031460
10920	0.031450
5270	0.031410
7177	0.031393
11966	0.031387
7001	0.031344
5942	0.031325
2075	0.031302
10639	0.031274
10901	0.031042
487	0.031034
13577	0.030952
12090	0.030902
8806	0.030820
9653	0.030784
14214	0.030753
3326	0.030700
12249	0.030694
5008	0.030694
6366	0.030687
10416	0.030491
9894	0.030488
1734	0.030324
6830	0.030261
6566	0.030219
9562	0.030065
3100	0.030065
12324	0.030047
12011	0.029958
8162	0.029954
8079	0.029940
10389	0.029935
7527	0.029870
7907	0.029832
5269	0.029822
8234	0.029797
12291	0.029745
12758	0.029737
11470	0.029626
7158	0.029517
4465	0.029463
7183	0.029255
13454	0.029227
13453	0.029227
13216	0.029227
13215	0.029227
13214	0.029227
13213	0.029227
13212	0.029227
13211	0.029227
13210	0.029227
12825	0.029227
12805	0.029227
12289	0.029227
7643	0.029227
11887	0.029199
8855	0.029148
7700	0.029077
5940	0.029062
10954	0.029058
10739	0.029046
10788	0.029046
10777	0.029046
10759	0.029046
6678	0.029030
1053	0.029025
1953	0.028980
1954	0.028980
6876	0.028966
574	0.028944
6829	0.028916
2529	0.028900
12601	0.028871
3534	0.028851
10199	0.028813
10421	0.028610
7499	0.028595
3133	0.028563
6215	0.028390
12118	0.028380
2083	0.028380
2074	0.028380
1899	0.028380
1896	0.028380
3098	0.028344
11501	0.028332
12502	0.028285
5487	0.028255
8595	0.028252
1952	0.028226
11286	0.028212
12698	0.028192
4172	0.028150
14243	0.028132
9960	0.028100
13111	0.028098
13109	0.028098
9959	0.028098
969	0.028029
7699	0.028029
10301	0.027946
2124	0.027912
874	0.027909
6306	0.027896
9825	0.027887
11638	0.027814
2594	0.027804
12044	0.027774
13226	0.027772
13245	0.027769
10125	0.027763
3638	0.027734
11279	0.027719
5184	0.027700
6798	0.027681
11113	0.027663
6544	0.027654
5829	0.027593
5217	0.027592
5430	0.027568
6101	0.027558
1172	0.027520
13939	0.027490
3356	0.027464
257	0.027396
8267	0.027393
4612	0.027391
5649	0.027380
5830	0.027373
5679	0.027372
8266	0.027368
14337	0.027351
13990	0.027351
14054	0.027326
5382	0.027277
12907	0.027186
9410	0.027186
9409	0.027186
9408	0.027186
9407	0.027186
9406	0.027186
6183	0.027165
9025	0.027158
8432	0.027088
8431	0.027088
3364	0.027084
1951	0.027079
3357	0.027061
13295	0.027052
7101	0.026990
6794	0.026974
6530	0.026968
4787	0.026931
10968	0.026903
3064	0.026879
5177	0.026873
5883	0.026843
13551	0.026712
3755	0.026699
8832	0.026692
13201	0.026675
13197	0.026675
9651	0.026642
11698	0.026636
5934	0.026611
5933	0.026611
3418	0.026586
5672	0.026559
9356	0.026550
2175	0.026500
13042	0.026463
14227	0.026456
11165	0.026443
14322	0.026406
14135	0.026406
5918	0.026375
10839	0.026291
4503	0.026283
10214	0.026263
11987	0.026216
7421	0.026154
13838	0.026109
5880	0.026013
13202	0.025965
4504	0.025942
6484	0.025926
3315	0.025921
11403	0.025894
6148	0.025894
6319	0.025872
10498	0.025837
8482	0.025815
53	0.025811
13396	0.025795
13338	0.025795
4462	0.025685
12495	0.025585
9826	0.025533
7428	0.025532
7102	0.025532
6737	0.025466
7082	0.025382
14111	0.025380
14080	0.025380
2698	0.025309
5484	0.025296
6138	0.025267
5671	0.025262
11404	0.025196
10922	0.025196
11522	0.025193
13820	0.025112
10858	0.025102
9354	0.025061
2254	0.025024
7127	0.025022
13611	0.024958
9935	0.024932
4129	0.024932
8471	0.024925
3257	0.024899
11728	0.024787
