4784	0.213587
4783	0.213179
4782	0.209780
12286	0.205724
6421	0.202953
13126	0.202912
1685	0.198377
2174	0.197895
5583	0.194983
5582	0.191471
6498	0.191123
3810	0.185090
4497	0.183178
11915	0.180928
5584	0.180455
2695	0.179733
5585	0.179118
2099	0.178975
2175	0.172819
10898	0.171262
13365	0.169189
13697	0.169063
13364	0.169063
2084	0.167756
23	0.166798
1436	0.165898
3806	0.165787
11852	0.163892
296	0.162565
2098	0.161158
11280	0.160090
10624	0.159407
6205	0.159361
8137	0.159008
4180	0.157730
1838	0.157387
10899	0.157203
3005	0.155052
7615	0.155029
10977	0.154442
10976	0.154211
3001	0.152484
473	0.151602
11916	0.150089
5586	0.147304
6340	0.146069
12244	0.144669
26	0.144635
8134	0.142638
7690	0.142375
7348	0.142375
7349	0.142375
5879	0.142050
13657	0.141925
1719	0.141925
13649	0.140974
3813	0.139424
7321	0.139421
3812	0.139315
2382	0.139218
3075	0.139024
13303	0.138921
2206	0.138636
2208	0.138271
1236	0.138271
1707	0.136646
12949	0.136305
12947	0.136305
12946	0.136305
12945	0.136305
12943	0.136305
12942	0.136305
8775	0.135897
8057	0.135347
13068	0.135343
13067	0.135343
13066	0.135343
13065	0.135343
13064	0.135343
13063	0.135343
13062	0.135343
13056	0.135343
13053	0.135343
13046	0.135343
13044	0.135343
12971	0.135343
12921	0.135343
9716	0.135188
465	0.134989
2207	0.134875
475	0.134136
472	0.133668
6664	0.132568
27	0.131956
10060	0.131793
4365	0.131793
11818	0.131335
4366	0.131002
3553	0.127902
2268	0.127223
12198	0.126564
7209	0.126130
9197	0.125493
4	0.124594
10361	0.124532
2096	0.124436
5863	0.124228
11136	0.124094
8233	0.123898
1835	0.122688
9528	0.120389
13167	0.120049
10122	0.120049
6176	0.119848
3753	0.118429
29	0.118381
2521	0.117635
3819	0.116976
67	0.116952
7328	0.115911
4696	0.114985
28	0.114902
10025	0.114164
7984	0.114162
13638	0.114053
876	0.113894
6763	0.113724
4482	0.113254
11989	0.113070
13534	0.112058
8933	0.110757
14431	0.109910
8148	0.109910
12861	0.109762
2132	0.109335
7544	0.108933
2269	0.108507
9909	0.107965
7296	0.107375
13011	0.107181
6070	0.106914
6100	0.106136
1950	0.105715
13322	0.105478
14335	0.105131
9883	0.105131
9532	0.105026
5705	0.104996
9535	0.104852
9530	0.104852
9527	0.104852
9526	0.104852
9525	0.104852
9524	0.104852
9523	0.104852
9521	0.104852
9517	0.104852
9516	0.104852
9515	0.104852
9513	0.104852
9511	0.104852
9510	0.104852
9243	0.104852
9161	0.104852
6099	0.104852
12944	0.104849
7368	0.104804
5747	0.104755
669	0.104554
10182	0.104542
9080	0.104354
13052	0.104296
13010	0.104296
12879	0.104296
9497	0.104179
2828	0.103482
2097	0.103109
1132	0.102830
2173	0.102622
12956	0.102234
8934	0.101543
8931	0.100918
11677	0.100245
4494	0.100245
4493	0.100245
22	0.099156
5191	0.099143
12089	0.099132
5110	0.098360
7268	0.097925
5399	0.097865
5	0.097830
13132	0.097673
2600	0.097600
5270	0.097189
9504	0.097013
3505	0.096782
6076	0.096526
12856	0.096066
13490	0.095912
13632	0.095912
13631	0.095912
13633	0.095689
499	0.095505
2041	0.095201
5269	0.095099
13023	0.095081
7273	0.094991
3714	0.094847
5727	0.094773
6984	0.094643
6780	0.094015
12309	0.093917
6779	0.093917
8865	0.093897
11606	0.093559
11605	0.093559
3869	0.093202
634	0.093125
5392	0.093085
9534	0.093039
9533	0.093039
9529	0.093039
9509	0.093039
7388	0.093013
10135	0.092968
4204	0.092590
1234	0.092312
3	0.092218
5704	0.092007
638	0.091970
11266	0.091965
11023	0.091884
11024	0.091884
10605	0.091858
4823	0.091840
689	0.091357
1793	0.090836
6309	0.090652
14291	0.090589
4367	0.090116
9198	0.090109
5679	0.089776
12636	0.089502
14006	0.088041
13542	0.087581
8276	0.087550
14339	0.087276
14338	0.087276
14312	0.087276
14272	0.087276
14259	0.087276
14160	0.087276
14159	0.087276
14158	0.087276
14156	0.087276
14144	0.087276
14133	0.087276
14123	0.087276
14110	0.087276
14102	0.087276
14053	0.087276
13501	0.087276
8311	0.087276
8309	0.087276
8308	0.087276
8306	0.087276
8288	0.087276
8286	0.087276
8285	0.087276
8283	0.087276
8282	0.087276
8280	0.087276
8278	0.087276
8277	0.087276
8046	0.087276
4603	0.087276
8310	0.087202
7468	0.087139
2967	0.087139
1708	0.086776
10751	0.086649
4608	0.086330
5729	0.085713
13090	0.085604
8307	0.085485
13966	0.084232
1115	0.084204
2965	0.083964
9034	0.083849
9	0.082924
6147	0.082892
6254	0.082822
2085	0.082785
5493	0.082584
11505	0.082313
7272	0.082186
11793	0.082184
716	0.081982
13551	0.081655
12682	0.081552
14073	0.081256
3576	0.080851
12681	0.080731
25	0.080600
13557	0.080537
13556	0.080537
589	0.080506
9385	0.080361
10471	0.080251
12182	0.079777
4464	0.079777
297	0.079611
4463	0.079604
11022	0.079389
377	0.079381
8407	0.078943
14254	0.078686
10625	0.078622
3986	0.078451
12680	0.078329
5313	0.078013
6360	0.077898
11137	0.077789
4662	0.077764
6221	0.077331
8255	0.076968
1083	0.076721
11112	0.076595
4715	0.076214
5797	0.076053
6378	0.076047
7504	0.075860
24	0.075476
9512	0.075222
7943	0.075098
693	0.075060
8416	0.074801
9779	0.074676
13598	0.074247
3908	0.074239
230	0.074173
12214	0.074038
10641	0.073960
12001	0.073785
5516	0.073785
10755	0.073570
3617	0.073407
3047	0.073066
1075	0.072781
5043	0.072568
11502	0.072542
9519	0.072466
10308	0.072389
10984	0.072335
6187	0.072306
10663	0.072149
5157	0.072113
5487	0.071929
14157	0.071638
11402	0.071436
10307	0.071436
10480	0.071311
9059	0.071181
1952	0.070714
5314	0.070439
3197	0.070277
3661	0.070098
3809	0.069848
3655	0.069683
7261	0.069614
3428	0.069546
3256	0.069525
8266	0.069446
14337	0.069416
13990	0.069416
14054	0.069394
8267	0.069390
7306	0.069361
4495	0.069318
11987	0.068994
2981	0.068689
8836	0.068485
4226	0.068480
11587	0.068267
13157	0.068020
1251	0.067879
1133	0.067610
2152	0.067216
10462	0.067192
1405	0.067151
5777	0.067045
2951	0.066933
2267	0.066810
500	0.066722
8259	0.066329
4787	0.066210
4461	0.065979
12074	0.065876
7745	0.065785
2518	0.065711
5649	0.065577
4141	0.065541
14224	0.065473
13391	0.065473
11110	0.065473
6938	0.065304
12222	0.065125
13813	0.064972
639	0.064881
10943	0.064787
7729	0.064747
9040	0.064742
7415	0.064707
11129	0.064649
8140	0.064628
90	0.064577
13778	0.064530
8432	0.064467
8431	0.064467
10389	0.064439
683	0.064418
9388	0.064273
14243	0.064264
13003	0.064216
12869	0.064216
9726	0.063898
3066	0.063779
11633	0.063701
11632	0.063701
12082	0.063326
7991	0.063237
3418	0.063019
4740	0.062894
13247	0.062874
10634	0.062819
12341	0.062701
1120	0.062666
12855	0.062650
5482	0.062629
8242	0.062604
1119	0.062596
8295	0.062562
5934	0.062441
5933	0.062441
13018	0.062392
11631	0.062392
5883	0.062318
2822	0.062317
10662	0.062156
5745	0.062135
10546	0.062095
13609	0.062073
6366	0.062054
12267	0.062043
5126	0.062043
2925	0.061955
11626	0.061721
5880	0.061713
9623	0.061643
8661	0.061231
12999	0.061214
6026	0.061159
4542	0.061069
8376	0.060989
8241	0.060989
2532	0.060722
1408	0.060697
14275	0.060688
14039	0.060688
14036	0.060688
14030	0.060688
14029	0.060688
14026	0.060688
8415	0.060688
8400	0.060688
8378	0.060688
8375	0.060688
8363	0.060688
8360	0.060688
8350	0.060688
8294	0.060688
8218	0.060688
13764	0.060688
4351	0.060688
13858	0.060659
7802	0.060659
11215	0.060626
14033	0.060612
4087	0.060583
13836	0.060549
14034	0.060528
8289	0.060524
8305	0.060503
14028	0.060497
4531	0.060484
11178	0.060477
7857	0.060449
5294	0.060410
221	0.060350
7007	0.060322
13346	0.060225
11403	0.060183
6148	0.060183
13348	0.060166
13433	0.060156
13369	0.060155
3623	0.060050
9975	0.059997
9596	0.059991
4045	0.059729
13384	0.059700
684	0.059696
3107	0.059480
12356	0.059452
190	0.059399
2170	0.059391
13695	0.059213
13292	0.059103
9030	0.059070
5650	0.058994
14322	0.058976
14135	0.058976
8197	0.058974
12851	0.058934
2594	0.058925
7676	0.058877
10920	0.058874
9796	0.058870
1962	0.058794
12525	0.058728
10460	0.058636
12939	0.058580
12084	0.058580
4286	0.058580
4283	0.058580
4220	0.058580
13855	0.058479
13121	0.058465
4789	0.058465
4788	0.058465
7453	0.058373
1759	0.058236
8932	0.058149
11988	0.058101
1535	0.057927
11423	0.057903
10283	0.057836
887	0.057452
3438	0.057409
4536	0.057339
5995	0.057325
3184	0.057216
13449	0.057201
5112	0.057177
4460	0.057170
7466	0.057142
8327	0.056850
2040	0.056822
12802	0.056821
11064	0.056791
6599	0.056749
9383	0.056523
9764	0.056475
6918	0.056330
5116	0.056292
14038	0.056286
10937	0.056203
11808	0.056096
9763	0.055978
9759	0.055978
9758	0.055978
8717	0.055978
8716	0.055978
8715	0.055978
6917	0.055967
13942	0.055829
7385	0.055816
11903	0.055772
1603	0.055765
14195	0.055755
9916	0.055715
9880	0.055715
9842	0.055715
9838	0.055715
9822	0.055715
9372	0.055715
8791	0.055715
8790	0.055715
8768	0.055715
13685	0.055647
13684	0.055647
13683	0.055647
13565	0.055647
314	0.055647
9338	0.055629
338	0.055489
5635	0.055336
13500	0.055304
9704	0.055298
9196	0.055248
3995	0.055242
5009	0.055217
14248	0.055196
8047	0.055196
12455	0.054904
4166	0.054904
10330	0.054857
13293	0.054844
9083	0.054773
5651	0.054641
6138	0.054597
12524	0.054426
4465	0.054293
3152	0.054260
11123	0.054221
6974	0.054212
119	0.054161
2526	0.054099
5712	0.053979
5711	0.053979
5710	0.053979
14297	0.053935
12576	0.053900
3996	0.053802
5108	0.053739
5779	0.053733
5141	0.053677
3434	0.053635
14031	0.053603
5778	0.053512
10887	0.053512
11033	0.053476
9168	0.053382
8595	0.053292
8615	0.053238
4530	0.053211
4157	0.053209
4156	0.053209
5077	0.053205
9098	0.053189
13307	0.053182
8430	0.053162
13286	0.053136
4535	0.053089
142	0.053051
3370	0.052817
8897	0.052796
5993	0.052724
3388	0.052538
5188	0.052351
9349	0.052171
7543	0.052118
12161	0.052091
11870	0.052091
11794	0.052091
11204	0.052091
11203	0.052091
6144	0.052091
6143	0.052091
6142	0.052091
6141	0.052091
8322	0.052025
5876	0.051995
10520	0.051951
1081	0.051928
1912	0.051880
9123	0.051862
14091	0.051817
13875	0.051691
10888	0.051668
4947	0.051577
4752	0.051566
5994	0.051561
11955	0.051485
1452	0.051307
503	0.051301
11699	0.051248
7417	0.051248
9700	0.051181
5212	0.051166
9875	0.051072
3591	0.051072
14040	0.051070
8225	0.050969
6140	0.050773
6139	0.050773
4285	0.050745
4280	0.050745
306	0.050498
14032	0.050474
13552	0.050426
13511	0.050426
13507	0.050426
2185	0.050423
4358	0.050297
193	0.050283
4155	0.050265
6277	0.050247
6035	0.050229
9775	0.050161
9871	0.050110
8041	0.050079
7670	0.050059
8890	0.050026
7200	0.049958
8596	0.049909
3320	0.049758
2612	0.049718
9157	0.049697
10993	0.049549
45	0.049541
11689	0.049509
8714	0.049461
12436	0.049404
5062	0.049384
10557	0.049366
5680	0.049363
10426	0.049353
13265	0.049265
10701	0.049255
2595	0.049222
12604	0.049188
12147	0.049068
11658	0.048952
4886	0.048945
12044	0.048859
4469	0.048854
5815	0.048748
4534	0.048624
5376	0.048519
3774	0.048507
13602	0.048399
8794	0.048394
3371	0.048252
4537	0.048140
9131	0.048097
12251	0.048090
4158	0.048086
14250	0.048057
10558	0.048057
10555	0.048057
6968	0.048057
8042	0.048036
2281	0.047980
7704	0.047975
9943	0.047678
3719	0.047555
7088	0.047487
10560	0.047459
10556	0.047454
5354	0.047444
6838	0.047439
13626	0.047338
13425	0.047338
1773	0.047291
5038	0.047170
8044	0.047105
12083	0.047009
14298	0.046999
991	0.046920
5045	0.046842
7955	0.046770
11858	0.046746
1403	0.046616
6728	0.046588
3585	0.046569
13360	0.046555
10499	0.046543
9439	0.046520
7969	0.046480
4622	0.046411
2529	0.046327
10415	0.046318
1118	0.046312
4623	0.046139
10031	0.046067
12801	0.046044
14249	0.045962
6372	0.045953
415	0.045923
5882	0.045853
13005	0.045779
14004	0.045712
4866	0.045712
295	0.045630
6278	0.045628
1785	0.045604
9870	0.045570
1558	0.045550
14035	0.045512
8149	0.045512
10921	0.045389
2419	0.045323
5664	0.045304
6155	0.045304
2525	0.045237
12431	0.045226
3506	0.045218
8402	0.045212
13095	0.045211
6969	0.045211
13033	0.045124
6741	0.045053
10	0.044993
19	0.044942
10376	0.044859
11211	0.044809
13957	0.044779
13894	0.044768
2958	0.044679
6835	0.044611
5420	0.044591
7073	0.044578
14266	0.044570
4051	0.044567
10416	0.044519
9840	0.044433
8	0.044406
6841	0.044315
6034	0.044310
8059	0.044282
115	0.044240
11447	0.044206
12462	0.044186
10685	0.044186
2484	0.044119
4377	0.044116
11998	0.044112
7072	0.044095
6373	0.044069
4450	0.044036
3170	0.044006
3717	0.043971
9462	0.043950
14342	0.043932
9633	0.043878
9630	0.043878
9628	0.043878
9626	0.043878
9625	0.043878
9624	0.043878
9622	0.043878
9621	0.043878
9620	0.043878
9619	0.043878
9618	0.043878
9615	0.043878
9482	0.043878
9710	0.043869
9333	0.043837
7593	0.043788
6623	0.043736
13285	0.043695
3171	0.043602
6301	0.043563
13545	0.043514
5151	0.043505
10038	0.043401
4810	0.043380
8793	0.043368
8771	0.043368
8770	0.043368
8769	0.043368
8746	0.043368
8745	0.043368
8396	0.043368
9993	0.043352
14294	0.043340
13699	0.043340
14233	0.043285
1136	0.043285
10523	0.043280
11415	0.043269
2952	0.043242
13994	0.043130
7931	0.043130
7855	0.043096
14207	0.043091
14206	0.043091
13824	0.043091
12513	0.043024
10214	0.043016
4932	0.043014
9262	0.043007
4144	0.043006
2820	0.042998
13597	0.042934
13596	0.042934
13595	0.042934
13583	0.042934
13554	0.042934
13402	0.042934
7990	0.042934
13094	0.042874
3111	0.042793
4088	0.042781
14192	0.042765
9251	0.042661
337	0.042660
5780	0.042452
1696	0.042431
13608	0.042376
13409	0.042376
13408	0.042376
10974	0.042365
2105	0.042328
13832	0.042300
2110	0.042245
4417	0.042230
6737	0.042218
11448	0.042201
10962	0.042197
4193	0.042080
14027	0.041983
4974	0.041981
11551	0.041977
7420	0.041931
13687	0.041930
3900	0.041899
5177	0.041893
6886	0.041878
13553	0.041826
10978	0.041817
8413	0.041811
6839	0.041747
9109	0.041741
8178	0.041708
6732	0.041707
2966	0.041656
9942	0.041651
9931	0.041651
9930	0.041651
9921	0.041651
9901	0.041651
9899	0.041651
9895	0.041651
9866	0.041651
9836	0.041651
9832	0.041651
9810	0.041651
9698	0.041651
9636	0.041651
9570	0.041651
9299	0.041651
7177	0.041649
7977	0.041613
9894	0.041567
1611	0.041486
2263	0.041449
6430	0.041435
1123	0.041435
11372	0.041427
1231	0.041425
4653	0.041384
10226	0.041376
13965	0.041361
14187	0.041239
4517	0.041169
4376	0.041166
2674	0.041137
11212	0.041080
8186	0.041064
14317	0.041051
1121	0.041044
303	0.041017
14067	0.041001
13776	0.041001
13899	0.040990
13892	0.040990
7965	0.040990
6935	0.040989
13805	0.040985
5132	0.040985
9108	0.040846
13781	0.040805
7967	0.040800
10646	0.040768
9844	0.040736
9606	0.040713
8611	0.040710
1673	0.040709
4361	0.040684
4770	0.040677
2227	0.040609
3871	0.040533
7526	0.040491
8864	0.040447
8863	0.040447
8583	0.040447
8124	0.040447
7904	0.040447
7903	0.040447
7902	0.040447
7901	0.040447
7900	0.040447
7899	0.040447
7897	0.040447
7896	0.040447
7895	0.040447
