8304	0.162075
9331	0.160670
11922	0.159133
9806	0.158741
9805	0.158741
9802	0.158741
9801	0.158741
7172	0.158483
7317	0.157811
7316	0.157811
7174	0.157811
6338	0.157811
13704	0.157361
13702	0.157361
2479	0.156666
1189	0.155477
573	0.154082
3220	0.138801
245	0.133054
7940	0.131429
7418	0.129252
8871	0.128545
13666	0.128303
13424	0.128303
8704	0.126868
11553	0.126734
7419	0.122723
6128	0.120441
12675	0.119928
13613	0.119852
12676	0.117317
7272	0.115885
11793	0.115869
2240	0.115324
7176	0.114101
11352	0.112194
12674	0.110415
5478	0.110124
1593	0.109272
1815	0.109250
13091	0.107257
10705	0.106518
10481	0.106488
7300	0.106488
8190	0.106318
10848	0.106221
10704	0.106221
8904	0.105898
12700	0.105671
1605	0.105495
12302	0.105261
4773	0.105261
4772	0.105261
8905	0.104879
4771	0.104356
10768	0.103532
1552	0.103447
9774	0.103030
6965	0.103030
3808	0.102713
12024	0.102356
5390	0.102356
8325	0.102121
2234	0.101961
6964	0.101926
8906	0.101775
8138	0.101649
13741	0.101577
13742	0.101501
11785	0.101327
10242	0.100260
10090	0.100047
10842	0.100022
11421	0.100022
11345	0.100022
11335	0.100022
8089	0.099766
809	0.099617
10053	0.098710
9398	0.098108
9399	0.098079
8353	0.098079
854	0.097944
723	0.097936
9936	0.097368
9937	0.097268
11218	0.097153
9865	0.097004
244	0.096925
2421	0.096898
5192	0.096871
5683	0.096680
322	0.096659
9800	0.096527
1408	0.096008
1885	0.095855
1884	0.095855
1883	0.095855
9392	0.095834
13550	0.095815
9694	0.095438
4330	0.095315
11043	0.095044
9830	0.094913
10450	0.094708
1779	0.094534
2771	0.094279
1928	0.093760
13137	0.093687
6635	0.093296
10731	0.093185
10732	0.092928
13521	0.092276
10541	0.092248
10069	0.092190
11337	0.092183
527	0.091901
720	0.091861
2914	0.091769
1141	0.091662
13475	0.091552
14017	0.091494
7914	0.091494
11255	0.091432
675	0.091358
1554	0.091302
8488	0.091177
5864	0.091082
7748	0.090935
762	0.090915
1681	0.090773
12801	0.090079
11963	0.090068
246	0.089845
1221	0.089356
1222	0.089346
1560	0.089315
6325	0.089313
9498	0.089309
11634	0.089185
4341	0.089130
1882	0.088859
8962	0.088830
8961	0.088830
3309	0.088830
8152	0.088685
477	0.088005
13841	0.087993
6588	0.087951
799	0.087889
14077	0.087838
10489	0.087682
5858	0.087527
7166	0.087182
2731	0.086806
78	0.086761
6323	0.086537
13598	0.086469
7513	0.086362
9295	0.086322
7014	0.086320
8250	0.086287
7364	0.086207
2536	0.086101
8255	0.086021
2933	0.085933
4567	0.085845
4565	0.085845
1613	0.085730
4721	0.085497
13877	0.085436
3230	0.085384
14157	0.085271
5212	0.085028
2733	0.084914
7463	0.084490
6066	0.084490
6187	0.084479
5389	0.084137
5936	0.084114
13498	0.084027
5528	0.083877
13497	0.083445
12823	0.083262
895	0.082957
13133	0.082868
7959	0.082866
10650	0.082612
1825	0.082591
13305	0.082190
4410	0.082136
11439	0.082073
5529	0.082006
11102	0.081922
6052	0.081889
2371	0.081673
2033	0.081386
4762	0.081243
3232	0.081166
10490	0.080964
8652	0.080917
9718	0.080826
6417	0.080754
13703	0.080620
9036	0.080601
3669	0.080491
2337	0.080393
7246	0.080063
5868	0.080026
5193	0.079967
4227	0.079933
4425	0.079923
12770	0.079819
1599	0.079747
13250	0.079512
14154	0.079450
14152	0.079450
14150	0.079450
14145	0.079450
14131	0.079450
14062	0.079450
1042	0.079344
4324	0.079337
4842	0.079284
6320	0.079208
6326	0.079114
9850	0.079085
2320	0.078880
5041	0.078870
10647	0.078744
2929	0.078423
14313	0.078414
14296	0.078414
14058	0.078381
2770	0.078346
5939	0.078211
6028	0.078127
11528	0.078109
2408	0.078107
9362	0.078068
13652	0.078031
11635	0.077883
4293	0.077743
8810	0.077697
11069	0.077418
11982	0.077292
5414	0.077292
5412	0.077292
5749	0.077244
4769	0.077241
12542	0.077234
6643	0.076868
8155	0.076630
8154	0.076630
8153	0.076630
8151	0.076630
8150	0.076630
4064	0.076556
4063	0.076556
4061	0.076556
4058	0.076556
4057	0.076556
2644	0.076556
756	0.076515
12248	0.076394
2235	0.076275
12510	0.076095
9904	0.075914
12265	0.075854
13405	0.075786
712	0.075648
4060	0.075510
11544	0.075371
1335	0.075356
2406	0.075345
13092	0.075314
2515	0.075189
7238	0.074872
1188	0.074762
11236	0.074725
10195	0.074486
5938	0.074365
13624	0.074339
13623	0.074339
12312	0.074222
10433	0.074119
3079	0.074006
9084	0.073934
6877	0.073688
4059	0.073535
4206	0.073455
855	0.073378
3888	0.073312
11983	0.073237
4951	0.073237
3229	0.073211
7236	0.073161
393	0.073033
13294	0.072958
6047	0.072937
2948	0.072884
2946	0.072884
13529	0.072779
1967	0.072764
7641	0.072702
6341	0.072702
12292	0.072634
4898	0.072582
10885	0.072552
6046	0.072246
6534	0.072230
5366	0.072211
11511	0.072189
1140	0.072160
6996	0.072038
3237	0.071961
9938	0.071945
7551	0.071945
7550	0.071945
7539	0.071945
7538	0.071945
5241	0.071855
5630	0.071846
4224	0.071844
7275	0.071777
1585	0.071581
7110	0.071569
9835	0.071536
13504	0.071473
10292	0.071458
690	0.071419
6451	0.071391
7273	0.071369
2497	0.071204
482	0.071163
5393	0.071154
4703	0.071082
11790	0.071054
7220	0.070966
4367	0.070866
6226	0.070792
373	0.070745
5078	0.070744
13911	0.070703
10884	0.070636
2383	0.070625
5826	0.070613
3662	0.070573
1600	0.070385
1595	0.070385
1590	0.070385
14142	0.070298
7637	0.070298
7636	0.070298
5825	0.070298
5322	0.070170
3039	0.070139
11585	0.069983
13628	0.069964
1104	0.069896
2343	0.069802
10315	0.069764
6995	0.069725
724	0.069716
13619	0.069605
10314	0.069590
688	0.069539
4804	0.069516
420	0.069441
5567	0.069373
313	0.069321
9507	0.069284
10875	0.069279
5728	0.069201
13654	0.069133
5413	0.069121
10074	0.069020
9811	0.068943
9739	0.068907
1399	0.068894
8067	0.068890
4193	0.068872
14095	0.068687
3742	0.068674
5869	0.068633
12493	0.068618
12374	0.068607
13166	0.068515
2233	0.068487
9948	0.068487
357	0.068429
3675	0.068389
8370	0.068333
3740	0.068287
4984	0.068260
10075	0.068193
12382	0.068133
2159	0.068012
3959	0.067995
4291	0.067985
3678	0.067864
3673	0.067864
6271	0.067831
3857	0.067809
10904	0.067799
11804	0.067755
4436	0.067654
6096	0.067646
1041	0.067633
2760	0.067615
1538	0.067592
5615	0.067534
7078	0.067219
8377	0.067066
13491	0.067058
10252	0.067025
13540	0.066799
12557	0.066728
7706	0.066654
3188	0.066573
12383	0.066541
3178	0.066499
418	0.066488
6899	0.066409
7223	0.066363
14107	0.066294
1353	0.066247
3862	0.066203
3091	0.066093
3089	0.066093
3088	0.066093
14147	0.066092
3090	0.066092
14146	0.066083
11576	0.066079
14148	0.066076
1039	0.066005
11780	0.066002
6556	0.065959
6555	0.065959
4859	0.065891
6810	0.065802
12098	0.065801
3958	0.065801
13376	0.065723
12736	0.065706
4722	0.065634
600	0.065593
1278	0.065571
3169	0.065565
12567	0.065563
13807	0.065538
10782	0.065485
1821	0.065443
5227	0.065340
10655	0.065322
14037	0.065295
10654	0.065261
13793	0.065000
8136	0.065000
605	0.064864
2434	0.064826
12317	0.064690
6578	0.064555
9799	0.064437
13333	0.064416
7592	0.064287
11104	0.064277
13138	0.064175
1858	0.064164
11561	0.064149
13674	0.064078
13411	0.064078
2559	0.064064
5388	0.064026
6733	0.064008
8373	0.063948
8240	0.063948
1279	0.063844
8051	0.063842
6254	0.063835
5079	0.063737
3323	0.063733
11330	0.063703
9276	0.063661
9275	0.063661
9166	0.063661
7173	0.063661
7138	0.063661
7133	0.063661
7069	0.063661
9721	0.063656
7948	0.063656
7778	0.063656
7618	0.063656
7113	0.063656
12096	0.063631
9920	0.063615
1626	0.063573
9885	0.063490
9851	0.063490
8828	0.063490
8826	0.063490
8825	0.063490
8811	0.063490
7781	0.063490
13094	0.063429
6586	0.063429
6231	0.063427
9229	0.063409
13597	0.063372
13596	0.063372
13595	0.063372
13583	0.063372
13554	0.063372
13402	0.063372
7990	0.063372
7855	0.063342
9900	0.063337
9165	0.063337
7387	0.063337
3111	0.063328
7341	0.063311
9089	0.063293
5490	0.063271
3324	0.063252
9908	0.063234
9164	0.063234
5377	0.063194
7093	0.063082
10044	0.063068
9501	0.063023
3304	0.063022
7943	0.062973
3363	0.062807
8888	0.062793
9839	0.062738
10687	0.062737
8116	0.062719
9944	0.062686
3664	0.062604
12698	0.062585
9951	0.062541
5265	0.062491
7809	0.062392
379	0.062210
5450	0.062184
4744	0.062138
6438	0.062022
9196	0.061804
6667	0.061795
14073	0.061665
12621	0.061635
2551	0.061603
514	0.061566
479	0.061506
10924	0.061432
10686	0.061425
1359	0.061403
13808	0.061392
1558	0.061384
13629	0.061375
5468	0.061375
421	0.061333
14108	0.061309
4745	0.061309
7508	0.061246
7410	0.061169
12255	0.061020
1164	0.060951
2703	0.060811
10649	0.060793
1561	0.060768
1943	0.060744
2737	0.060740
12564	0.060702
8827	0.060664
3646	0.060661
11441	0.060610
478	0.060580
1184	0.060559
1406	0.060529
5252	0.060478
547	0.060391
693	0.060307
3965	0.060281
10531	0.060263
9502	0.060224
13317	0.060194
10789	0.060174
2558	0.060150
14165	0.060114
10597	0.060056
1690	0.060045
9114	0.059940
3231	0.059915
8307	0.059816
1110	0.059769
2404	0.059748
10583	0.059735
14321	0.059691
14311	0.059691
14307	0.059691
14114	0.059691
10393	0.059691
8406	0.059691
8368	0.059691
3158	0.059691
11463	0.059591
2553	0.059427
5249	0.059419
12544	0.059369
5181	0.059367
11923	0.059320
9500	0.059198
11413	0.059188
4807	0.059183
1568	0.059183
13359	0.059173
3728	0.059169
4217	0.059139
1139	0.059117
10052	0.059038
10911	0.059031
8310	0.059030
6222	0.059015
11166	0.058987
1582	0.058964
4024	0.058950
11221	0.058936
5931	0.058912
6121	0.058895
1880	0.058879
7331	0.058822
2552	0.058814
501	0.058783
5666	0.058772
14339	0.058743
14338	0.058743
14312	0.058743
14272	0.058743
14259	0.058743
14160	0.058743
14159	0.058743
14158	0.058743
14156	0.058743
14144	0.058743
14133	0.058743
14123	0.058743
14110	0.058743
14102	0.058743
14053	0.058743
13501	0.058743
8311	0.058743
8309	0.058743
8308	0.058743
8306	0.058743
8288	0.058743
8286	0.058743
8285	0.058743
8283	0.058743
8282	0.058743
8280	0.058743
8278	0.058743
8277	0.058743
8046	0.058743
4603	0.058743
2016	0.058737
4484	0.058717
9898	0.058709
3976	0.058705
9016	0.058685
1588	0.058685
2560	0.058678
8276	0.058660
778	0.058654
7332	0.058648
6365	0.058648
13542	0.058543
13708	0.058525
5682	0.058472
6582	0.058453
14006	0.058451
6224	0.058450
5155	0.058436
11283	0.058422
3576	0.058403
13950	0.058401
5154	0.058387
13876	0.058316
8061	0.058316
5267	0.058294
5601	0.058278
1350	0.058257
2927	0.058228
2554	0.058218
4051	0.058218
7077	0.058215
14041	0.058213
5906	0.058205
5550	0.058182
4062	0.058177
4279	0.058148
10057	0.058105
7485	0.058097
7484	0.058097
10717	0.058081
12231	0.058070
12009	0.058063
11665	0.058063
5251	0.058058
12232	0.058039
10394	0.058023
4329	0.057961
4289	0.057931
10043	0.057886
11782	0.057869
1669	0.057782
7529	0.057753
6258	0.057723
566	0.057678
5600	0.057659
10844	0.057637
9351	0.057632
9350	0.057632
7401	0.057632
4902	0.057577
5551	0.057568
4393	0.057534
5044	0.057528
4498	0.057511
5165	0.057490
3668	0.057465
9675	0.057462
4793	0.057420
11172	0.057414
445	0.057409
1183	0.057337
11265	0.057295
6928	0.057282
9485	0.057127
8272	0.057121
12640	0.057117
6031	0.057116
6030	0.057116
5992	0.057116
12247	0.057112
14069	0.057112
12444	0.057101
8040	0.057097
12445	0.057087
10290	0.057074
5308	0.057058
6812	0.057050
7575	0.057005
8489	0.057002
10603	0.056995
10530	0.056974
4434	0.056961
10291	0.056958
4114	0.056883
6268	0.056827
7492	0.056818
7530	0.056814
13653	0.056803
13555	0.056803
13316	0.056803
10602	0.056803
12699	0.056781
13452	0.056753
6584	0.056742
6581	0.056742
9330	0.056730
2811	0.056718
8763	0.056715
8761	0.056715
7631	0.056711
9487	0.056669
12710	0.056658
12409	0.056602
7979	0.056575
9182	0.056562
12637	0.056375
12117	0.056372
7345	0.056372
6085	0.056343
12897	0.056328
10790	0.056303
1580	0.056292
13460	0.056272
2556	0.056267
5605	0.056168
4298	0.056157
4284	0.056157
4277	0.056157
4276	0.056157
4275	0.056157
11685	0.056149
1036	0.056138
1680	0.056136
4790	0.056114
1485	0.056090
1405	0.055996
12773	0.055988
9187	0.055963
13375	0.055957
8103	0.055935
9876	0.055920
7628	0.055920
7627	0.055920
1611	0.055888
6457	0.055873
9329	0.055860
4727	0.055844
6903	0.055831
3617	0.055777
6958	0.055772
8259	0.055729
6420	0.055724
3555	0.055623
9643	0.055593
5665	0.055587
10714	0.055564
5602	0.055557
3453	0.055553
2555	0.055543
2504	0.055475
9181	0.055433
3886	0.055420
11929	0.055396
4474	0.055386
5716	0.055383
4698	0.055362
2706	0.055354
7739	0.055347
5465	0.055337
5344	0.055317
2401	0.055277
10741	0.055276
11453	0.055274
11452	0.055274
11451	0.055274
11449	0.055274
11445	0.055274
11427	0.055274
11391	0.055274
11388	0.055274
11331	0.055274
11327	0.055274
11268	0.055274
11088	0.055273
7229	0.055249
3802	0.055212
9696	0.055183
5558	0.055175
4332	0.055163
11507	0.055120
8477	0.055096
1822	0.054978
5290	0.054965
4083	0.054886
11554	0.054784
12704	0.054782
325	0.054776
5942	0.054771
7268	0.054685
4856	0.054683
3240	0.054674
3342	0.054659
8929	0.054626
13566	0.054587
2344	0.054586
3058	0.054562
2076	0.054518
6256	0.054503
9680	0.054493
7308	0.054493
7265	0.054493
5494	0.054493
10188	0.054405
10618	0.054338
4000	0.054332
1553	0.054232
5007	0.054219
10463	0.054215
11454	0.054207
4791	0.054166
6590	0.054162
5603	0.054149
3815	0.054057
3135	0.054056
3038	0.053982
8898	0.053946
11839	0.053927
12340	0.053901
779	0.053869
13789	0.053813
263	0.053766
1597	0.053722
12719	0.053616
11082	0.053599
570	0.053595
1150	0.053513
10435	0.053508
10857	0.053506
1583	0.053379
1499	0.053342
1191	0.053332
3838	0.053316
703	0.053315
4096	0.053297
3234	0.053286
382	0.053267
416	0.053236
11729	0.053088
11649	0.053034
1773	0.053022
2999	0.052984
441	0.052979
6287	0.052950
7329	0.052946
2984	0.052875
1358	0.052852
11491	0.052836
12638	0.052835
10836	0.052793
3801	0.052772
8656	0.052749
5262	0.052725
10024	0.052716
5028	0.052712
5928	0.052668
3137	0.052660
210	0.052628
10600	0.052616
11728	0.052605
10684	0.052576
12628	0.052573
13560	0.052572
1944	0.052570
11022	0.052542
8010	0.052496
10886	0.052487
7543	0.052460
8188	0.052439
3642	0.052382
3727	0.052346
9828	0.052329
4320	0.052319
5276	0.052265
8052	0.052263
10271	0.052199
2322	0.052188
1053	0.052182
13941	0.052160
3235	0.052106
378	0.052104
629	0.052068
4507	0.052067
7079	0.052054
8762	0.051995
5284	0.051988
10585	0.051969
2410	0.051969
2409	0.051969
13185	0.051954
4482	0.051856
6223	0.051853
14291	0.051848
11422	0.051818
1891	0.051748
719	0.051680
4622	0.051675
2557	0.051675
12881	0.051547
12433	0.051537
13938	0.051523
4623	0.051456
13563	0.051452
13423	0.051442
24	0.051435
6660	0.051423
13323	0.051411
4879	0.051348
5671	0.051306
4662	0.051302
14254	0.051290
6381	0.051283
1653	0.051150
5382	0.051103
702	0.051085
11777	0.051062
13130	0.051046
10144	0.051046
3326	0.051020
1632	0.051018
11542	0.050975
11186	0.050971
5672	0.050946
6572	0.050944
