1836	0.268221
2103	0.262806
1840	0.250266
11914	0.246008
1109	0.244782
2108	0.242952
1839	0.240992
2104	0.234501
10760	0.218051
2105	0.216863
221	0.213599
13707	0.208366
13738	0.207636
13731	0.207636
13706	0.207626
13485	0.203762
13468	0.203762
1119	0.203621
1120	0.203370
13247	0.202591
2110	0.199324
2121	0.198840
2106	0.198133
877	0.193687
2107	0.187526
2102	0.186773
3681	0.182652
2111	0.180061
2113	0.174084
1118	0.168550
713	0.168541
1001	0.167792
295	0.165157
5347	0.164122
5642	0.163850
7774	0.163839
5641	0.163839
3778	0.163266
2128	0.156105
1132	0.155917
13394	0.155074
2828	0.154913
2109	0.154751
2097	0.154236
498	0.148135
5745	0.146057
11989	0.145018
2112	0.144847
2124	0.144095
6472	0.143295
876	0.140988
1117	0.140394
1111	0.139663
5862	0.138635
2600	0.138258
716	0.137882
2965	0.137202
9623	0.136222
2981	0.134603
7261	0.134211
13621	0.133752
11930	0.133683
2192	0.133681
13265	0.133170
11658	0.132912
12721	0.132347
7468	0.132013
2967	0.132013
2190	0.130375
121	0.130204
1837	0.129220
114	0.128693
5268	0.128572
1121	0.126496
1135	0.124019
4865	0.123651
6393	0.122583
7020	0.118261
1711	0.117445
997	0.117007
2123	0.115754
1115	0.115128
2092	0.114437
5433	0.113482
2188	0.112407
8531	0.111617
6618	0.111268
8773	0.111167
6621	0.111167
633	0.110811
1133	0.110133
6430	0.109653
1123	0.109653
4533	0.109432
2119	0.109415
9462	0.109105
6151	0.109016
11858	0.108305
578	0.108225
9439	0.108066
8864	0.107980
8863	0.107980
8583	0.107980
8124	0.107980
7904	0.107980
7903	0.107980
7902	0.107980
7901	0.107980
7900	0.107980
7899	0.107980
7897	0.107980
7896	0.107980
7895	0.107980
7526	0.107930
9199	0.107832
115	0.107726
2532	0.107354
5183	0.106830
4596	0.106816
14233	0.105929
1136	0.105929
6838	0.104965
14342	0.104398
6623	0.104196
1110	0.103706
5546	0.103586
3636	0.102126
12010	0.101543
4427	0.100605
2827	0.100165
2014	0.098725
4878	0.098591
12873	0.098535
2968	0.098218
222	0.098205
4595	0.097919
7676	0.097824
589	0.097814
1114	0.097418
9198	0.097153
7453	0.096865
9258	0.096814
2522	0.096795
1235	0.096654
1122	0.096585
3463	0.096350
4342	0.095886
9248	0.095833
3206	0.095381
2954	0.095345
9633	0.095029
9630	0.095029
9628	0.095029
9626	0.095029
9625	0.095029
9624	0.095029
9622	0.095029
9621	0.095029
9620	0.095029
9619	0.095029
9618	0.095029
9615	0.095029
9482	0.095029
1044	0.094726
2820	0.094547
11733	0.094533
11562	0.094436
7295	0.093993
1116	0.093976
1419	0.093854
3506	0.093353
879	0.093238
2117	0.093183
2958	0.093152
7872	0.092575
8352	0.092573
8351	0.092573
2957	0.092573
2956	0.092573
9177	0.092276
12036	0.092218
4106	0.092196
11012	0.092155
4538	0.091855
1673	0.091562
2966	0.091478
10321	0.091201
1231	0.091123
9347	0.090932
2708	0.090729
4105	0.090651
2955	0.090411
2953	0.090411
9201	0.090163
1113	0.089973
6895	0.089812
13448	0.089508
861	0.089423
469	0.089399
7917	0.089342
7913	0.089217
5968	0.089217
470	0.089217
13850	0.089185
2660	0.089071
2118	0.088864
9775	0.088799
352	0.088770
7288	0.088767
7420	0.088673
6896	0.088544
8625	0.088506
1930	0.088496
2962	0.088346
6117	0.087855
5967	0.087824
9612	0.087620
11715	0.087203
2114	0.087128
9613	0.087033
1030	0.086863
9578	0.086766
5746	0.086513
6482	0.086418
3934	0.086416
586	0.086187
9413	0.086139
7692	0.086123
12909	0.086101
683	0.085992
9818	0.085953
9693	0.085953
11212	0.085835
2902	0.085821
792	0.085806
8661	0.085738
9606	0.085440
1833	0.085427
3431	0.085420
12229	0.085268
14370	0.084816
2093	0.084762
2442	0.084598
492	0.084235
8628	0.084215
13970	0.084061
6351	0.084042
5403	0.083916
10795	0.083849
14357	0.083838
7787	0.083838
8453	0.083834
8615	0.083674
14375	0.083663
699	0.083638
414	0.083544
14367	0.083484
7479	0.083393
9481	0.083334
9479	0.083334
9478	0.083334
9476	0.083334
9475	0.083334
9473	0.083334
9472	0.083334
9471	0.083334
9470	0.083334
9468	0.083334
9345	0.083334
8667	0.083334
8665	0.083334
8664	0.083334
8663	0.083334
8662	0.083334
8630	0.083334
8629	0.083334
8627	0.083334
8626	0.083334
9477	0.083318
2523	0.083211
6395	0.083126
2182	0.082957
8910	0.082891
9610	0.082871
10403	0.082843
9176	0.082750
8809	0.082750
14365	0.082270
12243	0.082033
12979	0.081974
4021	0.081542
12532	0.081514
8604	0.081368
13739	0.081295
14364	0.081197
9609	0.081142
9580	0.081142
14351	0.081084
8468	0.080937
2978	0.080937
2977	0.080937
14374	0.080912
14363	0.080912
7918	0.080838
2659	0.080719
7782	0.080594
7715	0.080499
7195	0.080358
7193	0.080358
7772	0.079816
11678	0.079789
11903	0.079778
2122	0.079663
7783	0.079588
12030	0.079339
7999	0.079151
8565	0.079103
5571	0.078886
8778	0.078861
9503	0.078791
8779	0.078606
7880	0.078575
14368	0.078454
13691	0.078414
13690	0.078414
8880	0.078414
8879	0.078414
8210	0.078414
3837	0.078384
6989	0.078167
14219	0.078167
6447	0.078024
14369	0.077983
14366	0.077969
14361	0.077969
14355	0.077969
8456	0.077969
2172	0.077925
5186	0.077751
2052	0.077691
2199	0.077652
2195	0.077500
6501	0.077385
5346	0.077367
881	0.077335
793	0.077274
5684	0.076994
6971	0.076929
5059	0.076919
2116	0.076918
11679	0.076911
9152	0.076842
2612	0.076700
5123	0.076501
404	0.076480
10085	0.076434
2204	0.076339
1002	0.076293
9218	0.076227
13156	0.076213
10176	0.076213
10087	0.076213
10086	0.076213
6102	0.076198
2203	0.076165
9174	0.076138
10410	0.076124
6532	0.076099
2952	0.075992
1097	0.075844
12218	0.075679
2058	0.075679
1420	0.075547
7089	0.075541
1260	0.075478
2821	0.075208
823	0.074951
10191	0.074837
489	0.074724
5413	0.074715
7553	0.074712
2170	0.074695
14376	0.074395
14359	0.074395
7998	0.074395
129	0.074301
11389	0.074176
1006	0.074173
686	0.074121
9474	0.074105
6961	0.074105
875	0.073843
4671	0.073792
4669	0.073792
9024	0.073782
9023	0.073782
9022	0.073782
8949	0.073782
2193	0.073763
2990	0.073753
9794	0.073740
4670	0.073676
10411	0.073201
13521	0.073187
11988	0.073096
11646	0.073072
3389	0.072934
7866	0.072901
7115	0.072750
5510	0.072739
4646	0.072710
35	0.072685
353	0.072600
5855	0.072546
4559	0.072461
9207	0.072194
9205	0.072194
8528	0.072194
9338	0.072128
2661	0.071912
14373	0.071870
14372	0.071870
14371	0.071870
14362	0.071870
14352	0.071870
14350	0.071870
8455	0.071870
7997	0.071870
7823	0.071870
1565	0.071798
12242	0.071498
9480	0.071415
8533	0.071415
13326	0.071407
8792	0.071390
7508	0.071158
3841	0.071124
8221	0.071051
13281	0.071033
14360	0.071004
13282	0.070975
5450	0.070918
13629	0.070916
5468	0.070916
351	0.070813
7410	0.070746
4667	0.070736
1835	0.070639
5024	0.070602
11616	0.070556
4648	0.070556
4643	0.070556
9631	0.070531
9195	0.070475
10661	0.070461
316	0.070360
14418	0.070307
14417	0.070307
13284	0.070307
13152	0.070307
9795	0.070307
9793	0.070307
9792	0.070307
9791	0.070307
9789	0.070307
9745	0.070307
9163	0.070307
8614	0.070307
8613	0.070307
8177	0.070307
4163	0.070302
2202	0.070158
8447	0.070154
3592	0.070109
12915	0.070061
12914	0.070061
13994	0.069918
7931	0.069918
8903	0.069894
8902	0.069894
8076	0.069836
11625	0.069787
7400	0.069778
5452	0.069648
2979	0.069572
6725	0.069382
4144	0.069334
1025	0.069262
8392	0.069201
4668	0.069175
9226	0.069149
9217	0.069149
8534	0.069149
7827	0.069125
8329	0.068859
3320	0.068817
7495	0.068806
2191	0.068459
8207	0.068386
7002	0.068325
2197	0.068313
13613	0.068310
3116	0.068127
8535	0.067912
9153	0.067869
2658	0.067705
2996	0.067631
13050	0.067614
12201	0.067557
1254	0.067419
6806	0.067400
8634	0.067292
224	0.067267
9231	0.067255
9611	0.067227
4542	0.067182
8813	0.067151
2060	0.067003
13449	0.066993
3318	0.066990
9200	0.066762
1400	0.066716
13442	0.066709
11902	0.066630
5033	0.066607
977	0.066369
11850	0.066363
582	0.066361
9616	0.066156
225	0.066120
13603	0.065944
13238	0.065944
9553	0.065944
2959	0.065944
12103	0.065944
11607	0.065930
2280	0.065912
113	0.065798
370	0.065762
13541	0.065753
777	0.065715
9436	0.065564
4294	0.065509
6307	0.065464
3453	0.065360
2960	0.065342
11999	0.065310
4304	0.065303
4302	0.065303
10030	0.065278
40	0.065166
12039	0.065163
2510	0.065145
2246	0.064868
10664	0.064792
13665	0.064733
2509	0.064643
9139	0.064601
13712	0.064598
1024	0.064579
3448	0.064545
8090	0.064540
2847	0.064540
2843	0.064540
2839	0.064540
9168	0.064505
3093	0.064420
8464	0.064406
6587	0.064379
8873	0.064371
7767	0.064336
2840	0.064266
9311	0.064226
5034	0.064099
7560	0.064035
13456	0.064001
13342	0.064001
3283	0.063971
14358	0.063957
2267	0.063752
2064	0.063708
2248	0.063631
6044	0.063551
4383	0.063532
874	0.063501
882	0.063495
8676	0.063282
4778	0.063277
487	0.063250
9415	0.063182
8851	0.063182
8850	0.063182
119	0.063070
12348	0.063060
8611	0.063004
7887	0.062899
38	0.062845
13334	0.062760
786	0.062757
981	0.062741
4977	0.062621
4848	0.062531
2892	0.062433
51	0.062429
3507	0.062396
5187	0.062354
4520	0.062233
211	0.062193
10553	0.062161
3227	0.062114
426	0.062077
4231	0.062051
13421	0.061995
4961	0.061992
2247	0.061975
3590	0.061907
2894	0.061871
11920	0.061851
3927	0.061851
3868	0.061851
320	0.061827
2844	0.061716
7888	0.061709
14061	0.061689
6449	0.061647
12670	0.061577
3536	0.061514
3706	0.061292
14395	0.061209
7891	0.061209
11355	0.061176
2286	0.060983
8874	0.060849
2198	0.060720
8892	0.060712
7029	0.060712
8886	0.060692
10236	0.060567
118	0.060457
13293	0.060438
4976	0.060405
609	0.060387
14379	0.060345
13134	0.060309
4262	0.060241
4537	0.060215
4922	0.060172
354	0.060118
1817	0.060077
2845	0.060057
13628	0.060047
12041	0.060039
4849	0.060019
7510	0.059868
6149	0.059602
6208	0.059578
10150	0.059327
8584	0.059325
5696	0.059267
2980	0.059247
2709	0.059195
9711	0.059109
9708	0.059109
9707	0.059109
9705	0.059109
9703	0.059109
2	0.059050
9699	0.059027
2185	0.058985
9237	0.058981
488	0.058970
13721	0.058877
13709	0.058877
9681	0.058855
235	0.058853
10329	0.058845
2120	0.058754
5905	0.058713
9414	0.058684
6771	0.058647
6598	0.058534
10862	0.058422
6557	0.058341
7993	0.058305
10863	0.058200
7864	0.058129
8116	0.058066
13075	0.057924
10045	0.057628
6904	0.057504
122	0.057503
13224	0.057470
9361	0.057466
9709	0.057455
6689	0.057397
6967	0.057397
9120	0.057386
5500	0.057356
9453	0.057301
8196	0.057237
8174	0.057237
8122	0.057237
8119	0.057237
7953	0.057237
13540	0.057147
8922	0.057084
8312	0.057044
6576	0.057008
11919	0.056962
4485	0.056961
7947	0.056815
9062	0.056784
4175	0.056633
9702	0.056487
6255	0.056406
7752	0.056323
6470	0.056242
591	0.056210
5434	0.056162
9064	0.056152
7915	0.056127
10549	0.056031
14407	0.055845
13997	0.055798
11226	0.055563
9135	0.055505
3929	0.055383
3928	0.055383
6302	0.055360
6267	0.055360
8487	0.055333
6191	0.055284
5309	0.055133
4176	0.055094
5570	0.055075
5796	0.055015
781	0.055010
7889	0.054984
6217	0.054956
1952	0.054925
14263	0.054875
14002	0.054875
14001	0.054875
14000	0.054875
13998	0.054875
13996	0.054875
6666	0.054875
5064	0.054875
4854	0.054875
4852	0.054875
12276	0.054875
11737	0.054869
13325	0.054810
7124	0.054646
8709	0.054627
43	0.054610
13508	0.054536
2194	0.054474
7379	0.054471
7131	0.054454
7228	0.054340
10097	0.054318
339	0.054284
4892	0.054243
4168	0.054182
1194	0.054143
4672	0.054045
8928	0.054038
1893	0.054023
13082	0.053754
9133	0.053754
9129	0.053754
14393	0.053711
14377	0.053711
1022	0.053703
4416	0.053668
14415	0.053582
9277	0.053582
4200	0.053549
1131	0.053521
3867	0.053514
817	0.053453
7409	0.053389
4810	0.053347
1019	0.053340
14433	0.053223
14410	0.053200
14409	0.053200
14408	0.053200
7919	0.053200
613	0.053003
4111	0.052962
5184	0.052933
1265	0.052910
6889	0.052889
9678	0.052800
7109	0.052789
4450	0.052742
12050	0.052720
2446	0.052692
7955	0.052669
6374	0.052655
4377	0.052643
11998	0.052642
6519	0.052631
11256	0.052595
6072	0.052519
3619	0.052516
10098	0.052415
9393	0.052405
7960	0.052405
7784	0.052343
14398	0.052340
14383	0.052340
8454	0.052340
7916	0.052340
7083	0.052340
12043	0.052312
7211	0.052270
9307	0.052152
3741	0.052136
2846	0.052134
3333	0.052112
12219	0.052101
11806	0.051969
9357	0.051923
7276	0.051911
5299	0.051890
7890	0.051843
7758	0.051828
10050	0.051788
4037	0.051776
12430	0.051767
8041	0.051617
6376	0.051599
4281	0.051516
1040	0.051491
1955	0.051479
5756	0.051465
14003	0.051446
1039	0.051410
7223	0.051398
9121	0.051387
9112	0.051387
3091	0.051368
3089	0.051368
3088	0.051367
8885	0.051355
4998	0.051353
14147	0.051353
3090	0.051353
8618	0.051327
304	0.051262
14148	0.051260
764	0.051197
13417	0.051103
588	0.051072
8708	0.051029
1933	0.050923
11987	0.050874
8635	0.050873
888	0.050864
13032	0.050807
13031	0.050807
12429	0.050807
14146	0.050532
6166	0.050512
5471	0.050512
3498	0.050499
9145	0.050477
8530	0.050415
5461	0.050406
9210	0.050393
3213	0.050371
6671	0.050310
8087	0.050188
5035	0.050169
6742	0.050162
14107	0.050152
6116	0.050106
11964	0.050103
4148	0.050015
13812	0.050007
8265	0.050007
6407	0.049994
13418	0.049978
2599	0.049934
13179	0.049904
13178	0.049904
7344	0.049904
6104	0.049851
6103	0.049851
3446	0.049841
6443	0.049837
6304	0.049806
7511	0.049803
11609	0.049792
4169	0.049753
9235	0.049752
9230	0.049752
9228	0.049752
9225	0.049752
9224	0.049752
9221	0.049752
9219	0.049752
9214	0.049752
9213	0.049752
9211	0.049752
9209	0.049752
9208	0.049752
9206	0.049752
9193	0.049752
8807	0.049752
8679	0.049752
8677	0.049752
8675	0.049752
8674	0.049752
8673	0.049752
8670	0.049752
8637	0.049752
8633	0.049752
8631	0.049752
8610	0.049752
8591	0.049752
8539	0.049752
8538	0.049752
8537	0.049752
8536	0.049752
8529	0.049752
8526	0.049752
8525	0.049752
8632	0.049752
8671	0.049750
4868	0.049667
11713	0.049572
6740	0.049572
1726	0.049540
4619	0.049515
1457	0.049464
13509	0.049451
11618	0.049448
13904	0.049427
3538	0.049413
1800	0.049382
3905	0.049378
14290	0.049374
9787	0.049309
9786	0.049309
9785	0.049309
9784	0.049309
9783	0.049309
9782	0.049309
9781	0.049309
9778	0.049309
9280	0.049309
8585	0.049309
8567	0.049309
8553	0.049309
6465	0.049301
611	0.049264
6616	0.049260
6380	0.049253
9588	0.049235
286	0.049233
3940	0.049217
4118	0.049197
11918	0.049183
4850	0.049135
11937	0.049110
3914	0.049037
3166	0.048872
6305	0.048794
6473	0.048793
3381	0.048782
9913	0.048745
13030	0.048715
9710	0.048637
7659	0.048616
2881	0.048471
4486	0.048369
3680	0.048350
4142	0.048228
3907	0.048213
9030	0.048040
9317	0.047987
9489	0.047944
4071	0.047944
4070	0.047944
4069	0.047944
2521	0.047865
1694	0.047811
14406	0.047790
14405	0.047790
8878	0.047761
4116	0.047709
1126	0.047639
4154	0.047629
9220	0.047549
7713	0.047512
13897	0.047495
