3428	0.203313
7224	0.186907
6574	0.186907
5527	0.186907
11091	0.186149
4947	0.183989
4235	0.180129
3429	0.169824
4618	0.165908
5185	0.165690
11202	0.163990
991	0.163432
2871	0.162043
7036	0.161751
2486	0.161531
14128	0.160842
10089	0.160378
11073	0.159680
3441	0.159063
4204	0.158680
11178	0.158627
677	0.158042
12315	0.147625
5815	0.146808
11109	0.144258
9085	0.143696
9086	0.143205
11416	0.143200
10255	0.142860
10801	0.142440
10507	0.141191
3986	0.140653
10550	0.140248
3440	0.139606
6938	0.137791
3789	0.132816
6457	0.132406
3425	0.132213
3715	0.129400
10274	0.128924
10275	0.126998
10273	0.123083
5154	0.122327
2344	0.120159
10245	0.119702
4319	0.118063
3742	0.113542
3135	0.111004
11112	0.109801
3077	0.109301
4842	0.108911
12241	0.108851
12240	0.108851
8074	0.108851
7294	0.108851
6054	0.108851
4336	0.108851
4392	0.108846
4951	0.107219
5366	0.106873
9938	0.106575
7551	0.106575
7550	0.106575
7539	0.106575
7538	0.106575
11677	0.102441
4494	0.102441
4493	0.102441
11587	0.101906
3740	0.101824
14	0.101591
12286	0.101180
6963	0.100604
5582	0.100017
6147	0.099604
3426	0.099316
1587	0.099123
11728	0.098681
14073	0.098661
10984	0.097522
6415	0.097404
5493	0.097383
6830	0.097371
5583	0.097250
11729	0.096954
10308	0.096850
12044	0.096522
11402	0.096461
10307	0.096461
3066	0.095917
5942	0.095557
3064	0.095239
8307	0.094513
4895	0.094079
6680	0.093916
607	0.093235
14224	0.093230
13391	0.093230
11110	0.093230
7205	0.092960
9694	0.092873
8832	0.092841
6053	0.092520
12249	0.092484
5008	0.092484
3326	0.092446
11752	0.092218
5940	0.092152
5672	0.092132
11742	0.092038
5226	0.092038
6829	0.091735
8855	0.091670
5007	0.091596
6386	0.091376
10634	0.091350
5671	0.090914
1938	0.090795
4000	0.090560
12367	0.090451
1359	0.090335
6056	0.090290
10249	0.089986
10962	0.088494
4841	0.088000
11177	0.087876
2753	0.087127
4529	0.086881
7670	0.086318
6254	0.085942
5441	0.085249
5207	0.084903
4497	0.084676
6814	0.084252
568	0.082677
8310	0.082215
8276	0.082022
10589	0.081842
14339	0.081824
14338	0.081824
14312	0.081824
14272	0.081824
14259	0.081824
14160	0.081824
14159	0.081824
14158	0.081824
14156	0.081824
14144	0.081824
14133	0.081824
14123	0.081824
14110	0.081824
14102	0.081824
14053	0.081824
13501	0.081824
8311	0.081824
8309	0.081824
8308	0.081824
8306	0.081824
8288	0.081824
8286	0.081824
8285	0.081824
8283	0.081824
8282	0.081824
8280	0.081824
8278	0.081824
8277	0.081824
8046	0.081824
4603	0.081824
14006	0.081782
5009	0.081633
13542	0.081614
5383	0.081345
247	0.080859
12527	0.080844
5292	0.080626
10638	0.080493
11675	0.080157
11240	0.079355
5584	0.078675
5585	0.078279
1178	0.078201
7943	0.078188
7207	0.078138
14157	0.077733
6187	0.077689
6010	0.077334
5205	0.077227
13598	0.077160
8570	0.077012
8623	0.076912
3823	0.076903
12283	0.076726
8255	0.076417
8572	0.076407
8569	0.076407
8568	0.076407
12091	0.076164
5048	0.076164
3001	0.076082
14291	0.075981
5176	0.075945
4856	0.075686
5270	0.075364
13265	0.075083
3375	0.074890
4117	0.074792
3680	0.074768
5293	0.074595
570	0.074522
3617	0.074087
13087	0.073887
5217	0.073882
11658	0.073738
11123	0.073313
2519	0.072979
1185	0.072959
5269	0.072837
6009	0.072362
4742	0.072362
8059	0.072000
14254	0.071947
6216	0.071827
2129	0.071186
7626	0.071163
10427	0.071079
13568	0.070998
1603	0.070996
2174	0.070544
3576	0.070378
6987	0.070333
5151	0.070022
8808	0.069780
9216	0.069743
14207	0.069667
14206	0.069667
13824	0.069667
5071	0.069249
3068	0.069128
4662	0.068872
4743	0.068577
1778	0.068477
2230	0.068136
5225	0.067897
3454	0.067277
7475	0.067182
4463	0.067177
6324	0.067148
3871	0.067117
13806	0.067027
13054	0.066924
5177	0.066909
5484	0.066757
11591	0.066684
3353	0.066539
4037	0.066495
5615	0.066166
5620	0.066157
7399	0.065994
3212	0.065893
8259	0.065838
377	0.065637
11592	0.065388
6935	0.065274
13805	0.065270
5132	0.065270
12277	0.065248
8073	0.065248
6150	0.065248
5944	0.065248
5943	0.065248
1418	0.065142
8113	0.065061
1053	0.064945
3534	0.064886
11652	0.064785
10347	0.064763
2381	0.064665
14034	0.064345
7857	0.064322
8305	0.064308
8289	0.064156
14317	0.064043
11349	0.063975
9222	0.063561
2175	0.063490
5937	0.063466
7478	0.063300
11753	0.062951
12358	0.062849
5946	0.062836
10699	0.062753
5175	0.062613
12066	0.062573
4913	0.062565
5586	0.062506
2536	0.062389
10214	0.062127
11373	0.062123
10202	0.062123
5837	0.062086
11904	0.061986
13657	0.061831
1719	0.061831
9317	0.061830
6966	0.061700
7511	0.061620
589	0.061587
12385	0.061222
6455	0.060977
3538	0.060683
12017	0.060670
6776	0.060614
13649	0.060597
11618	0.060597
10038	0.060572
2289	0.060506
8432	0.060172
8431	0.060172
7422	0.059967
8314	0.059802
3905	0.059790
3209	0.059759
6946	0.059747
3256	0.059701
4321	0.059601
6407	0.059511
13369	0.059487
9025	0.059363
10767	0.059315
6758	0.059245
11800	0.059146
10346	0.059135
7544	0.059064
9123	0.059004
333	0.059002
1184	0.058999
14126	0.058887
14125	0.058887
7729	0.058884
5679	0.058604
10282	0.058524
10099	0.058381
55	0.058361
2823	0.058020
5248	0.058015
12182	0.058011
4464	0.058011
1405	0.057957
3907	0.057753
5010	0.057744
7713	0.057685
2695	0.057646
10751	0.057348
10963	0.057278
10960	0.057278
10958	0.057278
9120	0.057228
6380	0.057124
13810	0.057075
8877	0.057029
8257	0.056863
2497	0.056780
9643	0.056773
700	0.056667
10454	0.056621
10812	0.056587
1707	0.056562
10031	0.056403
10896	0.055936
11428	0.055878
3030	0.055853
8317	0.055707
8316	0.055707
10850	0.055675
8922	0.055660
10109	0.055633
11344	0.055569
11306	0.055569
10728	0.055569
2281	0.055543
10729	0.055472
14218	0.055436
10370	0.055269
13854	0.055254
8836	0.055156
13475	0.055118
6732	0.054995
6220	0.054915
10415	0.054851
11430	0.054785
11304	0.054785
10763	0.054785
3419	0.054264
10519	0.054160
10371	0.054085
10416	0.053973
10082	0.053929
9139	0.053841
7541	0.053457
12202	0.053451
3988	0.053451
7328	0.053407
6934	0.053367
8140	0.053194
12637	0.053106
10457	0.052967
10546	0.052891
3319	0.052624
8907	0.052444
8566	0.052229
10343	0.052156
6718	0.052156
6506	0.052127
3977	0.052004
7908	0.051887
3473	0.051870
8800	0.051788
6625	0.051753
3210	0.051718
8373	0.051507
8240	0.051507
2567	0.051391
10441	0.051260
2173	0.051122
8489	0.051096
6719	0.051077
3998	0.051044
850	0.051043
12732	0.050989
1188	0.050817
10080	0.050636
3005	0.050608
10898	0.050588
4660	0.050568
2176	0.050491
11136	0.050464
9865	0.050460
12636	0.050373
7457	0.050244
4114	0.050216
3041	0.050059
7359	0.049847
3668	0.049770
4250	0.049750
1427	0.049718
3987	0.049636
1124	0.049539
4376	0.049535
9202	0.049428
7542	0.049407
6688	0.049407
8656	0.049345
10670	0.049142
2674	0.049096
10632	0.048924
7483	0.048861
5184	0.048853
11818	0.048783
8461	0.048777
6456	0.048753
10624	0.048749
14243	0.048691
10143	0.048664
1177	0.048618
10361	0.048603
6454	0.048523
4389	0.048521
7297	0.048492
12247	0.048412
10821	0.048348
5192	0.048320
5039	0.048312
11055	0.048181
2343	0.048148
11280	0.048138
10567	0.047972
14298	0.047970
11711	0.047911
11595	0.047905
4836	0.047891
6205	0.047852
6892	0.047840
3074	0.047825
9485	0.047791
10640	0.047776
9562	0.047590
3100	0.047590
254	0.047538
10280	0.047488
11409	0.047266
6578	0.047110
11357	0.047062
11754	0.046974
8137	0.046878
11356	0.046846
14037	0.046836
12163	0.046737
4430	0.046737
4429	0.046737
4428	0.046737
6444	0.046733
6480	0.046602
9997	0.046601
6657	0.046597
8327	0.046526
8171	0.046502
5382	0.046468
13769	0.046452
4288	0.046452
4193	0.046433
10899	0.046378
7615	0.046308
10276	0.046229
10910	0.046177
13685	0.046162
13684	0.046162
13683	0.046162
13565	0.046162
13946	0.046133
1592	0.046133
1591	0.046021
12357	0.045985
4023	0.045913
1469	0.045875
5984	0.045861
4873	0.045832
11839	0.045734
1596	0.045701
11395	0.045664
3940	0.045517
5843	0.045498
3908	0.045330
6134	0.045276
5040	0.045263
10639	0.045128
1535	0.045113
10643	0.045072
12118	0.045054
2083	0.045054
2074	0.045054
1899	0.045054
1896	0.045054
3098	0.044983
7616	0.044957
7145	0.044957
10966	0.044949
10976	0.044822
11412	0.044780
7690	0.044728
7348	0.044728
7349	0.044728
4359	0.044680
10977	0.044669
10844	0.044609
3840	0.044507
14322	0.044469
14135	0.044469
1182	0.044448
10002	0.044415
6319	0.044403
8901	0.044270
6687	0.044246
11459	0.044211
11340	0.044211
6329	0.044211
10258	0.044175
8636	0.044112
10390	0.044111
1466	0.044051
14334	0.044037
4496	0.043991
10959	0.043957
6052	0.043930
10452	0.043924
11292	0.043914
9170	0.043658
1085	0.043631
3315	0.043546
7202	0.043445
10749	0.043443
2605	0.043224
4169	0.043172
6259	0.043124
9235	0.043117
9230	0.043117
9228	0.043117
9225	0.043117
9224	0.043117
9221	0.043117
9219	0.043117
9214	0.043117
9213	0.043117
9211	0.043117
9209	0.043117
9208	0.043117
9206	0.043117
9193	0.043117
8807	0.043117
8679	0.043117
8677	0.043117
8675	0.043117
8674	0.043117
8673	0.043117
8670	0.043117
8637	0.043117
8633	0.043117
8631	0.043117
8610	0.043117
8591	0.043117
8539	0.043117
8538	0.043117
8537	0.043117
8536	0.043117
8529	0.043117
8526	0.043117
8525	0.043117
8632	0.043116
8671	0.043110
474	0.043096
5212	0.043094
6443	0.042964
7459	0.042960
11364	0.042905
11305	0.042905
11254	0.042905
10868	0.042905
10794	0.042905
8595	0.042854
4007	0.042840
13942	0.042836
4469	0.042711
2521	0.042657
4087	0.042624
9919	0.042612
14248	0.042597
8047	0.042597
9026	0.042548
10605	0.042534
8238	0.042525
11023	0.042492
11024	0.042492
9830	0.042487
12692	0.042458
2206	0.042406
8256	0.042400
10608	0.042342
2500	0.042332
8217	0.042331
7578	0.042331
5846	0.042294
12591	0.042152
598	0.042134
11903	0.042106
11266	0.042084
10933	0.042070
6069	0.042053
7118	0.042039
11438	0.042000
11381	0.041997
10806	0.041989
11157	0.041980
5704	0.041964
8635	0.041961
3194	0.041899
13421	0.041896
2208	0.041891
1236	0.041891
5402	0.041887
14004	0.041828
4866	0.041828
7932	0.041709
14290	0.041707
5393	0.041678
10056	0.041640
13384	0.041635
5424	0.041577
5574	0.041539
6588	0.041529
1779	0.041371
4090	0.041357
8040	0.041290
472	0.041256
7377	0.041219
7376	0.041217
8175	0.041007
3434	0.040977
11450	0.040827
9220	0.040755
9981	0.040751
5024	0.040737
7321	0.040719
2269	0.040665
11372	0.040662
1403	0.040526
5141	0.040459
13318	0.040441
10961	0.040434
10453	0.040410
1885	0.040330
1884	0.040330
1883	0.040330
57	0.040202
5343	0.040151
1351	0.040102
3438	0.040098
13303	0.040034
3024	0.040011
1242	0.039827
8530	0.039757
7642	0.039715
5379	0.039672
6257	0.039651
3422	0.039643
11241	0.039573
4195	0.039526
12799	0.039507
3623	0.039500
11022	0.039472
11606	0.039454
11605	0.039454
11135	0.039322
7855	0.039299
13597	0.039288
13596	0.039288
13595	0.039288
13583	0.039288
13554	0.039288
13402	0.039288
7990	0.039288
10469	0.039212
3111	0.039207
3822	0.039201
465	0.039194
1838	0.039176
577	0.039155
3795	0.039067
4792	0.039014
7007	0.039013
1593	0.038996
7200	0.038989
13094	0.038982
487	0.038964
12528	0.038893
11616	0.038885
4648	0.038885
4643	0.038885
5046	0.038861
12096	0.038748
5565	0.038723
11917	0.038699
11667	0.038687
9223	0.038646
1115	0.038632
10733	0.038520
7439	0.038480
7121	0.038480
9197	0.038478
6245	0.038477
6812	0.038476
7611	0.038393
5522	0.038365
4465	0.038282
3320	0.038253
10301	0.038215
262	0.038170
12065	0.038147
6340	0.038108
10490	0.038095
2831	0.038051
5167	0.038011
12317	0.037905
6728	0.037903
12573	0.037898
12691	0.037788
5918	0.037788
11808	0.037735
3834	0.037730
13613	0.037708
255	0.037628
4500	0.037570
4045	0.037472
3007	0.037459
2386	0.037440
2387	0.037440
2573	0.037428
5660	0.037371
7418	0.037353
4608	0.037227
6394	0.037215
5521	0.037179
10607	0.037179
5487	0.037170
9433	0.037164
9237	0.037068
12340	0.037046
10037	0.037021
4968	0.037015
1952	0.037011
4658	0.037008
263	0.036908
5936	0.036890
2203	0.036865
12529	0.036838
8407	0.036773
2207	0.036768
688	0.036752
5159	0.036718
12504	0.036699
10701	0.036668
14332	0.036663
14320	0.036663
14257	0.036663
14235	0.036663
14231	0.036663
14217	0.036663
14143	0.036663
614	0.036656
29	0.036598
8969	0.036594
10489	0.036522
3954	0.036514
13609	0.036487
14297	0.036486
2524	0.036399
2191	0.036398
10237	0.036398
13627	0.036370
4646	0.036350
5695	0.036335
11216	0.036286
5529	0.036277
13293	0.036245
53	0.036199
6556	0.036120
6555	0.036120
964	0.036096
11054	0.036083
702	0.036058
6366	0.036029
4051	0.035975
4622	0.035967
7201	0.035899
7527	0.035886
8704	0.035874
9575	0.035859
4437	0.035829
5351	0.035700
8284	0.035680
6421	0.035658
5157	0.035609
13911	0.035605
4495	0.035599
10090	0.035598
11685	0.035595
851	0.035555
11386	0.035548
4623	0.035540
1608	0.035468
13449	0.035447
10358	0.035425
9577	0.035405
4083	0.035330
2442	0.035315
4731	0.035262
4675	0.035262
10919	0.035254
3591	0.035250
8041	0.035237
392	0.035202
13558	0.035176
479	0.035173
14165	0.035173
12756	0.035063
12558	0.034966
9196	0.034945
10842	0.034926
11421	0.034926
11345	0.034926
11335	0.034926
7955	0.034903
13155	0.034903
14321	0.034900
14311	0.034900
14307	0.034900
14114	0.034900
10393	0.034900
8406	0.034900
8368	0.034900
3158	0.034900
4192	0.034895
10793	0.034877
10672	0.034844
4029	0.034834
2170	0.034799
11472	0.034796
11565	0.034795
1604	0.034708
12400	0.034682
11586	0.034682
4728	0.034676
12556	0.034633
675	0.034626
3370	0.034622
10511	0.034589
12764	0.034568
8089	0.034503
10498	0.034487
1050	0.034455
10177	0.034352
11987	0.034334
9870	0.034329
6215	0.034246
9987	0.034213
10335	0.034195
3738	0.034183
8827	0.034157
1869	0.034066
9840	0.033953
2525	0.033931
10920	0.033931
5103	0.033927
3797	0.033903
5245	0.033795
1141	0.033789
11852	0.033787
5355	0.033632
6836	0.033627
12572	0.033603
8833	0.033559
13247	0.033556
4402	0.033533
12462	0.033532
10685	0.033532
1120	0.033524
6601	0.033487
12395	0.033453
478	0.033450
11200	0.033385
11165	0.033376
90	0.033360
4879	0.033317
9370	0.033272
6482	0.033240
13547	0.033204
13546	0.033204
13368	0.033204
4503	0.033202
4325	0.033177
9094	0.033175
9093	0.033175
9092	0.033175
9065	0.033175
693	0.033145
341	0.033139
7894	0.033118
6046	0.033113
11564	0.033105
13875	0.033102
1119	0.033080
3178	0.033055
323	0.032942
13360	0.032926
11518	0.032886
9857	0.032809
13441	0.032783
11002	0.032706
7203	0.032679
7246	0.032667
5851	0.032635
11534	0.032550
13500	0.032513
3180	0.032430
2484	0.032381
889	0.032307
11298	0.032274
10994	0.032274
8108	0.032246
11263	0.032220
1835	0.032214
3638	0.032190
10331	0.032179
11915	0.032165
3405	0.032130
1420	0.032002
7507	0.031838
6709	0.031814
3506	0.031770
10734	0.031670
724	0.031668
12687	0.031661
1041	0.031655
9016	0.031654
7419	0.031610
690	0.031564
9089	0.031518
6558	0.031498
314	0.031455
4857	0.031374
13070	0.031357
8377	0.031339
