34	0.218560
4078	0.195258
8618	0.193506
699	0.189494
2546	0.188446
7397	0.188043
819	0.187479
686	0.181169
8886	0.177773
11920	0.177559
3927	0.177559
3868	0.177559
6449	0.177260
11919	0.176425
199	0.175199
3784	0.173634
6208	0.173542
286	0.171085
205	0.169844
203	0.169844
3213	0.169599
13277	0.168801
206	0.167547
3929	0.167312
3928	0.167312
5905	0.166892
7864	0.166803
13721	0.166534
13709	0.166534
7807	0.165627
820	0.164552
11918	0.164316
5684	0.160945
3867	0.160415
5240	0.158922
5844	0.158897
3879	0.158314
7947	0.157702
5238	0.157701
31	0.157147
4832	0.157128
10863	0.155469
10862	0.154733
1829	0.152423
4453	0.150982
11256	0.149868
4393	0.147924
12360	0.147678
7711	0.147678
269	0.145232
13607	0.143989
2545	0.142334
9609	0.142118
9580	0.142118
7553	0.142075
858	0.139356
3053	0.137925
43	0.137633
5239	0.137355
5186	0.136897
6816	0.136245
7420	0.135516
8324	0.135033
13567	0.134871
5731	0.134871
5730	0.134871
5726	0.134871
5723	0.134871
5722	0.134871
5721	0.134871
5681	0.134871
40	0.134797
12039	0.134782
9616	0.134330
6623	0.133956
14342	0.133705
4533	0.133347
13363	0.133311
1260	0.133020
6117	0.132496
198	0.132478
65	0.132207
5318	0.131463
11701	0.130910
5261	0.130713
1332	0.130142
12359	0.130048
6468	0.130048
249	0.129551
5237	0.129433
2123	0.128954
2094	0.128518
4144	0.128125
13994	0.127934
7931	0.127934
1190	0.127916
9633	0.127480
9630	0.127480
9628	0.127480
9626	0.127480
9625	0.127480
9624	0.127480
9622	0.127480
9621	0.127480
9620	0.127480
9619	0.127480
9618	0.127480
9615	0.127480
9482	0.127480
5688	0.127316
9039	0.127164
7709	0.127154
208	0.127126
1892	0.127057
1231	0.126838
1893	0.126687
3168	0.126204
5734	0.125794
11921	0.125048
9820	0.125028
8735	0.125028
13766	0.124962
1817	0.123897
6328	0.123754
8661	0.123747
39	0.122847
250	0.122809
10580	0.122648
5930	0.122648
8816	0.122263
8815	0.122263
8814	0.122263
8812	0.122263
8796	0.122263
8795	0.122263
8777	0.122263
7923	0.122263
1138	0.121334
14061	0.120764
8087	0.120485
5187	0.120414
9623	0.120167
3549	0.119953
5059	0.119694
9606	0.119579
11212	0.119189
13904	0.118871
9564	0.118617
3566	0.118617
8810	0.118616
98	0.118089
13606	0.117976
4213	0.117798
3732	0.117636
9362	0.117539
3743	0.117466
3805	0.116455
606	0.116109
46	0.115902
8531	0.115761
253	0.115216
5606	0.115027
6971	0.114908
419	0.114814
3504	0.114779
10023	0.114523
1254	0.114248
5728	0.113697
9503	0.113606
3841	0.113527
13050	0.113480
8116	0.113279
13748	0.112677
9631	0.112629
9436	0.112626
5174	0.112615
680	0.112564
5695	0.112302
5090	0.112127
12191	0.112105
13282	0.111937
13281	0.111841
5736	0.111371
9338	0.110958
6638	0.110705
665	0.110563
11830	0.110423
4639	0.110423
4635	0.110423
4634	0.110423
3082	0.110423
9612	0.109904
2472	0.109860
9613	0.109630
12073	0.109123
4797	0.108504
254	0.107741
3486	0.107603
426	0.107551
5227	0.107172
2588	0.107026
3643	0.107002
11860	0.106992
3600	0.106954
3485	0.106943
66	0.106787
7534	0.106424
5558	0.106262
4033	0.106141
9920	0.106000
3716	0.105933
12038	0.105925
7229	0.105910
5622	0.105859
5011	0.105788
1621	0.105724
9370	0.105665
2466	0.105651
6479	0.105629
13039	0.105599
382	0.105587
9885	0.105540
9851	0.105540
8828	0.105540
8826	0.105540
8825	0.105540
8811	0.105540
7781	0.105540
6586	0.105402
4307	0.105081
10782	0.104967
7433	0.104822
9102	0.104684
3052	0.104542
5025	0.104534
5195	0.104483
1009	0.103666
261	0.103426
13314	0.103302
13846	0.103289
8459	0.103289
9725	0.103178
11323	0.103138
6316	0.103094
12862	0.103033
13580	0.102921
1341	0.102569
4143	0.102290
9578	0.101856
671	0.101732
989	0.101404
10725	0.101272
10724	0.101176
4408	0.100715
3649	0.100635
1549	0.100544
2998	0.100477
3078	0.100295
1981	0.100181
10238	0.100139
1993	0.100139
3427	0.099725
64	0.099572
4292	0.099547
9263	0.099505
1201	0.099227
5181	0.099221
6162	0.099087
726	0.098882
2547	0.098780
8439	0.098638
7435	0.098638
7180	0.098638
8438	0.098610
9610	0.098343
3059	0.098280
5407	0.097953
5720	0.097610
852	0.097559
274	0.097325
9611	0.097207
5123	0.097120
7560	0.097059
41	0.096872
2548	0.096734
4781	0.096586
4795	0.096416
8000	0.096324
9597	0.096085
9355	0.096085
6748	0.096085
2499	0.096037
1977	0.095586
2724	0.095033
237	0.094882
276	0.094829
6836	0.094466
13326	0.094458
5665	0.094325
4031	0.093975
13482	0.093873
3363	0.093726
1243	0.093665
5716	0.093555
6043	0.093409
3650	0.093160
632	0.092907
8749	0.092787
8748	0.092787
12314	0.092787
11115	0.092467
285	0.092450
280	0.092447
986	0.092446
30	0.092432
383	0.092379
7100	0.092061
882	0.091805
1890	0.091589
9002	0.091565
1422	0.091475
5317	0.091396
1421	0.091311
4154	0.091168
1966	0.091124
6121	0.091007
6955	0.090905
6129	0.090868
4800	0.090773
2620	0.090330
3712	0.090111
6671	0.090065
429	0.089830
4651	0.089664
791	0.089635
7815	0.089589
3106	0.089449
414	0.089381
13652	0.089048
9212	0.089033
3669	0.088945
10429	0.088904
6956	0.088893
14093	0.088777
8889	0.088614
2549	0.088123
628	0.088120
1194	0.087926
1768	0.087785
8346	0.087766
8345	0.087766
9005	0.087758
3626	0.087710
3270	0.087467
3490	0.087028
1987	0.086853
888	0.086803
3276	0.086690
11148	0.086561
629	0.086525
9121	0.086332
9112	0.086332
1021	0.086119
1273	0.086097
37	0.085652
9416	0.085568
1397	0.085540
11702	0.085378
4763	0.085147
2835	0.085050
3913	0.084811
5234	0.084787
1597	0.084496
6823	0.084397
6856	0.084373
4761	0.084342
3105	0.084168
8898	0.084162
5961	0.084128
8208	0.083864
9587	0.083823
9541	0.083546
294	0.083416
277	0.082982
220	0.082827
9006	0.082683
9004	0.082683
9003	0.082683
9001	0.082683
9000	0.082683
8999	0.082683
8941	0.082683
6698	0.082558
195	0.082465
50	0.082282
8441	0.082108
8440	0.082108
1980	0.082071
13146	0.082058
6557	0.081862
3676	0.081859
8998	0.081384
212	0.081370
10813	0.081356
1847	0.081261
2540	0.081210
1985	0.080737
1556	0.080639
279	0.080586
816	0.080357
44	0.080353
4910	0.080283
12372	0.080209
7050	0.079971
8064	0.079962
5112	0.079783
8827	0.079737
7586	0.079729
5977	0.079345
10604	0.079342
7049	0.079275
2102	0.079196
4727	0.079088
3678	0.079087
3673	0.079087
7160	0.079058
7536	0.079034
270	0.078990
4922	0.078974
3656	0.078967
3652	0.078897
2802	0.078669
7554	0.078659
11824	0.078413
5062	0.078357
5319	0.078292
4016	0.078289
3019	0.078118
458	0.077946
188	0.077771
194	0.077062
4484	0.077062
2322	0.076874
12910	0.076793
9266	0.076687
8348	0.076653
3456	0.076407
8625	0.076316
9264	0.076253
379	0.076181
2926	0.076032
8847	0.076005
3903	0.075912
13222	0.075885
5928	0.075771
12154	0.075753
6643	0.075591
8258	0.075564
4679	0.075433
204	0.075307
3888	0.075231
9664	0.075189
5708	0.075126
289	0.075010
9366	0.074900
9365	0.074900
9364	0.074900
9363	0.074900
9359	0.074900
8869	0.074900
8849	0.074900
8848	0.074900
8846	0.074900
2475	0.074691
1937	0.074613
5413	0.074560
10253	0.074552
1634	0.074432
7213	0.074355
3834	0.074352
12901	0.074345
395	0.074345
2918	0.074132
1936	0.074077
1968	0.074041
457	0.073617
12313	0.073553
8167	0.073553
394	0.073535
459	0.073478
218	0.073399
3304	0.073386
49	0.073372
1206	0.073364
7494	0.073356
4541	0.073134
1344	0.073108
4230	0.072889
1368	0.072667
12297	0.072610
8098	0.072610
3708	0.072547
1856	0.072492
12109	0.072430
5948	0.072430
732	0.072428
13570	0.072396
13228	0.072396
731	0.072396
11982	0.072330
5414	0.072330
5412	0.072330
3705	0.072284
3721	0.072273
7095	0.072210
637	0.072207
653	0.072047
2319	0.072022
7155	0.072015
13883	0.071813
703	0.071689
3645	0.071621
2543	0.071369
5537	0.071269
357	0.071108
4532	0.071044
13170	0.071032
1978	0.071015
698	0.070958
3884	0.070921
697	0.070871
13502	0.070866
10668	0.070866
10494	0.070866
11846	0.070859
5784	0.070859
3558	0.070838
282	0.070811
10209	0.070806
10102	0.070779
11176	0.070729
12135	0.070629
13644	0.070606
2440	0.070332
13494	0.070290
4030	0.070214
12178	0.070201
2550	0.070196
8617	0.070142
13588	0.069883
1979	0.069874
7453	0.069829
217	0.069786
3880	0.069692
3254	0.069600
10240	0.069596
2757	0.069573
6286	0.069565
1774	0.069442
9839	0.069392
650	0.069342
3520	0.069304
251	0.069075
5670	0.069060
12365	0.068988
293	0.068926
292	0.068926
291	0.068926
290	0.068926
287	0.068926
33	0.068814
6002	0.068747
2077	0.068742
4233	0.068671
7676	0.068578
3503	0.068523
3469	0.068445
5109	0.068438
8829	0.068411
3890	0.068106
190	0.068064
5155	0.068049
1039	0.068046
12570	0.067922
5520	0.067849
2929	0.067742
9143	0.067720
6242	0.067720
9377	0.067628
647	0.067491
1551	0.067426
5709	0.067411
1613	0.067102
11293	0.067080
9536	0.067022
10876	0.067006
12564	0.066996
1345	0.066926
835	0.066898
215	0.066816
3987	0.066720
6635	0.066651
42	0.066531
5296	0.066498
10840	0.066451
7040	0.066354
6159	0.066291
6158	0.066291
8128	0.066288
4713	0.066281
759	0.066253
6149	0.066150
12383	0.066121
4954	0.066067
1581	0.066051
6704	0.066049
3741	0.065794
3446	0.065784
9767	0.065759
12428	0.065602
7641	0.065586
6341	0.065586
11007	0.065578
2948	0.065567
2946	0.065567
11175	0.065472
9985	0.065431
397	0.065424
2927	0.065398
4722	0.065328
2286	0.065323
1456	0.065277
5320	0.065156
643	0.065102
7654	0.065031
12565	0.064998
7887	0.064786
2474	0.064698
10479	0.064695
1992	0.064635
1041	0.064514
7655	0.064456
13827	0.064425
13108	0.064425
13107	0.064425
12882	0.064425
10121	0.064425
8458	0.064425
3675	0.064388
3192	0.064364
770	0.064318
9229	0.064216
9190	0.064197
341	0.064190
817	0.064183
11635	0.064026
12096	0.064013
12280	0.063952
6882	0.063949
3247	0.063949
760	0.063918
10902	0.063908
10318	0.063820
6307	0.063708
272	0.063656
325	0.063481
4405	0.063437
9295	0.063357
3292	0.063322
1984	0.063318
4571	0.063212
5453	0.063036
10640	0.063002
8835	0.062979
12317	0.062868
8709	0.062809
10838	0.062804
11374	0.062796
3646	0.062786
8052	0.062773
13249	0.062689
13248	0.062689
4403	0.062689
2975	0.062656
13575	0.062655
4476	0.062601
9196	0.062590
13497	0.062547
11507	0.062512
11362	0.062499
12736	0.062453
4661	0.062422
660	0.062300
5264	0.062246
7364	0.062197
4678	0.062124
4051	0.062108
7263	0.062089
307	0.062045
5789	0.062036
11532	0.062020
6624	0.062017
6501	0.061979
13498	0.061783
1593	0.061756
5923	0.061685
1014	0.061683
68	0.061664
12112	0.061657
6595	0.061634
8958	0.061526
10839	0.061470
6001	0.061423
9347	0.061257
393	0.061222
7706	0.061206
13219	0.061202
9290	0.061202
3809	0.061199
12382	0.061153
9689	0.061059
1022	0.061024
3642	0.060978
12117	0.060907
7345	0.060907
7056	0.060828
13807	0.060781
8995	0.060756
4721	0.060684
12544	0.060648
6167	0.060638
3796	0.060617
5725	0.060429
10461	0.060071
4114	0.060068
644	0.060035
9627	0.059894
758	0.059875
11634	0.059868
13808	0.059856
537	0.059844
9392	0.059839
1555	0.059826
8800	0.059786
9179	0.059733
8938	0.059723
661	0.059695
5625	0.059588
363	0.059560
14060	0.059522
5302	0.059498
8711	0.059498
8732	0.059461
10410	0.059385
2372	0.059380
4508	0.059369
12247	0.059366
1193	0.059341
8710	0.059322
2997	0.059299
11389	0.059231
2905	0.059228
1265	0.059218
4446	0.059197
7576	0.059125
8489	0.059105
7959	0.059084
9176	0.059073
8809	0.059073
5465	0.059068
695	0.059060
6928	0.059027
10583	0.058983
11958	0.058971
9440	0.058878
3313	0.058732
10411	0.058707
1882	0.058690
14107	0.058681
8463	0.058662
10891	0.058645
6024	0.058625
3545	0.058597
11649	0.058585
14096	0.058574
2371	0.058512
3442	0.058460
6781	0.058435
1568	0.058416
4080	0.058412
11104	0.058328
12111	0.058304
13059	0.058273
12334	0.058273
6549	0.058273
6435	0.058218
5596	0.058209
10159	0.058187
6960	0.058185
674	0.058185
673	0.058185
664	0.058185
657	0.058185
652	0.058185
646	0.058185
189	0.058185
9289	0.058167
8712	0.058140
8303	0.058140
8302	0.058140
7362	0.058140
6359	0.058140
3091	0.058131
3089	0.058131
3088	0.058131
4792	0.058124
5266	0.058123
262	0.058123
14147	0.058123
3090	0.058123
14148	0.058110
9117	0.058099
9485	0.058061
6202	0.058054
1600	0.058051
1595	0.058051
1590	0.058051
326	0.058047
8593	0.058021
7809	0.057993
9694	0.057967
4968	0.057937
12597	0.057891
7223	0.057829
3099	0.057761
3952	0.057755
1547	0.057753
9293	0.057747
9292	0.057747
9291	0.057747
1188	0.057691
14146	0.057683
2144	0.057670
12381	0.057630
4717	0.057592
2697	0.057580
2434	0.057555
10864	0.057552
3662	0.057520
1647	0.057464
1337	0.057381
6910	0.057331
10160	0.057301
8980	0.057291
8978	0.057291
8977	0.057291
8976	0.057291
8940	0.057291
3544	0.057216
7915	0.057208
7152	0.057186
13521	0.057161
10890	0.057039
339	0.056958
6908	0.056954
2033	0.056903
1960	0.056895
4252	0.056787
666	0.056754
649	0.056714
1988	0.056618
10950	0.056617
55	0.056552
5604	0.056524
3835	0.056489
2173	0.056421
13423	0.056420
8612	0.056365
11847	0.056345
375	0.056308
7297	0.056303
7306	0.056260
2227	0.056229
855	0.056198
5489	0.056188
3565	0.056179
12245	0.056178
1462	0.056135
3342	0.056127
5068	0.056091
376	0.056027
6422	0.056010
5069	0.055996
1990	0.055989
196	0.055922
854	0.055905
4731	0.055887
4675	0.055887
8028	0.055866
4764	0.055853
6462	0.055848
11006	0.055848
3318	0.055845
6425	0.055778
4259	0.055754
668	0.055732
8252	0.055714
1082	0.055679
59	0.055679
2696	0.055637
10593	0.055629
8697	0.055602
6382	0.055600
7977	0.055595
271	0.055556
11056	0.055513
258	0.055502
10835	0.055495
5260	0.055495
13579	0.055435
11039	0.055435
398	0.055426
197	0.055420
10632	0.055395
1891	0.055381
9502	0.055372
2968	0.055353
5858	0.055176
2279	0.055167
1340	0.055149
6295	0.055143
6287	0.055133
6715	0.055102
7734	0.055091
11711	0.055075
11274	0.054886
11273	0.054886
11272	0.054886
11271	0.054886
4687	0.054873
4856	0.054834
662	0.054814
1174	0.054781
5682	0.054781
8718	0.054770
2793	0.054745
8979	0.054702
8959	0.054685
2567	0.054662
3312	0.054640
12277	0.054510
8073	0.054510
6150	0.054510
5944	0.054510
5943	0.054510
13948	0.054502
13491	0.054497
7352	0.054448
8703	0.054432
5768	0.054378
3057	0.054365
8051	0.054340
11216	0.054322
8960	0.054291
672	0.054289
8700	0.054263
3582	0.054242
1986	0.054222
283	0.054194
3965	0.054165
9906	0.054113
1872	0.054108
235	0.054102
3135	0.054056
5014	0.054053
1409	0.054047
6729	0.054007
5265	0.053940
10497	0.053859
7337	0.053843
2780	0.053829
12065	0.053723
3506	0.053720
9187	0.053701
3812	0.053640
8557	0.053627
8555	0.053627
8547	0.053627
7739	0.053594
1747	0.053571
8604	0.053538
12719	0.053482
3813	0.053476
8253	0.053440
3230	0.053397
1359	0.053386
8696	0.053366
10672	0.053312
330	0.053303
329	0.053283
