1419	0.116683
2052	0.114834
3389	0.114610
1420	0.108329
10491	0.101740
2105	0.101508
10482	0.092159
10305	0.090481
10852	0.088965
3837	0.088225
4537	0.088019
8329	0.087661
9462	0.086851
11858	0.086834
9439	0.086786
11353	0.086688
10715	0.086688
11434	0.086404
12525	0.086345
2280	0.086069
5033	0.085711
10889	0.085403
5413	0.084996
10032	0.084953
5433	0.084840
13665	0.083799
13162	0.083596
10123	0.083596
2109	0.083502
9623	0.083141
7774	0.082702
5641	0.082702
5642	0.082692
2952	0.082361
5034	0.082069
5347	0.081852
5035	0.081701
11142	0.081440
2958	0.079541
2820	0.078971
2114	0.078297
13394	0.077892
11999	0.077853
4304	0.077848
4302	0.077848
11556	0.077804
1673	0.077358
11226	0.076982
11607	0.076862
221	0.076734
10483	0.076313
1119	0.076054
1120	0.075970
13247	0.075667
12348	0.075407
10127	0.075403
1030	0.075076
5346	0.074874
5650	0.074415
13374	0.074368
13373	0.074368
1115	0.074146
12414	0.073746
4787	0.073596
12799	0.073356
13166	0.073348
9948	0.073153
2831	0.073111
11007	0.072834
1133	0.072605
268	0.072532
13265	0.072517
4106	0.072495
10839	0.072407
7872	0.072267
8352	0.072263
8351	0.072263
2957	0.072263
2956	0.072263
10838	0.072030
11658	0.071422
2594	0.071352
10186	0.071143
4105	0.070809
10808	0.070567
4538	0.070228
7745	0.070219
2968	0.070218
7686	0.070172
2182	0.069994
10007	0.069918
6895	0.069808
10683	0.069631
12237	0.069426
13121	0.069399
4789	0.069399
4788	0.069399
11121	0.069279
11019	0.069187
2102	0.069161
6393	0.069072
2185	0.068795
4865	0.068603
10682	0.068383
10547	0.067795
2108	0.067631
6754	0.067532
13850	0.067350
10236	0.067257
10389	0.067210
235	0.067018
13462	0.066964
10475	0.066588
249	0.066583
2097	0.066511
4664	0.066144
2845	0.066139
5697	0.066127
6896	0.066083
10556	0.066048
3778	0.066046
12792	0.065980
12573	0.065689
11914	0.065624
9370	0.065518
12791	0.065334
12788	0.065334
7581	0.064972
2902	0.064957
10809	0.064892
7580	0.064892
5649	0.064694
11565	0.064628
1925	0.064515
12238	0.064510
8622	0.064428
8794	0.064367
5221	0.064287
13165	0.064201
10758	0.064191
6102	0.063969
12730	0.063870
10456	0.063821
4168	0.063805
10376	0.063800
11989	0.063704
11626	0.063682
10226	0.063668
10212	0.063588
10358	0.063571
1836	0.063526
13449	0.063421
10042	0.063324
4542	0.063300
10531	0.063235
5957	0.063209
10542	0.063098
10921	0.063063
10723	0.062972
12145	0.062941
10515	0.062941
5956	0.062941
10037	0.062876
10521	0.062732
4279	0.062661
5746	0.062607
9520	0.062535
9484	0.062403
9483	0.062403
12704	0.062378
4671	0.062215
4669	0.062215
4670	0.062186
2990	0.062180
11982	0.062135
5414	0.062135
5412	0.062135
2595	0.062135
12756	0.062110
250	0.062092
10658	0.062083
14250	0.062079
10558	0.062079
10555	0.062079
6968	0.062079
1121	0.062032
8042	0.062024
10657	0.061974
2889	0.061942
12764	0.061888
12807	0.061791
13155	0.061656
10694	0.061584
3341	0.061561
11522	0.061553
10841	0.061525
6138	0.061509
10820	0.061489
11510	0.061267
2281	0.061195
5571	0.061176
12457	0.061070
12456	0.061070
12450	0.061070
12443	0.061070
9798	0.061070
5491	0.061008
4349	0.060992
4786	0.060979
876	0.060853
1507	0.060820
12832	0.060687
11575	0.060597
10498	0.060550
6430	0.060484
1123	0.060484
4667	0.060469
7553	0.060432
12030	0.060358
7530	0.060209
8369	0.060167
14249	0.060122
13838	0.060095
2104	0.059897
10714	0.059812
2666	0.059725
3451	0.059661
6234	0.059528
6564	0.059494
12621	0.059377
11447	0.059199
10530	0.059157
1008	0.059122
8615	0.059093
12787	0.059089
9849	0.059070
51	0.059018
1039	0.059007
9711	0.058937
9708	0.058937
9707	0.058937
9705	0.058937
9703	0.058937
11211	0.058852
2773	0.058827
9699	0.058818
7094	0.058759
8207	0.058669
12551	0.058643
2600	0.058634
10356	0.058597
10557	0.058589
5885	0.058536
13026	0.058521
13095	0.058520
6969	0.058520
12431	0.058418
2107	0.058418
2248	0.058268
5748	0.058088
10538	0.058077
7958	0.058049
9135	0.058021
11368	0.058003
8133	0.057979
2521	0.057944
11564	0.057912
7395	0.057904
10836	0.057845
12594	0.057837
12502	0.057794
8656	0.057695
567	0.057691
11439	0.057567
13834	0.057474
2944	0.057432
7344	0.057354
13178	0.057354
13179	0.057354
14233	0.057309
1136	0.057309
10706	0.057232
4778	0.057228
6116	0.057210
8090	0.057200
2847	0.057200
2843	0.057200
2839	0.057200
2840	0.057199
2247	0.057194
11151	0.057154
13058	0.057084
7945	0.057084
10739	0.057033
10788	0.057033
10777	0.057033
10759	0.057033
10045	0.057032
11233	0.057003
9381	0.057003
13131	0.056958
6660	0.056840
5570	0.056768
456	0.056639
11012	0.056620
7962	0.056619
8611	0.056585
13497	0.056526
10324	0.056511
5492	0.056499
227	0.056496
7388	0.056461
12873	0.056392
2267	0.056385
35	0.056255
6636	0.056209
6737	0.056207
10511	0.056199
2110	0.056177
13122	0.056163
9375	0.056127
12063	0.056086
2996	0.056042
11419	0.055898
3633	0.055824
13498	0.055820
3536	0.055792
3203	0.055759
13675	0.055687
10776	0.055654
10920	0.055504
254	0.055472
5129	0.055447
12779	0.055407
5291	0.055396
9989	0.055296
10497	0.055216
14427	0.055208
14111	0.055200
14080	0.055200
9610	0.055179
6055	0.055108
115	0.055108
4305	0.055027
5142	0.055006
6532	0.054892
2111	0.054883
8661	0.054840
10517	0.054840
2121	0.054784
4668	0.054774
7920	0.054671
3630	0.054583
9770	0.054553
9961	0.054502
13333	0.054446
2123	0.054362
7182	0.054305
7082	0.054254
12795	0.054248
7013	0.054209
1400	0.054176
12250	0.054169
10499	0.054159
11542	0.053914
4113	0.053881
1122	0.053723
6017	0.053635
8405	0.053583
11065	0.053577
7955	0.053543
10049	0.053454
9917	0.053453
13706	0.053411
10478	0.053409
13738	0.053407
13731	0.053407
4721	0.053404
11509	0.053283
9958	0.053265
1778	0.053264
404	0.053236
7757	0.053229
3113	0.053225
253	0.053187
11977	0.053179
4530	0.053170
5178	0.053163
11539	0.053149
11415	0.053130
9436	0.053115
10554	0.053109
9944	0.053058
9835	0.053009
5219	0.052950
10076	0.052932
10077	0.052915
4112	0.052877
10523	0.052868
13707	0.052810
11072	0.052759
877	0.052684
4363	0.052676
5430	0.052545
9857	0.052539
12648	0.052501
3764	0.052440
10325	0.052227
10522	0.052206
12836	0.052183
12824	0.052183
13856	0.052082
12694	0.051980
2283	0.051884
5888	0.051777
8045	0.051716
12408	0.051687
10970	0.051675
9347	0.051662
10050	0.051642
565	0.051611
10046	0.051549
12812	0.051540
9024	0.051492
9023	0.051492
9022	0.051492
8949	0.051492
370	0.051487
10712	0.051471
11436	0.051422
10711	0.051422
4855	0.051412
11033	0.051365
1756	0.051352
5299	0.051291
9461	0.051251
12561	0.051214
6758	0.051205
11988	0.051202
323	0.051191
9613	0.051176
2473	0.051168
10088	0.051096
10946	0.051037
10548	0.050946
12816	0.050944
10156	0.050936
11147	0.050926
14214	0.050883
11646	0.050880
12532	0.050876
5695	0.050823
13117	0.050800
9538	0.050732
9794	0.050719
8043	0.050698
12399	0.050689
5555	0.050650
2113	0.050553
12125	0.050486
10264	0.050427
1109	0.050421
1118	0.050408
4977	0.050298
12542	0.050259
10232	0.050238
13361	0.050185
5541	0.050176
7137	0.050095
3507	0.050073
6179	0.050047
2522	0.050036
11477	0.050024
1538	0.050016
10751	0.050009
10230	0.050005
11678	0.049965
4042	0.049938
9377	0.049930
12695	0.049875
10227	0.049856
14342	0.049851
12143	0.049839
12716	0.049781
8864	0.049620
8863	0.049620
8583	0.049620
8124	0.049620
7904	0.049620
7903	0.049620
7902	0.049620
7901	0.049620
7900	0.049620
7899	0.049620
7897	0.049620
7896	0.049620
7895	0.049620
13448	0.049617
7526	0.049615
9578	0.049615
3841	0.049537
1882	0.049517
1555	0.049462
10647	0.049455
5514	0.049392
11237	0.049379
2949	0.049322
13288	0.049303
6623	0.049237
12553	0.049228
13013	0.049226
12962	0.049226
3870	0.049110
6967	0.049110
6689	0.049110
12745	0.049067
5713	0.049046
11129	0.049030
12628	0.049013
1746	0.049001
9632	0.048985
9423	0.048935
3120	0.048918
11552	0.048835
5500	0.048773
12701	0.048669
2962	0.048644
2823	0.048621
9612	0.048604
874	0.048577
10098	0.048550
6628	0.048527
14407	0.048526
2282	0.048517
960	0.048511
10943	0.048492
11206	0.048488
10710	0.048439
12744	0.048437
10441	0.048417
11056	0.048414
7699	0.048384
2191	0.048378
4744	0.048351
11813	0.048325
10295	0.048245
10577	0.048183
14108	0.048136
4745	0.048136
4976	0.048095
2880	0.048075
6747	0.047993
13398	0.047988
12679	0.047966
2588	0.047960
5958	0.047931
12571	0.047929
3342	0.047893
9982	0.047875
9983	0.047849
11098	0.047843
2170	0.047820
4216	0.047807
3142	0.047789
2128	0.047764
13939	0.047764
2846	0.047742
14252	0.047735
3718	0.047735
11634	0.047709
12496	0.047682
4799	0.047622
11733	0.047617
10321	0.047560
14060	0.047549
3914	0.047543
3152	0.047539
12556	0.047531
5150	0.047471
13839	0.047452
5477	0.047393
3189	0.047366
7881	0.047362
11486	0.047362
4798	0.047310
861	0.047293
469	0.047270
778	0.047261
11635	0.047258
3562	0.047255
10674	0.047254
7732	0.047210
7700	0.047197
8660	0.047181
8659	0.047181
8658	0.047181
9704	0.047166
4175	0.047143
11260	0.047118
10157	0.047118
7913	0.047099
5968	0.047099
470	0.047099
12624	0.047086
11737	0.047083
11145	0.047076
11205	0.047054
11259	0.047047
6191	0.047035
14091	0.047011
8875	0.046953
6267	0.046939
6302	0.046939
10272	0.046898
12908	0.046878
9411	0.046878
9412	0.046876
6406	0.046850
11516	0.046829
11568	0.046815
9536	0.046772
12557	0.046767
3360	0.046763
9218	0.046741
13164	0.046723
14340	0.046688
7245	0.046654
12559	0.046644
5651	0.046642
10505	0.046633
9633	0.046597
9630	0.046597
9628	0.046597
9626	0.046597
9625	0.046597
9624	0.046597
9622	0.046597
9621	0.046597
9620	0.046597
9619	0.046597
9618	0.046597
9615	0.046597
9482	0.046597
8621	0.046593
11715	0.046503
4262	0.046499
12804	0.046489
11937	0.046458
9960	0.046455
12633	0.046453
4520	0.046412
10693	0.046399
12219	0.046336
6366	0.046292
8654	0.046212
8653	0.046212
12654	0.046207
13430	0.046205
12626	0.046173
13111	0.046170
13109	0.046170
9959	0.046170
11921	0.046154
781	0.046129
7576	0.046086
4531	0.046055
7650	0.046007
7096	0.046007
7114	0.045980
4148	0.045926
7420	0.045913
2276	0.045907
4118	0.045887
10125	0.045867
4176	0.045857
6217	0.045836
7752	0.045807
7505	0.045806
5967	0.045804
12276	0.045782
14263	0.045782
14002	0.045782
14001	0.045782
14000	0.045782
13998	0.045782
13996	0.045782
6666	0.045782
5064	0.045782
4854	0.045782
4852	0.045782
7977	0.045779
12629	0.045724
10982	0.045716
11188	0.045713
11187	0.045713
4533	0.045703
5268	0.045660
11258	0.045633
7313	0.045631
11189	0.045577
7856	0.045511
10609	0.045427
11082	0.045414
9847	0.045389
12281	0.045386
6619	0.045386
10904	0.045381
11247	0.045368
9555	0.045364
9503	0.045252
4383	0.045250
7101	0.045237
6838	0.045230
6405	0.045172
3672	0.045138
11964	0.045037
12607	0.045022
10097	0.045008
13794	0.044997
11290	0.044995
7306	0.044987
8531	0.044962
6252	0.044961
10772	0.044945
9946	0.044920
3094	0.044892
12153	0.044883
4702	0.044883
10684	0.044848
1117	0.044839
9702	0.044757
10470	0.044757
13676	0.044757
6485	0.044738
12617	0.044722
12182	0.044721
4464	0.044721
4463	0.044687
2181	0.044677
5447	0.044670
9611	0.044669
4509	0.044638
6954	0.044633
10676	0.044545
7379	0.044523
10757	0.044505
11175	0.044503
11403	0.044458
6148	0.044458
10148	0.044457
12515	0.044451
38	0.044428
2351	0.044381
2350	0.044381
2348	0.044381
2346	0.044381
13664	0.044342
11475	0.044320
6045	0.044307
11528	0.044304
8928	0.044276
7879	0.044265
10677	0.044255
10428	0.044255
331	0.044220
705	0.044188
3095	0.044178
9237	0.044175
13396	0.044157
13338	0.044157
1017	0.044119
6371	0.044083
1694	0.044028
11154	0.044008
4848	0.043985
5833	0.043970
1232	0.043949
1229	0.043949
3654	0.043947
1733	0.043944
3564	0.043943
13693	0.043941
6305	0.043854
11212	0.043833
10859	0.043812
13030	0.043801
2124	0.043796
6971	0.043796
5488	0.043790
2892	0.043733
808	0.043719
8008	0.043713
2477	0.043667
5744	0.043642
10330	0.043623
2541	0.043592
14101	0.043592
8365	0.043592
779	0.043554
4111	0.043528
11173	0.043517
1113	0.043471
2120	0.043398
3211	0.043349
13955	0.043344
771	0.043332
613	0.043328
2453	0.043291
9839	0.043283
13887	0.043277
11159	0.043264
10695	0.043261
353	0.043248
1402	0.043207
9606	0.043152
3418	0.043124
12732	0.043113
10048	0.043069
10166	0.043059
1840	0.043037
10875	0.043029
10134	0.043028
10992	0.042998
8476	0.042964
5546	0.042962
6117	0.042951
1986	0.042923
14248	0.042912
8047	0.042912
5569	0.042905
11401	0.042842
11399	0.042842
10606	0.042833
5995	0.042817
12458	0.042803
12835	0.042794
881	0.042786
2246	0.042775
16	0.042766
971	0.042757
12546	0.042714
9170	0.042708
5354	0.042697
13926	0.042692
6562	0.042690
9915	0.042665
10953	0.042652
12536	0.042645
13942	0.042623
11968	0.042614
949	0.042614
611	0.042600
7359	0.042591
6680	0.042577
9788	0.042556
1963	0.042525
13545	0.042501
3206	0.042497
12183	0.042475
8882	0.042464
4201	0.042464
12601	0.042425
10477	0.042414
6482	0.042384
12636	0.042357
10916	0.042350
11111	0.042344
5512	0.042339
11506	0.042332
5513	0.042304
2227	0.042301
2582	0.042273
12833	0.042259
6472	0.042132
6077	0.042105
713	0.042093
12036	0.042054
6159	0.042049
6158	0.042049
6614	0.042044
3496	0.041968
8884	0.041965
8503	0.041889
5568	0.041876
6935	0.041848
4743	0.041847
13805	0.041841
5132	0.041841
9169	0.041798
599	0.041783
4878	0.041699
9519	0.041670
3320	0.041661
14317	0.041613
3625	0.041585
119	0.041567
6881	0.041528
13928	0.041526
9179	0.041499
2581	0.041477
2172	0.041386
9942	0.041357
9931	0.041357
9930	0.041357
9921	0.041357
9901	0.041357
9899	0.041357
9895	0.041357
9866	0.041357
9836	0.041357
9832	0.041357
9810	0.041357
9698	0.041357
9636	0.041357
9570	0.041357
9299	0.041357
11150	0.041299
7529	0.041272
11491	0.041249
12109	0.041213
5948	0.041213
6044	0.041211
803	0.041204
12698	0.041183
12404	0.041180
12497	0.041173
12538	0.041173
121	0.041173
11094	0.041126
2064	0.041120
9168	0.041107
6009	0.041004
4742	0.041004
13621	0.040995
10440	0.040980
11431	0.040935
5379	0.040928
11156	0.040903
3587	0.040830
9796	0.040794
5994	0.040773
4672	0.040772
12430	0.040741
12528	0.040737
6613	0.040731
14358	0.040717
12592	0.040697
9307	0.040692
13997	0.040691
11494	0.040687
9909	0.040681
6852	0.040676
11079	0.040667
11078	0.040667
10999	0.040667
8650	0.040667
9139	0.040632
10648	0.040597
8901	0.040571
13427	0.040560
11322	0.040513
6255	0.040495
10476	0.040492
3242	0.040475
698	0.040381
9881	0.040359
11312	0.040349
1839	0.040335
3448	0.040305
3370	0.040305
2634	0.040304
11289	0.040300
9710	0.040277
12630	0.040267
10666	0.040162
2204	0.040161
12426	0.040159
9150	0.040149
5580	0.040130
561	0.040091
10353	0.040079
10340	0.040066
9385	0.040020
759	0.040005
6699	0.039950
13557	0.039944
13556	0.039944
6062	0.039943
777	0.039935
13377	0.039893
12803	0.039879
12252	0.039861
12647	0.039837
11497	0.039825
4342	0.039815
13820	0.039812
9123	0.039808
12579	0.039796
6616	0.039784
958	0.039765
