9578	0.138601
9503	0.136097
6623	0.136082
14342	0.135871
2107	0.132724
6117	0.132410
9610	0.132128
9613	0.131764
7553	0.131685
9612	0.131216
9609	0.130068
9580	0.130068
2097	0.128290
3841	0.128000
7420	0.127887
1231	0.125438
9633	0.124882
9630	0.124882
9628	0.124882
9626	0.124882
9625	0.124882
9624	0.124882
9622	0.124882
9621	0.124882
9620	0.124882
9619	0.124882
9618	0.124882
9615	0.124882
9482	0.124882
7560	0.123261
8661	0.121474
6971	0.117119
2545	0.116227
9611	0.115864
1040	0.115525
11989	0.114347
876	0.114203
8531	0.114119
9623	0.112023
9436	0.111700
2600	0.110261
2118	0.110084
5059	0.108915
9606	0.108911
11212	0.108563
2116	0.105986
819	0.105922
4078	0.105608
2546	0.105443
7397	0.105082
633	0.104546
9531	0.104072
9338	0.103586
997	0.103324
5571	0.103006
2110	0.102714
9616	0.100683
5183	0.100599
5745	0.099745
2122	0.099584
9631	0.098576
2972	0.098557
13282	0.098269
13281	0.098226
781	0.097981
13994	0.097726
7931	0.097726
4144	0.097688
2104	0.096371
5346	0.095414
6328	0.095345
249	0.095096
11918	0.094922
686	0.094555
498	0.094078
2117	0.093916
11914	0.093772
1893	0.093513
250	0.093065
11921	0.092712
2108	0.092557
882	0.092357
11920	0.092126
3927	0.092126
3868	0.092126
6449	0.091938
12281	0.091680
6619	0.091680
578	0.091498
699	0.091381
9512	0.090386
9689	0.090115
4262	0.089848
1254	0.089778
8886	0.089614
13050	0.089478
11919	0.089117
5407	0.088900
11737	0.088805
1835	0.088803
2192	0.088610
11930	0.088603
2123	0.088397
34	0.088108
13449	0.088068
6618	0.087845
5546	0.087578
253	0.087535
8773	0.087480
6621	0.087480
6267	0.087148
6302	0.087148
6967	0.087076
6689	0.087076
6191	0.086863
1044	0.086851
3784	0.086707
2096	0.086620
9121	0.086482
9112	0.086482
888	0.086171
2132	0.086098
3929	0.085989
3928	0.085989
2119	0.085718
6868	0.085591
2105	0.085516
426	0.085465
4977	0.085450
4976	0.085312
7526	0.084936
8864	0.084907
8863	0.084907
8583	0.084907
8124	0.084907
7904	0.084907
7903	0.084907
7902	0.084907
7901	0.084907
7900	0.084907
7899	0.084907
7897	0.084907
7896	0.084907
7895	0.084907
1840	0.084585
1132	0.084411
3705	0.084215
4033	0.084185
3446	0.084121
3867	0.084057
881	0.083673
2828	0.083608
977	0.083608
7295	0.083586
2109	0.083566
630	0.083261
645	0.083151
671	0.083022
1829	0.082907
8207	0.082526
13707	0.082285
1836	0.082192
716	0.082184
2981	0.082161
5905	0.082127
11679	0.082090
7864	0.081995
8329	0.081918
2821	0.081889
6482	0.081793
13721	0.081791
13709	0.081791
13738	0.081616
13731	0.081616
13706	0.081615
13394	0.081487
9627	0.081483
7261	0.081369
5459	0.081352
10023	0.081207
2120	0.081052
6303	0.080908
2965	0.080695
2588	0.080559
222	0.080542
820	0.080534
2612	0.080467
777	0.080404
1800	0.080122
1126	0.080104
414	0.079929
9614	0.079915
2121	0.079883
254	0.079814
11226	0.079685
286	0.079483
352	0.079407
1138	0.079328
9416	0.079326
6208	0.078879
2102	0.078708
12073	0.078615
2195	0.078545
2199	0.078526
465	0.078450
3654	0.078297
3506	0.078208
4848	0.078058
12670	0.077967
6304	0.077936
11609	0.077874
4832	0.077798
5186	0.077771
4520	0.077640
1006	0.077458
11902	0.077353
2466	0.077318
2293	0.077228
1892	0.077109
5684	0.077093
2204	0.077050
7468	0.076745
2967	0.076745
6838	0.076740
7676	0.076421
9437	0.076033
9881	0.076023
7453	0.075984
35	0.075967
2206	0.075954
2190	0.075906
3778	0.075862
2208	0.075750
1236	0.075750
5123	0.075742
4596	0.075432
6201	0.075369
3292	0.075118
8312	0.075091
1260	0.074767
351	0.074717
13607	0.074687
167	0.074442
3213	0.074389
5434	0.073997
10862	0.073753
4533	0.073634
1839	0.073570
10863	0.073532
5347	0.073440
2115	0.073387
13482	0.073338
5642	0.073190
7774	0.073178
5641	0.073178
8324	0.073165
9347	0.073151
3254	0.073131
3504	0.073048
11625	0.072997
3536	0.072948
11637	0.072636
379	0.072251
9102	0.072251
13567	0.072046
5731	0.072046
5730	0.072046
5726	0.072046
5723	0.072046
5722	0.072046
5721	0.072046
5681	0.072046
3564	0.071929
6472	0.071882
12141	0.071842
2210	0.071820
2207	0.071807
2197	0.071694
1838	0.071584
3934	0.071450
9534	0.071438
9533	0.071438
9529	0.071438
9509	0.071438
11852	0.071304
398	0.070934
6763	0.070749
2472	0.070744
3303	0.070637
2315	0.070623
2947	0.070618
3612	0.070593
43	0.070432
2532	0.070342
8778	0.070307
8618	0.070197
2172	0.069981
1340	0.069821
8779	0.069775
3626	0.069772
397	0.069759
2755	0.069680
10130	0.069570
4865	0.069559
13058	0.069532
7945	0.069532
14162	0.069305
12041	0.069246
3304	0.069184
3168	0.069143
221	0.069105
7089	0.069073
6470	0.068774
2202	0.068701
12851	0.068435
2203	0.068382
39	0.068335
9608	0.068312
6393	0.068277
1339	0.068255
582	0.068103
5492	0.067833
2014	0.067709
760	0.067665
5833	0.067529
5299	0.067396
4165	0.067364
5276	0.067336
609	0.067169
488	0.067096
13363	0.067085
7807	0.067051
1941	0.066979
1209	0.066963
5500	0.066913
7947	0.066809
11256	0.066578
277	0.066493
4810	0.066472
11252	0.066453
12109	0.066424
5948	0.066424
4143	0.066357
3642	0.066211
1119	0.066176
1120	0.066162
1442	0.066001
5719	0.065919
6730	0.065880
9536	0.065797
1572	0.065759
6305	0.065529
9034	0.065516
7709	0.065486
5688	0.065484
13247	0.065428
11806	0.065404
6991	0.065381
13030	0.065328
782	0.065324
11678	0.065301
11715	0.065283
1925	0.065271
2440	0.065147
2709	0.065144
4154	0.065037
12444	0.064996
4850	0.064939
9488	0.064930
12445	0.064873
7534	0.064863
1008	0.064862
11779	0.064791
5536	0.064791
9587	0.064782
2103	0.064636
13606	0.064531
2892	0.064402
9820	0.064300
8735	0.064300
5570	0.064292
4664	0.064278
759	0.064247
2094	0.064157
1078	0.064133
2976	0.064037
10163	0.063966
4434	0.063936
999	0.063897
637	0.063839
3562	0.063834
3636	0.063833
2973	0.063778
6217	0.063708
3023	0.063605
9550	0.063563
96	0.063513
12276	0.063504
14263	0.063504
14002	0.063504
14001	0.063504
14000	0.063504
13998	0.063504
13996	0.063504
6666	0.063504
5064	0.063504
4854	0.063504
4852	0.063504
6159	0.063468
6158	0.063468
3427	0.063438
4176	0.063374
2904	0.063217
1127	0.063209
2191	0.063169
3037	0.063121
4175	0.063076
5958	0.062841
7433	0.062713
12873	0.062698
6815	0.062553
7156	0.062479
11362	0.062475
5606	0.062433
13897	0.062415
12910	0.062362
2114	0.062321
10902	0.062287
2966	0.062208
7958	0.062204
7973	0.062159
11047	0.062121
1332	0.062102
5111	0.062073
6446	0.062013
1664	0.061983
3313	0.061902
11830	0.061815
4639	0.061815
4635	0.061815
4634	0.061815
3082	0.061815
653	0.061765
2442	0.061734
12266	0.061719
2881	0.061692
5736	0.061651
6479	0.061602
3743	0.061518
3936	0.061475
9424	0.061423
13060	0.061393
13055	0.061393
13048	0.061393
13014	0.061393
13009	0.061393
12892	0.061393
8379	0.061393
1131	0.061391
8995	0.061335
11903	0.061335
13926	0.061218
12546	0.060999
5268	0.060980
1201	0.060976
6072	0.060935
8628	0.060912
12855	0.060902
1109	0.060900
3681	0.060822
3059	0.060821
2845	0.060667
2112	0.060589
9519	0.060533
4093	0.060488
7745	0.060361
2714	0.060321
13012	0.060298
13004	0.060298
320	0.060166
7306	0.060130
12089	0.060082
9030	0.060057
9212	0.060051
606	0.060007
7415	0.059899
5191	0.059825
4932	0.059757
8928	0.059743
4646	0.059481
2540	0.059480
1021	0.059468
13997	0.059411
12707	0.059398
9504	0.059386
1235	0.059362
4595	0.059352
3549	0.059312
1636	0.059287
8979	0.059258
13263	0.059174
13262	0.059174
1740	0.059122
11988	0.059107
12372	0.059091
194	0.059071
4042	0.059051
4763	0.058965
12143	0.058939
11584	0.058937
2541	0.058921
9425	0.058920
6301	0.058839
9543	0.058828
792	0.058729
7050	0.058703
31	0.058590
875	0.058398
4619	0.058298
12850	0.058173
4226	0.058082
206	0.058023
3900	0.058003
2860	0.057924
12561	0.057828
5967	0.057674
6638	0.057606
1556	0.057600
1726	0.057599
6065	0.057551
4672	0.057535
7913	0.057519
5968	0.057519
470	0.057519
8196	0.057502
8174	0.057502
8122	0.057502
8119	0.057502
7953	0.057502
13928	0.057500
469	0.057493
861	0.057490
634	0.057490
6361	0.057437
6064	0.057434
66	0.057434
611	0.057320
2168	0.057271
7337	0.057257
559	0.057189
10318	0.057098
13013	0.057096
12962	0.057096
2093	0.057072
9481	0.057006
9479	0.057006
9478	0.057006
9476	0.057006
9475	0.057006
9473	0.057006
9472	0.057006
9471	0.057006
9470	0.057006
9468	0.057006
9345	0.057006
8667	0.057006
8665	0.057006
8664	0.057006
8663	0.057006
8662	0.057006
8630	0.057006
8629	0.057006
8627	0.057006
8626	0.057006
12107	0.056993
9477	0.056981
51	0.056971
9006	0.056969
9004	0.056969
9003	0.056969
9001	0.056969
9000	0.056969
8999	0.056969
8941	0.056969
319	0.056910
6351	0.056901
7090	0.056858
11325	0.056826
8998	0.056819
877	0.056815
13061	0.056764
10813	0.056696
3084	0.056688
10139	0.056610
2060	0.056576
1001	0.056568
2106	0.056563
7049	0.056562
6316	0.056553
275	0.056456
1002	0.056363
823	0.056358
1837	0.056343
13398	0.056330
11860	0.056323
10475	0.056307
628	0.056297
405	0.056272
3643	0.056269
1111	0.056237
11616	0.056224
4648	0.056224
4643	0.056224
9497	0.056179
5182	0.056168
12854	0.056101
5488	0.056096
118	0.056031
2162	0.056030
784	0.056005
6616	0.055927
3931	0.055884
1833	0.055855
1265	0.055850
1751	0.055757
5727	0.055745
11012	0.055712
2840	0.055688
9028	0.055639
487	0.055600
33	0.055533
13948	0.055525
8090	0.055441
2847	0.055441
2843	0.055441
2839	0.055441
9179	0.055413
5746	0.055344
7889	0.055314
2499	0.055305
9081	0.055253
9078	0.055253
6525	0.055217
12648	0.055178
4855	0.055155
5201	0.055143
4482	0.055061
4213	0.055045
3341	0.055038
12411	0.055028
10682	0.054832
5413	0.054779
793	0.054774
6484	0.054770
9918	0.054735
14003	0.054727
4998	0.054569
5740	0.054530
2318	0.054500
11520	0.054493
2866	0.054469
1768	0.054461
12236	0.054430
122	0.054389
11257	0.054304
2846	0.054302
4118	0.054242
423	0.054204
1194	0.054202
2200	0.054161
2188	0.054128
8816	0.054107
8815	0.054107
8814	0.054107
8812	0.054107
8796	0.054107
8795	0.054107
8777	0.054107
7923	0.054107
8444	0.054106
1118	0.054079
2889	0.054037
14433	0.054027
586	0.054012
880	0.053999
11600	0.053994
10683	0.053985
14410	0.053981
14409	0.053981
14408	0.053981
7919	0.053981
9080	0.053920
8625	0.053919
6908	0.053892
10580	0.053883
5930	0.053883
4892	0.053869
9535	0.053796
9530	0.053796
9527	0.053796
9526	0.053796
9525	0.053796
9524	0.053796
9523	0.053796
9521	0.053796
9517	0.053796
9516	0.053796
9515	0.053796
9513	0.053796
9511	0.053796
9510	0.053796
9243	0.053796
9161	0.053796
6099	0.053796
7368	0.053776
5318	0.053681
3490	0.053672
12874	0.053647
11538	0.053644
9532	0.053632
2155	0.053541
7124	0.053534
13015	0.053480
10497	0.053400
13122	0.053230
2968	0.053188
2062	0.053121
6100	0.053096
3806	0.052960
11368	0.052870
3649	0.052813
3221	0.052811
10823	0.052737
4967	0.052731
5947	0.052728
4358	0.052720
196	0.052713
9168	0.052675
11151	0.052674
1011	0.052659
11321	0.052652
10760	0.052642
8468	0.052637
2978	0.052637
2977	0.052637
5072	0.052599
4778	0.052576
2111	0.052462
10982	0.052431
11502	0.052399
10969	0.052369
2040	0.052362
56	0.052319
2868	0.052315
2681	0.052291
713	0.052243
9311	0.052229
3242	0.052228
7421	0.052226
4521	0.052172
3277	0.052141
10409	0.052110
12853	0.052065
7428	0.052037
7102	0.052037
4761	0.052035
6104	0.052004
6103	0.052004
3544	0.051996
7715	0.051986
1897	0.051980
4717	0.051968
11713	0.051921
6740	0.051921
7060	0.051920
2237	0.051901
12720	0.051900
7666	0.051900
8929	0.051892
6412	0.051874
11556	0.051857
7195	0.051854
7193	0.051854
5089	0.051813
12000	0.051808
4593	0.051808
4592	0.051808
6322	0.051696
8482	0.051666
3812	0.051573
12654	0.051535
4961	0.051507
12912	0.051462
2677	0.051449
2676	0.051449
9269	0.051448
869	0.051384
4571	0.051325
9492	0.051320
5697	0.051306
5166	0.051304
13932	0.051292
3813	0.051280
4963	0.051241
1817	0.051233
7772	0.051231
9288	0.051205
3545	0.051203
10050	0.051152
4959	0.051146
119	0.051118
3312	0.051065
6523	0.051065
7223	0.051029
1403	0.050934
10284	0.050911
4964	0.050857
9490	0.050796
13116	0.050767
3091	0.050721
3089	0.050721
3088	0.050721
14147	0.050715
3090	0.050715
14148	0.050675
12872	0.050630
5240	0.050566
5844	0.050539
223	0.050531
7100	0.050498
14107	0.050462
14146	0.050378
565	0.050372
10156	0.050336
8884	0.050321
5558	0.050304
7229	0.050276
6871	0.050234
6710	0.050234
6671	0.050225
9377	0.050185
9474	0.050177
6961	0.050177
6576	0.050160
1654	0.050135
13664	0.050109
986	0.050102
10408	0.050090
276	0.050064
12310	0.050052
6024	0.049952
12178	0.049941
3203	0.049940
9308	0.049939
773	0.049928
11374	0.049923
9393	0.049922
1039	0.049912
10088	0.049906
251	0.049892
5482	0.049885
1598	0.049884
11671	0.049872
10067	0.049849
8666	0.049841
12647	0.049830
12415	0.049814
11215	0.049811
11477	0.049804
12936	0.049795
10559	0.049787
7379	0.049783
12852	0.049776
4230	0.049736
3047	0.049729
6411	0.049727
8678	0.049694
6598	0.049667
10066	0.049665
1101	0.049631
1100	0.049631
2113	0.049628
7758	0.049626
5832	0.049623
1273	0.049614
4823	0.049594
9928	0.049543
13117	0.049507
1988	0.049470
237	0.049470
12235	0.049433
13580	0.049411
13483	0.049411
5062	0.049388
12412	0.049378
10028	0.049371
11367	0.049366
13314	0.049345
1097	0.049304
7115	0.049272
853	0.049248
9797	0.049229
2680	0.049205
11823	0.049204
38	0.049202
10140	0.049188
199	0.049188
9273	0.049185
14253	0.049175
8118	0.049117
11691	0.049090
10303	0.049087
13676	0.049069
8873	0.049024
7887	0.048992
2894	0.048951
11646	0.048936
6133	0.048914
7614	0.048846
7613	0.048846
6731	0.048835
9274	0.048822
11467	0.048801
10859	0.048799
7269	0.048794
11718	0.048767
10838	0.048716
2899	0.048716
11818	0.048691
7991	0.048685
11658	0.048681
12785	0.048651
121	0.048616
11491	0.048584
6132	0.048561
9142	0.048553
7977	0.048543
12219	0.048515
13265	0.048512
7988	0.048493
873	0.048401
9726	0.048352
11150	0.048348
11398	0.048248
4629	0.048231
9307	0.048115
5665	0.048115
6115	0.048099
3060	0.048092
7692	0.048067
776	0.048054
6563	0.048050
5328	0.048032
5541	0.048023
10302	0.047984
10611	0.047964
13421	0.047961
3672	0.047947
3870	0.047934
13516	0.047896
12515	0.047893
8247	0.047847
12010	0.047809
758	0.047804
5670	0.047804
3227	0.047791
5125	0.047778
12784	0.047770
3485	0.047739
6816	0.047714
13807	0.047701
7276	0.047698
4122	0.047691
13830	0.047643
6179	0.047632
13485	0.047630
13468	0.047630
1555	0.047609
8615	0.047573
9599	0.047550
3623	0.047542
12559	0.047532
4052	0.047526
10839	0.047504
6856	0.047498
11992	0.047481
7404	0.047459
5728	0.047452
12940	0.047434
9940	0.047427
9914	0.047427
7044	0.047427
6848	0.047427
9469	0.047407
353	0.047378
12135	0.047339
6768	0.047326
805	0.047286
10666	0.047262
12944	0.047248
