1418	0.158633
3678	0.147968
3673	0.147968
1053	0.147423
5937	0.142611
9485	0.142409
1041	0.137916
12096	0.137309
4841	0.137252
12317	0.136420
2519	0.130465
6556	0.128616
6555	0.128616
3363	0.128083
11649	0.126625
3315	0.126618
1188	0.122643
2406	0.120164
3797	0.118989
8128	0.118426
5115	0.118171
11440	0.117953
11341	0.117953
13070	0.116331
5218	0.114196
4898	0.113191
4085	0.112830
8835	0.112079
12730	0.112071
5615	0.110798
5707	0.110010
2475	0.109687
11839	0.109365
723	0.108575
11542	0.108205
1355	0.107808
5674	0.107262
5673	0.106795
10593	0.106794
5858	0.106751
14165	0.106383
12065	0.106275
14321	0.106256
14311	0.106256
14307	0.106256
14114	0.106256
10393	0.106256
8406	0.106256
8368	0.106256
3158	0.106256
13146	0.105801
7297	0.105711
11982	0.104640
5414	0.104640
5412	0.104640
6121	0.103086
10840	0.102952
5129	0.102726
4064	0.102594
4063	0.102594
4061	0.102594
4058	0.102594
4057	0.102594
2644	0.102594
9830	0.102393
6001	0.102238
9084	0.101943
4059	0.101646
1779	0.101513
770	0.101290
854	0.101290
10394	0.101076
7166	0.101008
724	0.100991
3319	0.100648
1406	0.100142
1054	0.099929
3318	0.099729
9227	0.099341
217	0.099274
3313	0.099090
3656	0.098861
6451	0.098520
12707	0.098433
8593	0.098122
9216	0.097997
11790	0.097740
5413	0.097521
373	0.097369
2383	0.097139
6002	0.097085
1350	0.097048
10090	0.097011
8808	0.096960
13530	0.096957
10842	0.096910
11421	0.096910
11345	0.096910
11335	0.096910
3316	0.096848
8089	0.096545
7576	0.096452
12773	0.096337
12710	0.096247
2497	0.096122
1347	0.095974
2474	0.095618
13087	0.095593
2914	0.095218
384	0.095061
11455	0.094816
11426	0.094816
11528	0.094733
12529	0.094560
10949	0.093728
1039	0.093390
3103	0.092677
703	0.092667
11262	0.092269
10654	0.091784
1885	0.091740
1884	0.091740
1883	0.091740
9229	0.091405
10498	0.090841
10655	0.090809
8747	0.090655
8725	0.090655
10640	0.090632
2106	0.090105
13359	0.089878
1669	0.089751
7094	0.089511
10543	0.088951
6114	0.088507
7160	0.088028
11780	0.087609
3676	0.087507
6500	0.087309
13577	0.087300
3796	0.086997
12578	0.086904
3668	0.086774
9392	0.086709
4857	0.086704
1141	0.086177
8284	0.086106
3681	0.086060
3182	0.085791
11337	0.085321
1882	0.084329
5856	0.084262
4060	0.084217
8472	0.084159
8696	0.084077
6031	0.084070
6030	0.084070
5992	0.084070
14277	0.084002
7499	0.083834
10541	0.083827
8543	0.083794
8700	0.083672
7095	0.083553
2998	0.083437
3872	0.083293
14043	0.083212
1585	0.083138
8612	0.083067
7439	0.083057
7121	0.083057
1183	0.083016
7814	0.082957
8362	0.082949
10858	0.082832
11404	0.082651
10922	0.082651
1278	0.082536
1593	0.082423
5214	0.082195
11462	0.082116
13682	0.082076
13487	0.082076
13345	0.082076
4445	0.082074
1858	0.082033
7482	0.081967
13793	0.081819
8136	0.081819
8430	0.081731
4685	0.081600
8500	0.081569
8701	0.081569
11532	0.081552
6483	0.081551
8724	0.081503
8723	0.081503
8722	0.081503
8721	0.081503
8720	0.081503
8719	0.081503
8702	0.081503
8698	0.081503
8695	0.081503
8694	0.081503
8693	0.081503
8692	0.081503
8691	0.081503
8690	0.081503
8689	0.081503
8688	0.081503
8687	0.081503
8686	0.081503
8685	0.081503
8684	0.081503
8683	0.081503
8682	0.081503
8681	0.081503
8680	0.081503
8649	0.081503
8648	0.081503
8647	0.081503
8646	0.081503
8645	0.081503
8644	0.081503
8643	0.081503
8642	0.081503
8640	0.081503
8554	0.081503
7577	0.081503
3224	0.081471
3680	0.081433
10143	0.081424
8697	0.081375
1886	0.081158
8239	0.081155
4259	0.081143
17	0.080990
2672	0.080933
11634	0.080710
8699	0.080602
9351	0.080551
9350	0.080551
7401	0.080551
7509	0.080405
7304	0.080405
13654	0.080404
5176	0.080260
8385	0.080209
12698	0.080126
10042	0.080049
8192	0.079929
4721	0.079870
11194	0.079815
8703	0.079781
13686	0.079638
13670	0.079638
7305	0.079622
7303	0.079622
8209	0.079585
688	0.079519
13620	0.079480
1337	0.079408
3230	0.079315
13138	0.079278
1203	0.079251
5695	0.078978
7039	0.078878
3738	0.078819
6810	0.078667
4062	0.078160
702	0.078089
4820	0.078058
12558	0.078006
13526	0.077983
3232	0.077962
13165	0.077750
13498	0.077473
11395	0.077455
3465	0.077116
8557	0.077004
8555	0.077004
8547	0.077004
13497	0.076934
1204	0.076733
1547	0.076604
7884	0.076451
8252	0.076437
7274	0.076433
5489	0.076162
3650	0.075796
3320	0.075694
8801	0.075561
10793	0.075425
8736	0.075020
5613	0.074799
6566	0.074645
12712	0.074589
8718	0.074415
11130	0.074410
8548	0.074363
1279	0.074360
11543	0.074220
4687	0.074123
2536	0.074053
377	0.073951
10418	0.073899
12335	0.073742
5495	0.073735
6657	0.073585
13405	0.073566
210	0.073520
482	0.073511
3163	0.073467
9839	0.073099
12516	0.073097
10441	0.073069
1555	0.073031
4840	0.073023
10212	0.072844
10933	0.072821
12148	0.072645
7411	0.072645
4807	0.072555
11635	0.072505
5658	0.072384
7341	0.072328
13129	0.072319
6061	0.072319
3669	0.072283
13529	0.072249
10174	0.072110
11539	0.072062
13624	0.072057
13623	0.072057
14098	0.072038
12312	0.071940
11419	0.071858
3838	0.071850
11302	0.071797
1770	0.071776
5580	0.071697
2283	0.071612
6014	0.071487
12409	0.071462
4083	0.071435
10856	0.071389
4498	0.071343
12602	0.071289
8373	0.071226
8240	0.071226
3135	0.071126
13504	0.071105
9222	0.071079
9718	0.071004
8031	0.070868
7943	0.070458
10609	0.070267
14037	0.070201
12507	0.070170
8498	0.070139
4098	0.070124
5154	0.070114
5936	0.070075
8461	0.070024
3229	0.069866
12625	0.069841
10656	0.069792
11059	0.069706
10690	0.069678
11058	0.069626
1086	0.069606
7926	0.069513
13449	0.069289
444	0.069209
9728	0.069050
9694	0.068937
12636	0.068883
11131	0.068856
5845	0.068826
3489	0.068708
10716	0.068661
5298	0.068550
5297	0.068546
2304	0.068543
2305	0.068520
2605	0.068395
5209	0.068344
8217	0.068280
7578	0.068280
4804	0.068136
12202	0.068060
3988	0.068060
6760	0.068002
4027	0.068002
10048	0.067946
10857	0.067944
8238	0.067711
3987	0.067705
7302	0.067550
6062	0.067486
8762	0.067406
5181	0.067243
6733	0.067191
11007	0.067147
11534	0.067134
8821	0.067077
5346	0.067013
10497	0.066917
10314	0.066845
10315	0.066758
4474	0.066734
9961	0.066708
2401	0.066653
4026	0.066599
1613	0.066464
8617	0.066450
1618	0.066335
8641	0.066255
6258	0.066253
2780	0.066241
3085	0.066212
6098	0.066134
3764	0.066106
5961	0.066070
3999	0.065973
13354	0.065819
4217	0.065747
3237	0.065685
12426	0.065682
6736	0.065606
10052	0.065424
12621	0.065374
13716	0.065322
7529	0.065316
1773	0.065269
4258	0.065262
10531	0.065195
11236	0.065087
7601	0.065041
5398	0.064954
2371	0.064876
7015	0.064804
11698	0.064744
11958	0.064696
12628	0.064680
11772	0.064648
421	0.064622
9370	0.064572
4879	0.064534
7737	0.064349
1963	0.064209
13185	0.064054
6596	0.063965
9835	0.063947
249	0.063886
7815	0.063866
2016	0.063813
8067	0.063686
5344	0.063670
8810	0.063633
13384	0.063594
9915	0.063528
12567	0.063507
10860	0.063470
6996	0.063464
5728	0.063448
7611	0.063362
4484	0.063361
9362	0.063246
4957	0.063035
5579	0.063011
5929	0.063005
9169	0.062999
6482	0.062976
10166	0.062947
10647	0.062893
13622	0.062871
13361	0.062849
12261	0.062840
10534	0.062803
7111	0.062790
13431	0.062734
11287	0.062733
11285	0.062733
11284	0.062733
10342	0.062666
2802	0.062602
4084	0.062529
13491	0.062485
3231	0.062402
4500	0.062329
5630	0.062263
8040	0.062257
6565	0.062193
6578	0.061872
4805	0.061838
6669	0.061775
10453	0.061699
1512	0.061674
11544	0.061593
2567	0.061428
5692	0.061378
13283	0.061307
445	0.061252
9170	0.061203
6995	0.061164
5690	0.061123
13685	0.061120
13684	0.061120
13683	0.061120
13565	0.061120
11021	0.061060
2052	0.061039
2508	0.061028
2320	0.060922
4912	0.060904
6861	0.060892
4722	0.060869
9617	0.060860
11561	0.060697
7502	0.060692
1427	0.060684
2521	0.060630
2588	0.060602
10119	0.060597
12650	0.060413
12557	0.060390
4049	0.060379
5270	0.060346
6988	0.060314
12545	0.060288
10452	0.060130
10897	0.060105
10475	0.060026
12400	0.060011
11586	0.060011
2537	0.059991
3953	0.059913
9026	0.059874
6934	0.059862
12607	0.059857
13186	0.059814
798	0.059810
4769	0.059710
8622	0.059515
323	0.059505
2114	0.059432
10538	0.059209
9266	0.059182
11487	0.059080
3728	0.058985
10750	0.058911
3341	0.058892
1419	0.058815
12109	0.058764
5948	0.058764
5307	0.058749
801	0.058747
9264	0.058731
10069	0.058686
10368	0.058668
4279	0.058660
11290	0.058594
10235	0.058582
12630	0.058421
2281	0.058420
13123	0.058398
10034	0.058398
13106	0.058285
11556	0.058199
6728	0.058179
12601	0.058148
3227	0.058085
7289	0.058063
5806	0.058054
5534	0.057937
5269	0.057799
10530	0.057777
7530	0.057735
10567	0.057692
11933	0.057658
6614	0.057602
4189	0.057551
12734	0.057434
10181	0.057418
7555	0.057351
1821	0.057320
8055	0.057307
12795	0.057118
4169	0.057049
6443	0.056921
3057	0.056880
9235	0.056874
9230	0.056874
9228	0.056874
9225	0.056874
9224	0.056874
9221	0.056874
9219	0.056874
9214	0.056874
9213	0.056874
9211	0.056874
9209	0.056874
9208	0.056874
9206	0.056874
9193	0.056874
8807	0.056874
8679	0.056874
8677	0.056874
8675	0.056874
8674	0.056874
8673	0.056874
8670	0.056874
8637	0.056874
8633	0.056874
8631	0.056874
8610	0.056874
8591	0.056874
8539	0.056874
8538	0.056874
8537	0.056874
8536	0.056874
8529	0.056874
8526	0.056874
8525	0.056874
8632	0.056874
2809	0.056867
8671	0.056867
4168	0.056819
6938	0.056776
11056	0.056750
10714	0.056747
12145	0.056655
10515	0.056655
5956	0.056655
9094	0.056647
9093	0.056647
9092	0.056647
9065	0.056647
6058	0.056620
2176	0.056419
5080	0.056359
5802	0.056355
8237	0.056333
12239	0.056328
11359	0.056320
8523	0.056298
5957	0.056268
11932	0.056265
1346	0.056184
12087	0.056168
5810	0.056168
5807	0.056168
5804	0.056168
5255	0.056168
1273	0.056135
12561	0.056119
612	0.056110
1420	0.056071
4893	0.056070
7985	0.055999
12088	0.055997
5384	0.055997
12357	0.055954
1604	0.055870
1633	0.055851
10839	0.055838
10626	0.055816
10349	0.055813
13598	0.055794
8272	0.055784
1715	0.055769
12658	0.055761
11116	0.055761
2795	0.055761
2794	0.055761
12747	0.055750
5738	0.055742
9987	0.055712
24	0.055704
235	0.055696
6254	0.055688
12794	0.055684
13305	0.055676
4007	0.055573
2800	0.055549
277	0.055526
7084	0.055515
12757	0.055454
11510	0.055394
6766	0.055299
572	0.055299
10838	0.055287
6312	0.055185
10834	0.055113
10209	0.055068
10102	0.055057
13502	0.055054
10668	0.055054
10494	0.055054
6266	0.055028
1761	0.055026
12806	0.055015
1507	0.055002
13170	0.054941
4089	0.054921
4295	0.054919
8636	0.054907
11218	0.054808
2889	0.054772
7318	0.054702
11963	0.054680
8250	0.054644
855	0.054629
1568	0.054560
7014	0.054552
11818	0.054536
8253	0.054508
11118	0.054460
2027	0.054453
14349	0.054448
14344	0.054448
14316	0.054448
14309	0.054448
14306	0.054448
14260	0.054448
14240	0.054448
14216	0.054448
14168	0.054448
11193	0.054406
11192	0.054406
330	0.054402
329	0.054385
6325	0.054296
12548	0.054199
10836	0.054187
10699	0.054153
8635	0.054128
220	0.054060
6459	0.054044
11172	0.054030
13958	0.054001
1626	0.053990
13398	0.053934
11173	0.053915
1189	0.053865
6323	0.053860
3940	0.053681
12797	0.053582
245	0.053573
2817	0.053571
345	0.053568
2258	0.053567
3982	0.053470
393	0.053468
4076	0.053455
13613	0.053364
11014	0.053361
5809	0.053349
1600	0.053336
1595	0.053336
1590	0.053336
4913	0.053324
13490	0.053301
13632	0.053300
13631	0.053300
11501	0.053272
11325	0.053268
3715	0.053241
9796	0.053160
13633	0.053069
5808	0.053049
262	0.053025
506	0.053008
10658	0.052916
7364	0.052839
3168	0.052759
4369	0.052696
13652	0.052659
12597	0.052646
2262	0.052607
10318	0.052607
7118	0.052601
690	0.052587
7229	0.052475
4178	0.052433
12725	0.052429
13494	0.052418
8947	0.052375
11373	0.052365
10202	0.052365
9448	0.052342
1887	0.052261
9596	0.052223
13681	0.052163
12660	0.052149
12512	0.052098
2344	0.051979
4289	0.051973
11757	0.051897
6947	0.051817
7507	0.051807
4425	0.051772
5558	0.051758
4968	0.051745
12626	0.051739
8470	0.051715
14052	0.051711
10065	0.051711
13246	0.051657
455	0.051654
449	0.051654
12675	0.051650
1140	0.051516
6809	0.051472
2952	0.051449
10604	0.051448
1191	0.051429
10657	0.051349
4842	0.051303
5188	0.051115
11226	0.051115
4190	0.051114
212	0.051108
6808	0.051106
7732	0.051094
3188	0.051081
10295	0.051008
2479	0.050982
3599	0.050958
8319	0.050956
8432	0.050953
8431	0.050953
10011	0.050887
11922	0.050867
5355	0.050843
614	0.050830
10080	0.050829
7137	0.050719
7494	0.050683
12542	0.050651
9220	0.050628
11260	0.050548
10157	0.050548
4340	0.050493
11480	0.050490
1538	0.050439
12536	0.050390
5675	0.050353
12187	0.050323
11259	0.050275
6966	0.050265
7543	0.050243
4553	0.050201
250	0.050174
7642	0.050136
5805	0.050131
7400	0.050127
232	0.050051
4133	0.049934
13471	0.049910
9909	0.049909
2173	0.049906
12758	0.049899
5514	0.049841
696	0.049715
12759	0.049709
9237	0.049684
1532	0.049636
7155	0.049561
6643	0.049532
12787	0.049484
700	0.049482
9200	0.049458
5109	0.049430
3633	0.049351
11349	0.049322
4731	0.049293
4675	0.049293
10563	0.049275
13473	0.049254
9564	0.049247
3566	0.049247
4193	0.049239
3821	0.049217
6311	0.049197
6310	0.049197
4843	0.049197
6308	0.049162
9691	0.049152
4227	0.049130
10421	0.049128
9865	0.049107
10670	0.049082
14290	0.049059
4116	0.049008
13521	0.048999
11286	0.048968
10852	0.048954
5556	0.048864
11178	0.048850
10547	0.048848
9016	0.048748
2948	0.048697
2946	0.048697
1925	0.048662
7641	0.048615
6341	0.048615
11511	0.048594
707	0.048584
13609	0.048543
3959	0.048515
4646	0.048484
385	0.048480
13550	0.048437
1394	0.048378
8829	0.048373
7320	0.048355
12820	0.048348
10667	0.048322
4763	0.048236
6558	0.048235
4051	0.048223
6128	0.048205
3675	0.048176
8530	0.048157
436	0.048090
3038	0.048048
78	0.047960
8827	0.047922
2	0.047862
11019	0.047848
9828	0.047845
4330	0.047821
3323	0.047802
8489	0.047790
12638	0.047776
1402	0.047757
11961	0.047693
9840	0.047690
12877	0.047684
7165	0.047661
1815	0.047639
9207	0.047627
9205	0.047627
8528	0.047627
4521	0.047597
5532	0.047509
13404	0.047413
12704	0.047408
10165	0.047339
4744	0.047304
6337	0.047270
10402	0.047260
7505	0.047241
1656	0.047240
7772	0.047219
6699	0.047191
10401	0.047173
514	0.047151
7715	0.047141
6679	0.047130
3324	0.047129
409	0.047108
8116	0.047050
5513	0.047040
8654	0.047031
8653	0.047031
1880	0.047025
7195	0.047017
7193	0.047017
2781	0.047005
12462	0.046953
10685	0.046953
2801	0.046927
2500	0.046894
3469	0.046866
1133	0.046820
650	0.046802
7176	0.046783
4114	0.046781
13430	0.046745
8140	0.046740
10674	0.046725
1466	0.046709
10693	0.046684
3422	0.046676
2586	0.046641
12098	0.046550
3958	0.046550
3505	0.046540
11145	0.046537
10104	0.046506
10597	0.046346
4616	0.046304
12049	0.046294
2043	0.046250
14076	0.046242
8802	0.046235
