8888	0.150864
6556	0.144603
6555	0.144603
1150	0.144306
4898	0.141984
1554	0.141611
2933	0.141383
7463	0.140801
6066	0.140801
2406	0.139780
1552	0.136344
1560	0.135629
1605	0.132742
1943	0.131411
11283	0.126737
5936	0.126511
10490	0.126196
1945	0.125114
10489	0.125090
5529	0.124133
12173	0.121383
1053	0.121031
6245	0.120567
11780	0.119944
5660	0.119832
1967	0.119187
10090	0.118613
10842	0.118419
11421	0.118419
11345	0.118419
11335	0.118419
8089	0.117913
11337	0.117873
7236	0.117723
1946	0.117248
13416	0.116876
2383	0.115760
1408	0.115609
5615	0.115336
756	0.115266
12897	0.115121
13375	0.114861
1585	0.114754
2497	0.114220
13793	0.114036
8136	0.114036
5528	0.113903
10024	0.113265
13138	0.112087
482	0.111971
3678	0.109994
3673	0.109994
1279	0.109705
9392	0.109510
1350	0.108969
6919	0.108548
7166	0.108400
1858	0.108208
8209	0.106581
6499	0.105060
1418	0.104803
5937	0.104281
2408	0.104232
1188	0.103345
1944	0.103018
7055	0.103001
5856	0.102348
7238	0.102228
13530	0.101335
3316	0.101191
9227	0.100696
10858	0.099576
11404	0.099414
10922	0.099414
6812	0.099227
4064	0.099191
4063	0.099191
4061	0.099191
4058	0.099191
4057	0.099191
2644	0.099191
2536	0.099038
12548	0.099001
13329	0.098626
7523	0.098313
9929	0.098272
12292	0.097836
1599	0.097695
723	0.097591
3363	0.097354
11439	0.097074
12409	0.096991
4498	0.096903
1353	0.096182
6451	0.096051
13133	0.096004
4059	0.095889
9694	0.095865
724	0.095786
8794	0.095705
1669	0.095693
11010	0.095651
11790	0.095617
10654	0.095613
2016	0.095499
7439	0.095269
7121	0.095269
10655	0.094829
4474	0.093988
10886	0.093725
5707	0.093721
12774	0.093167
5491	0.092920
9485	0.092728
5154	0.092616
6500	0.092523
7875	0.092519
12832	0.092087
10585	0.092018
2410	0.092018
2409	0.092018
12516	0.091823
6311	0.091706
6310	0.091706
4843	0.091706
441	0.091404
421	0.091009
12578	0.090575
11462	0.090459
4189	0.090135
373	0.090066
12508	0.090053
4085	0.089967
10593	0.089504
10543	0.089409
6067	0.089392
10498	0.089365
3315	0.089094
5449	0.088902
9026	0.088765
4841	0.088721
12773	0.088549
6312	0.088542
12529	0.088453
12710	0.088348
6308	0.088132
11440	0.087942
11341	0.087942
11788	0.087930
11351	0.087764
4819	0.087092
10647	0.086939
14165	0.086885
9835	0.086677
11554	0.086644
5115	0.086459
14321	0.086447
14311	0.086447
14307	0.086447
14114	0.086447
10393	0.086447
8406	0.086447
8368	0.086447
3158	0.086447
1355	0.086437
703	0.085892
3797	0.085570
2404	0.085545
4060	0.085413
6381	0.085413
13070	0.085325
1466	0.085222
8799	0.085182
4506	0.085182
4502	0.085182
1947	0.085182
2475	0.084938
5218	0.084875
3715	0.084701
2043	0.084680
5858	0.084540
11556	0.084174
11486	0.083875
3668	0.083863
12638	0.083470
11698	0.083421
1821	0.082866
9830	0.082625
8943	0.082431
9084	0.082388
1406	0.082344
1278	0.082280
6031	0.082221
6030	0.082221
5992	0.082221
1779	0.082056
434	0.081867
12148	0.081493
7411	0.081493
13451	0.081391
13450	0.081391
13410	0.081391
702	0.081132
2519	0.081117
13654	0.081017
8548	0.080974
10612	0.080907
5674	0.080874
3163	0.080740
11564	0.080662
1553	0.080650
10418	0.080600
12317	0.080310
5673	0.080263
9351	0.080123
9350	0.080123
7401	0.080123
12096	0.080077
8498	0.080047
10394	0.079959
1041	0.079945
10042	0.079882
3822	0.079844
12145	0.079834
10515	0.079834
5956	0.079834
6121	0.079775
7297	0.079751
255	0.079484
11917	0.079290
5957	0.079088
10069	0.078888
8656	0.078885
10276	0.078876
8237	0.078389
3838	0.078252
13165	0.078143
4807	0.078056
263	0.077929
12340	0.077890
12554	0.077814
4062	0.077792
202	0.077776
12551	0.077741
6120	0.077701
7135	0.077681
11302	0.077645
9094	0.077600
9093	0.077600
9092	0.077600
9065	0.077600
12666	0.077345
4805	0.076998
5041	0.076962
1258	0.076945
11542	0.076900
10531	0.076844
897	0.076840
3656	0.076715
9216	0.076503
10656	0.076430
11239	0.076424
11238	0.076424
11059	0.076423
13575	0.076391
10690	0.076356
8808	0.076142
10840	0.076113
14277	0.076097
6578	0.076001
506	0.075977
13579	0.075972
11039	0.075972
11037	0.075883
14157	0.075828
7970	0.075801
3442	0.075772
14043	0.075643
12536	0.075474
7311	0.075402
3174	0.075235
11058	0.075197
5663	0.075187
6810	0.074959
12712	0.074879
1593	0.074804
10716	0.074792
6187	0.074605
11963	0.074430
11130	0.074375
12065	0.074228
770	0.074207
12505	0.073962
7576	0.073925
8947	0.073827
210	0.073551
10626	0.073493
323	0.073234
1538	0.073211
6627	0.073169
11131	0.073107
8958	0.073078
10212	0.073012
12730	0.072958
13877	0.072799
12806	0.072776
9117	0.072599
13359	0.072490
11551	0.072426
3135	0.072370
3103	0.072344
11262	0.072238
3872	0.072205
2474	0.072114
8040	0.071995
10164	0.071809
11274	0.071780
11273	0.071780
11272	0.071780
11271	0.071780
4038	0.071585
2914	0.071526
4133	0.071379
8461	0.071328
1613	0.071250
6503	0.071241
707	0.071084
854	0.071072
11728	0.070907
12526	0.070899
6028	0.070820
14154	0.070813
14152	0.070813
14150	0.070813
14145	0.070813
14131	0.070813
14062	0.070813
9089	0.070787
416	0.070705
4804	0.070644
11060	0.070532
9016	0.070477
11649	0.070426
11565	0.070355
14313	0.070322
14296	0.070322
13146	0.070270
11729	0.070213
5939	0.070211
12804	0.070134
7943	0.070015
14058	0.069935
3796	0.069923
10037	0.069823
615	0.069766
5129	0.069691
1512	0.069417
3982	0.069172
7701	0.069170
4279	0.069142
8155	0.069118
8154	0.069118
8153	0.069118
8151	0.069118
8150	0.069118
11263	0.069078
5284	0.069064
11568	0.068872
1347	0.068681
3764	0.068619
14037	0.068566
6947	0.068553
3690	0.068534
8802	0.068440
5188	0.068312
1561	0.068237
10717	0.068090
13185	0.068077
8003	0.068009
11186	0.067850
6760	0.067743
4027	0.067743
443	0.067674
9691	0.067627
8069	0.067597
445	0.067529
12704	0.067424
10225	0.067419
1618	0.067286
4289	0.067232
12181	0.067223
10933	0.067187
12513	0.066812
5513	0.066495
4026	0.066465
455	0.066464
449	0.066464
5938	0.066449
612	0.066408
10993	0.066205
12573	0.066160
13682	0.066144
13487	0.066144
13345	0.066144
4504	0.066061
9964	0.066039
8835	0.065999
2930	0.065748
12426	0.065671
1885	0.065638
1884	0.065638
1883	0.065638
12707	0.065511
13598	0.065507
10305	0.065313
2770	0.065312
3641	0.065226
4913	0.065205
10636	0.065160
1359	0.065135
11173	0.065107
12197	0.065087
10453	0.065047
6343	0.064986
1504	0.064986
11145	0.064845
511	0.064828
1555	0.064814
4505	0.064639
4501	0.064639
1503	0.064639
1568	0.064618
1543	0.064461
13461	0.064370
13794	0.064322
3795	0.064260
10452	0.064191
5692	0.064065
12401	0.064061
4842	0.064017
10640	0.064004
9194	0.063986
11419	0.063974
453	0.063959
12801	0.063944
12587	0.063935
11532	0.063924
11032	0.063892
5690	0.063887
10844	0.063869
6903	0.063832
3617	0.063814
8373	0.063811
8240	0.063811
2998	0.063726
4857	0.063707
12200	0.063534
7376	0.063513
7377	0.063512
9222	0.063508
7364	0.063463
10714	0.063416
10530	0.063408
10365	0.063329
3181	0.063311
13137	0.063241
7165	0.063194
11021	0.063191
2984	0.063139
13392	0.063135
6069	0.062999
1360	0.062992
7248	0.062961
6258	0.062958
7058	0.062938
7059	0.062934
11381	0.062870
9677	0.062851
10143	0.062835
9865	0.062799
12545	0.062792
11491	0.062738
5966	0.062522
10784	0.062416
12711	0.062392
1733	0.062326
5109	0.062320
1547	0.062236
12799	0.062211
9790	0.062207
6058	0.062057
12595	0.062013
10011	0.061991
10152	0.061956
9917	0.061921
4083	0.061911
13155	0.061910
9872	0.061860
12567	0.061792
8250	0.061761
566	0.061693
450	0.061679
1773	0.061675
6325	0.061624
7014	0.061607
9448	0.061576
3644	0.061536
14291	0.061515
5897	0.061493
6114	0.061457
8128	0.061449
4503	0.061397
1141	0.061376
11062	0.061359
5355	0.061338
10358	0.061306
11053	0.061210
436	0.061197
4089	0.061157
13737	0.061115
12597	0.061115
7975	0.061106
570	0.061099
13186	0.061056
3217	0.060973
7070	0.060930
9170	0.060915
477	0.060873
6988	0.060801
5512	0.060673
11958	0.060640
10671	0.060623
7985	0.060528
6323	0.060451
2634	0.060428
12623	0.060384
6012	0.060370
10366	0.060362
12827	0.060345
6001	0.060318
10674	0.060252
2401	0.060238
10816	0.060111
10534	0.060100
9564	0.060084
3566	0.060084
8780	0.060083
12654	0.060056
10667	0.060026
13182	0.059993
12756	0.059946
12820	0.059934
7592	0.059794
12813	0.059748
11956	0.059745
1600	0.059659
1595	0.059659
1590	0.059659
12637	0.059554
11455	0.059460
11426	0.059460
11528	0.059449
432	0.059374
11163	0.059325
5864	0.059264
2983	0.059164
4553	0.059097
9237	0.059051
10949	0.058916
3738	0.058899
7502	0.058704
10852	0.058609
13471	0.058547
8194	0.058539
7831	0.058539
4217	0.058474
11518	0.058399
4712	0.058275
5845	0.058192
2163	0.058190
3250	0.058137
5894	0.058046
10052	0.058036
3313	0.058022
1042	0.058020
12557	0.058001
9950	0.057980
10412	0.057945
12628	0.057943
10203	0.057932
13087	0.057882
13473	0.057853
8654	0.057852
8653	0.057852
6209	0.057780
11536	0.057731
13686	0.057694
13670	0.057694
256	0.057668
2159	0.057631
491	0.057631
11502	0.057616
7505	0.057578
6800	0.057563
11217	0.057545
12502	0.057487
6254	0.057421
11477	0.057404
12525	0.057383
10683	0.057349
13620	0.057329
384	0.057248
10738	0.057107
10195	0.057085
11839	0.057057
10119	0.056945
12764	0.056941
5514	0.056938
4999	0.056935
3664	0.056899
11174	0.056853
6758	0.056812
6679	0.056778
4856	0.056760
10702	0.056737
9966	0.056689
10547	0.056538
9926	0.056529
9925	0.056529
9924	0.056529
9852	0.056529
7773	0.056529
7447	0.056529
7595	0.056501
6163	0.056472
11201	0.056318
8152	0.056315
8821	0.056271
10153	0.056052
9650	0.056048
572	0.056028
3451	0.056021
4951	0.055967
10783	0.055963
3230	0.055961
688	0.055884
7201	0.055858
9015	0.055849
8907	0.055818
5366	0.055802
5945	0.055801
10843	0.055767
4945	0.055734
2039	0.055697
10860	0.055599
11218	0.055582
11395	0.055569
448	0.055546
3405	0.055520
9938	0.055476
7551	0.055476
7550	0.055476
7539	0.055476
7538	0.055476
446	0.055406
447	0.055405
4324	0.055382
12759	0.055370
12812	0.055365
14073	0.055334
11433	0.055250
7507	0.055204
9649	0.055180
10304	0.055135
5969	0.055129
9717	0.055040
3168	0.055036
12716	0.054898
4193	0.054889
6506	0.054887
7118	0.054882
12261	0.054845
10750	0.054823
2739	0.054795
7111	0.054633
418	0.054609
11091	0.054608
14017	0.054604
7914	0.054604
444	0.054573
693	0.054538
12528	0.054517
10808	0.054486
11674	0.054368
10254	0.054183
3319	0.054133
11018	0.054057
11818	0.054039
3006	0.054035
11287	0.053959
11285	0.053959
11284	0.053959
4820	0.053944
4439	0.053895
7318	0.053891
2081	0.053888
11154	0.053861
13283	0.053748
5970	0.053721
12630	0.053689
4880	0.053657
7229	0.053613
11519	0.053585
7403	0.053520
3674	0.053504
12051	0.053437
5703	0.053401
5270	0.053395
2738	0.053380
10921	0.053331
12537	0.053289
1963	0.053285
11783	0.053278
3888	0.053245
10482	0.053199
13716	0.053179
2731	0.053152
10450	0.053142
13526	0.053047
970	0.053046
244	0.053038
12187	0.053028
9951	0.053012
6669	0.052932
10737	0.052927
9596	0.052893
7015	0.052872
10421	0.052844
3740	0.052826
12809	0.052825
13383	0.052781
5580	0.052762
6877	0.052702
6052	0.052677
11932	0.052668
5212	0.052620
1507	0.052614
10689	0.052577
10688	0.052577
5558	0.052513
5802	0.052512
12410	0.052501
442	0.052501
12758	0.052478
12636	0.052478
3825	0.052449
11153	0.052387
10845	0.052387
4349	0.052264
3826	0.052259
5805	0.052227
14098	0.052198
11933	0.052174
8310	0.052144
9986	0.052116
1715	0.052096
6123	0.052036
10897	0.052011
3728	0.052009
10846	0.051996
12109	0.051996
5948	0.051996
11180	0.051983
3320	0.051974
9486	0.051909
12405	0.051890
5398	0.051850
8276	0.051832
5982	0.051798
14339	0.051787
14338	0.051787
14312	0.051787
14272	0.051787
14259	0.051787
14160	0.051787
14159	0.051787
14158	0.051787
14156	0.051787
14144	0.051787
14133	0.051787
14123	0.051787
14110	0.051787
14102	0.051787
14053	0.051787
13501	0.051787
8311	0.051787
8309	0.051787
8308	0.051787
8306	0.051787
8288	0.051787
8286	0.051787
8285	0.051787
8283	0.051787
8282	0.051787
8280	0.051787
8278	0.051787
8277	0.051787
8046	0.051787
4603	0.051787
9747	0.051774
542	0.051762
13361	0.051719
1203	0.051713
7884	0.051709
8484	0.051699
1770	0.051644
10568	0.051618
13542	0.051614
2537	0.051600
9989	0.051598
5269	0.051482
11405	0.051475
9800	0.051460
12729	0.051419
13560	0.051418
14006	0.051393
1882	0.051375
11450	0.051314
1054	0.051259
8053	0.051256
8307	0.051209
3742	0.051194
10606	0.051191
7555	0.051187
12015	0.051161
5519	0.051160
78	0.051090
10510	0.051049
5443	0.051034
14072	0.051023
13089	0.051016
12270	0.050998
9434	0.050979
711	0.050979
710	0.050979
518	0.050979
5254	0.050932
12835	0.050932
8747	0.050902
8725	0.050902
13911	0.050887
5007	0.050854
5695	0.050847
725	0.050840
12322	0.050807
6098	0.050790
1183	0.050705
11447	0.050668
7340	0.050653
439	0.050626
4751	0.050598
11530	0.050593
11474	0.050590
13577	0.050570
9565	0.050486
4322	0.050440
10033	0.050414
2283	0.050370
706	0.050325
12833	0.050247
12444	0.050233
6334	0.050194
11135	0.050124
11007	0.050112
11501	0.050078
4076	0.049995
12445	0.049982
10048	0.049980
11086	0.049972
11313	0.049964
5483	0.049946
10111	0.049908
3650	0.049882
9927	0.049881
9896	0.049881
7208	0.049881
9236	0.049853
12087	0.049844
5810	0.049844
5807	0.049844
5804	0.049844
5255	0.049844
9847	0.049827
10941	0.049826
7094	0.049813
7010	0.049807
4957	0.049771
277	0.049761
1204	0.049755
4893	0.049751
12088	0.049717
5384	0.049717
8476	0.049714
3342	0.049712
419	0.049705
13288	0.049701
10793	0.049608
10441	0.049599
9362	0.049592
10670	0.049550
6457	0.049473
5806	0.049430
11179	0.049394
1567	0.049353
8255	0.049311
4611	0.049299
249	0.049290
6657	0.049254
3862	0.049253
504	0.049250
12438	0.049214
5028	0.049178
1086	0.049162
217	0.049092
8810	0.049087
364	0.049080
12607	0.049050
10901	0.049013
1433	0.049004
4724	0.048977
9904	0.048935
2367	0.048902
5167	0.048733
10609	0.048707
12579	0.048695
11286	0.048656
12527	0.048643
8397	0.048605
11615	0.048588
4552	0.048588
8055	0.048571
1018	0.048533
4812	0.048470
3406	0.048458
12341	0.048396
10388	0.048370
11634	0.048357
10485	0.048270
12517	0.048231
6124	0.048204
5738	0.048201
8256	0.048194
8801	0.048194
12336	0.048157
4434	0.048103
10468	0.048065
3312	0.048046
5148	0.047975
12246	0.047942
10552	0.047937
1632	0.047926
12044	0.047905
5040	0.047882
11496	0.047861
11544	0.047860
12604	0.047857
10172	0.047835
262	0.047826
1140	0.047814
517	0.047666
12500	0.047564
13802	0.047557
10349	0.047555
798	0.047553
11124	0.047514
13094	0.047496
8081	0.047490
5809	0.047469
12606	0.047417
2276	0.047409
2002	0.047393
5522	0.047338
8401	0.047309
3038	0.047299
8736	0.047282
12552	0.047268
12621	0.047258
10486	0.047252
3111	0.047198
4295	0.047195
7732	0.047128
11056	0.047090
13597	0.047084
13596	0.047084
13595	0.047084
13583	0.047084
13554	0.047084
13402	0.047084
7990	0.047084
7337	0.047080
