12784	0.125199
10636	0.125114
12785	0.124412
2778	0.119325
4582	0.114992
10226	0.113107
7964	0.112020
10694	0.111371
12525	0.110056
10526	0.105379
9769	0.103484
12071	0.103383
175	0.103383
1370	0.102579
521	0.102392
12795	0.101583
10510	0.100813
5459	0.100339
4787	0.099863
1391	0.099777
10412	0.098474
11037	0.097710
565	0.097145
9375	0.097042
8132	0.096959
10678	0.096957
520	0.096254
10852	0.095436
10740	0.095378
12803	0.094438
11575	0.094352
12827	0.093889
12555	0.093770
10674	0.093579
10523	0.093016
12749	0.092982
12748	0.092982
13182	0.092736
12496	0.092598
176	0.092315
2851	0.092063
10505	0.091668
11400	0.091648
10264	0.091420
2713	0.091303
11415	0.091211
2630	0.091093
10366	0.090718
7114	0.090548
9540	0.090308
12741	0.090224
13121	0.090206
4789	0.090206
4788	0.090206
9099	0.090169
8622	0.090160
7337	0.089866
1922	0.089824
412	0.089681
12695	0.089621
10303	0.089603
11475	0.089577
2263	0.089512
10916	0.089357
137	0.089354
9958	0.089144
2329	0.088789
528	0.088483
534	0.088414
10365	0.088158
12403	0.088046
171	0.088004
5208	0.087929
12807	0.087801
11161	0.087586
6915	0.087529
406	0.087425
126	0.087404
9726	0.087342
10376	0.087293
3519	0.087280
9008	0.087235
11848	0.087000
12350	0.086847
12349	0.086786
12711	0.086781
1078	0.086635
10127	0.086406
10682	0.086283
11510	0.086095
5751	0.086017
12517	0.085699
10318	0.085535
10556	0.085457
4744	0.085357
11571	0.085112
14108	0.084898
4745	0.084898
11107	0.084629
4576	0.084389
10926	0.084193
12836	0.083933
12824	0.083933
10859	0.083751
2594	0.083746
12435	0.083634
6874	0.083344
5627	0.083311
10350	0.083305
11469	0.083051
10554	0.082964
11479	0.082885
6737	0.082383
4255	0.082337
10432	0.082221
11297	0.082136
7817	0.082102
11740	0.081346
9316	0.081178
3568	0.081177
10149	0.081071
9881	0.080970
6007	0.080784
11365	0.080719
11270	0.080719
10957	0.080719
7144	0.080719
936	0.080711
14250	0.080269
10558	0.080269
10555	0.080269
6968	0.080269
8042	0.080232
10557	0.080178
10441	0.079836
11211	0.079656
3764	0.079589
14249	0.079505
6450	0.079439
2595	0.079118
7062	0.078937
5957	0.078681
12431	0.078679
9715	0.078645
13095	0.078575
6969	0.078575
10572	0.078572
9545	0.078493
9917	0.078445
12624	0.078431
13374	0.078403
13373	0.078403
1442	0.078134
9960	0.078064
7070	0.078034
3277	0.078015
5780	0.077943
1264	0.077877
11569	0.077864
10186	0.077863
2714	0.077838
13111	0.077740
13109	0.077740
9959	0.077740
11250	0.077721
6398	0.077695
1480	0.077627
11493	0.077616
11019	0.077542
4128	0.077476
3171	0.077452
10125	0.077434
2018	0.077433
2040	0.077279
12720	0.077184
7666	0.077184
12571	0.077133
5491	0.076933
10455	0.076870
6397	0.076696
12145	0.076626
10515	0.076626
5956	0.076626
8079	0.076444
13495	0.076222
1466	0.076214
5778	0.076205
5038	0.076114
10392	0.076020
1921	0.075942
11315	0.075917
10227	0.075881
11682	0.075841
5779	0.075809
11089	0.075738
12572	0.075701
10278	0.075645
12077	0.075598
6461	0.075598
3711	0.075598
11533	0.075593
13235	0.075581
730	0.075488
5619	0.075397
11392	0.075323
12832	0.075295
9539	0.075219
10509	0.074987
2021	0.074987
3763	0.074943
5650	0.074669
2758	0.074445
9922	0.074422
10542	0.074345
4349	0.074306
530	0.074238
400	0.074238
10615	0.074231
10373	0.074210
4786	0.074204
7617	0.074195
12593	0.074150
11556	0.074014
2411	0.073883
10046	0.073881
12787	0.073805
10351	0.073779
11237	0.073740
2015	0.073721
12780	0.073701
180	0.073566
11540	0.073537
7388	0.073480
1376	0.073477
391	0.073431
5488	0.073394
1901	0.073378
7081	0.073305
387	0.073184
5391	0.073095
3845	0.073057
3984	0.073021
10788	0.072949
10777	0.072949
10759	0.072949
10739	0.072949
11516	0.072914
14162	0.072874
3709	0.072826
10722	0.072819
6252	0.072685
2251	0.072561
12677	0.072455
6649	0.072371
6647	0.072371
6646	0.072371
5610	0.072371
10511	0.072345
12678	0.072332
10469	0.072320
10228	0.072241
12031	0.072201
2447	0.072134
8929	0.072060
1648	0.072035
10713	0.072006
8065	0.071891
7766	0.071860
569	0.071850
9724	0.071816
5697	0.071812
12804	0.071811
9256	0.071798
13020	0.071711
399	0.071701
3939	0.071624
2152	0.071509
6922	0.071487
11366	0.071455
1487	0.071446
13735	0.071368
13728	0.071368
13726	0.071368
5074	0.071284
10658	0.071282
4256	0.071273
8405	0.071123
1094	0.071087
549	0.071058
13060	0.071002
13055	0.071002
13048	0.071002
13014	0.071002
13009	0.071002
12892	0.071002
8379	0.071002
13157	0.070881
11572	0.070877
10939	0.070825
6012	0.070763
11099	0.070712
5608	0.070712
10657	0.070694
12457	0.070681
12456	0.070681
12450	0.070681
12443	0.070681
9798	0.070681
3508	0.070580
676	0.070552
6334	0.070201
2667	0.070145
11502	0.070140
79	0.070013
10771	0.069977
2458	0.069876
7975	0.069837
12415	0.069753
11223	0.069713
8207	0.069707
11048	0.069639
11332	0.069612
10773	0.069557
3175	0.069510
11474	0.069504
960	0.069480
8465	0.069442
10821	0.069433
323	0.069407
6076	0.069282
4314	0.069175
6655	0.069126
10748	0.069121
9834	0.069121
2889	0.069084
13493	0.069081
12792	0.069081
8066	0.069059
9520	0.068935
13449	0.068918
962	0.068904
12412	0.068830
11394	0.068758
10138	0.068735
10040	0.068720
5143	0.068679
14245	0.068612
7028	0.068575
4327	0.068538
12521	0.068380
1161	0.068318
10108	0.068128
1483	0.068081
6366	0.068055
2396	0.068041
11809	0.067987
966	0.067926
978	0.067872
10212	0.067796
3754	0.067708
8931	0.067703
5178	0.067702
3639	0.067698
12791	0.067696
12788	0.067696
3242	0.067664
11478	0.067553
12542	0.067546
7061	0.067539
2168	0.067493
3155	0.067447
10581	0.067440
11527	0.067292
1800	0.067248
7830	0.067246
8312	0.067187
2751	0.067115
6371	0.067110
7372	0.067109
3530	0.067073
1017	0.067026
2736	0.067016
11568	0.066984
535	0.066981
7961	0.066970
10499	0.066961
11642	0.066949
1686	0.066936
2116	0.066922
12146	0.066904
8582	0.066904
7599	0.066904
3695	0.066904
3694	0.066904
3616	0.066904
1028	0.066875
1941	0.066779
3535	0.066731
4808	0.066701
633	0.066699
10751	0.066655
8794	0.066637
12698	0.066635
2052	0.066397
4196	0.066317
10970	0.066257
11546	0.066190
4159	0.066174
5649	0.066143
10163	0.066070
1793	0.066049
10761	0.066013
12767	0.066007
4825	0.065969
13088	0.065955
10548	0.065949
3334	0.065914
1186	0.065839
260	0.065827
10247	0.065580
3173	0.065546
5418	0.065541
9957	0.065496
11463	0.065443
3350	0.065438
9499	0.065416
2572	0.065392
567	0.065390
10537	0.065377
13856	0.065298
10159	0.065287
8930	0.065228
5244	0.065206
7958	0.065173
10762	0.065137
12808	0.065111
11036	0.065097
2860	0.065025
3923	0.064944
5346	0.064903
4231	0.064842
2006	0.064819
13429	0.064793
3120	0.064784
5458	0.064772
8343	0.064760
9978	0.064695
12414	0.064684
8130	0.064681
2115	0.064610
6322	0.064572
11545	0.064533
233	0.064525
9849	0.064510
10946	0.064488
12238	0.064470
7395	0.064461
11226	0.064451
13826	0.064435
781	0.064354
10160	0.064276
3967	0.064234
2631	0.064174
3268	0.064112
11577	0.064110
7951	0.064084
3322	0.064052
11539	0.064013
2075	0.064006
3321	0.063994
12727	0.063949
12497	0.063912
2214	0.063882
2655	0.063877
11548	0.063865
2734	0.063864
5885	0.063857
1040	0.063825
9279	0.063815
10048	0.063797
5272	0.063783
7976	0.063732
11506	0.063689
14242	0.063668
13816	0.063668
2885	0.063668
11257	0.063665
7962	0.063660
7425	0.063659
4629	0.063627
10475	0.063590
7315	0.063574
12391	0.063488
2789	0.063472
12683	0.063438
8230	0.063416
10833	0.063394
11683	0.063317
6289	0.063256
11436	0.063249
10711	0.063249
10389	0.063215
6525	0.063203
1000	0.063089
1491	0.063079
10712	0.063078
532	0.063045
2395	0.063038
12654	0.062991
1143	0.062841
2755	0.062771
12408	0.062745
8731	0.062732
13038	0.062714
13037	0.062714
5447	0.062670
9021	0.062628
8261	0.062615
10831	0.062579
6344	0.062529
10992	0.062516
155	0.062505
6295	0.062468
5101	0.062441
3203	0.062308
10021	0.062257
13175	0.062256
5201	0.062247
3272	0.062240
9009	0.062219
8260	0.062219
7946	0.062194
5990	0.062161
5618	0.062085
5617	0.062085
4317	0.062023
4315	0.062023
4311	0.062023
3200	0.062001
11578	0.061999
2265	0.061984
2639	0.061969
4310	0.061954
2970	0.061913
3341	0.061909
2428	0.061894
3633	0.061876
5236	0.061862
10084	0.061851
10140	0.061839
2776	0.061811
10232	0.061805
1233	0.061805
11338	0.061784
12653	0.061774
6138	0.061769
2783	0.061751
12063	0.061738
11968	0.061737
949	0.061737
1879	0.061734
10139	0.061724
7770	0.061620
1482	0.061600
9519	0.061594
4480	0.061592
12524	0.061592
11579	0.061585
11955	0.061559
8944	0.061478
4720	0.061434
12530	0.061429
5221	0.061368
10042	0.061326
11799	0.061291
13135	0.061282
645	0.061276
56	0.061266
10476	0.061255
2832	0.061219
9947	0.061213
6631	0.061140
10879	0.061088
8853	0.061067
182	0.061067
153	0.061030
3689	0.060982
12107	0.060977
12814	0.060949
11737	0.060926
2541	0.060908
12800	0.060874
11151	0.060867
3840	0.060850
13828	0.060768
3451	0.060767
12701	0.060758
1294	0.060751
4953	0.060745
11252	0.060735
6632	0.060711
5782	0.060704
12629	0.060612
7668	0.060611
11431	0.060606
13574	0.060566
9268	0.060560
2135	0.060517
12434	0.060514
12390	0.060514
7933	0.060508
347	0.060508
12874	0.060502
10982	0.060473
11069	0.060413
1412	0.060371
5691	0.060322
1388	0.060313
10809	0.060284
7580	0.060284
11894	0.060165
2747	0.060165
7581	0.060136
844	0.060101
10880	0.060083
5271	0.059956
11368	0.059944
11132	0.059939
7820	0.059925
12651	0.059920
9953	0.059916
6614	0.059912
7707	0.059889
12097	0.059852
5435	0.059826
6535	0.059825
2745	0.059805
1052	0.059804
8168	0.059794
12304	0.059789
11047	0.059766
8934	0.059761
11354	0.059743
11072	0.059742
12281	0.059741
6619	0.059741
6191	0.059709
11134	0.059674
3625	0.059635
12237	0.059630
7394	0.059628
12854	0.059626
10991	0.059620
2011	0.059596
3197	0.059552
7973	0.059546
13223	0.059541
7004	0.059528
13013	0.059502
12962	0.059502
9714	0.059466
6267	0.059454
6302	0.059454
13838	0.059452
10077	0.059439
13261	0.059430
513	0.059396
10076	0.059394
2833	0.059379
2621	0.059368
11626	0.059364
3339	0.059330
11891	0.059269
11496	0.059244
10192	0.059197
10184	0.059197
6021	0.059197
12765	0.059191
3047	0.059141
6967	0.059100
6689	0.059100
12744	0.059067
11486	0.059051
2726	0.058986
10302	0.058983
10375	0.058976
502	0.058911
2001	0.058900
12252	0.058898
4587	0.058841
1419	0.058811
9059	0.058800
8165	0.058794
8164	0.058788
7389	0.058788
6685	0.058788
6612	0.058788
6611	0.058788
6303	0.058771
611	0.058755
1970	0.058750
4916	0.058734
12543	0.058712
4462	0.058702
11817	0.058682
6990	0.058682
4549	0.058680
402	0.058644
586	0.058586
2859	0.058562
10860	0.058547
1163	0.058542
705	0.058540
12426	0.058523
11494	0.058519
13148	0.058493
13147	0.058493
7892	0.058493
6298	0.058493
6297	0.058493
6198	0.058468
3710	0.058466
12790	0.058456
9999	0.058452
1302	0.058409
774	0.058376
12492	0.058367
487	0.058348
1228	0.058344
2356	0.058299
10352	0.058270
11551	0.058268
12632	0.058248
10841	0.058238
8901	0.058219
6460	0.058192
7295	0.058181
13110	0.058154
1420	0.058131
74	0.058092
971	0.058077
227	0.058076
5430	0.058074
13965	0.058065
14111	0.058061
14080	0.058061
9835	0.058041
7119	0.058031
12880	0.058003
10142	0.057992
1501	0.057989
10948	0.057986
102	0.057835
9644	0.057779
8773	0.057767
6621	0.057767
6618	0.057737
9423	0.057732
13165	0.057699
12534	0.057694
7030	0.057648
2357	0.057646
9170	0.057616
11143	0.057580
4976	0.057527
11485	0.057524
10941	0.057502
12850	0.057493
9437	0.057474
11147	0.057473
10443	0.057435
2118	0.057435
4313	0.057432
13788	0.057429
12411	0.057411
11367	0.057406
7347	0.057401
2625	0.057396
9455	0.057394
9976	0.057388
13227	0.057381
12853	0.057360
2635	0.057355
147	0.057353
10288	0.057352
11127	0.057346
10132	0.057338
1262	0.057324
4977	0.057308
10594	0.057288
5865	0.057278
11928	0.057249
8501	0.057249
2779	0.057249
2756	0.057249
11681	0.057249
11927	0.057247
2759	0.057247
3373	0.057231
11215	0.057228
13272	0.057202
2786	0.057202
2782	0.057202
1505	0.057202
7661	0.057194
342	0.057180
10151	0.057160
13136	0.057120
12594	0.057110
10535	0.057002
5460	0.056984
2656	0.056976
484	0.056935
13061	0.056891
13153	0.056832
10171	0.056832
10170	0.056832
14063	0.056814
13441	0.056793
12546	0.056786
1488	0.056712
12213	0.056688
9584	0.056675
6875	0.056639
12458	0.056614
10419	0.056577
101	0.056542
10609	0.056537
2680	0.056487
4672	0.056474
7390	0.056432
1169	0.056420
2857	0.056414
2743	0.056391
10967	0.056383
2868	0.056372
3699	0.056372
11573	0.056358
9614	0.056352
11684	0.056348
12754	0.056345
11321	0.056316
6603	0.056285
11671	0.056283
10614	0.056278
10333	0.056260
7165	0.056260
5089	0.056209
358	0.056208
10369	0.056199
12636	0.056164
6599	0.056160
10921	0.056149
11723	0.056135
11529	0.056133
9149	0.056098
11195	0.056089
12305	0.056089
12638	0.056048
12670	0.056042
9992	0.056024
2311	0.056019
2257	0.055994
1266	0.055954
2931	0.055944
1108	0.055898
352	0.055892
7327	0.055854
12514	0.055851
5949	0.055834
10434	0.055805
6163	0.055800
13547	0.055777
13546	0.055777
13368	0.055777
2910	0.055725
6418	0.055723
2419	0.055720
13140	0.055662
10502	0.055654
12833	0.055633
13561	0.055589
10133	0.055589
3505	0.055586
592	0.055570
9608	0.055556
134	0.055546
13959	0.055465
5849	0.055425
12860	0.055422
11467	0.055418
2974	0.055415
12936	0.055415
12859	0.055414
2668	0.055375
13615	0.055374
13614	0.055374
8552	0.055365
4709	0.055362
11491	0.055329
9706	0.055309
12858	0.055269
8391	0.055176
3087	0.055176
5259	0.055162
11504	0.055106
2073	0.055090
9875	0.055088
11052	0.055086
5086	0.055064
3408	0.055038
11518	0.054997
4052	0.054957
4630	0.054951
13664	0.054951
7991	0.054915
11603	0.054911
3083	0.054896
1392	0.054885
7981	0.054840
11497	0.054823
5455	0.054820
3551	0.054809
4981	0.054763
9346	0.054754
2773	0.054748
2973	0.054697
6373	0.054686
10478	0.054686
3201	0.054675
11278	0.054663
2886	0.054633
11807	0.054624
9344	0.054597
9948	0.054580
5887	0.054580
4251	0.054562
2274	0.054559
343	0.054551
5907	0.054536
6250	0.054519
138	0.054502
11499	0.054470
7120	0.054445
10311	0.054420
10972	0.054405
51	0.054402
3113	0.054399
12706	0.054393
5213	0.054350
4262	0.054346
10233	0.054330
869	0.054329
2657	0.054314
10221	0.054308
13166	0.054303
11901	0.054291
10596	0.054288
2932	0.054275
13676	0.054257
5904	0.054253
1386	0.054221
10871	0.054211
4692	0.054194
7762	0.054178
13116	0.054167
823	0.054143
12200	0.054140
10506	0.054119
1045	0.054119
1232	0.054119
1229	0.054119
6281	0.054116
10547	0.054095
525	0.054071
3900	0.054060
11593	0.054058
1481	0.054044
3260	0.054023
11242	0.054022
1876	0.053999
6694	0.053991
1077	0.053980
5512	0.053963
388	0.053953
599	0.053916
2293	0.053909
13012	0.053900
13004	0.053900
6887	0.053899
11057	0.053898
10067	0.053897
11604	0.053896
9559	0.053894
5427	0.053889
4570	0.053885
10049	0.053857
5311	0.053841
11601	0.053809
8054	0.053804
