2475	0.127315
5734	0.122592
9485	0.121767
2474	0.120765
3669	0.118784
13607	0.115498
5728	0.112981
3168	0.111128
5155	0.109668
13652	0.108880
9616	0.108550
1188	0.105154
3650	0.104081
12382	0.103219
2466	0.101952
5174	0.101066
4085	0.100925
249	0.099645
5181	0.098555
3732	0.098285
5558	0.098253
5344	0.097911
5377	0.097874
7229	0.097690
2279	0.096984
4484	0.096928
11532	0.095388
7576	0.094970
250	0.094413
11921	0.094370
9295	0.094132
3662	0.094069
11132	0.093942
9609	0.093330
9580	0.093330
8051	0.093035
6671	0.092838
10583	0.092692
8531	0.092305
13550	0.091992
4330	0.091881
7959	0.091688
11507	0.091666
11419	0.091631
12628	0.091443
5264	0.091228
5858	0.091092
3784	0.091054
12564	0.090983
8052	0.090591
10318	0.090421
4434	0.090360
11323	0.090352
12445	0.090055
12444	0.090009
2499	0.089909
325	0.089476
7553	0.089330
9564	0.089094
3566	0.089094
3084	0.088955
13588	0.088628
3106	0.088616
11558	0.088561
1397	0.088543
1555	0.088454
6326	0.088356
12763	0.088304
8609	0.088216
2434	0.087980
12117	0.087958
7345	0.087958
78	0.087924
9839	0.087871
7093	0.087456
12736	0.087359
2278	0.087122
12719	0.087025
9623	0.086966
2929	0.086892
11681	0.086782
1332	0.086705
253	0.086535
13491	0.086425
12751	0.086033
9488	0.085962
5465	0.085909
12383	0.085895
12547	0.085725
5599	0.085695
5601	0.085579
5716	0.085571
12730	0.085466
1779	0.085413
13567	0.085325
5731	0.085325
5730	0.085325
5726	0.085325
5723	0.085325
5722	0.085325
5721	0.085325
5681	0.085325
7706	0.085126
9830	0.085109
3230	0.085051
419	0.085014
5603	0.084852
8324	0.084821
3676	0.084789
2123	0.084617
3185	0.084437
6928	0.084402
2033	0.084316
1507	0.084293
13606	0.084179
11104	0.083646
11542	0.083500
11782	0.083461
703	0.083371
1937	0.083337
1204	0.083308
1358	0.083300
1936	0.083294
8377	0.083293
7078	0.083242
2790	0.082956
13644	0.082870
3231	0.082803
4831	0.082774
12516	0.082626
4679	0.082580
3427	0.082407
4533	0.082196
9187	0.082179
7160	0.082028
1647	0.081821
9227	0.081673
10603	0.081672
13529	0.081516
5129	0.081444
9229	0.081407
8625	0.081309
10949	0.081295
11455	0.081118
11426	0.081118
1462	0.080927
2588	0.080750
2286	0.080709
10835	0.080663
5260	0.080663
10907	0.080536
12707	0.080529
13526	0.080407
9200	0.080150
13405	0.080095
8535	0.080051
4722	0.079923
7884	0.079832
1690	0.079756
13363	0.079697
13460	0.079650
10618	0.079647
9222	0.079641
13624	0.079549
13623	0.079549
12312	0.079451
13504	0.079437
2406	0.079351
12544	0.079313
254	0.079231
12630	0.079123
3229	0.079103
4832	0.079066
9188	0.079026
3646	0.079020
13808	0.078997
10838	0.078858
13092	0.078800
1485	0.078779
4292	0.078772
2971	0.078754
6287	0.078730
5067	0.078562
8618	0.078548
5906	0.078132
9330	0.078112
6584	0.078105
6581	0.078105
10461	0.078097
5276	0.078077
11337	0.078043
7631	0.078035
1822	0.078032
6323	0.077980
7397	0.077967
8348	0.077892
7485	0.077772
7484	0.077772
3263	0.077711
2559	0.077699
2546	0.077656
1203	0.077652
10839	0.077498
3178	0.077467
199	0.077250
14342	0.077179
11528	0.077145
817	0.077111
10042	0.077098
1593	0.077092
6623	0.077013
5413	0.076681
9502	0.076565
10119	0.076539
5736	0.076534
7014	0.076441
2802	0.076349
5622	0.076332
8250	0.076230
5550	0.076184
4024	0.075999
13452	0.075905
5682	0.075883
12565	0.075866
7400	0.075780
9579	0.075753
13653	0.075685
13555	0.075685
13316	0.075685
10602	0.075685
11982	0.075608
5414	0.075608
5412	0.075608
3039	0.075584
5378	0.075565
13938	0.075548
5602	0.075547
10902	0.075487
7739	0.075427
8979	0.075394
1042	0.075371
3555	0.075252
11413	0.075108
5665	0.075095
2558	0.075064
6643	0.075044
3948	0.075040
5596	0.075020
2560	0.074923
5688	0.074851
13807	0.074752
9718	0.074734
1582	0.074676
2553	0.074595
2282	0.074538
6117	0.074472
11362	0.074414
8929	0.074400
9898	0.074349
5720	0.074291
2555	0.074267
7332	0.074253
6365	0.074253
12570	0.074238
2551	0.074238
11221	0.074208
6582	0.074169
7077	0.074139
4238	0.074139
4581	0.074137
7331	0.074134
5251	0.074126
1588	0.074120
3976	0.074047
2552	0.074043
5037	0.074014
3442	0.073998
13165	0.073938
5695	0.073900
6222	0.073897
13575	0.073850
4324	0.073844
8089	0.073820
819	0.073806
11421	0.073795
11345	0.073795
11335	0.073795
10842	0.073795
205	0.073701
203	0.073701
6500	0.073683
13708	0.073673
9500	0.073626
11462	0.073620
10435	0.073594
5666	0.073533
5353	0.073508
10090	0.073493
9311	0.073453
7306	0.073444
14247	0.073444
5267	0.073427
6224	0.073413
13876	0.073353
8061	0.073353
235	0.073302
3667	0.073301
6110	0.073254
4410	0.073219
12753	0.073162
13277	0.073077
10295	0.073033
11269	0.072998
12232	0.072984
383	0.072982
10315	0.072911
12590	0.072911
2554	0.072830
7337	0.072740
10314	0.072699
2703	0.072507
11655	0.072469
13161	0.072469
13160	0.072396
3675	0.072357
7492	0.072342
6325	0.072333
8810	0.072263
11265	0.072248
4561	0.072216
12231	0.072209
71	0.072180
9392	0.072173
1642	0.072169
13423	0.072164
5249	0.072155
11935	0.072041
5551	0.072012
1190	0.071987
14041	0.071978
2567	0.071956
11130	0.071925
10057	0.071905
10597	0.071861
6861	0.071828
3953	0.071821
5600	0.071811
12548	0.071760
2869	0.071655
4793	0.071639
13326	0.071634
9039	0.071602
2556	0.071544
9487	0.071523
11839	0.071508
4902	0.071493
3965	0.071295
9501	0.071197
3504	0.070972
4678	0.070811
2927	0.070778
4521	0.070709
9362	0.070679
11490	0.070643
10410	0.070514
2094	0.070513
11034	0.070503
4698	0.070432
6382	0.070409
1337	0.070375
2306	0.070342
13242	0.070331
13241	0.070331
5595	0.070331
5594	0.070331
4491	0.070329
13239	0.070320
3232	0.070312
5598	0.070296
1039	0.070277
10543	0.070250
6268	0.070219
10591	0.070206
9182	0.070178
3505	0.070172
6085	0.070170
798	0.070168
210	0.070163
11429	0.070132
11324	0.070132
7420	0.069990
13449	0.069930
5308	0.069842
10411	0.069840
8548	0.069815
9118	0.069805
9631	0.069681
14132	0.069634
6704	0.069604
5109	0.069531
277	0.069475
7732	0.069448
13305	0.069430
6223	0.069414
40	0.069406
11389	0.069397
12039	0.069393
9906	0.069375
13282	0.069354
12543	0.069352
11259	0.069338
13579	0.069325
11039	0.069325
13281	0.069309
7926	0.069304
11260	0.069286
10157	0.069286
1897	0.069283
1893	0.069282
10023	0.069275
4857	0.069238
8523	0.069235
6958	0.069223
6635	0.069184
12280	0.069173
5605	0.069134
7155	0.069101
4078	0.069088
4425	0.069076
6031	0.069058
6030	0.069058
5992	0.069058
5265	0.068991
12557	0.068986
4149	0.068966
6533	0.068951
5680	0.068934
1882	0.068892
5590	0.068863
10497	0.068796
9710	0.068675
2014	0.068594
2101	0.068540
10001	0.068521
5401	0.068445
8628	0.068423
8641	0.068408
14107	0.068347
8128	0.068299
7809	0.068292
6231	0.068095
2100	0.068088
9633	0.068084
9630	0.068084
9628	0.068084
9626	0.068084
9625	0.068084
9624	0.068084
9622	0.068084
9621	0.068084
9620	0.068084
9619	0.068084
9618	0.068084
9615	0.068084
9482	0.068084
2438	0.068077
426	0.068065
9675	0.068031
5856	0.067990
10943	0.067985
5059	0.067860
5044	0.067766
2773	0.067664
155	0.067621
11325	0.067610
7726	0.067562
6422	0.067552
6226	0.067520
12529	0.067503
7329	0.067478
4130	0.067407
5213	0.067396
9181	0.067382
5591	0.067359
8833	0.067287
9218	0.067270
3549	0.067270
1399	0.067227
2055	0.067158
11845	0.067137
13240	0.067123
3363	0.067100
3085	0.067096
3091	0.067044
3089	0.067044
3088	0.067044
14147	0.067042
3090	0.067042
14148	0.067040
11129	0.067026
4116	0.067009
2557	0.066990
9117	0.066975
14146	0.066961
2383	0.066865
6462	0.066828
4081	0.066825
9587	0.066824
5266	0.066764
11274	0.066752
11273	0.066752
11272	0.066752
11271	0.066752
8700	0.066731
11214	0.066663
2498	0.066645
7223	0.066595
6571	0.066501
8703	0.066366
10859	0.066305
4731	0.066271
4675	0.066271
5851	0.066238
10166	0.066173
373	0.066135
2566	0.066129
10750	0.066122
699	0.066122
989	0.066114
1346	0.066092
4332	0.066073
12871	0.066033
1041	0.066029
7494	0.066014
7115	0.065927
9611	0.065926
12109	0.065909
5948	0.065909
8000	0.065844
10418	0.065777
4807	0.065766
13114	0.065763
304	0.065740
10212	0.065723
5592	0.065705
9329	0.065680
2817	0.065679
2437	0.065619
9170	0.065590
5376	0.065572
2998	0.065541
8342	0.065518
34	0.065514
8116	0.065489
8444	0.065432
2752	0.065417
9537	0.065382
2076	0.065361
8661	0.065355
2561	0.065353
2545	0.065295
9474	0.065286
6961	0.065286
7963	0.065186
10235	0.065180
3061	0.065171
11634	0.065156
6351	0.065130
13497	0.065103
1231	0.065015
9477	0.065012
6501	0.064999
9481	0.064991
9479	0.064991
9478	0.064991
9476	0.064991
9475	0.064991
9473	0.064991
9472	0.064991
9471	0.064991
9470	0.064991
9468	0.064991
9345	0.064991
8667	0.064991
8665	0.064991
8664	0.064991
8663	0.064991
8662	0.064991
8630	0.064991
8629	0.064991
8627	0.064991
8626	0.064991
539	0.064987
1847	0.064959
10205	0.064919
791	0.064851
5604	0.064838
10593	0.064816
4393	0.064781
1078	0.064752
10504	0.064741
1166	0.064696
4224	0.064616
3248	0.064603
5991	0.064588
3240	0.064559
10534	0.064529
5227	0.064506
459	0.064494
1254	0.064492
2706	0.064488
457	0.064485
5958	0.064440
8438	0.064426
3888	0.064408
8439	0.064382
7435	0.064382
7180	0.064382
13050	0.064295
12530	0.064275
3796	0.064204
5909	0.064138
1963	0.064120
9985	0.064092
12205	0.064045
1243	0.064012
3678	0.063886
3673	0.063886
6168	0.063842
12602	0.063766
6452	0.063716
8718	0.063612
2010	0.063541
13498	0.063518
4483	0.063487
10933	0.063384
8958	0.063338
10073	0.063289
8763	0.063270
8761	0.063270
9961	0.063260
12096	0.063230
9835	0.063204
8390	0.063203
10142	0.063189
13153	0.063166
10171	0.063166
10170	0.063166
2784	0.063165
12755	0.063112
7094	0.063101
4307	0.063085
854	0.063056
4721	0.063045
13325	0.063042
9617	0.063026
7128	0.062981
5247	0.062979
3773	0.062952
9827	0.062904
9416	0.062830
2937	0.062806
10463	0.062799
5692	0.062712
686	0.062688
13246	0.062655
8430	0.062653
382	0.062605
5690	0.062568
9212	0.062562
11925	0.062520
9920	0.062489
12433	0.062433
4168	0.062425
5324	0.062356
14253	0.062319
2283	0.062312
385	0.062289
6494	0.062286
13404	0.062221
12317	0.062198
9373	0.062176
5597	0.062163
11780	0.062053
9739	0.061984
11919	0.061951
9811	0.061926
8886	0.061925
1089	0.061899
3712	0.061873
4293	0.061853
12545	0.061821
2889	0.061812
13314	0.061784
9465	0.061774
5346	0.061757
1733	0.061710
5929	0.061710
6556	0.061709
6555	0.061709
1273	0.061664
9135	0.061642
3841	0.061551
7127	0.061513
542	0.061508
11007	0.061470
11918	0.061456
6586	0.061441
8666	0.061391
4452	0.061365
3213	0.061348
9676	0.061293
3633	0.061283
4863	0.061175
9885	0.061174
9851	0.061174
8828	0.061174
8826	0.061174
8825	0.061174
8811	0.061174
7781	0.061174
4089	0.061097
10836	0.061019
4803	0.061019
7530	0.060970
10475	0.060940
12578	0.060919
3341	0.060918
5125	0.060908
5667	0.060875
11021	0.060856
11635	0.060819
8593	0.060741
5090	0.060688
13580	0.060686
10782	0.060686
7529	0.060612
10559	0.060599
198	0.060596
5490	0.060584
13490	0.060575
13632	0.060575
13631	0.060575
7560	0.060561
7263	0.060540
9606	0.060530
216	0.060525
1486	0.060525
11963	0.060519
10640	0.060510
11212	0.060472
4781	0.060453
12561	0.060439
11302	0.060409
9469	0.060407
11920	0.060402
3927	0.060402
3868	0.060402
10876	0.060345
5262	0.060336
9613	0.060319
2770	0.060319
9721	0.060284
7948	0.060284
7778	0.060284
7618	0.060284
7113	0.060284
172	0.060249
9767	0.060208
6449	0.060202
1635	0.060201
10626	0.060192
6308	0.060128
8498	0.060115
3741	0.060110
4664	0.060103
3760	0.060102
10647	0.060081
13482	0.060056
13633	0.060032
4093	0.059938
6173	0.059921
13545	0.059806
12806	0.059790
11059	0.059788
6162	0.059714
3680	0.059694
11176	0.059614
2749	0.059612
7233	0.059568
3277	0.059501
8697	0.059452
6002	0.059440
3599	0.059428
7807	0.059423
10690	0.059413
13766	0.059371
2952	0.059350
4532	0.059343
4507	0.059320
6086	0.059310
10656	0.059254
7887	0.059245
9612	0.059224
11058	0.059215
4520	0.059171
4049	0.059156
11032	0.059144
11543	0.059137
6695	0.059091
13294	0.059090
9610	0.059080
3489	0.059073
7220	0.059040
1880	0.059029
12720	0.058873
7666	0.058873
7010	0.058776
11556	0.058731
678	0.058727
6534	0.058693
2864	0.058639
8146	0.058616
5658	0.058587
6062	0.058551
8602	0.058526
12507	0.058514
1361	0.058478
6784	0.058463
12716	0.058381
12881	0.058353
13912	0.058326
5534	0.058310
7947	0.058303
8604	0.058234
80	0.058231
7206	0.058137
7716	0.058116
6860	0.058058
4005	0.058054
13830	0.058051
8239	0.058033
7709	0.058033
8301	0.058028
8612	0.058023
5176	0.058022
10716	0.057959
6603	0.057950
2683	0.057947
3312	0.057934
9728	0.057934
9102	0.057860
5398	0.057845
9578	0.057821
10537	0.057809
3182	0.057748
3764	0.057721
13682	0.057685
13487	0.057685
13345	0.057685
12597	0.057685
11019	0.057648
9426	0.057610
5670	0.057593
9909	0.057586
7453	0.057539
269	0.057444
2371	0.057435
1613	0.057412
11755	0.057394
3465	0.057392
9201	0.057374
9480	0.057364
8533	0.057364
4612	0.057359
13361	0.057350
11131	0.057345
5489	0.057316
6208	0.057305
10359	0.057295
397	0.057214
12065	0.057145
9177	0.057098
7412	0.057087
8472	0.057081
9711	0.057080
9708	0.057080
9707	0.057080
9705	0.057080
9703	0.057080
5235	0.057042
10840	0.057015
9699	0.056987
6592	0.056984
7676	0.056966
8635	0.056962
3270	0.056933
5307	0.056910
1774	0.056908
11191	0.056863
6445	0.056858
251	0.056820
420	0.056810
1979	0.056803
11501	0.056777
9179	0.056732
12335	0.056707
11534	0.056701
2672	0.056674
11759	0.056673
9820	0.056644
8735	0.056644
9418	0.056633
8943	0.056609
13186	0.056553
13398	0.056501
1858	0.056498
5347	0.056481
10368	0.056448
7352	0.056400
2	0.056394
9503	0.056377
8385	0.056327
5642	0.056288
7774	0.056273
5641	0.056273
4763	0.056251
2777	0.056157
5302	0.056146
12432	0.056140
8898	0.056098
4717	0.056090
5256	0.056087
4962	0.056086
11666	0.056083
10935	0.056083
10934	0.056083
10931	0.056083
4794	0.056083
10936	0.056083
3276	0.056078
4792	0.056041
10932	0.056040
3630	0.055995
1680	0.055927
4415	0.055880
5931	0.055858
628	0.055800
9601	0.055799
11834	0.055749
6770	0.055748
7482	0.055743
8222	0.055708
6328	0.055692
7413	0.055627
1597	0.055585
3884	0.055572
5442	0.055528
7712	0.055511
10036	0.055491
4236	0.055457
11071	0.055368
3642	0.055357
6945	0.055356
3821	0.055338
8701	0.055311
11070	0.055276
9439	0.055276
4685	0.055269
6483	0.055256
8696	0.055236
212	0.055229
8724	0.055214
8723	0.055214
8722	0.055214
8721	0.055214
8720	0.055214
8719	0.055214
8702	0.055214
8698	0.055214
8695	0.055214
8694	0.055214
8693	0.055214
8692	0.055214
8691	0.055214
8690	0.055214
8689	0.055214
8688	0.055214
8687	0.055214
8686	0.055214
8685	0.055214
8684	0.055214
8683	0.055214
8682	0.055214
8681	0.055214
8680	0.055214
8649	0.055214
8648	0.055214
8647	0.055214
8646	0.055214
