4093	0.136649
5375	0.109550
13036	0.102777
3739	0.099945
12053	0.099772
3745	0.099768
3921	0.097653
1534	0.096232
6695	0.091940
2841	0.089190
3287	0.088592
10024	0.088558
1675	0.087878
4097	0.085975
5262	0.084534
6761	0.084470
78	0.084000
6325	0.083639
2278	0.083627
9170	0.082818
12897	0.082688
13500	0.082688
13375	0.082163
13295	0.081423
9881	0.080781
13599	0.080752
7630	0.080695
9917	0.080433
9099	0.080414
6323	0.080379
597	0.080161
13574	0.079848
7014	0.079698
8250	0.079602
5591	0.079198
13602	0.078755
13060	0.078709
13055	0.078709
13048	0.078709
13014	0.078709
13009	0.078709
12892	0.078709
8379	0.078709
4831	0.078482
10683	0.078410
8907	0.078323
11556	0.078148
6758	0.078120
13589	0.078031
6291	0.077453
9354	0.077027
10303	0.076646
11845	0.076569
6583	0.076320
6580	0.076320
6579	0.076110
3738	0.075969
12273	0.075822
13076	0.075780
5910	0.075602
4324	0.075251
10739	0.075214
10788	0.075214
10777	0.075214
10759	0.075214
14071	0.075213
12778	0.074934
4349	0.074909
9016	0.074823
9986	0.074812
11283	0.074555
1897	0.074437
10589	0.074266
5006	0.074201
10559	0.073854
12756	0.073826
14236	0.073760
13901	0.073760
13601	0.073760
7863	0.073760
7862	0.073760
7859	0.073760
13356	0.073756
11491	0.073629
2937	0.073444
7201	0.073438
12530	0.073428
14162	0.073351
9717	0.073132
6533	0.072958
12571	0.072535
11655	0.072125
1166	0.072124
2010	0.072032
9926	0.071797
9925	0.071797
9924	0.071797
9852	0.071797
7773	0.071797
7447	0.071797
7860	0.071499
12764	0.071490
7858	0.071393
13061	0.071285
6089	0.071229
8314	0.071213
6091	0.071171
6090	0.071171
11439	0.070919
7207	0.070755
10844	0.070718
8312	0.070673
5343	0.070643
5491	0.070522
1361	0.070443
9337	0.070336
8606	0.070123
2971	0.070014
9311	0.069968
12636	0.069817
155	0.069756
12832	0.069753
7264	0.069749
2714	0.069715
13164	0.069672
5066	0.069594
6592	0.069572
61	0.069470
12101	0.069377
6946	0.069341
2976	0.069236
5957	0.069153
6322	0.069129
12145	0.069125
10515	0.069125
5956	0.069125
7202	0.069063
2773	0.068844
2752	0.068705
5235	0.068698
10186	0.068556
5958	0.068555
13611	0.068398
111	0.068371
2751	0.068341
10534	0.068063
566	0.067983
9706	0.067921
2055	0.067846
12444	0.067616
2731	0.067603
12445	0.067505
13319	0.067325
13680	0.067318
2982	0.067267
13439	0.067122
9927	0.067051
9896	0.067051
7208	0.067051
7972	0.067047
13689	0.066739
13489	0.066739
1812	0.066717
1811	0.066717
11551	0.066706
4434	0.066657
6299	0.066648
9465	0.066390
1809	0.066379
3210	0.066280
3664	0.066213
7702	0.066103
11818	0.066088
3840	0.065998
13517	0.065795
11804	0.065734
3748	0.065726
13200	0.065673
9320	0.065673
9318	0.065673
9315	0.065673
9314	0.065673
9313	0.065673
9312	0.065673
9310	0.065673
9309	0.065673
9306	0.065673
9305	0.065673
8733	0.065673
8669	0.065673
8668	0.065673
8608	0.065673
8607	0.065673
8605	0.065673
8603	0.065673
7703	0.065673
7477	0.065673
7408	0.065673
2874	0.065599
3823	0.065573
10982	0.065512
6263	0.065383
3957	0.065262
5067	0.065249
11385	0.065232
12623	0.065109
12403	0.065100
5451	0.065090
6252	0.064978
1285	0.064972
5598	0.064965
2306	0.064922
4491	0.064919
12141	0.064910
13242	0.064909
13241	0.064909
5595	0.064909
5594	0.064909
13239	0.064883
10427	0.064871
4619	0.064867
10671	0.064758
81	0.064719
10203	0.064707
7939	0.064705
12136	0.064688
12818	0.064643
8552	0.064607
304	0.064578
1583	0.064469
4130	0.064388
13089	0.064338
14247	0.064334
11862	0.064298
9200	0.064217
5590	0.064193
2784	0.063970
7544	0.063967
2755	0.063833
10510	0.063798
13199	0.063707
13198	0.063707
10658	0.063656
10657	0.063579
13552	0.063541
13511	0.063541
13507	0.063541
11925	0.063493
494	0.063435
12654	0.063410
7114	0.063367
13560	0.063327
13897	0.063326
5493	0.063213
4101	0.063115
4100	0.063115
4092	0.063115
4091	0.063115
7055	0.063077
1750	0.063052
5299	0.063051
5026	0.063049
5027	0.063049
3436	0.063014
13545	0.062848
10511	0.062637
12270	0.062570
1346	0.062569
12232	0.062177
14072	0.062097
11022	0.061915
11019	0.061911
12322	0.061893
9307	0.061836
4895	0.061763
1078	0.061646
5010	0.061637
8833	0.061585
11677	0.061491
4494	0.061491
4493	0.061491
13695	0.061491
4848	0.061471
5351	0.061438
9371	0.061375
5851	0.061325
6499	0.061267
9098	0.061250
8979	0.061123
1648	0.061121
2803	0.061088
7394	0.061022
3774	0.061007
12355	0.060962
12508	0.060855
5012	0.060788
12720	0.060728
7666	0.060728
596	0.060726
3277	0.060621
8794	0.060579
4322	0.060465
3838	0.060417
12871	0.060327
12354	0.060322
7961	0.060271
13449	0.060258
7245	0.060211
6134	0.060207
7203	0.060191
7028	0.060178
12502	0.060172
10542	0.060168
9872	0.060163
3826	0.060141
10636	0.060137
1905	0.060116
13945	0.060064
6446	0.059951
12799	0.059915
5492	0.059683
7457	0.059617
9025	0.059578
6147	0.059550
14283	0.059548
9579	0.059467
5037	0.059433
13815	0.059283
5597	0.059176
5884	0.059109
5045	0.059078
6631	0.059048
9800	0.059010
11023	0.059002
11024	0.059002
4204	0.058861
3170	0.058791
9188	0.058778
12666	0.058739
5592	0.058728
11477	0.058686
11843	0.058628
6998	0.058628
13114	0.058608
11842	0.058558
6486	0.058558
13626	0.058554
13425	0.058554
5488	0.058512
11214	0.058398
10605	0.058393
9865	0.058355
3764	0.058327
2453	0.058211
6277	0.058210
6035	0.058201
3773	0.058199
53	0.058176
12438	0.058068
10648	0.058047
3388	0.058034
5800	0.058026
11683	0.058009
5712	0.057975
5711	0.057975
5710	0.057975
3822	0.057883
7072	0.057861
3825	0.057844
9790	0.057840
4483	0.057772
1403	0.057746
11266	0.057714
12292	0.057647
4942	0.057644
5704	0.057583
1184	0.057534
10278	0.057527
7287	0.057513
12015	0.057469
79	0.057421
4787	0.057286
12252	0.057240
13292	0.057240
13900	0.057235
7861	0.057235
7875	0.057198
7073	0.057167
2868	0.057148
2279	0.057111
2648	0.057032
7973	0.057024
2381	0.057022
6395	0.056999
9769	0.056946
10226	0.056840
5599	0.056800
9418	0.056741
9426	0.056578
1018	0.056574
10337	0.056567
4709	0.056487
6819	0.056459
11554	0.056430
12803	0.056399
6009	0.056386
4742	0.056386
9486	0.056385
11606	0.056372
11605	0.056372
3505	0.056313
1433	0.056260
13894	0.056228
6317	0.056179
10713	0.056158
10694	0.056117
6052	0.056115
13240	0.056110
13329	0.056065
7856	0.056035
12262	0.056007
12551	0.055976
13363	0.055972
6731	0.055940
5697	0.055900
13148	0.055877
13147	0.055877
7892	0.055877
6298	0.055877
6297	0.055877
9999	0.055836
6198	0.055770
6892	0.055727
9909	0.055713
4521	0.055648
12070	0.055643
2864	0.055608
11010	0.055607
4608	0.055539
9964	0.055500
172	0.055497
13013	0.055452
12962	0.055452
13323	0.055435
10910	0.055395
9654	0.055338
1175	0.055307
3960	0.055280
3956	0.055280
5383	0.055169
3209	0.055127
503	0.055101
3713	0.055089
13826	0.055041
10556	0.054990
9997	0.054990
5650	0.054970
12713	0.054946
7523	0.054912
13569	0.054887
12281	0.054878
6619	0.054878
4743	0.054834
13490	0.054775
13632	0.054775
13631	0.054775
13633	0.054772
12637	0.054612
4193	0.054607
7937	0.054558
5305	0.054507
4514	0.054338
9512	0.054331
10073	0.054311
6886	0.054310
2424	0.054124
14297	0.054101
5909	0.054088
11037	0.054061
6155	0.054057
7951	0.054045
10376	0.054041
14224	0.054002
13391	0.054002
11110	0.054002
2281	0.053933
179	0.053831
13679	0.053812
5500	0.053779
10264	0.053660
9420	0.053622
11467	0.053586
2933	0.053575
1686	0.053484
6963	0.053471
8444	0.053222
11564	0.053174
5596	0.053161
3740	0.053149
5044	0.053144
4998	0.053114
13875	0.053111
12774	0.053099
14003	0.053084
11367	0.053071
9938	0.053016
7551	0.053016
7550	0.053016
7539	0.053016
7538	0.053016
9237	0.052968
13805	0.052963
5132	0.052963
6935	0.052962
2625	0.052956
5344	0.052902
10042	0.052810
10302	0.052808
11853	0.052751
2699	0.052732
10674	0.052679
4617	0.052641
10557	0.052613
8146	0.052524
4842	0.052485
9204	0.052393
8592	0.052393
6245	0.052385
7463	0.052377
6066	0.052377
2941	0.052327
10212	0.052257
2529	0.052205
8602	0.052202
7135	0.052190
5366	0.052184
2524	0.052142
10365	0.052122
2783	0.052109
13716	0.052084
12525	0.052051
14317	0.052047
3737	0.052016
11817	0.052003
6990	0.052003
6215	0.052002
2594	0.051978
5660	0.051889
6034	0.051874
12238	0.051863
12617	0.051832
3699	0.051778
5289	0.051720
4251	0.051718
2778	0.051694
7686	0.051676
10366	0.051672
8108	0.051658
13182	0.051648
13676	0.051646
14250	0.051625
10558	0.051625
10555	0.051625
6968	0.051625
8042	0.051611
9423	0.051584
7101	0.051548
3544	0.051505
13413	0.051483
2777	0.051434
11112	0.051427
9218	0.051423
11474	0.051328
12219	0.051322
2101	0.051270
13462	0.051260
9726	0.051214
12426	0.051198
2637	0.051185
13165	0.051170
13358	0.051149
6770	0.051140
3631	0.051096
2365	0.051096
6860	0.050956
12827	0.050947
14249	0.050943
11569	0.050923
4238	0.050919
9308	0.050902
2595	0.050895
4293	0.050889
10701	0.050867
6737	0.050821
13594	0.050788
11211	0.050782
7236	0.050763
1889	0.050744
12726	0.050698
12431	0.050596
4951	0.050580
1466	0.050536
13664	0.050521
2683	0.050520
10554	0.050488
13095	0.050374
6969	0.050374
13117	0.050372
13606	0.050313
12595	0.050298
11964	0.050283
6326	0.050266
539	0.050237
3982	0.050224
12638	0.050201
13443	0.050194
12517	0.050129
13440	0.050079
1697	0.050058
11996	0.050056
12573	0.050032
3111	0.050017
12177	0.050015
11394	0.050000
13597	0.049972
13596	0.049972
13595	0.049972
13583	0.049972
13554	0.049972
13402	0.049972
7990	0.049972
5914	0.049925
7506	0.049915
7855	0.049901
12624	0.049859
6332	0.049837
9828	0.049832
10678	0.049815
8387	0.049790
13094	0.049777
7239	0.049756
4873	0.049714
10197	0.049705
323	0.049687
6334	0.049603
10412	0.049602
7356	0.049559
9721	0.049559
7948	0.049559
7778	0.049559
7618	0.049559
7113	0.049559
2303	0.049453
3128	0.049451
3121	0.049451
3048	0.049451
2624	0.049451
2394	0.049428
10748	0.049421
9834	0.049421
7759	0.049383
7357	0.049383
7355	0.049383
12237	0.049340
9222	0.049245
6445	0.049228
10943	0.049211
6418	0.049207
5490	0.049178
2814	0.049160
1997	0.049138
8173	0.049112
8329	0.049085
3666	0.049070
4088	0.049038
13567	0.048965
5731	0.048965
5730	0.048965
5726	0.048965
5723	0.048965
5722	0.048965
5721	0.048965
5681	0.048965
3071	0.048946
8430	0.048921
8324	0.048915
1906	0.048853
4613	0.048834
11129	0.048794
11242	0.048793
5913	0.048792
14004	0.048791
4866	0.048791
11415	0.048749
2458	0.048719
5593	0.048704
6260	0.048668
3742	0.048656
2237	0.048613
5705	0.048610
9168	0.048583
13898	0.048533
13054	0.048491
2234	0.048491
3250	0.048434
690	0.048295
10646	0.048149
10059	0.048142
3434	0.048132
12785	0.048115
9026	0.048105
9727	0.048091
1332	0.048004
6603	0.047987
1483	0.047976
13999	0.047950
5005	0.047950
7958	0.047939
119	0.047913
1242	0.047833
8609	0.047820
7396	0.047820
3054	0.047801
4946	0.047780
11685	0.047751
2525	0.047666
12200	0.047657
2363	0.047642
11565	0.047625
2280	0.047614
5649	0.047586
3342	0.047565
13838	0.047520
5346	0.047497
243	0.047481
6184	0.047480
9741	0.047479
3310	0.047479
2770	0.047476
4624	0.047471
10358	0.047455
6124	0.047431
12275	0.047373
10482	0.047366
11544	0.047344
12784	0.047323
7158	0.047307
10531	0.047281
5327	0.047272
6851	0.047264
3137	0.047234
11941	0.047193
5243	0.047188
10199	0.047156
4611	0.047154
4175	0.047147
10111	0.047119
5376	0.047106
4032	0.047095
1605	0.047083
545	0.047078
11472	0.047045
12276	0.047037
14263	0.047037
14002	0.047037
14001	0.047037
14000	0.047037
13998	0.047037
13996	0.047037
6666	0.047037
5064	0.047037
4854	0.047037
4852	0.047037
6217	0.047035
781	0.046928
12187	0.046913
4176	0.046893
5736	0.046887
7400	0.046881
6182	0.046852
11102	0.046850
11512	0.046826
268	0.046791
74	0.046727
4529	0.046703
11568	0.046681
11143	0.046674
4834	0.046661
570	0.046647
1134	0.046637
1174	0.046626
9399	0.046612
8353	0.046612
9398	0.046590
4164	0.046580
9682	0.046568
1535	0.046564
10640	0.046556
12496	0.046527
10722	0.046511
6010	0.046484
10523	0.046459
5935	0.046446
2823	0.046431
10751	0.046422
9835	0.046396
3689	0.046357
7246	0.046341
7909	0.046341
6282	0.046332
8656	0.046322
2438	0.046312
6450	0.046294
10130	0.046284
10939	0.046280
9936	0.046243
8708	0.046216
14111	0.046207
14080	0.046207
9937	0.046191
10037	0.046145
86	0.046038
12766	0.046035
4824	0.046013
2632	0.045995
929	0.045990
9215	0.045951
13896	0.045834
2282	0.045808
11502	0.045795
4118	0.045784
12714	0.045716
8140	0.045692
9081	0.045648
9078	0.045648
8947	0.045635
1094	0.045620
12412	0.045608
4042	0.045585
12692	0.045572
9028	0.045514
12143	0.045507
6138	0.045474
10666	0.045458
10647	0.045453
8249	0.045446
8336	0.045400
12415	0.045390
5908	0.045379
13396	0.045335
13338	0.045335
10389	0.045328
10670	0.045260
7007	0.045244
12807	0.045223
12536	0.045217
13155	0.045205
782	0.045187
2766	0.045160
2817	0.045149
9735	0.045143
1608	0.045131
13121	0.045130
4789	0.045130
4788	0.045130
2175	0.045117
4153	0.045032
1507	0.045025
9539	0.045020
5062	0.045014
2881	0.045012
1008	0.045012
10432	0.044993
2201	0.044978
10443	0.044956
3311	0.044939
8135	0.044912
12648	0.044908
13030	0.044895
6305	0.044893
10499	0.044824
2447	0.044795
9094	0.044763
9093	0.044763
9092	0.044763
9065	0.044763
10677	0.044749
8929	0.044741
1090	0.044722
5259	0.044701
4606	0.044687
12577	0.044685
5918	0.044677
227	0.044651
11237	0.044645
4520	0.044619
14222	0.044606
13866	0.044606
4095	0.044592
10852	0.044589
13825	0.044568
5680	0.044531
3786	0.044529
2233	0.044519
2541	0.044476
7955	0.044470
553	0.044442
9711	0.044430
9708	0.044430
9707	0.044430
9705	0.044430
9703	0.044430
5634	0.044415
6660	0.044408
9699	0.044390
1925	0.044365
645	0.044313
9135	0.044309
12146	0.044300
8582	0.044300
7599	0.044300
3695	0.044300
3694	0.044300
3616	0.044300
11486	0.044294
14253	0.044270
3760	0.044256
9919	0.044243
10859	0.044241
1587	0.044173
4886	0.044128
9537	0.044104
8854	0.044071
12516	0.044055
12400	0.044049
11586	0.044049
12002	0.044018
2236	0.043992
11393	0.043973
3545	0.043971
10490	0.043956
5459	0.043946
3598	0.043936
13910	0.043915
10606	0.043897
13899	0.043810
13892	0.043810
7965	0.043810
3948	0.043802
11250	0.043783
12835	0.043771
8652	0.043767
7967	0.043760
11534	0.043752
13496	0.043750
10450	0.043735
2411	0.043665
5046	0.043664
10518	0.043653
11226	0.043606
9089	0.043571
1554	0.043565
12704	0.043562
3984	0.043522
2487	0.043512
77	0.043466
4664	0.043459
10127	0.043459
8432	0.043447
8431	0.043447
948	0.043439
11077	0.043426
11419	0.043360
10369	0.043353
4113	0.043349
7942	0.043342
5033	0.043251
10676	0.043232
5963	0.043190
12695	0.043181
13357	0.043172
3084	0.043169
8092	0.043123
5878	0.043073
10139	0.043011
4112	0.043010
4292	0.042975
549	0.042963
2485	0.042939
9192	0.042888
5156	0.042881
9159	0.042849
10766	0.042841
10765	0.042841
10764	0.042840
10679	0.042840
10712	0.042829
10680	0.042812
11436	0.042808
10711	0.042808
