2297	0.526185
2298	0.425734
556	0.417467
2180	0.372531
2299	0.326366
2250	0.317337
284	0.287745
6832	0.281171
5358	0.263625
2249	0.241613
2300	0.240777
11015	0.237180
4618	0.221644
7422	0.211954
11275	0.200524
11073	0.191405
4325	0.184208
11178	0.180182
3428	0.176045
991	0.171496
7224	0.170132
6574	0.170132
5527	0.170132
4235	0.168404
2176	0.165516
3429	0.164764
2871	0.163943
11109	0.163900
5185	0.163859
11416	0.161993
9085	0.161889
9086	0.161666
10089	0.161214
11091	0.160905
11202	0.158905
677	0.158779
3441	0.158658
4947	0.157790
7036	0.154442
7457	0.146194
10550	0.146179
10255	0.145700
10274	0.144853
3440	0.143078
10275	0.139999
2486	0.139197
14128	0.138597
4319	0.137503
3789	0.136739
12315	0.135144
8623	0.133401
3425	0.132497
10507	0.131657
10801	0.130328
9919	0.128552
7281	0.127541
4792	0.126720
10245	0.123032
3176	0.122566
1030	0.122297
10249	0.121261
11279	0.119528
10273	0.119279
3715	0.118068
874	0.117240
7202	0.116431
3210	0.116026
1808	0.115739
6415	0.114294
8009	0.114260
6084	0.112985
7207	0.112818
3426	0.111108
11074	0.110831
11076	0.110714
6946	0.110687
5883	0.108478
5934	0.107848
5933	0.107848
5880	0.107546
9968	0.104751
10098	0.104202
6758	0.103599
5154	0.101658
639	0.100886
8314	0.100340
3986	0.098176
4204	0.098112
7282	0.097974
10920	0.097781
568	0.096705
2709	0.096577
6938	0.096354
1567	0.096078
11177	0.094972
10097	0.094720
5815	0.093293
12241	0.092795
12240	0.092795
8074	0.092795
7294	0.092795
6054	0.092795
4336	0.092795
4392	0.092788
13719	0.091101
10588	0.091101
7547	0.091101
10925	0.090662
2078	0.089875
14	0.089699
1952	0.089541
7434	0.089066
6053	0.088891
2698	0.088694
11675	0.088686
13340	0.088351
7205	0.088248
2962	0.088234
2708	0.087796
6386	0.087570
2700	0.087483
570	0.087273
7201	0.086995
11987	0.086764
7026	0.086499
5650	0.086299
1953	0.086100
1954	0.086100
10076	0.085764
10077	0.085662
11072	0.084857
12414	0.084845
13054	0.084762
8935	0.084675
2129	0.084530
5876	0.084328
3212	0.084040
13105	0.083809
8570	0.083515
10223	0.083326
1177	0.083270
7203	0.083047
1734	0.083002
1951	0.082769
10129	0.082708
1237	0.082471
7056	0.082311
333	0.082290
2267	0.081974
8572	0.081895
8569	0.081895
8568	0.081895
10389	0.081812
3209	0.081710
5649	0.081331
3375	0.081310
2289	0.080520
5882	0.080423
12283	0.080103
11626	0.079922
10793	0.079789
11033	0.079410
1085	0.079218
9562	0.079190
3100	0.079190
11624	0.079185
3098	0.078888
12118	0.078883
2083	0.078883
2074	0.078883
1899	0.078883
1896	0.078883
6138	0.078526
14227	0.078479
6216	0.078303
3638	0.078235
2344	0.077892
1956	0.077644
12367	0.077477
5672	0.077303
11638	0.077011
5829	0.076994
6101	0.076799
5671	0.076661
11599	0.076432
2169	0.076432
5830	0.075688
1888	0.075588
6530	0.075427
1199	0.075352
2182	0.075255
6528	0.074997
11728	0.074941
10277	0.074781
6157	0.074627
9120	0.074607
12637	0.074276
8922	0.074012
11729	0.074009
2020	0.073765
3819	0.073409
1950	0.073286
10258	0.073186
7359	0.073107
2753	0.073006
6830	0.072713
247	0.072194
11552	0.071863
8855	0.071777
13155	0.071730
6829	0.071706
1172	0.071628
10358	0.071497
6056	0.071368
12441	0.070924
12573	0.070803
7285	0.070709
10622	0.070620
11800	0.070611
12440	0.070453
4090	0.070329
10756	0.070256
4536	0.070185
9262	0.070126
10921	0.070030
11565	0.069562
533	0.069257
10037	0.068943
3473	0.068929
11165	0.068868
8566	0.068487
2185	0.068473
11447	0.068199
6826	0.068109
354	0.067911
2781	0.067896
8832	0.067802
3064	0.067573
7068	0.066941
12048	0.066645
12502	0.066575
1869	0.066530
5441	0.066475
4973	0.066224
1183	0.066174
2594	0.065824
3418	0.065748
12799	0.065692
11239	0.065463
11238	0.065463
7245	0.065463
11747	0.065398
5918	0.065354
7970	0.065335
10018	0.065229
5994	0.065048
5846	0.064972
6324	0.064856
2701	0.064680
13568	0.064225
5995	0.064077
1731	0.063907
1091	0.063765
11589	0.063710
2797	0.063705
10334	0.063492
3174	0.063461
5071	0.063376
4534	0.063363
5362	0.063219
5361	0.063219
5360	0.063219
6455	0.063148
2177	0.062984
4673	0.062858
11904	0.062842
7459	0.062712
11075	0.062428
10049	0.062393
12438	0.062125
7343	0.061993
589	0.061561
3152	0.061426
9917	0.061367
5217	0.061333
5220	0.061298
12017	0.061084
9317	0.060824
4716	0.060708
11697	0.060506
10937	0.060415
4135	0.060360
11989	0.060301
1162	0.060192
12145	0.060123
10515	0.060123
5956	0.060123
5651	0.060048
13164	0.059980
6259	0.059917
12237	0.059882
12238	0.059760
13265	0.059480
6023	0.059469
5957	0.059374
3661	0.059337
7342	0.059309
11658	0.059258
1968	0.059254
8037	0.059206
876	0.059165
323	0.059125
11011	0.058866
14091	0.058741
6814	0.058642
4784	0.058533
4783	0.058475
1879	0.058145
5177	0.057882
4782	0.057861
10426	0.057771
11108	0.057575
683	0.057418
12161	0.057373
11870	0.057373
11794	0.057373
11204	0.057373
11203	0.057373
6144	0.057373
6143	0.057373
6142	0.057373
6141	0.057373
428	0.057304
13157	0.057216
6140	0.057127
6139	0.057127
4530	0.056968
10388	0.056963
7506	0.056842
8890	0.056740
8833	0.056578
12436	0.056545
7817	0.056502
5582	0.056474
2152	0.056370
566	0.055969
13322	0.055943
8596	0.055877
7025	0.055725
9433	0.055704
5851	0.055578
9926	0.055421
9925	0.055421
9924	0.055421
9852	0.055421
7773	0.055421
7447	0.055421
5430	0.055276
12400	0.055051
11586	0.055051
10852	0.054978
4531	0.054852
4535	0.054714
7268	0.054471
5024	0.054376
6741	0.054338
12818	0.054237
5664	0.054201
4974	0.054145
6835	0.054055
11534	0.053930
12147	0.053814
6841	0.053790
13372	0.053772
13285	0.053562
10042	0.053431
8800	0.053184
12277	0.053023
8073	0.053023
6150	0.053023
5944	0.053023
5943	0.053023
499	0.052929
10608	0.052884
13029	0.052809
9738	0.052809
9737	0.052809
8060	0.052809
12507	0.052673
9139	0.052635
14126	0.052544
14125	0.052544
13126	0.052378
6480	0.052370
12832	0.052232
5424	0.052217
5491	0.052180
4402	0.052109
392	0.052070
9579	0.051988
13165	0.051981
5583	0.051955
12396	0.051927
10253	0.051915
9799	0.051910
12393	0.051904
5725	0.051890
4872	0.051753
8065	0.051597
8175	0.051588
3007	0.051547
10808	0.051351
13810	0.051248
2191	0.051225
9170	0.051137
8656	0.051096
303	0.051071
6498	0.050820
10331	0.050800
5423	0.050798
10256	0.050773
8066	0.050375
10548	0.050326
1685	0.050264
3810	0.050092
329	0.050088
330	0.050022
338	0.050012
11564	0.049969
10212	0.049875
12525	0.049712
2097	0.049660
12504	0.049459
10860	0.049451
12286	0.049438
11403	0.049297
6148	0.049297
335	0.049279
334	0.049279
327	0.049279
305	0.049279
302	0.049279
2124	0.049271
316	0.049208
331	0.049143
217	0.049004
12074	0.048997
13291	0.048840
1238	0.048838
2496	0.048811
7088	0.048730
2803	0.048676
310	0.048533
10949	0.048505
4760	0.048442
12772	0.048392
11455	0.048358
11426	0.048358
332	0.048357
3764	0.048194
12091	0.048145
5048	0.048145
3391	0.047994
2377	0.047918
3066	0.047909
5344	0.047882
6700	0.047740
311	0.047735
13360	0.047714
2600	0.047601
328	0.047531
5747	0.047382
12665	0.047324
341	0.047189
9991	0.047183
9198	0.047055
492	0.046920
13306	0.046914
55	0.046899
11781	0.046856
13569	0.046856
12632	0.046829
11575	0.046749
1895	0.046720
312	0.046687
591	0.046541
4532	0.046481
8980	0.046450
8978	0.046450
8977	0.046450
8976	0.046450
8940	0.046450
2109	0.046414
2203	0.046363
10612	0.046285
8938	0.046281
254	0.046100
696	0.046089
12461	0.045928
1876	0.045778
7541	0.045764
5046	0.045737
2001	0.045557
11007	0.045528
2230	0.045408
2453	0.045399
6457	0.045310
13394	0.045264
1889	0.045223
321	0.045053
3806	0.044966
10511	0.044912
6727	0.044907
12779	0.044889
9066	0.044860
12754	0.044840
10440	0.044836
700	0.044812
12066	0.044696
10475	0.044665
306	0.044622
1192	0.044602
9301	0.044473
12836	0.044465
12824	0.044465
11556	0.044280
1357	0.044167
12497	0.044143
4867	0.044113
2595	0.044067
9632	0.044053
12715	0.044024
12773	0.044020
2699	0.043977
9800	0.043931
3341	0.043776
10477	0.043739
8091	0.043648
11065	0.043621
12707	0.043613
8901	0.043544
4617	0.043498
12636	0.043451
8969	0.043417
10992	0.043345
14250	0.043342
10558	0.043342
10555	0.043342
6968	0.043342
11176	0.043329
8042	0.043318
1894	0.043309
12710	0.043257
2284	0.043168
308	0.043098
8356	0.042975
10376	0.042920
10556	0.042898
7462	0.042870
7460	0.042870
12783	0.042818
10215	0.042818
8794	0.042795
11411	0.042569
340	0.042530
314	0.042476
4895	0.042411
7048	0.042357
9764	0.042194
13743	0.042166
604	0.042156
11685	0.042124
7261	0.042101
14343	0.042089
14341	0.042089
14304	0.042089
14292	0.042089
14278	0.042089
14273	0.042089
14164	0.042089
7461	0.042089
13094	0.041953
10451	0.041904
13597	0.041850
13596	0.041850
13595	0.041850
13583	0.041850
13554	0.041850
13402	0.041850
7990	0.041850
7855	0.041817
3111	0.041759
2731	0.041742
9916	0.041525
9880	0.041525
9842	0.041525
9838	0.041525
9822	0.041525
9372	0.041525
8791	0.041525
8790	0.041525
8768	0.041525
2981	0.041471
3851	0.041400
1608	0.041379
9763	0.041378
9759	0.041378
9758	0.041378
8717	0.041378
8716	0.041378
8715	0.041378
678	0.041333
4655	0.041318
10369	0.041243
13838	0.041223
10240	0.041205
561	0.041172
10961	0.041162
13023	0.041146
12043	0.041142
8907	0.041135
3797	0.041132
14249	0.041122
220	0.041077
7388	0.040987
500	0.040715
2532	0.040548
4933	0.040460
13365	0.040265
13697	0.040150
13364	0.040150
675	0.040142
11522	0.040132
10497	0.039911
2889	0.039897
6677	0.039855
10919	0.039826
12408	0.039750
10158	0.039690
12560	0.039589
8234	0.039555
10557	0.039540
4193	0.039482
6569	0.039437
3133	0.039417
9828	0.039349
12521	0.039330
2111	0.039326
9717	0.039309
9436	0.039283
1955	0.039274
7544	0.039222
2170	0.039210
3998	0.039170
5913	0.039162
14348	0.039056
11753	0.039014
2809	0.038938
1436	0.038924
6393	0.038857
5175	0.038852
11019	0.038852
7004	0.038836
2381	0.038787
11068	0.038740
2113	0.038668
2179	0.038631
3068	0.038529
5843	0.038518
2110	0.038154
8001	0.038139
1109	0.038125
12387	0.038085
6009	0.038062
4742	0.038062
5327	0.038056
9992	0.038050
13820	0.038033
4787	0.037898
12202	0.037831
3988	0.037831
6770	0.037818
10020	0.037808
2292	0.037784
10552	0.037760
7468	0.037747
2967	0.037747
13733	0.037734
13729	0.037734
4865	0.037609
7961	0.037582
3987	0.037550
3326	0.037532
13730	0.037521
9202	0.037455
10276	0.037450
12249	0.037398
5008	0.037398
6839	0.037340
11211	0.037328
13095	0.037328
6969	0.037328
10357	0.037325
12533	0.037295
12604	0.037290
12010	0.037287
7028	0.037276
1359	0.037213
12431	0.037170
2423	0.037025
11519	0.037022
8877	0.036949
2581	0.036943
4743	0.036926
13716	0.036867
10127	0.036768
2181	0.036765
10904	0.036759
1741	0.036740
10019	0.036708
12495	0.036703
5942	0.036682
11312	0.036664
4172	0.036536
13558	0.036492
2582	0.036457
5293	0.036445
11742	0.036418
5226	0.036418
10615	0.036416
3030	0.036413
5159	0.036400
2452	0.036392
5218	0.036340
2965	0.036293
5009	0.036252
10272	0.036175
12618	0.036153
12358	0.036093
12437	0.036029
2899	0.035962
9328	0.035960
3077	0.035953
6160	0.035937
7475	0.035889
12690	0.035860
4595	0.035835
13374	0.035828
13373	0.035828
5007	0.035822
9654	0.035790
13744	0.035790
2188	0.035776
7399	0.035681
10514	0.035587
7101	0.035525
1235	0.035507
10213	0.035472
7222	0.035467
13537	0.035455
13845	0.035397
8371	0.035397
9125	0.035342
10646	0.035319
10875	0.035311
6052	0.035294
474	0.035279
3593	0.035232
10048	0.035208
6737	0.035185
13121	0.035161
4789	0.035161
4788	0.035161
716	0.035159
6124	0.035100
690	0.035090
1833	0.035059
10211	0.035032
6963	0.035012
10882	0.034944
5761	0.034934
7486	0.034924
12673	0.034874
6010	0.034868
8655	0.034829
10523	0.034787
13401	0.034785
4177	0.034774
9327	0.034770
6134	0.034726
7005	0.034717
12530	0.034653
13034	0.034631
7006	0.034631
11591	0.034618
3603	0.034612
5026	0.034605
5027	0.034605
6366	0.034564
9876	0.034553
7628	0.034553
7627	0.034553
13718	0.034550
5398	0.034547
12503	0.034514
9946	0.034497
4469	0.034410
10972	0.034390
8909	0.034356
10650	0.034345
9958	0.034332
4790	0.034323
11579	0.034310
9013	0.034286
11940	0.034270
14052	0.034262
10065	0.034262
12262	0.034256
9943	0.034227
2800	0.034179
10554	0.034178
124	0.034168
8319	0.034167
10217	0.034157
10180	0.034157
10161	0.034157
11592	0.034139
12556	0.034121
5524	0.034104
12658	0.034095
11116	0.034095
2795	0.034095
2794	0.034095
3949	0.034067
13110	0.034046
6987	0.033951
11677	0.033908
4494	0.033908
4493	0.033908
3175	0.033905
3135	0.033888
10665	0.033833
14111	0.033809
14080	0.033809
12694	0.033702
11395	0.033694
11122	0.033664
6496	0.033651
5432	0.033651
6692	0.033576
713	0.033568
13916	0.033554
2483	0.033554
7638	0.033521
11234	0.033516
11754	0.033511
2490	0.033505
5940	0.033441
6974	0.033435
8432	0.033408
8431	0.033408
10131	0.033229
108	0.033166
3226	0.033148
11154	0.033134
2828	0.033106
13311	0.033104
9984	0.033075
12311	0.033029
567	0.033028
5958	0.033022
5086	0.032905
11505	0.032883
1132	0.032801
4221	0.032761
10432	0.032759
1506	0.032741
11334	0.032739
4834	0.032733
10005	0.032723
10916	0.032701
4596	0.032690
1111	0.032685
12701	0.032645
4856	0.032638
10419	0.032603
12551	0.032556
5393	0.032520
1643	0.032474
10447	0.032467
10446	0.032467
10445	0.032467
10442	0.032467
10060	0.032463
4365	0.032463
10838	0.032429
5493	0.032415
8135	0.032412
571	0.032381
11852	0.032373
5292	0.032371
10002	0.032295
11459	0.032270
11340	0.032270
6329	0.032270
12750	0.032240
3813	0.032215
7942	0.032196
2813	0.032185
10264	0.032157
10839	0.032098
10443	0.032091
8023	0.032069
12188	0.032062
5343	0.032059
11175	0.032051
12730	0.032040
13151	0.032004
8140	0.031973
10707	0.031970
12833	0.031939
3778	0.031928
3266	0.031920
5679	0.031892
10391	0.031881
11077	0.031871
11424	0.031816
11052	0.031802
93	0.031789
7260	0.031783
12698	0.031700
10948	0.031700
10254	0.031651
4366	0.031588
232	0.031571
11518	0.031565
4117	0.031550
12810	0.031451
12811	0.031446
9200	0.031446
4180	0.031431
3434	0.031374
11415	0.031352
11576	0.031312
9840	0.031295
10311	0.031223
877	0.031217
8092	0.031186
10560	0.031174
8931	0.031142
12768	0.031140
3812	0.031139
12661	0.031135
215	0.031127
8233	0.031109
9870	0.031092
5010	0.031073
13144	0.031055
13427	0.031031
2812	0.031027
12462	0.030971
10685	0.030971
11057	0.030959
6851	0.030914
10499	0.030852
4756	0.030846
7400	0.030837
4141	0.030797
2671	0.030795
10670	0.030786
10720	0.030782
6869	0.030651
4460	0.030617
9915	0.030585
7510	0.030568
5467	0.030468
2831	0.030455
8186	0.030454
10166	0.030450
13246	0.030437
10609	0.030434
531	0.030419
10197	0.030390
9596	0.030348
11966	0.030336
475	0.030308
7764	0.030301
8927	0.030283
7356	0.030279
2099	0.030279
319	0.030272
7363	0.030252
9982	0.030227
9983	0.030220
1778	0.030213
7759	0.030206
7357	0.030206
7355	0.030206
11540	0.030185
5129	0.030179
