3680	0.293502
5176	0.273934
1427	0.255962
10410	0.243643
11389	0.243202
10411	0.242524
4731	0.207806
4675	0.207806
2567	0.204096
4452	0.198109
2566	0.192208
3954	0.185504
7217	0.150230
6476	0.150230
4499	0.147967
3821	0.147400
5153	0.145302
923	0.142779
5941	0.141790
13421	0.140763
8114	0.136509
7065	0.136419
4836	0.135259
3414	0.134518
1847	0.130013
3955	0.129894
458	0.126802
8377	0.126622
3834	0.126560
7078	0.126303
459	0.125897
457	0.125822
13807	0.122641
7223	0.122063
14107	0.121735
14148	0.121088
3091	0.121073
3089	0.121073
3088	0.121073
14147	0.121067
3090	0.121067
14146	0.120743
13460	0.119924
2173	0.118812
3178	0.117487
4748	0.116193
3213	0.113465
3469	0.113050
10607	0.111394
13538	0.111162
6745	0.110866
1193	0.108813
1655	0.107135
7012	0.106691
4713	0.106386
2500	0.105772
11939	0.104953
4896	0.104771
7152	0.104682
6910	0.104675
4293	0.104384
12186	0.103532
11216	0.103416
11386	0.103294
7011	0.103240
9597	0.103104
9355	0.103104
6748	0.103104
10672	0.103002
5734	0.102590
2573	0.101984
699	0.101667
13550	0.101285
776	0.101055
4330	0.100777
10756	0.100358
1878	0.099939
13652	0.099906
10876	0.099881
10919	0.099080
7676	0.098758
9767	0.098560
7453	0.098427
6976	0.098256
3240	0.097963
3191	0.097892
6715	0.097605
8617	0.097001
9766	0.096040
9765	0.096040
13294	0.096014
14179	0.095448
10733	0.092795
8618	0.092350
13394	0.091604
3208	0.091073
13398	0.090162
3953	0.089401
7079	0.088736
5728	0.087524
2724	0.087354
1817	0.087140
9616	0.086993
686	0.086840
1022	0.086437
11419	0.086235
12501	0.086213
3669	0.085581
628	0.085439
11920	0.085096
3927	0.085096
3868	0.085096
13325	0.085073
6449	0.084760
8886	0.084599
5344	0.084389
12561	0.084071
1358	0.083470
3929	0.082953
3928	0.082953
11918	0.081922
6582	0.081522
11648	0.081518
961	0.081228
2927	0.081068
7492	0.080710
3858	0.080558
6534	0.080504
5346	0.080490
6208	0.080328
4879	0.080086
9295	0.080079
5905	0.080062
7864	0.079858
9330	0.079836
6584	0.079815
6581	0.079815
7807	0.079666
3646	0.079551
13721	0.079545
13709	0.079545
7631	0.079438
12736	0.079432
11919	0.079331
13830	0.079155
9579	0.078936
12628	0.078762
882	0.078702
4679	0.078391
9222	0.078368
2033	0.078311
5695	0.078193
8531	0.077893
14221	0.077876
12751	0.077749
7947	0.077639
10863	0.077621
10862	0.077615
5155	0.077373
1507	0.077371
5675	0.077358
5550	0.077143
5666	0.077031
7959	0.077010
7176	0.076927
5602	0.076568
13404	0.076491
5276	0.076394
9675	0.076206
269	0.075861
7220	0.075834
7500	0.075813
3084	0.075440
11011	0.075388
7077	0.075249
8833	0.075067
10583	0.075023
3784	0.074942
2555	0.074875
9500	0.074811
6728	0.074623
4051	0.074614
12642	0.074593
5851	0.073891
11265	0.073863
2929	0.073777
11507	0.073731
9487	0.073712
6908	0.073615
5682	0.073450
9181	0.073412
6031	0.073224
6030	0.073224
5992	0.073224
12544	0.073210
11299	0.073138
11413	0.073112
5465	0.073094
2479	0.073030
11256	0.072986
5174	0.072901
6733	0.072887
9502	0.072766
2559	0.072724
7809	0.072699
2560	0.072422
2552	0.072419
7332	0.072418
6365	0.072418
9898	0.072369
7331	0.072357
11221	0.072276
11325	0.072261
13305	0.072259
3976	0.072239
13708	0.072203
5888	0.072185
2701	0.072163
4024	0.072155
13876	0.072140
8061	0.072140
6222	0.072119
1588	0.072071
5551	0.071888
5600	0.071880
6224	0.071861
2554	0.071796
3156	0.071784
8793	0.071766
8771	0.071766
8770	0.071766
8769	0.071766
8746	0.071766
8745	0.071766
8396	0.071766
7739	0.071665
2558	0.071657
9830	0.071544
5267	0.071441
12558	0.071417
5251	0.071412
12231	0.071408
9501	0.071380
2551	0.071338
249	0.071334
4832	0.071217
12383	0.071206
210	0.071135
1779	0.071067
12117	0.070955
7345	0.070955
3230	0.070944
2553	0.070893
4484	0.070769
14041	0.070725
5665	0.070718
14069	0.070717
5603	0.070629
10057	0.070611
2703	0.070593
1462	0.070574
3232	0.070464
286	0.070416
10835	0.070414
5260	0.070414
9811	0.070369
9739	0.070353
4116	0.070102
3333	0.070029
6482	0.070010
13449	0.069980
650	0.069975
3835	0.069960
8304	0.069931
5605	0.069750
7433	0.069735
11523	0.069682
1582	0.069509
13938	0.069508
2434	0.069448
6223	0.069447
1399	0.069180
10023	0.069064
9182	0.068972
325	0.068922
13491	0.068921
13685	0.068797
13684	0.068797
13683	0.068797
13565	0.068797
4698	0.068774
9598	0.068744
4678	0.068592
6085	0.068575
4486	0.068566
250	0.068554
2556	0.068539
13624	0.068524
13623	0.068524
12312	0.068427
4902	0.068375
13423	0.068334
3867	0.068284
6268	0.068260
3965	0.068172
5308	0.068059
3229	0.067999
13452	0.067951
13405	0.067889
4535	0.067853
13653	0.067681
13555	0.067681
13316	0.067681
10602	0.067681
9718	0.067569
7329	0.067416
12630	0.067365
34	0.067306
5164	0.067227
5163	0.067227
13504	0.067178
14061	0.067118
4793	0.067091
5186	0.067018
10461	0.066883
9212	0.066879
5906	0.066846
9187	0.066824
7485	0.066718
7484	0.066718
5684	0.066621
5413	0.066598
1485	0.066585
10813	0.066445
5326	0.066443
12372	0.066438
3662	0.066417
7050	0.066322
4425	0.066265
5642	0.066115
9002	0.066114
7774	0.066112
5641	0.066112
13808	0.065984
7553	0.065978
13704	0.065958
13702	0.065958
5347	0.065937
10563	0.065906
11511	0.065858
11922	0.065721
9609	0.065682
9580	0.065682
1829	0.065547
5749	0.065432
9331	0.065432
6287	0.065404
2100	0.065327
6928	0.065287
4393	0.065279
9006	0.065248
9004	0.065248
9003	0.065248
9001	0.065248
9000	0.065248
8999	0.065248
8941	0.065248
4016	0.065217
2557	0.065214
9806	0.065178
9805	0.065178
9802	0.065178
9801	0.065178
2286	0.065143
820	0.065099
2869	0.065073
2540	0.065010
13529	0.064986
5601	0.064967
6320	0.064851
7172	0.064839
7317	0.064810
7316	0.064810
7174	0.064810
6338	0.064810
12433	0.064742
10580	0.064628
5930	0.064628
3555	0.064524
3732	0.064523
6452	0.064503
1626	0.064287
7049	0.064152
1164	0.064053
8998	0.064002
9373	0.063995
1822	0.063969
11500	0.063841
11508	0.063803
6958	0.063775
10315	0.063750
9005	0.063656
3504	0.063616
9442	0.063606
10314	0.063586
2472	0.063506
9623	0.063500
1892	0.063473
8763	0.063471
8761	0.063471
13224	0.063456
8816	0.063324
8815	0.063324
8814	0.063324
8812	0.063324
8796	0.063324
8795	0.063324
8777	0.063324
7923	0.063324
2076	0.063322
12418	0.063292
7706	0.063279
1621	0.063273
9453	0.063176
7709	0.063064
8087	0.063002
573	0.062881
7955	0.062727
13588	0.062612
10453	0.062571
3675	0.062546
9652	0.062524
13092	0.062474
9820	0.062451
8735	0.062451
10415	0.062430
6784	0.062430
9416	0.062297
43	0.062209
10416	0.062182
8052	0.062170
5167	0.062047
8864	0.062014
8863	0.062014
8583	0.062014
8124	0.062014
7904	0.062014
7903	0.062014
7902	0.062014
7901	0.062014
7900	0.062014
7899	0.062014
7897	0.062014
7896	0.062014
7895	0.062014
7330	0.061989
7526	0.061973
1260	0.061961
9876	0.061822
7628	0.061822
7627	0.061822
13904	0.061816
10604	0.061637
13748	0.061586
11460	0.061519
11288	0.061519
4790	0.061507
10844	0.061427
12265	0.061408
10431	0.061231
253	0.061025
6955	0.061011
1937	0.060975
6226	0.060900
7726	0.060774
6838	0.060748
3650	0.060728
11471	0.060604
6956	0.060579
2844	0.060538
8889	0.060516
4968	0.060494
262	0.060351
11921	0.060349
13762	0.060305
5546	0.060296
12382	0.060294
1936	0.060177
5187	0.060113
7228	0.060076
14342	0.059856
3231	0.059829
11269	0.059796
9039	0.059425
4410	0.059414
197	0.059383
9329	0.059336
13161	0.059313
12707	0.059280
13160	0.059247
6623	0.059225
695	0.059217
10359	0.059183
1190	0.059117
11166	0.059047
13609	0.059008
11982	0.058863
5414	0.058863
5412	0.058863
2101	0.058817
12565	0.058708
5624	0.058588
2706	0.058585
4735	0.058549
7662	0.058512
11830	0.058446
4639	0.058446
4635	0.058446
4634	0.058446
3082	0.058446
5193	0.058432
1555	0.058383
9721	0.058383
7948	0.058383
7778	0.058383
7618	0.058383
7113	0.058383
6938	0.058366
4384	0.058343
11209	0.058246
11208	0.058238
4143	0.058198
31	0.058119
12564	0.058104
6422	0.058064
5490	0.058011
11128	0.058005
10650	0.057927
11815	0.057923
6382	0.057914
1286	0.057867
11988	0.057827
1647	0.057824
9676	0.057775
10603	0.057619
9906	0.057587
4936	0.057566
10923	0.057516
5192	0.057278
11816	0.057206
12547	0.057202
1696	0.057128
9263	0.057102
4078	0.057085
9904	0.057010
10452	0.056943
4533	0.056809
5059	0.056787
64	0.056772
7397	0.056603
3168	0.056575
1041	0.056543
2466	0.056491
2287	0.056473
9118	0.056358
8259	0.056307
3214	0.056288
7534	0.056241
8810	0.056127
6462	0.056101
2546	0.056055
8324	0.056014
3422	0.055934
2966	0.055916
4762	0.055867
4332	0.055718
14097	0.055657
9436	0.055564
6117	0.055455
3743	0.055448
5181	0.055339
12096	0.055297
2522	0.055294
5324	0.055265
6162	0.055208
5991	0.055170
13567	0.055082
5731	0.055082
5730	0.055082
5726	0.055082
5723	0.055082
5722	0.055082
5721	0.055082
5681	0.055082
3427	0.055063
2123	0.055036
4224	0.054997
3678	0.054664
3673	0.054664
9377	0.054610
6867	0.054547
13302	0.054450
9696	0.054424
13363	0.054422
4507	0.054273
2094	0.054185
9121	0.054167
9112	0.054167
13083	0.054163
10497	0.054072
12317	0.054072
13084	0.054058
9184	0.054058
9180	0.054058
7293	0.054058
7292	0.054058
7291	0.054058
4763	0.054041
1976	0.054040
606	0.054001
1189	0.053960
11470	0.053957
3637	0.053941
888	0.053936
8441	0.053899
8440	0.053899
8959	0.053898
7420	0.053853
3363	0.053807
12402	0.053802
6698	0.053686
12538	0.053603
8141	0.053583
3549	0.053556
12535	0.053454
12570	0.053446
9633	0.053421
9630	0.053421
9628	0.053421
9626	0.053421
9625	0.053421
9624	0.053421
9622	0.053421
9621	0.053421
9620	0.053421
9619	0.053421
9618	0.053421
9615	0.053421
9482	0.053421
199	0.053421
1963	0.053386
2797	0.053321
1039	0.053216
1891	0.053198
9183	0.053177
9196	0.053161
5858	0.053094
9362	0.053080
254	0.053080
10234	0.053067
4213	0.053000
3803	0.052810
7341	0.052769
5264	0.052765
2417	0.052762
11649	0.052652
9612	0.052642
3254	0.052614
3506	0.052599
304	0.052592
11199	0.052572
7818	0.052529
40	0.052411
12039	0.052406
8535	0.052372
9613	0.052281
6971	0.052224
7992	0.052177
6129	0.052090
9450	0.052064
12279	0.052035
11825	0.052035
6270	0.052035
6269	0.052035
12657	0.051996
9564	0.051893
3566	0.051893
3801	0.051887
8116	0.051881
6671	0.051866
8960	0.051856
11104	0.051820
3220	0.051818
11255	0.051605
2588	0.051587
3879	0.051579
700	0.051563
12782	0.051409
1336	0.051376
3039	0.051342
11034	0.051311
10838	0.051274
10528	0.051251
11733	0.051249
11148	0.051201
13607	0.051171
11429	0.051158
11324	0.051158
4496	0.051136
11490	0.051115
10839	0.051043
2442	0.051019
3855	0.051012
10001	0.050982
9179	0.050939
819	0.050901
3263	0.050800
2543	0.050743
1021	0.050693
11193	0.050663
11192	0.050663
10618	0.050548
11014	0.050437
4972	0.050398
322	0.050360
12719	0.050353
11323	0.050347
5256	0.050299
3242	0.050238
3211	0.050234
220	0.050181
3059	0.050156
11124	0.050004
13361	0.049922
10512	0.049914
11456	0.049911
1201	0.049870
6624	0.049866
2612	0.049816
11314	0.049679
4569	0.049666
3643	0.049613
6395	0.049580
10747	0.049509
245	0.049480
11860	0.049468
7234	0.049449
4708	0.049442
11528	0.049371
14178	0.049347
7935	0.049347
6816	0.049291
4350	0.049282
3822	0.049274
2188	0.049234
205	0.049218
203	0.049218
11342	0.049162
10746	0.049162
69	0.049037
10156	0.049015
11212	0.048998
13955	0.048972
5520	0.048927
11465	0.048917
3185	0.048851
492	0.048846
9606	0.048832
1568	0.048689
633	0.048677
6638	0.048673
10435	0.048577
3649	0.048549
13277	0.048537
6756	0.048510
12112	0.048430
4439	0.048367
2561	0.048329
5554	0.048319
7415	0.048314
6643	0.048287
12183	0.048275
3599	0.048211
2586	0.048206
3888	0.048166
10088	0.048146
10127	0.048055
5213	0.048023
7056	0.047965
8565	0.047964
5158	0.047963
14151	0.047962
3857	0.047962
3630	0.047959
3676	0.047942
7815	0.047940
9587	0.047936
13851	0.047922
11056	0.047904
30	0.047883
9578	0.047881
426	0.047822
1421	0.047738
11454	0.047690
5266	0.047649
8625	0.047623
42	0.047603
4436	0.047533
5165	0.047496
11455	0.047480
11426	0.047480
5664	0.047435
13326	0.047419
1231	0.047383
2790	0.047367
9357	0.047317
10949	0.047290
7160	0.047233
1556	0.047186
9839	0.047181
11681	0.047134
8370	0.047073
6704	0.047036
4761	0.047012
6861	0.047003
2027	0.046996
2435	0.046926
419	0.046918
6597	0.046883
1332	0.046882
13246	0.046863
5961	0.046814
9153	0.046811
10541	0.046796
33	0.046756
2107	0.046750
14013	0.046709
2253	0.046709
7154	0.046698
2465	0.046698
10894	0.046669
8373	0.046513
8240	0.046513
12753	0.046435
889	0.046421
5227	0.046329
924	0.046322
4646	0.046316
696	0.046275
1243	0.046247
1680	0.046215
4532	0.046201
14315	0.046117
13475	0.046109
10941	0.046093
6860	0.046078
13598	0.045949
2105	0.045947
1893	0.045916
12010	0.045850
8609	0.045775
9322	0.045763
9593	0.045744
759	0.045705
12424	0.045694
2377	0.045687
10050	0.045655
5716	0.045615
6159	0.045607
6158	0.045607
2475	0.045602
12297	0.045596
8098	0.045596
1463	0.045580
9594	0.045521
9592	0.045521
9591	0.045521
9335	0.045521
7299	0.045521
7298	0.045521
5044	0.045496
10632	0.045375
8253	0.045327
10907	0.045291
656	0.045281
10237	0.045227
6283	0.045222
8128	0.045219
10554	0.045190
1545	0.045129
7530	0.045118
8700	0.045050
5496	0.045026
9264	0.044979
8929	0.044978
6445	0.044921
3760	0.044894
9347	0.044881
12763	0.044862
14349	0.044808
14344	0.044808
14316	0.044808
14309	0.044808
14306	0.044808
14260	0.044808
14240	0.044808
14216	0.044808
14168	0.044808
1613	0.044768
760	0.044738
9253	0.044697
1628	0.044622
7095	0.044570
11558	0.044561
11935	0.044494
10104	0.044493
7483	0.044490
9266	0.044449
12507	0.044430
10782	0.044410
4154	0.044373
10066	0.044365
1612	0.044343
6836	0.044293
5112	0.044291
4962	0.044205
11616	0.044195
4648	0.044195
4643	0.044195
13821	0.044159
3716	0.044141
9920	0.044117
13498	0.044111
13146	0.044101
8314	0.044095
4645	0.044085
7295	0.044082
6501	0.044052
2341	0.044044
8179	0.044005
6586	0.043997
698	0.043987
9885	0.043985
9851	0.043985
8828	0.043985
8826	0.043985
8825	0.043985
8811	0.043985
7781	0.043985
11534	0.043982
13008	0.043966
13415	0.043923
2599	0.043907
6316	0.043890
5106	0.043878
5104	0.043878
2817	0.043873
10067	0.043827
3489	0.043827
3486	0.043815
10499	0.043800
12380	0.043791
817	0.043723
7306	0.043704
13994	0.043697
7931	0.043697
6815	0.043645
11476	0.043557
5249	0.043525
4292	0.043524
10597	0.043520
13414	0.043519
10640	0.043490
683	0.043484
7576	0.043480
8246	0.043472
11290	0.043442
2008	0.043419
9818	0.043359
9693	0.043359
341	0.043298
44	0.043240
4085	0.043237
12515	0.043226
13497	0.043157
11482	0.043142
8778	0.043101
8779	0.043100
4144	0.043035
629	0.043014
11191	0.043007
6266	0.042951
3681	0.042923
13798	0.042904
6882	0.042862
3247	0.042862
9503	0.042840
10331	0.042830
9233	0.042754
12720	0.042745
