1379	0.244330
2374	0.239729
104	0.226867
11627	0.226187
13021	0.225521
5405	0.225521
12257	0.225516
4928	0.220456
1380	0.219599
5404	0.218585
982	0.218268
12139	0.216533
2399	0.213709
1356	0.213574
5015	0.213059
1866	0.210854
2398	0.209554
2012	0.206781
9267	0.206146
1868	0.205379
1026	0.203399
3225	0.202565
11296	0.201324
3696	0.201249
1960	0.199922
1895	0.199850
10220	0.199363
10326	0.199201
1029	0.199070
9260	0.198825
162	0.198091
12643	0.195532
5300	0.195100
3244	0.195028
1272	0.193138
9706	0.192851
8156	0.192376
6925	0.192376
6511	0.191585
6951	0.191549
4587	0.191513
6924	0.190328
11758	0.190107
4960	0.189778
6295	0.189579
1998	0.189122
5971	0.187809
8755	0.187748
8754	0.187748
8753	0.187748
8752	0.187748
8751	0.187748
5973	0.187748
5972	0.187748
2769	0.187108
10917	0.186477
410	0.186295
2865	0.185913
1292	0.185177
1873	0.184936
7868	0.184876
13711	0.184753
5560	0.184753
1958	0.184699
79	0.184382
1760	0.183942
13093	0.183919
12831	0.183919
2073	0.183839
6292	0.183732
12252	0.183462
3910	0.183365
6111	0.183189
236	0.183127
12190	0.183083
82	0.183042
3926	0.182902
9077	0.182872
4730	0.181628
9244	0.180828
2006	0.180753
909	0.180549
72	0.179736
106	0.179391
2717	0.178762
2757	0.178652
128	0.178500
709	0.177436
11155	0.177356
12845	0.177043
12273	0.176640
5296	0.176378
1288	0.176364
3015	0.176184
12365	0.176134
1374	0.175243
2754	0.175015
5305	0.174385
7351	0.174110
2345	0.174083
71	0.173941
1502	0.173624
4581	0.173516
11896	0.173389
10286	0.173165
9975	0.172907
1200	0.172638
5272	0.172400
1153	0.171824
1962	0.171278
3794	0.171269
839	0.171152
5242	0.171039
3556	0.170480
2758	0.169930
11803	0.169720
6299	0.169140
4231	0.168896
6509	0.168702
1249	0.168521
8506	0.167355
6082	0.167284
6317	0.166930
13937	0.166914
730	0.166895
13276	0.166541
1755	0.166432
1672	0.166394
1851	0.165752
1395	0.165267
233	0.165213
10224	0.165168
2590	0.165029
11805	0.164593
7830	0.164522
3192	0.164357
4555	0.163993
11820	0.163932
238	0.163584
11831	0.163255
944	0.163240
1317	0.163167
1199	0.162981
1307	0.162607
309	0.162457
209	0.162394
2450	0.162193
2872	0.161983
7803	0.161893
11042	0.161762
13844	0.161747
3832	0.161594
13859	0.161571
88	0.161546
143	0.161518
1647	0.161499
11049	0.161493
11080	0.161470
10363	0.161305
471	0.161260
9063	0.161149
2768	0.160955
84	0.160897
2570	0.160882
2356	0.160524
1326	0.160455
1458	0.160426
8451	0.160281
3329	0.160127
3776	0.160055
6003	0.159929
1845	0.159810
1902	0.159761
2022	0.159756
12174	0.159752
1088	0.159694
9140	0.159685
1994	0.159491
758	0.159351
4697	0.159130
7579	0.159047
6089	0.158968
6091	0.158824
6090	0.158824
11120	0.158674
4127	0.158662
1846	0.158592
166	0.158575
2568	0.158536
7440	0.158207
5559	0.158049
9247	0.157959
369	0.157873
1143	0.157833
4817	0.157816
12077	0.157619
6461	0.157619
3711	0.157619
12634	0.157586
1482	0.157525
13235	0.157496
12392	0.157484
14415	0.157483
9277	0.157483
1810	0.157226
1320	0.157117
11103	0.156897
4128	0.156882
5724	0.156415
1874	0.156328
7263	0.155910
9252	0.155479
10159	0.155439
1324	0.155327
2621	0.155297
9326	0.155241
11705	0.155152
5107	0.154832
3195	0.154775
4720	0.154503
5070	0.154395
4901	0.154353
307	0.154322
1742	0.154226
12234	0.154091
8335	0.154089
1444	0.153972
1323	0.153860
3190	0.153768
6192	0.153538
5263	0.153417
4215	0.153172
2004	0.153057
4890	0.152887
1388	0.152878
5001	0.152877
4334	0.152874
11277	0.152802
3913	0.152753
10160	0.152708
3893	0.152527
1646	0.152509
2024	0.152313
4926	0.152303
5463	0.152271
6095	0.152006
14416	0.151998
2020	0.151926
6553	0.151783
4210	0.151783
9325	0.151578
4559	0.150871
6198	0.150855
7654	0.150837
231	0.150797
13148	0.150790
13147	0.150790
7892	0.150790
6298	0.150790
6297	0.150790
9999	0.150668
1087	0.150617
4255	0.150559
12540	0.150544
4132	0.150493
3831	0.150493
12876	0.150304
8600	0.150256
155	0.150106
6552	0.150106
6890	0.150052
8966	0.149810
7606	0.149731
6872	0.149477
12131	0.149211
2641	0.149211
2640	0.149211
3520	0.149065
9316	0.149039
4996	0.148938
6404	0.148920
4488	0.148813
6105	0.148786
1318	0.148763
11827	0.148708
3159	0.148708
1879	0.148700
5759	0.148673
7617	0.148530
816	0.148500
1488	0.148475
6094	0.148449
2402	0.148373
1813	0.148343
7655	0.148333
4512	0.148260
3741	0.148257
9251	0.147960
11856	0.147916
4640	0.147840
943	0.147824
1996	0.147802
1092	0.147764
2007	0.147544
149	0.147449
9607	0.147352
8026	0.147196
5286	0.147181
5152	0.147077
5257	0.147076
807	0.147076
3892	0.146993
4515	0.146870
5988	0.146851
422	0.146830
9431	0.146770
4234	0.146770
1749	0.146709
5481	0.146599
6873	0.146593
100	0.146537
12013	0.146520
6797	0.146105
2656	0.146051
1281	0.146014
1864	0.145801
12746	0.145794
4988	0.145755
4924	0.145688
1974	0.145606
4986	0.145558
2213	0.145551
4923	0.145441
239	0.145389
2392	0.145376
5084	0.145366
8732	0.145331
8711	0.145324
8710	0.145288
4485	0.145227
3691	0.145210
1267	0.145201
1377	0.145153
102	0.145092
6291	0.144980
3710	0.144956
171	0.144950
8348	0.144944
2974	0.144745
12123	0.144677
8417	0.144581
8323	0.144581
13296	0.144526
2587	0.144496
1282	0.144331
2720	0.144329
10258	0.144236
1284	0.144150
8772	0.144135
9540	0.144102
502	0.143985
4884	0.143979
2920	0.143857
1370	0.143807
5537	0.143765
495	0.143688
10592	0.143677
5625	0.143640
9713	0.143621
1771	0.143568
1657	0.143388
2454	0.143372
9279	0.143319
8412	0.143288
9780	0.143135
1389	0.143115
7705	0.143094
6897	0.143094
2219	0.143048
5182	0.142995
7190	0.142925
12868	0.142884
9242	0.142884
9241	0.142884
9240	0.142884
6696	0.142884
7986	0.142877
5000	0.142755
5302	0.142719
12031	0.142610
9257	0.142587
2470	0.142566
11128	0.142534
3568	0.142473
1321	0.142394
3330	0.142309
2707	0.142207
2391	0.142160
8892	0.142160
14234	0.142129
1473	0.142126
1312	0.142106
2499	0.142039
6769	0.142018
2651	0.141934
4251	0.141854
3500	0.141767
5004	0.141741
14094	0.141533
1479	0.141524
11708	0.141511
1266	0.141503
4580	0.141457
2309	0.141404
3611	0.141220
1979	0.140943
9134	0.140792
4290	0.140767
403	0.140712
2467	0.140680
1233	0.140593
7980	0.140589
6149	0.140581
9239	0.140574
10240	0.140496
9480	0.140457
8533	0.140457
5003	0.140439
9702	0.140391
4990	0.140384
11948	0.140366
4995	0.140366
4353	0.140356
11778	0.140311
5380	0.140298
12867	0.140295
12054	0.140280
4577	0.140145
4575	0.140145
9432	0.140106
1093	0.139968
12113	0.139965
13308	0.139947
1226	0.139912
1293	0.139867
9387	0.139840
126	0.139585
4207	0.139558
3022	0.139482
3160	0.139466
9428	0.139448
1310	0.139369
4987	0.139303
4733	0.139271
12771	0.139208
7683	0.139208
12118	0.139202
2083	0.139202
2074	0.139202
1899	0.139202
1896	0.139202
11946	0.139201
4992	0.139189
2001	0.139188
3098	0.139101
7770	0.139089
2704	0.139050
6948	0.138973
5236	0.138934
2702	0.138933
3856	0.138908
2426	0.138868
6557	0.138826
6465	0.138798
6466	0.138778
7090	0.138754
1223	0.138738
9430	0.138737
11603	0.138716
9787	0.138702
9786	0.138702
9785	0.138702
9784	0.138702
9783	0.138702
9782	0.138702
9781	0.138702
9778	0.138702
9280	0.138702
8585	0.138702
8567	0.138702
8553	0.138702
13572	0.138691
6359	0.138686
8712	0.138686
8303	0.138686
8302	0.138686
7362	0.138686
4925	0.138668
6202	0.138644
13297	0.138620
9638	0.138605
2633	0.138567
13273	0.138465
13232	0.138465
11949	0.138465
9429	0.138465
4989	0.138465
4930	0.138455
6081	0.138436
11848	0.138400
4931	0.138376
12285	0.138230
13386	0.138203
2026	0.138194
13310	0.138130
11979	0.138005
4991	0.137969
4301	0.137930
12071	0.137895
175	0.137895
1481	0.137752
9797	0.137710
13571	0.137688
11951	0.137681
13400	0.137621
182	0.137507
2420	0.137486
1656	0.137326
5043	0.137286
2403	0.137215
7767	0.137102
9427	0.137092
7752	0.137084
3709	0.137022
12693	0.137014
2329	0.137005
9548	0.136984
5093	0.136867
9009	0.136831
8260	0.136831
141	0.136790
3455	0.136631
9600	0.136621
4985	0.136601
4357	0.136551
5800	0.136392
4570	0.136380
11604	0.136359
1639	0.136247
4609	0.136234
5330	0.136182
8845	0.136161
1275	0.135989
9686	0.135851
8261	0.135709
10493	0.135698
9246	0.135604
865	0.135553
9562	0.135477
3100	0.135477
10448	0.135377
8180	0.135338
6853	0.135335
11950	0.135265
8249	0.135192
7360	0.134921
3891	0.134895
9913	0.134840
11704	0.134818
1842	0.134767
8804	0.134764
8767	0.134764
8766	0.134764
8764	0.134764
8743	0.134764
8742	0.134764
8741	0.134764
7685	0.134764
7476	0.134764
6637	0.134764
6606	0.134764
7679	0.134669
6005	0.134607
9563	0.134561
4294	0.134559
989	0.134492
1942	0.134372
480	0.134302
5476	0.134223
1637	0.134186
8944	0.134173
2078	0.134118
9041	0.134052
3712	0.134048
2523	0.133998
9144	0.133959
2650	0.133906
8805	0.133784
8765	0.133784
2221	0.133779
3647	0.133738
281	0.133708
5460	0.133623
8709	0.133591
12310	0.133289
14407	0.133261
6909	0.133188
8228	0.133115
153	0.133063
11842	0.133048
6486	0.133048
7227	0.133017
7714	0.132911
9073	0.132871
4572	0.132869
5102	0.132787
7572	0.132721
1589	0.132607
11843	0.132589
6998	0.132589
12233	0.132372
6262	0.132315
5338	0.132290
2783	0.132271
8736	0.132173
9268	0.132145
13849	0.132029
4510	0.132029
11641	0.132023
13880	0.131980
3952	0.131967
6670	0.131956
1877	0.131904
1875	0.131904
3292	0.131817
1173	0.131796
1691	0.131794
3386	0.131762
5782	0.131722
5244	0.131693
5275	0.131240
2378	0.131210
6193	0.131141
1475	0.130990
11751	0.130960
9135	0.130951
823	0.130865
532	0.130862
2905	0.130854
12115	0.130671
1752	0.130612
10399	0.130558
1680	0.130440
9397	0.130425
10925	0.130400
3417	0.130159
11425	0.130135
10379	0.130135
1490	0.130101
1670	0.130022
12128	0.129955
10256	0.129942
5831	0.129726
8801	0.129690
1528	0.129658
4417	0.129650
6190	0.129631
1768	0.129615
13244	0.129513
9143	0.129476
6242	0.129476
10571	0.129395
1903	0.129341
1910	0.129306
755	0.129282
1319	0.129240
147	0.129136
1975	0.129133
13289	0.129055
13256	0.129055
13127	0.129055
3588	0.128937
1754	0.128844
3970	0.128785
9957	0.128707
3770	0.128643
169	0.128585
2455	0.128469
5840	0.128416
1984	0.128402
7270	0.128368
1404	0.128368
1988	0.128351
6213	0.128339
2274	0.128303
800	0.128249
4753	0.128185
1870	0.128090
11066	0.128018
6949	0.127978
1028	0.127962
13227	0.127961
9156	0.127884
4281	0.127867
11927	0.127849
2759	0.127849
9539	0.127820
13272	0.127794
2786	0.127794
2782	0.127794
1505	0.127794
11928	0.127780
8501	0.127780
2779	0.127780
2756	0.127780
7257	0.127631
4759	0.127579
3530	0.127482
4571	0.127435
2649	0.127375
925	0.127274
6501	0.127240
5002	0.127216
6181	0.127183
4203	0.127036
9970	0.126920
6913	0.126898
9149	0.126887
9729	0.126845
551	0.126738
7052	0.126641
1305	0.126634
4479	0.126617
10296	0.126541
3775	0.126497
6818	0.126437
9860	0.126402
11390	0.126385
1376	0.126377
4612	0.126351
9757	0.126306
11740	0.126240
900	0.126090
8676	0.126014
4135	0.125894
5013	0.125830
145	0.125762
10103	0.125670
3535	0.125611
1634	0.125599
9302	0.125537
3204	0.125520
3679	0.125456
1156	0.125418
11771	0.125417
3974	0.125318
5342	0.125300
5306	0.125300
2505	0.125257
4574	0.125228
6704	0.125156
1263	0.125148
5177	0.125095
6356	0.125054
13533	0.125006
13532	0.125006
13531	0.125006
4447	0.124916
9673	0.124875
1997	0.124799
1271	0.124767
5341	0.124741
11442	0.124712
11396	0.124712
4876	0.124458
12639	0.124414
5619	0.124390
13370	0.124252
3271	0.124234
10458	0.124174
13651	0.124146
74	0.124109
7532	0.124095
7358	0.124095
6889	0.124069
1254	0.123980
3116	0.123927
2564	0.123898
2562	0.123898
13510	0.123794
2749	0.123704
4526	0.123540
5618	0.123498
5617	0.123498
4694	0.123471
5105	0.123467
2265	0.123438
11036	0.123336
3433	0.123291
14353	0.123242
3336	0.123176
10254	0.123134
2814	0.123121
10265	0.123100
13245	0.123062
5172	0.122999
888	0.122950
224	0.122939
2030	0.122917
13050	0.122915
10980	0.122710
158	0.122653
6197	0.122639
1905	0.122634
948	0.122596
8625	0.122465
12729	0.122350
708	0.122293
4781	0.122290
829	0.122278
3321	0.122278
5365	0.122239
11197	0.122194
9856	0.122180
6474	0.122151
1625	0.122107
11690	0.122106
10332	0.122106
7549	0.122051
10524	0.122049
1661	0.122023
440	0.121967
974	0.121955
6671	0.121892
70	0.121883
5234	0.121841
2445	0.121778
13588	0.121574
7598	0.121567
8604	0.121502
2815	0.121413
12752	0.121406
571	0.121392
1491	0.121370
976	0.121352
4391	0.121343
9121	0.121340
9112	0.121340
11246	0.121239
8010	0.121206
6806	0.121202
9102	0.121172
726	0.121165
3394	0.121163
10459	0.121107
9419	0.121073
4372	0.121031
11647	0.121002
9740	0.120975
10822	0.120963
12135	0.120929
3275	0.120915
6227	0.120901
6554	0.120898
1642	0.120851
4862	0.120808
11850	0.120797
3322	0.120781
1936	0.120690
11972	0.120686
2854	0.120686
12097	0.120618
927	0.120580
6167	0.120533
5767	0.120527
11947	0.120496
11945	0.120496
1674	0.120378
9629	0.120360
6256	0.120329
11543	0.120319
12316	0.120310
2849	0.120192
2498	0.120176
8514	0.120161
8505	0.120161
11810	0.120130
1174	0.120067
14116	0.120047
10257	0.120019
180	0.120012
2631	0.120001
9788	0.119988
9226	0.119983
9217	0.119983
8534	0.119983
7827	0.119983
1652	0.119912
1750	0.119909
2413	0.119904
13304	0.119886
4997	0.119873
13747	0.119810
3799	0.119810
2737	0.119699
8925	0.119696
8974	0.119604
56	0.119588
11636	0.119552
467	0.119551
6784	0.119527
12839	0.119516
5827	0.119469
9710	0.119377
1308	0.119322
797	0.119275
13612	0.119264
2393	0.119243
11681	0.119129
12014	0.119120
4868	0.119102
9334	0.119082
12479	0.119041
12478	0.119041
12477	0.119041
12475	0.119041
12472	0.119041
12471	0.119041
12469	0.119041
12467	0.119041
468	0.118892
3070	0.118877
9441	0.118873
2056	0.118851
845	0.118844
6175	0.118727
4331	0.118695
6475	0.118660
3619	0.118591
11923	0.118539
13918	0.118536
1316	0.118482
1937	0.118481
1154	0.118476
5768	0.118418
1966	0.118388
2415	0.118345
8936	0.118266
1869	0.118257
13644	0.118254
1638	0.118132
5090	0.118125
5052	0.118114
6196	0.118087
2469	0.117879
2205	0.117553
5716	0.117506
848	0.117405
12032	0.117324
101	0.117322
2785	0.117259
4323	0.117237
12035	0.117229
3613	0.117210
5758	0.117179
5604	0.117136
8853	0.117121
1695	0.117082
4550	0.116961
6278	0.116940
648	0.116859
1287	0.116825
1995	0.116820
3618	0.116803
3692	0.116781
6744	0.116745
13888	0.116722
8104	0.116715
12470	0.116714
7954	0.116706
2380	0.116671
92	0.116644
1927	0.116635
10870	0.116634
8899	0.116564
5558	0.116563
6856	0.116470
5406	0.116286
1302	0.116195
11840	0.116069
2431	0.116043
13617	0.116018
13528	0.116018
7885	0.116018
6855	0.116018
4845	0.116017
237	0.115953
9333	0.115939
5775	0.115908
5264	0.115895
