1728	0.182240
4478	0.174073
1362	0.174062
9396	0.174062
4481	0.174062
919	0.169683
1363	0.164959
734	0.156907
8571	0.147140
6802	0.141464
1251	0.137349
9992	0.132407
9403	0.130068
7407	0.129799
3853	0.129799
966	0.129440
12669	0.128571
2740	0.128252
3920	0.127739
1060	0.127275
1095	0.125387
12078	0.125357
413	0.124652
10095	0.124479
12408	0.124454
9395	0.123896
11354	0.123294
1032	0.123197
1729	0.121743
13385	0.121058
9853	0.117768
2153	0.117607
960	0.117574
167	0.117221
2710	0.116901
8111	0.116100
11492	0.115617
8469	0.115487
12347	0.114252
3845	0.113257
1061	0.112946
11819	0.112020
6660	0.111976
11092	0.111323
11572	0.110998
1924	0.110751
10304	0.110631
5638	0.110462
12742	0.109673
587	0.109337
908	0.108652
387	0.108467
9490	0.107881
11502	0.107793
8054	0.106910
6887	0.106888
12762	0.106586
11959	0.106256
4775	0.106233
6626	0.105907
10046	0.105879
7269	0.105362
692	0.105203
4776	0.104700
4777	0.104490
7541	0.104325
995	0.104294
3171	0.104283
11474	0.104247
484	0.104204
3919	0.104062
12584	0.104059
3848	0.103690
3584	0.103670
11995	0.103628
11994	0.103592
2826	0.103592
7819	0.103463
10043	0.103460
10044	0.103420
6878	0.103220
1062	0.103205
2738	0.102729
12426	0.102708
2744	0.102597
1721	0.102162
11433	0.101896
965	0.101599
3298	0.101504
7280	0.101328
1857	0.101255
14119	0.101231
5974	0.101135
7388	0.101087
2328	0.100976
9127	0.100865
3763	0.100642
2739	0.100520
11538	0.100468
11878	0.100241
9111	0.099979
12597	0.099813
1103	0.099804
821	0.099460
4221	0.099448
9091	0.099306
1807	0.099284
9554	0.099189
8200	0.099189
774	0.099147
6289	0.098996
10506	0.098711
1045	0.098711
1261	0.098605
12494	0.098569
1724	0.098511
11366	0.098422
4729	0.098225
9090	0.097958
7053	0.097829
1442	0.097738
4819	0.097681
740	0.097616
2668	0.097533
1108	0.097330
388	0.097151
7070	0.097065
10674	0.096507
3474	0.096480
11312	0.095952
12803	0.095936
3350	0.095843
11571	0.095337
567	0.095298
5670	0.094853
1046	0.094742
12808	0.094322
391	0.094118
5491	0.094004
3521	0.093924
844	0.093832
496	0.093769
2778	0.093656
4313	0.093231
6577	0.093068
12832	0.092762
12047	0.092688
9522	0.092625
917	0.092411
3021	0.092350
4317	0.092200
4315	0.092200
4311	0.092200
4310	0.092167
9835	0.092104
7946	0.091829
1063	0.091794
3541	0.091772
9519	0.091649
2680	0.091388
8321	0.091283
11491	0.091250
999	0.091126
8320	0.091020
7268	0.090921
3280	0.090895
10149	0.090771
9614	0.090751
138	0.090553
12668	0.090436
906	0.090347
12080	0.090161
6250	0.090020
13389	0.089878
9029	0.089858
12743	0.089722
12499	0.089674
6922	0.089597
228	0.089411
12638	0.089329
5515	0.089281
7030	0.089226
6334	0.089184
11496	0.089178
4194	0.089136
12515	0.089065
4601	0.089063
10561	0.088952
6877	0.088548
3266	0.088483
12793	0.088401
10139	0.088396
993	0.088356
12381	0.088349
12500	0.088136
12524	0.088125
3746	0.088122
12384	0.088079
8132	0.088075
4226	0.088018
4818	0.087938
1464	0.087895
1538	0.087854
2342	0.087740
2663	0.087718
12560	0.087594
1507	0.087582
5836	0.087467
913	0.087411
7333	0.087198
3297	0.087190
3632	0.087065
9349	0.087063
191	0.087032
12749	0.086986
12748	0.086986
11485	0.086964
1391	0.086929
3540	0.086898
7134	0.086875
8080	0.086871
10873	0.086685
11642	0.086598
7553	0.086505
520	0.086405
14063	0.086356
4822	0.086253
5350	0.086089
3117	0.086063
12647	0.086046
8918	0.085940
3384	0.085830
7964	0.085693
7336	0.085685
11084	0.085617
11083	0.085617
9380	0.085617
9378	0.085617
9376	0.085617
9374	0.085617
7339	0.085617
7338	0.085617
7335	0.085617
7334	0.085617
3543	0.085507
5639	0.085400
12503	0.085355
2667	0.085225
3339	0.085053
2530	0.085046
8397	0.084958
9389	0.084815
358	0.084683
12935	0.084634
13254	0.084629
12934	0.084629
12933	0.084629
12932	0.084629
12081	0.084629
8996	0.084629
8994	0.084629
8992	0.084629
9179	0.084598
11537	0.084588
6354	0.084584
5065	0.084545
7337	0.084520
907	0.084452
12379	0.084411
1727	0.084407
12406	0.084375
7146	0.084312
12930	0.084300
12928	0.084300
3806	0.084131
11486	0.084097
12677	0.084001
4957	0.083895
12695	0.083779
5751	0.083757
3198	0.083698
963	0.083696
5426	0.083493
11495	0.083465
12571	0.083362
11518	0.083355
3633	0.083246
12812	0.083153
810	0.083118
9332	0.083112
3841	0.082926
1179	0.082864
2164	0.082863
10983	0.082670
10153	0.082582
10722	0.082523
5022	0.082365
10492	0.082296
12926	0.082279
1138	0.082190
10836	0.082164
7898	0.082122
12833	0.082053
12413	0.082044
10336	0.081994
7619	0.081922
4455	0.081774
10313	0.081649
12536	0.081618
2293	0.081467
638	0.081458
10163	0.081427
4031	0.081319
12864	0.081284
12506	0.081279
12314	0.081240
8749	0.081236
8748	0.081236
11160	0.081202
7451	0.081184
12498	0.081063
7481	0.081024
10476	0.080950
12859	0.080898
12860	0.080892
4261	0.080831
12776	0.080786
3047	0.080739
5112	0.080730
10263	0.080665
12415	0.080609
12301	0.080585
12537	0.080559
6749	0.080262
811	0.080262
11431	0.080225
3947	0.080220
8594	0.080219
7432	0.080219
9437	0.080212
11955	0.080133
3810	0.080015
9829	0.079977
12539	0.079943
10998	0.079928
10997	0.079928
9827	0.079923
10647	0.079917
882	0.079836
11047	0.079674
12659	0.079545
12412	0.079400
12874	0.079382
10682	0.079286
2857	0.079244
10140	0.079151
12411	0.079074
12630	0.079023
11351	0.078994
3301	0.078983
10068	0.078946
5985	0.078836
12401	0.078695
10142	0.078666
10802	0.078662
2919	0.078613
1000	0.078572
356	0.078571
13154	0.078556
7529	0.078533
12258	0.078399
12505	0.078373
10441	0.078121
12852	0.078046
12513	0.077821
13153	0.077673
10171	0.077673
10170	0.077673
7425	0.077533
8251	0.077416
6690	0.077407
1730	0.077396
5089	0.077240
6471	0.077239
12678	0.077193
4295	0.077142
7817	0.077083
12804	0.077065
2251	0.077061
12931	0.077049
12929	0.077040
11934	0.076997
3981	0.076983
5511	0.076856
12107	0.076837
10903	0.076826
957	0.076811
954	0.076811
11419	0.076762
11494	0.076754
14276	0.076727
13428	0.076727
5473	0.076710
13710	0.076506
2665	0.076491
1040	0.076458
12518	0.076433
9497	0.076395
969	0.076330
12079	0.076324
9518	0.076225
13619	0.076193
1720	0.076191
1098	0.076134
11877	0.076100
9790	0.076059
7028	0.075931
8909	0.075906
11535	0.075850
3104	0.075818
737	0.075773
3683	0.075721
10318	0.075635
4151	0.075624
11031	0.075608
11551	0.075569
733	0.075561
2545	0.075551
12927	0.075521
481	0.075503
3564	0.075442
2719	0.075306
6418	0.075004
13524	0.074974
7961	0.074719
8794	0.074673
12230	0.074635
12593	0.074484
10373	0.074424
13324	0.074418
3332	0.074318
12829	0.074276
12850	0.074212
11539	0.074209
6416	0.074194
620	0.074179
11554	0.074122
2949	0.074069
11734	0.074035
3286	0.074031
3026	0.074007
592	0.073991
5455	0.073913
5854	0.073819
12854	0.073759
5073	0.073720
6809	0.073702
7327	0.073578
5230	0.073570
12588	0.073479
12628	0.073431
739	0.073420
10681	0.073418
2338	0.073406
7530	0.073406
4932	0.073403
634	0.073179
12394	0.073118
2791	0.073079
4966	0.073043
13058	0.073010
7945	0.073010
10926	0.072991
7820	0.072925
6613	0.072792
864	0.072766
12395	0.072692
6423	0.072657
173	0.072650
11322	0.072622
10527	0.072569
12727	0.072559
14245	0.072497
11026	0.072481
741	0.072480
3300	0.072475
12497	0.072411
4956	0.072386
8465	0.072359
3764	0.072342
9493	0.072298
834	0.072146
5143	0.072120
11446	0.072095
4144	0.072076
3139	0.071926
359	0.071919
12576	0.071915
7114	0.071834
12512	0.071793
1826	0.071777
12664	0.071761
2904	0.071761
642	0.071704
3141	0.071677
9138	0.071655
4318	0.071654
750	0.071620
2722	0.071511
12538	0.071503
12552	0.071434
3601	0.071426
4033	0.071420
627	0.071319
13994	0.071262
7931	0.071262
2126	0.071261
4921	0.071181
1828	0.071069
2031	0.070979
9426	0.070915
1739	0.070901
6367	0.070889
10136	0.070887
7312	0.070875
8661	0.070801
12535	0.070790
157	0.070777
10662	0.070757
964	0.070737
11159	0.070736
272	0.070626
904	0.070616
3267	0.070601
12193	0.070585
7024	0.070542
10349	0.070522
7368	0.070497
9535	0.070378
9530	0.070378
9527	0.070378
9526	0.070378
9525	0.070378
9524	0.070378
9523	0.070378
9521	0.070378
9517	0.070378
9516	0.070378
9515	0.070378
9513	0.070378
9511	0.070378
9510	0.070378
9243	0.070378
9161	0.070378
6099	0.070378
958	0.070372
11497	0.070355
11151	0.070302
9532	0.070216
2709	0.070159
3630	0.070151
12604	0.070137
10859	0.070105
10784	0.070090
11575	0.070090
3726	0.070033
7535	0.069987
7501	0.069948
9080	0.069899
9608	0.069897
11368	0.069895
4737	0.069888
11599	0.069798
2169	0.069798
3102	0.069783
1390	0.069777
6100	0.069747
938	0.069591
11600	0.069555
7668	0.069493
11540	0.069479
12551	0.069457
12654	0.069449
7037	0.069372
12178	0.069349
2168	0.069344
5616	0.069300
1348	0.069172
10927	0.069104
630	0.069076
13573	0.069055
11101	0.069049
8023	0.069007
9599	0.068922
3597	0.068913
11475	0.068901
3572	0.068843
11438	0.068787
936	0.068735
5086	0.068601
11398	0.068572
12657	0.068554
9946	0.068552
4255	0.068533
6062	0.068416
6021	0.068400
3780	0.068397
12660	0.068311
11343	0.068260
14167	0.068162
3342	0.068137
3782	0.068089
6808	0.068084
1901	0.068054
5896	0.068000
13404	0.067963
9503	0.067917
13465	0.067906
12200	0.067871
1935	0.067792
784	0.067742
10978	0.067708
8993	0.067699
11400	0.067695
14251	0.067687
6265	0.067687
11293	0.067668
2713	0.067633
8837	0.067628
4738	0.067614
7493	0.067605
7465	0.067569
12185	0.067536
9747	0.067495
6842	0.067490
12683	0.067484
178	0.067443
1328	0.067433
497	0.067334
8070	0.067236
736	0.067236
2294	0.067225
8181	0.067216
8954	0.067207
9531	0.067199
727	0.067142
11013	0.067072
11175	0.067019
11392	0.066992
1564	0.066945
4765	0.066930
8103	0.066890
2642	0.066873
11775	0.066806
3525	0.066806
9879	0.066780
12514	0.066726
4122	0.066629
8003	0.066578
738	0.066577
2503	0.066559
4629	0.066510
6971	0.066427
12814	0.066385
5109	0.066382
3217	0.066303
6499	0.066270
12417	0.066234
4034	0.066234
3072	0.066231
11082	0.066208
12407	0.066173
3658	0.066058
11290	0.065962
10941	0.065961
10339	0.065910
6974	0.065883
11493	0.065819
5957	0.065802
1079	0.065748
194	0.065746
10517	0.065736
10636	0.065708
1934	0.065647
959	0.065582
13314	0.065518
1096	0.065503
7045	0.065482
3488	0.065478
4588	0.065477
4568	0.065476
967	0.065472
5652	0.065448
8478	0.065443
10828	0.065422
11500	0.065412
11448	0.065412
4909	0.065316
9586	0.065300
12754	0.065288
968	0.065287
277	0.065278
6629	0.065222
13580	0.065202
8425	0.065197
2907	0.065186
152	0.065151
617	0.065063
5323	0.065058
11536	0.065056
11173	0.065051
1393	0.064997
7523	0.064988
7405	0.064937
6497	0.064897
2572	0.064793
13020	0.064791
1383	0.064685
15	0.064492
1453	0.064487
6176	0.064483
1725	0.064460
12562	0.064445
2777	0.064444
11134	0.064394
13735	0.064329
13728	0.064329
13726	0.064329
2379	0.064211
11010	0.064165
9449	0.064163
1435	0.064152
7818	0.064136
156	0.064108
3233	0.064101
11025	0.064069
4339	0.064066
3844	0.064052
12526	0.064048
7221	0.064047
260	0.064039
3553	0.064029
12145	0.064029
10515	0.064029
5956	0.064029
3508	0.064009
8730	0.063967
5552	0.063957
2210	0.063916
2243	0.063903
5111	0.063903
11522	0.063830
9288	0.063827
12550	0.063824
1412	0.063641
9558	0.063625
4813	0.063625
4451	0.063585
9611	0.063564
3065	0.063525
9492	0.063452
990	0.063364
11684	0.063321
1744	0.063305
1031	0.063303
6283	0.063279
10195	0.063265
1963	0.063228
5548	0.063181
11498	0.063178
602	0.063148
9890	0.063130
13255	0.063129
9583	0.063117
6714	0.063085
5072	0.063082
5567	0.063062
1584	0.063026
6076	0.063024
8931	0.063002
9916	0.062969
9880	0.062969
9842	0.062969
9838	0.062969
9822	0.062969
9372	0.062969
8791	0.062969
8790	0.062969
8768	0.062969
7091	0.062964
9893	0.062945
9892	0.062945
9888	0.062945
9887	0.062945
9841	0.062945
9821	0.062945
9768	0.062945
9300	0.062945
9294	0.062945
9763	0.062836
9759	0.062836
9758	0.062836
8717	0.062836
8716	0.062836
8715	0.062836
5050	0.062826
12585	0.062751
9641	0.062730
12621	0.062722
10798	0.062689
6874	0.062676
9976	0.062636
7420	0.062632
9847	0.062627
278	0.062626
9764	0.062625
3661	0.062621
3522	0.062617
11508	0.062587
6498	0.062568
7560	0.062559
12594	0.062524
13174	0.062517
6490	0.062507
11374	0.062484
2995	0.062473
6117	0.062375
12414	0.062369
994	0.062368
7991	0.062341
96	0.062316
14109	0.062286
10736	0.062286
718	0.062263
12648	0.062255
13011	0.062248
5921	0.062237
6638	0.062232
2859	0.062205
1829	0.062176
10684	0.062162
10735	0.062154
137	0.062106
1441	0.062100
7081	0.062071
12836	0.062028
12824	0.062028
3944	0.061984
397	0.061907
1737	0.061833
4035	0.061816
12073	0.061769
2670	0.061765
9034	0.061764
10542	0.061755
11769	0.061745
13052	0.061726
13010	0.061726
12879	0.061726
11851	0.061704
6927	0.061704
9613	0.061655
11619	0.061632
8141	0.061513
12610	0.061480
2419	0.061442
9967	0.061432
139	0.061425
11215	0.061404
4191	0.061345
10423	0.061305
880	0.061300
9346	0.061300
7728	0.061252
3327	0.061250
1196	0.061248
11515	0.061239
4054	0.061238
6628	0.061232
1313	0.061231
2146	0.061224
955	0.061223
13943	0.061209
671	0.061183
9190	0.061180
3340	0.061169
276	0.061164
11132	0.061135
11090	0.061133
13561	0.061119
10133	0.061119
1961	0.061115
8990	0.061105
8989	0.061105
8987	0.061105
8986	0.061105
8984	0.061105
4078	0.061074
4477	0.061062
952	0.061020
12910	0.061010
12821	0.061009
2851	0.061009
12637	0.060996
1352	0.060991
1439	0.060991
13223	0.060989
11162	0.060946
9499	0.060946
9971	0.060943
12509	0.060921
3659	0.060898
10253	0.060879
5061	0.060863
2285	0.060831
12949	0.060770
12947	0.060770
12946	0.060770
12945	0.060770
12943	0.060770
12942	0.060770
188	0.060741
5801	0.060718
286	0.060686
846	0.060669
6563	0.060669
2942	0.060666
3025	0.060660
13173	0.060654
953	0.060648
5502	0.060646
9689	0.060630
7286	0.060628
9142	0.060600
10042	0.060540
10496	0.060493
10353	0.060453
2583	0.060444
1075	0.060194
4785	0.060158
9238	0.060096
10048	0.060081
6890	0.060021
3945	0.059956
7139	0.059954
4079	0.059934
10721	0.059906
5834	0.059889
1685	0.059794
3843	0.059779
2860	0.059770
13336	0.059734
8901	0.059723
12941	0.059704
6524	0.059702
866	0.059667
11213	0.059661
12715	0.059656
1803	0.059638
4655	0.059601
529	0.059601
11719	0.059582
9943	0.059562
12543	0.059486
3809	0.059486
4889	0.059458
6355	0.059420
2970	0.059394
3819	0.059384
2288	0.059352
3451	0.059333
558	0.059324
956	0.059272
12858	0.059230
12198	0.059224
10351	0.059207
7709	0.059199
7762	0.059161
4579	0.059153
6525	0.059150
13339	0.059123
9590	0.059111
3369	0.059051
379	0.059035
4933	0.058975
12706	0.058969
6479	0.058958
583	0.058957
10526	0.058916
12609	0.058847
12587	0.058831
5250	0.058829
10436	0.058787
978	0.058776
9504	0.058756
12950	0.058752
9857	0.058722
2439	0.058704
12109	0.058682
5948	0.058682
