4078	0.258465
34	0.255835
206	0.187725
5237	0.186261
46	0.180211
12862	0.179301
5240	0.167273
5844	0.167232
7397	0.166630
2546	0.165799
2545	0.165622
31	0.164946
199	0.163838
4453	0.159242
819	0.156374
205	0.156185
203	0.156185
11702	0.155482
13277	0.154837
5684	0.153135
41	0.151996
5238	0.147149
699	0.146767
5239	0.146138
11701	0.144641
12360	0.144330
7711	0.144330
3805	0.142833
6328	0.141417
3213	0.140166
8618	0.138538
11920	0.138473
3927	0.138473
3868	0.138473
5708	0.138470
98	0.138469
6449	0.138338
858	0.138226
286	0.138091
3929	0.138071
3928	0.138071
8886	0.137566
39	0.137209
9616	0.136895
43	0.136455
3680	0.135221
5728	0.134554
3879	0.132594
11919	0.132344
686	0.132308
5709	0.131646
1260	0.131265
5174	0.131134
7709	0.130627
12191	0.129435
9820	0.129132
8735	0.129132
12544	0.128933
5905	0.127928
7864	0.127681
2835	0.127485
13721	0.126803
13709	0.126803
3784	0.126064
5176	0.125988
30	0.125973
7807	0.125735
1138	0.125470
6208	0.124599
11918	0.123903
4832	0.123463
208	0.123173
12359	0.122978
6468	0.122978
13748	0.122955
5606	0.122234
4033	0.122034
3646	0.121758
9295	0.121535
12736	0.121190
11323	0.121165
10862	0.120244
10863	0.119815
1829	0.119537
7959	0.118816
1427	0.118717
3732	0.118690
2927	0.118509
3867	0.118445
2033	0.118166
10583	0.118004
5666	0.117564
820	0.117209
6582	0.116760
13652	0.116437
5550	0.116422
5682	0.116210
10461	0.116185
5602	0.116149
7492	0.115858
9500	0.115709
9187	0.115665
9487	0.115216
3669	0.115039
4024	0.115009
11507	0.114965
2558	0.114851
1892	0.114696
7553	0.114538
2555	0.114494
11413	0.114490
40	0.114351
12039	0.114345
9501	0.114324
7947	0.114235
9502	0.114224
13550	0.114157
11221	0.114077
7332	0.114047
6365	0.114047
7331	0.114041
9898	0.113989
5600	0.113895
2551	0.113776
3976	0.113709
13708	0.113707
9330	0.113697
6584	0.113694
6581	0.113694
5551	0.113673
2560	0.113594
4330	0.113586
13876	0.113576
8061	0.113576
2552	0.113566
269	0.113457
7631	0.113371
11648	0.113320
1588	0.113245
6222	0.113234
6224	0.113229
2554	0.113129
2559	0.113074
12297	0.113011
8098	0.113011
44	0.112980
2076	0.112939
5267	0.112936
11256	0.112903
12231	0.112708
2553	0.112679
5251	0.112676
10057	0.112611
4731	0.112465
4675	0.112465
3716	0.112280
6223	0.112237
13938	0.112198
6534	0.112059
14041	0.111951
13766	0.111847
12383	0.111786
4902	0.111685
5734	0.111549
13607	0.111547
2100	0.111460
5605	0.111098
7077	0.111089
2703	0.110887
11265	0.110662
7739	0.110372
13452	0.110317
13653	0.110216
13555	0.110216
13316	0.110216
10602	0.110216
5318	0.110039
9182	0.110016
6268	0.110001
2556	0.109973
6085	0.109817
10410	0.109593
7809	0.109492
3965	0.109480
5603	0.109478
11389	0.109398
66	0.109264
1582	0.109049
10411	0.108925
65	0.108875
5665	0.108586
4698	0.108472
4793	0.108273
9676	0.108253
8763	0.108209
8761	0.108209
2567	0.108020
5906	0.107768
13808	0.107627
9675	0.107601
5261	0.107596
7485	0.107574
7484	0.107574
3168	0.107160
13421	0.107144
1358	0.107007
1485	0.106907
3555	0.106757
1822	0.106325
6958	0.106213
12565	0.106126
4679	0.105958
13305	0.105531
6462	0.105485
12117	0.105462
7345	0.105462
7220	0.105339
12038	0.105084
9181	0.105049
325	0.104582
2566	0.104573
1399	0.104330
4452	0.104329
7329	0.104193
9373	0.104166
6452	0.103985
10580	0.103972
5930	0.103972
7726	0.103797
5181	0.103760
12433	0.103635
4735	0.103590
2929	0.103549
6928	0.103517
9609	0.103391
9580	0.103391
7706	0.103340
3230	0.103298
8816	0.103255
8815	0.103255
8814	0.103255
8812	0.103255
8796	0.103255
8795	0.103255
8777	0.103255
7923	0.103255
5155	0.103202
10835	0.103141
5260	0.103141
1462	0.103130
33	0.103107
7223	0.102407
6226	0.102386
3091	0.102320
3089	0.102320
3088	0.102320
14147	0.102311
3090	0.102311
14148	0.102291
2434	0.102202
2466	0.102121
14107	0.102072
4425	0.101943
9718	0.101812
14146	0.101799
12382	0.101700
5465	0.101429
4410	0.101419
5308	0.101258
42	0.100945
13405	0.100900
2557	0.100856
11490	0.100514
3039	0.099987
13624	0.099968
13623	0.099968
12312	0.099907
3662	0.099819
1817	0.099688
9329	0.099485
4224	0.099418
13092	0.099114
1847	0.098884
198	0.098830
12570	0.098703
3229	0.098375
10023	0.098375
2706	0.098372
10603	0.098165
13807	0.097914
13529	0.097857
4713	0.097797
10435	0.097518
10315	0.097479
10314	0.097462
6422	0.097349
3626	0.097298
4393	0.096715
4213	0.096645
6382	0.096546
5011	0.096189
3263	0.096183
13039	0.096010
2500	0.095895
9906	0.095860
12564	0.095520
1555	0.095357
4080	0.095106
12751	0.095089
13504	0.094936
6287	0.094933
13491	0.094865
4143	0.094817
4962	0.094703
8169	0.094507
5198	0.094507
8324	0.094367
5991	0.094324
6910	0.094240
277	0.094233
7152	0.094128
5601	0.094127
12547	0.093993
10907	0.093956
3504	0.093827
7534	0.093702
9587	0.093533
13567	0.093532
5731	0.093532
5730	0.093532
5726	0.093532
5723	0.093532
5722	0.093532
5721	0.093532
5681	0.093532
13363	0.093506
610	0.093497
12719	0.093268
6479	0.093137
2869	0.092950
8051	0.092887
12753	0.092674
6816	0.092590
2561	0.092565
13423	0.092140
13404	0.091952
10359	0.091664
9183	0.091519
1336	0.091487
7928	0.091370
4763	0.091323
3232	0.091302
628	0.091279
13083	0.091271
6316	0.091199
13084	0.091121
9184	0.091121
9180	0.091121
7293	0.091121
7292	0.091121
7291	0.091121
5186	0.090728
3675	0.090718
8087	0.090611
9005	0.090464
9118	0.090376
9002	0.090363
13904	0.090169
835	0.090027
11104	0.090016
5558	0.089557
10017	0.089556
3231	0.089533
7229	0.089521
12561	0.089118
5195	0.088717
7963	0.088459
4507	0.088444
3743	0.088311
13846	0.088303
8459	0.088303
7049	0.088260
8052	0.088233
2437	0.088230
9006	0.087880
9004	0.087880
9003	0.087880
9001	0.087880
9000	0.087880
8999	0.087880
8941	0.087880
2540	0.087807
10813	0.087796
5716	0.087756
9830	0.087730
629	0.087657
4016	0.087574
1779	0.087536
3486	0.087455
14315	0.087419
7050	0.087230
3549	0.087228
12372	0.087168
6117	0.086912
9876	0.086868
7628	0.086868
7627	0.086868
4790	0.086756
3485	0.086625
11034	0.086612
14069	0.086490
6638	0.086440
11429	0.086385
11324	0.086385
8998	0.086372
3053	0.085961
12073	0.085898
5025	0.085684
13398	0.085516
1612	0.085450
3834	0.085292
1332	0.085022
4678	0.084803
458	0.084792
7433	0.084727
10497	0.084671
13798	0.084495
6086	0.084492
12109	0.084487
5948	0.084487
2094	0.084411
11454	0.084256
3106	0.084239
13644	0.084139
11500	0.083936
7716	0.083802
13912	0.083723
1421	0.083698
9811	0.083637
9739	0.083590
11935	0.083290
4484	0.082950
7420	0.082944
379	0.082720
11269	0.082678
3469	0.082625
8222	0.082624
14061	0.082618
4533	0.082554
13161	0.082551
13160	0.082533
13538	0.082475
10318	0.082454
5187	0.082227
459	0.082163
6745	0.082115
457	0.082108
5858	0.082003
1963	0.081885
274	0.081433
11053	0.081384
4761	0.081146
13606	0.081120
11555	0.080736
5520	0.080697
1337	0.080645
11419	0.080525
10468	0.080375
212	0.080350
5346	0.080305
4332	0.080285
14093	0.080253
1014	0.080243
5264	0.080200
1397	0.080181
9564	0.080177
3566	0.080177
1507	0.080128
9377	0.080051
11191	0.079975
37	0.079950
7056	0.079491
12380	0.079303
14083	0.079218
14070	0.079030
8346	0.078686
8345	0.078686
8959	0.078650
5256	0.078518
12597	0.078478
383	0.078350
3304	0.078183
8960	0.078142
11175	0.078015
10001	0.077955
8898	0.077913
5276	0.077899
12381	0.077816
11216	0.077699
1597	0.077668
6643	0.077665
10604	0.077593
760	0.077506
5490	0.077423
680	0.077357
1937	0.077320
9721	0.077303
7948	0.077303
7778	0.077303
7618	0.077303
7113	0.077303
11386	0.077172
11530	0.077166
11086	0.077158
11854	0.077098
11179	0.076914
10672	0.076870
10618	0.076843
14342	0.076832
12410	0.076777
13361	0.076722
6836	0.076577
776	0.076514
4292	0.076499
8703	0.076498
2123	0.076483
5344	0.076451
5266	0.076384
6623	0.076363
10756	0.076302
1936	0.076231
671	0.076141
11148	0.076093
6129	0.075968
12536	0.075956
6704	0.075927
13580	0.075862
5688	0.075814
50	0.075801
7337	0.075711
2620	0.075685
13314	0.075590
1613	0.075582
10554	0.075515
9416	0.075512
606	0.075502
852	0.075324
8337	0.075251
6715	0.075251
9436	0.075187
9263	0.075099
10205	0.075060
10331	0.074965
4031	0.074761
3630	0.074614
3312	0.074604
11011	0.074496
8749	0.074413
8748	0.074413
12314	0.074412
2790	0.074363
4639	0.074118
4635	0.074118
4634	0.074118
3082	0.074118
11830	0.074118
12501	0.074075
11007	0.074057
6971	0.074023
9633	0.074009
9630	0.074009
9628	0.074009
9626	0.074009
9625	0.074009
9624	0.074009
9622	0.074009
9621	0.074009
9620	0.074009
9619	0.074009
9618	0.074009
9615	0.074009
9482	0.074009
1340	0.073936
6784	0.073831
7950	0.073679
2008	0.073608
8622	0.073482
4320	0.073476
8718	0.073429
5736	0.073334
9503	0.073306
2701	0.073195
3888	0.073172
2499	0.073112
419	0.073061
3242	0.072956
11501	0.072924
3821	0.072914
9835	0.072736
12628	0.072658
7610	0.072401
5324	0.072393
3254	0.072369
9606	0.072158
1556	0.072155
2472	0.072150
13994	0.072134
7931	0.072134
11212	0.072116
420	0.072069
280	0.072029
9597	0.071822
9355	0.071822
6748	0.071822
6043	0.071819
11132	0.071727
11293	0.071714
4154	0.071707
5752	0.071676
2440	0.071649
4144	0.071640
5753	0.071577
6624	0.071533
7536	0.071357
4190	0.071354
1021	0.071309
6882	0.071256
3247	0.071256
1456	0.071146
11056	0.071129
2372	0.071090
3809	0.071047
6733	0.071015
4079	0.070963
11213	0.070947
13122	0.070876
8661	0.070658
759	0.070634
13008	0.070494
10463	0.070406
249	0.070265
1621	0.070174
9370	0.070083
9991	0.070059
2549	0.069852
665	0.069847
3052	0.069830
3182	0.069721
9229	0.069637
1463	0.069540
10475	0.069499
5667	0.069485
10632	0.069400
12507	0.069335
6159	0.069319
6158	0.069319
5670	0.069279
13486	0.069216
3643	0.069214
11860	0.069158
1600	0.069152
1595	0.069152
1590	0.069152
1549	0.068944
4919	0.068914
12763	0.068906
5059	0.068877
4030	0.068856
10156	0.068848
11374	0.068728
3812	0.068686
6671	0.068596
426	0.068578
1566	0.068549
3813	0.068539
1231	0.068507
11290	0.068490
647	0.068467
11558	0.068453
3841	0.068416
11166	0.068387
10088	0.068273
12535	0.068230
276	0.068178
9612	0.068168
12910	0.068166
5317	0.068153
2550	0.068099
294	0.068068
7095	0.068007
3185	0.067918
9179	0.067904
3341	0.067892
429	0.067888
13827	0.067871
13108	0.067871
13107	0.067871
12882	0.067871
10121	0.067871
8458	0.067871
3078	0.067795
194	0.067681
13830	0.067544
1647	0.067431
5695	0.067420
7330	0.067394
9613	0.067375
1593	0.067369
5241	0.067367
8531	0.067217
12538	0.067217
7818	0.067191
10127	0.067043
4051	0.066950
10941	0.066841
12543	0.066798
9968	0.066366
5249	0.066161
10252	0.066155
270	0.066108
220	0.066060
3746	0.066021
10597	0.066006
1538	0.065943
5112	0.065927
2997	0.065826
11511	0.065781
656	0.065670
11169	0.065640
10119	0.065619
9392	0.065498
8463	0.065486
14096	0.065479
3953	0.065454
4859	0.065378
10209	0.065365
10253	0.065355
13170	0.065279
10102	0.065257
13502	0.065216
10668	0.065216
10494	0.065216
3954	0.065140
376	0.065069
1190	0.064965
6737	0.064962
4945	0.064946
2101	0.064927
3804	0.064846
7453	0.064809
632	0.064797
11921	0.064759
2547	0.064740
5213	0.064707
11510	0.064535
9611	0.064514
9904	0.064466
7676	0.064447
9039	0.064427
10050	0.064386
2543	0.064353
250	0.064345
3600	0.064303
10647	0.064284
13494	0.064180
703	0.064095
12178	0.063971
2802	0.063929
11506	0.063814
3363	0.063813
662	0.063706
1009	0.063547
653	0.063524
6162	0.063498
9725	0.063448
695	0.063427
4791	0.063406
7341	0.063406
375	0.063393
12630	0.063362
9097	0.063194
9096	0.063194
3678	0.063073
3673	0.063073
8926	0.063053
9578	0.063016
7040	0.063005
7898	0.062949
232	0.062901
3490	0.062897
9680	0.062837
7308	0.062837
7265	0.062837
5494	0.062837
2435	0.062835
8114	0.062809
13762	0.062752
7065	0.062689
6698	0.062657
8441	0.062520
8440	0.062520
397	0.062479
195	0.062455
12516	0.062451
5675	0.062339
11325	0.062247
3649	0.062218
8390	0.062201
2548	0.062087
7415	0.062076
8995	0.062054
3650	0.062048
3633	0.061985
4752	0.061969
7154	0.061793
10431	0.061758
218	0.061734
643	0.061729
11460	0.061726
11288	0.061726
7641	0.061658
6341	0.061658
10894	0.061653
8272	0.061652
2948	0.061577
2946	0.061577
3234	0.061473
637	0.061420
64	0.061400
11667	0.061096
11528	0.061077
1341	0.061064
3835	0.061058
13482	0.061018
7217	0.060930
6476	0.060930
5109	0.060854
1581	0.060847
59	0.060842
10876	0.060799
1893	0.060774
12707	0.060748
14249	0.060731
1201	0.060690
3235	0.060604
10492	0.060552
2889	0.060536
11218	0.060517
3059	0.060260
10235	0.060210
8080	0.060207
12280	0.060203
7093	0.060200
2749	0.059969
7819	0.059807
8253	0.059769
4561	0.059744
12640	0.059734
7543	0.059614
6283	0.059538
13588	0.059482
5873	0.059340
2588	0.059193
4499	0.059097
9767	0.059050
11337	0.059050
11539	0.059011
6861	0.058957
9338	0.058928
357	0.058882
9766	0.058871
9765	0.058871
8700	0.058829
542	0.058808
9169	0.058799
661	0.058785
11681	0.058765
10793	0.058737
14349	0.058706
14344	0.058706
14316	0.058706
14309	0.058706
14306	0.058706
14260	0.058706
14240	0.058706
14216	0.058706
14168	0.058706
10919	0.058681
6334	0.058664
2724	0.058621
2334	0.058619
1339	0.058615
8089	0.058587
12426	0.058561
11421	0.058483
11345	0.058483
11335	0.058483
10842	0.058483
961	0.058383
6979	0.058368
4329	0.058343
1655	0.058329
10090	0.058268
7364	0.058227
12658	0.058192
11116	0.058192
2795	0.058192
2794	0.058192
9915	0.058097
9148	0.058063
5941	0.058022
253	0.057990
2800	0.057954
11508	0.057939
8377	0.057929
5887	0.057866
13153	0.057832
10171	0.057832
10170	0.057832
7078	0.057790
13302	0.057636
289	0.057511
10368	0.057491
8336	0.057439
12548	0.057420
6121	0.057338
4717	0.057275
2925	0.057219
5489	0.057182
1642	0.057111
8697	0.057104
10142	0.057093
2594	0.056988
923	0.056945
13449	0.056944
12558	0.056844
8929	0.056804
196	0.056774
4532	0.056734
8593	0.056726
13146	0.056576
4259	0.056543
7234	0.056462
12291	0.056396
12806	0.056396
10891	0.056396
8208	0.056379
2031	0.056364
2586	0.056357
5483	0.056339
11176	0.056231
10626	0.056191
12112	0.056159
4910	0.056158
3582	0.056096
10537	0.056054
10375	0.056024
393	0.056014
7267	0.055998
408	0.055959
10153	0.055838
3955	0.055822
3860	0.055799
644	0.055795
9631	0.055789
3277	0.055754
6728	0.055597
3084	0.055592
6306	0.055561
7213	0.055559
4038	0.055509
6482	0.055501
12720	0.055475
7666	0.055475
5319	0.055440
13282	0.055421
2250	0.055408
188	0.055405
254	0.055382
13281	0.055371
9155	0.055370
9154	0.055370
9151	0.055370
282	0.055250
13326	0.055225
13317	0.055202
10049	0.055188
4800	0.055185
12313	0.055150
8167	0.055150
10432	0.055084
9190	0.054967
285	0.054958
10890	0.054950
8141	0.054940
5961	0.054897
10650	0.054861
12755	0.054781
5622	0.054772
293	0.054737
