4153	0.281560
2622	0.216671
11761	0.211450
6097	0.211450
5547	0.211450
3595	0.211450
2569	0.211331
2613	0.207267
3306	0.205136
9028	0.201084
9081	0.200984
9078	0.200984
2616	0.200602
1125	0.193872
1541	0.191727
5375	0.190907
12070	0.188591
12101	0.187711
1798	0.187535
13444	0.186692
1327	0.182209
2614	0.181617
7966	0.179979
1245	0.175780
6032	0.175350
1534	0.173743
3933	0.172737
3548	0.172638
3504	0.164957
1509	0.163081
12041	0.161933
609	0.161053
1542	0.154874
2841	0.154829
4093	0.154573
1131	0.153304
13341	0.151055
6761	0.149369
2682	0.148030
1128	0.146989
9980	0.145128
3934	0.142626
1511	0.141318
7450	0.140692
578	0.136395
13036	0.136293
12306	0.135097
6369	0.135097
6368	0.135097
2618	0.134908
1129	0.134812
3739	0.134455
3745	0.133890
12053	0.133887
1034	0.132702
2615	0.132428
259	0.131763
7939	0.130791
3921	0.129542
2619	0.128261
13076	0.127304
9402	0.126004
891	0.125756
200	0.124999
13874	0.123323
8726	0.122849
12058	0.120492
13252	0.118362
13251	0.118362
1781	0.116220
9881	0.116093
11992	0.115842
13060	0.115727
13055	0.115727
13048	0.115727
13014	0.115727
13009	0.115727
12892	0.115727
8379	0.115727
640	0.115614
14230	0.114878
14229	0.114878
13886	0.114878
7394	0.113468
6631	0.112376
9645	0.112043
12208	0.111731
6074	0.111640
12853	0.111413
12850	0.111267
9608	0.111063
5637	0.110656
2904	0.110448
6400	0.110165
96	0.109838
12854	0.109792
5179	0.109599
5180	0.109517
4179	0.109349
7491	0.109113
6695	0.109095
4154	0.108837
3081	0.108403
12844	0.108378
12843	0.108378
12841	0.108378
12840	0.108378
13914	0.108318
8296	0.108318
3579	0.107796
1714	0.107697
1520	0.107421
2174	0.106573
13061	0.106319
3549	0.105334
13582	0.105292
5410	0.105292
5409	0.105292
5408	0.105292
5356	0.105292
1483	0.105029
11671	0.104625
14253	0.104564
5125	0.104334
12872	0.104169
9469	0.104094
1959	0.103601
2838	0.103599
9437	0.103316
6126	0.103125
6125	0.103125
13581	0.102957
2714	0.102748
1941	0.102650
13298	0.102222
3772	0.102184
2293	0.102084
12411	0.101769
875	0.101659
14310	0.101517
5111	0.101435
12165	0.101191
13438	0.101084
9358	0.100719
8232	0.100619
1778	0.100477
11027	0.100465
2079	0.100109
780	0.100094
7909	0.099921
2755	0.099894
9859	0.099880
14068	0.099611
13019	0.099505
5089	0.099380
5087	0.099237
1797	0.099148
11873	0.098953
2976	0.098566
12940	0.098244
2425	0.097937
10589	0.097676
12952	0.097637
12951	0.097637
1792	0.097555
2175	0.097514
3738	0.097450
7968	0.097378
13388	0.097195
13387	0.097195
13676	0.096993
6413	0.096934
13038	0.096854
13037	0.096854
9115	0.096774
12107	0.096531
5088	0.096101
12950	0.095762
6563	0.095753
13664	0.095656
13081	0.095572
13080	0.095572
13079	0.095572
13078	0.095572
13074	0.095572
13071	0.095572
13057	0.095572
13049	0.095572
13047	0.095572
13045	0.095572
13043	0.095572
13017	0.095572
12959	0.095572
12904	0.095572
7936	0.095572
1186	0.095320
3008	0.094768
13300	0.094752
831	0.094726
9076	0.094696
832	0.094665
9354	0.094504
13299	0.094419
6680	0.094350
5391	0.093864
9614	0.093503
3854	0.093238
12874	0.092953
12899	0.092795
6942	0.092711
6583	0.092710
6580	0.092710
6579	0.092542
2982	0.092365
1784	0.092341
6717	0.092330
13897	0.092274
13847	0.092163
14162	0.092010
8312	0.091942
10163	0.091450
1700	0.091385
13040	0.091309
4917	0.091210
8552	0.090976
12778	0.090668
4719	0.090638
2931	0.090515
10982	0.090416
6411	0.090414
14236	0.090401
13901	0.090401
13601	0.090401
7863	0.090401
7862	0.090401
7859	0.090401
13356	0.090393
11047	0.090105
12941	0.090103
11398	0.090041
2014	0.089932
13116	0.089916
9122	0.089896
13315	0.089803
6021	0.089778
12967	0.089772
2932	0.089348
13602	0.089081
1454	0.088840
13894	0.088687
4358	0.088615
13899	0.088598
13892	0.088598
7965	0.088598
7967	0.088508
8391	0.088426
3087	0.088426
12858	0.088311
6260	0.088152
13589	0.088140
346	0.088076
11769	0.088028
2502	0.087745
4710	0.087701
13898	0.087672
7860	0.087623
6281	0.087613
7433	0.087593
7264	0.087547
6436	0.087383
2531	0.087208
774	0.087186
3737	0.087029
12061	0.086835
6525	0.086830
3083	0.086788
836	0.086712
5455	0.086391
1514	0.086164
2541	0.085749
1675	0.085679
13301	0.085673
7630	0.085667
9986	0.085612
4886	0.085406
14127	0.085145
5299	0.085111
12860	0.085104
12859	0.085093
3594	0.084913
8907	0.084905
201	0.084637
8202	0.084486
7301	0.083914
3209	0.083879
8423	0.083758
10284	0.083436
257	0.083430
8628	0.083362
13900	0.083207
7861	0.083207
5147	0.082995
2868	0.082894
9503	0.082891
5183	0.082389
4374	0.082134
5359	0.082043
12631	0.082037
1536	0.081963
6650	0.081939
2116	0.081787
9477	0.081718
9481	0.081707
9479	0.081707
9478	0.081707
9476	0.081707
9475	0.081707
9473	0.081707
9472	0.081707
9471	0.081707
9470	0.081707
9468	0.081707
9345	0.081707
8667	0.081707
8665	0.081707
8664	0.081707
8663	0.081707
8662	0.081707
8630	0.081707
8629	0.081707
8627	0.081707
8626	0.081707
997	0.081672
6351	0.081618
1346	0.081232
13	0.081090
7858	0.080818
9627	0.080811
10028	0.080731
6204	0.080633
4262	0.080466
3825	0.080337
10501	0.080332
3408	0.080164
13089	0.080137
10303	0.079913
304	0.079793
2648	0.079730
13599	0.079723
2617	0.079640
438	0.079592
1519	0.079499
6587	0.079411
11367	0.079389
3544	0.079323
4619	0.079322
9304	0.079273
6768	0.079026
13054	0.078988
13456	0.078925
13342	0.078925
12270	0.078784
13512	0.078651
10203	0.078633
7425	0.078527
14072	0.078525
10671	0.078500
10302	0.078480
5196	0.078416
1175	0.078226
5357	0.078221
12322	0.078055
12136	0.078028
9610	0.077896
13058	0.077890
7945	0.077890
11036	0.077785
4605	0.077627
4600	0.077627
1028	0.077611
6377	0.077546
1648	0.077304
13302	0.077239
3177	0.077119
9342	0.076614
1361	0.076538
3287	0.076417
12623	0.076394
1537	0.076389
2860	0.076164
13142	0.076141
7430	0.076141
3826	0.076025
1151	0.075717
1526	0.075654
1788	0.075462
11677	0.075355
4494	0.075355
4493	0.075355
7894	0.075315
2867	0.075189
12785	0.075003
10278	0.074924
12784	0.074722
13819	0.074472
9578	0.074370
7670	0.074351
3545	0.074340
11746	0.074066
3477	0.073995
4322	0.073985
1132	0.073799
2828	0.073728
9613	0.073676
9612	0.073595
1285	0.073412
1889	0.073412
9923	0.073245
9343	0.073218
5492	0.073202
645	0.073193
5652	0.072729
9029	0.072601
8223	0.072585
9486	0.072514
5074	0.072482
1529	0.072333
12957	0.072132
11670	0.072112
6026	0.072067
1077	0.072045
10167	0.071882
3564	0.071823
9007	0.071810
12267	0.071717
5126	0.071717
7560	0.071468
8247	0.071332
3212	0.071328
11877	0.071214
10559	0.071081
12015	0.071045
1897	0.070831
5918	0.070805
2118	0.070614
1513	0.070586
7427	0.070528
13013	0.070407
12962	0.070407
5647	0.070278
12530	0.070169
2783	0.070107
10969	0.070063
10076	0.070059
10077	0.069902
2722	0.069732
2629	0.069686
7972	0.069612
11146	0.069150
3949	0.069145
13028	0.068907
1997	0.068795
12412	0.068775
11072	0.068700
12415	0.068700
6707	0.068578
11407	0.068510
9912	0.068485
9911	0.068485
5895	0.068386
2452	0.068292
13826	0.068262
4097	0.068136
12281	0.067956
6619	0.067956
7951	0.067932
1433	0.067913
9512	0.067718
12354	0.067655
7893	0.067640
13913	0.067588
8298	0.067588
1785	0.067466
7385	0.067429
10915	0.067253
1126	0.067093
13117	0.067083
4599	0.066964
10749	0.066936
5086	0.066918
5407	0.066879
6592	0.066843
9371	0.066727
7426	0.066653
716	0.066630
13005	0.066575
837	0.066447
4849	0.066317
7468	0.066278
2967	0.066278
7932	0.066098
11683	0.065992
540	0.065874
8207	0.065865
4087	0.065820
111	0.065577
12692	0.065571
13006	0.065281
13851	0.065150
14151	0.065114
1800	0.065082
2201	0.065022
12355	0.064953
988	0.064950
6277	0.064931
10805	0.064884
6035	0.064879
11231	0.064799
1686	0.064604
7949	0.064527
9204	0.064357
8592	0.064357
11232	0.064254
11230	0.064254
11229	0.064254
11228	0.064254
9361	0.064170
503	0.064169
4158	0.064168
9200	0.064130
11862	0.064114
6263	0.064042
5745	0.064035
5042	0.063868
2965	0.063679
5259	0.063644
11358	0.063309
11207	0.063288
11679	0.063102
10939	0.063048
12851	0.063032
4808	0.063028
2812	0.063014
977	0.062950
12936	0.062942
9198	0.062890
10518	0.062862
1396	0.062830
5343	0.062807
2122	0.062736
4824	0.062718
2951	0.062647
9215	0.062643
13012	0.062612
13004	0.062612
6034	0.062513
13007	0.062510
7958	0.062483
13523	0.062444
4998	0.061958
11818	0.061937
7937	0.061919
14003	0.061903
13025	0.061629
13024	0.061629
13022	0.061629
8486	0.061629
12670	0.061588
6147	0.061485
7200	0.061409
10871	0.061238
1010	0.061167
13760	0.061112
10455	0.061110
7986	0.061080
507	0.061045
2681	0.061017
3785	0.060977
5262	0.060835
10666	0.060795
11383	0.060768
11295	0.060768
10629	0.060768
5865	0.060733
3503	0.060687
2045	0.060665
9797	0.060576
10631	0.060568
10630	0.060568
433	0.060539
10310	0.060536
2228	0.060531
10309	0.060531
10908	0.060530
11382	0.060518
2626	0.060455
2197	0.060407
12310	0.060331
13545	0.060303
13295	0.060250
10980	0.060118
4921	0.060074
10653	0.060058
2195	0.060006
7969	0.059908
10467	0.059900
6702	0.059845
10651	0.059822
10652	0.059787
782	0.059766
6629	0.059662
11159	0.059635
4204	0.059628
10392	0.059624
1127	0.059615
2117	0.059614
10466	0.059559
2011	0.059461
5201	0.059408
6856	0.059383
5066	0.059366
12064	0.059364
2973	0.059253
148	0.059249
9311	0.059226
5235	0.059183
12502	0.058856
2881	0.058832
6594	0.058691
13633	0.058641
5234	0.058626
2199	0.058613
1130	0.058572
9474	0.058518
6961	0.058518
10301	0.058473
13439	0.058438
6997	0.058399
13490	0.058344
13632	0.058343
13631	0.058343
2120	0.058307
3736	0.058198
81	0.058154
3473	0.058150
5012	0.057992
7941	0.057931
5305	0.057899
11491	0.057861
10140	0.057802
11096	0.057770
13835	0.057670
5082	0.057670
11164	0.057634
13611	0.057559
12694	0.057537
2204	0.057299
2453	0.057289
11537	0.057216
13959	0.057131
2397	0.057028
3047	0.057023
2623	0.056988
6389	0.056887
7115	0.056879
12364	0.056873
53	0.056790
1006	0.056765
13358	0.056612
5879	0.056583
11385	0.056577
9514	0.056507
4582	0.056498
2329	0.056461
2680	0.056358
582	0.056342
9726	0.056320
13656	0.056174
13655	0.056174
13378	0.056174
9071	0.056174
13140	0.056087
9499	0.056048
2292	0.055997
2202	0.055936
2503	0.055897
5500	0.055889
85	0.055862
13077	0.055819
12895	0.055819
7261	0.055811
2981	0.055683
6691	0.055605
1094	0.055576
10682	0.055570
1510	0.055555
14071	0.055544
6018	0.055479
3505	0.055471
5006	0.055467
13500	0.055252
13448	0.055237
13148	0.055227
13147	0.055227
7892	0.055227
6298	0.055227
6297	0.055227
6198	0.055221
11993	0.055175
1795	0.055174
9999	0.055090
4848	0.055003
11845	0.054977
79	0.054893
13389	0.054889
13030	0.054852
1768	0.054852
6305	0.054818
11803	0.054810
9087	0.054789
2010	0.054692
12141	0.054676
5482	0.054639
777	0.054565
3204	0.054564
10139	0.054372
1223	0.054342
9715	0.054281
9790	0.054207
13271	0.054182
9611	0.054157
12352	0.054032
9319	0.054004
12252	0.053804
1226	0.053801
11625	0.053768
12276	0.053745
14263	0.053745
14002	0.053745
14001	0.053745
14000	0.053745
13998	0.053745
13996	0.053745
6666	0.053745
5064	0.053745
4854	0.053745
4852	0.053745
10336	0.053745
823	0.053743
8229	0.053713
6217	0.053710
4176	0.053710
1043	0.053686
1975	0.053668
12413	0.053661
1134	0.053660
11160	0.053552
5459	0.053430
13003	0.053414
12869	0.053414
8246	0.053362
787	0.053294
10998	0.053265
10997	0.053265
13412	0.053236
3476	0.053223
7400	0.053147
13379	0.053093
6886	0.052934
4746	0.052856
1901	0.052852
6117	0.052780
2065	0.052766
4175	0.052761
9909	0.052757
12223	0.052684
2816	0.052635
10739	0.052620
10788	0.052620
10777	0.052620
10759	0.052620
13852	0.052609
2603	0.052467
1958	0.052411
2810	0.052393
2520	0.052305
9356	0.052303
2451	0.052287
10822	0.052257
9872	0.052243
633	0.052114
8535	0.052054
3241	0.051870
1563	0.051851
3922	0.051826
10369	0.051819
3018	0.051804
13815	0.051751
8740	0.051674
3822	0.051580
7938	0.051503
1751	0.051503
12414	0.051480
7128	0.051465
7127	0.051432
6656	0.051415
10100	0.051406
2892	0.051367
11663	0.051364
3567	0.051280
5736	0.051228
6199	0.051224
13875	0.051198
8230	0.051195
2191	0.051180
13945	0.051173
4672	0.051133
14297	0.051079
14283	0.051076
5026	0.050938
5027	0.050938
9393	0.050830
8625	0.050546
7380	0.050505
7038	0.050479
7239	0.050450
11442	0.050432
11396	0.050432
1163	0.050338
1812	0.050334
1811	0.050334
5351	0.050306
13042	0.050296
2001	0.050246
12832	0.050206
8923	0.050204
10337	0.050134
3438	0.050114
1837	0.050049
6577	0.049916
6134	0.049895
10943	0.049868
9861	0.049864
9819	0.049864
5233	0.049860
7207	0.049839
889	0.049827
5591	0.049794
12714	0.049782
12172	0.049755
4232	0.049657
7090	0.049625
11129	0.049604
1745	0.049583
8997	0.049538
5182	0.049517
8324	0.049511
9844	0.049505
5491	0.049424
12146	0.049349
8582	0.049349
7599	0.049349
3695	0.049349
3694	0.049349
3616	0.049349
13606	0.049288
13357	0.049271
1780	0.049245
1809	0.049180
6731	0.049179
4118	0.049129
5287	0.049075
4818	0.049051
2414	0.049042
1894	0.048992
13680	0.048985
6395	0.048969
142	0.048888
13319	0.048888
13689	0.048831
13489	0.048831
9856	0.048814
13896	0.048786
9704	0.048782
13567	0.048779
5731	0.048779
5730	0.048779
5726	0.048779
5723	0.048779
5722	0.048779
5721	0.048779
5681	0.048779
5013	0.048770
2532	0.048761
5935	0.048746
3824	0.048684
1743	0.048541
8847	0.048368
13997	0.048197
12435	0.048170
10880	0.048165
9016	0.048154
1173	0.048136
10879	0.048132
3710	0.047973
11257	0.047969
13552	0.047937
13511	0.047937
13507	0.047937
12204	0.047853
4850	0.047756
9401	0.047753
6322	0.047738
9550	0.047734
7744	0.047700
588	0.047574
10505	0.047563
12391	0.047555
4349	0.047511
2937	0.047509
7617	0.047489
2395	0.047332
5327	0.047306
12434	0.047294
12390	0.047294
6412	0.047260
351	0.047213
6616	0.047204
9384	0.047154
3246	0.047154
5485	0.047127
1307	0.047108
4495	0.047063
12642	0.047043
4463	0.047031
3434	0.047026
12766	0.047005
7496	0.046945
5712	0.046915
5711	0.046915
5710	0.046915
13787	0.046906
1357	0.046894
1293	0.046884
11737	0.046868
4128	0.046835
12182	0.046833
4464	0.046833
12237	0.046799
13135	0.046788
7964	0.046735
12238	0.046719
1833	0.046718
2941	0.046714
11578	0.046684
13932	0.046669
3518	0.046660
4042	0.046628
12143	0.046618
11127	0.046533
11100	0.046483
5046	0.046468
3749	0.046462
2393	0.046394
3973	0.046370
9943	0.046367
6295	0.046294
6922	0.046288
69	0.046254
2094	0.046232
10511	0.046209
12219	0.046182
13393	0.046150
12534	0.046069
12151	0.046034
4466	0.046014
3967	0.046004
461	0.045861
742	0.045844
7980	0.045829
2281	0.045822
8339	0.045818
4251	0.045798
1166	0.045715
11714	0.045685
12459	0.045615
3952	0.045473
3823	0.045471
12764	0.045453
6618	0.045417
6837	0.045386
6191	0.045269
11531	0.045267
6267	0.045255
6302	0.045255
6292	0.045178
4709	0.045168
1905	0.045140
722	0.045119
6967	0.045117
