3837	0.197851
3389	0.188491
4304	0.175412
4302	0.175412
11999	0.175401
11607	0.170823
12348	0.170267
13076	0.166913
235	0.164106
13036	0.163071
3739	0.162629
3745	0.162177
12053	0.162119
1419	0.159733
2052	0.157860
4305	0.156187
9462	0.154799
11858	0.154681
9439	0.154427
1420	0.153376
7757	0.152956
2280	0.152284
4168	0.148731
3921	0.148217
4538	0.147209
8615	0.146294
5033	0.145470
7288	0.144977
13665	0.143949
7774	0.142975
5641	0.142975
5642	0.142973
5347	0.142917
5034	0.142626
1694	0.142402
2105	0.142140
1673	0.142087
3914	0.141167
11937	0.141137
2958	0.140783
2820	0.140344
6695	0.140208
304	0.139828
9794	0.139221
73	0.137524
4111	0.137361
2952	0.136610
9248	0.132033
2968	0.131333
114	0.130381
9258	0.129114
4542	0.128854
4537	0.127547
121	0.125632
2064	0.125549
1756	0.125201
3738	0.124061
4106	0.123987
4112	0.123541
7872	0.123457
8352	0.123456
8351	0.123456
2957	0.123456
2956	0.123456
221	0.123440
1119	0.123334
9174	0.123133
9176	0.123110
8809	0.123110
4113	0.122805
1120	0.122805
8076	0.122519
1117	0.122467
4163	0.122455
14418	0.122437
14417	0.122437
13284	0.122437
13152	0.122437
9795	0.122437
9793	0.122437
9792	0.122437
9791	0.122437
9789	0.122437
9745	0.122437
9163	0.122437
8614	0.122437
8613	0.122437
8177	0.122437
13247	0.122252
4105	0.122142
12030	0.121822
224	0.121653
1121	0.121646
6895	0.121215
6747	0.120679
8792	0.120481
5035	0.119700
4667	0.119206
1346	0.118895
13850	0.117996
6896	0.117302
10661	0.117050
404	0.117004
2902	0.116860
14358	0.116833
1133	0.116819
12909	0.116778
9415	0.116748
8851	0.116748
8850	0.116748
9413	0.116744
6430	0.116605
1123	0.116605
4671	0.116512
4669	0.116512
2990	0.116475
4670	0.116126
1135	0.115481
225	0.114881
14365	0.114825
8611	0.114095
9177	0.113725
14364	0.113658
14233	0.113042
1136	0.113042
9623	0.112802
4306	0.112629
14374	0.112066
14363	0.112066
6077	0.111461
8892	0.111096
7659	0.110940
6838	0.110817
7526	0.110731
8864	0.110627
8863	0.110627
8583	0.110627
8124	0.110627
7904	0.110627
7903	0.110627
7902	0.110627
7901	0.110627
7900	0.110627
7899	0.110627
7897	0.110627
7896	0.110627
7895	0.110627
7783	0.110598
3431	0.110142
14368	0.109838
115	0.109816
7020	0.109751
4668	0.109722
1115	0.109465
2996	0.109359
3507	0.109245
1118	0.109220
7131	0.108820
9218	0.108813
9480	0.108410
8533	0.108410
9135	0.108337
4416	0.108299
4383	0.108196
1400	0.107862
1285	0.107563
6532	0.107471
4294	0.107354
2277	0.107339
12252	0.107116
9201	0.107074
5219	0.107042
9711	0.106982
9708	0.106982
9707	0.106982
9705	0.106982
9703	0.106982
4559	0.106973
9699	0.106911
12873	0.106272
12229	0.106048
14367	0.105947
6102	0.105933
8221	0.105887
12979	0.105621
7379	0.105583
14370	0.105570
1114	0.105388
6806	0.104719
5433	0.104617
353	0.104497
14357	0.104476
7787	0.104476
8453	0.104471
10795	0.104468
13265	0.104246
5403	0.104012
10403	0.103793
6278	0.103742
14266	0.103667
7955	0.103665
11658	0.103611
51	0.103241
12243	0.102858
9702	0.102371
13394	0.102147
3209	0.101894
9150	0.101562
7917	0.101471
9226	0.101086
9217	0.101086
8534	0.101086
2185	0.101086
7827	0.101048
14407	0.100705
13970	0.100419
861	0.100386
469	0.100371
1458	0.100341
7913	0.100256
5968	0.100256
470	0.100256
268	0.100169
7606	0.100071
12218	0.100066
2058	0.100066
7510	0.099740
2170	0.099740
14375	0.099513
5967	0.099348
2831	0.098935
7752	0.098670
9152	0.098543
9780	0.098528
5546	0.098520
6465	0.098422
9787	0.098418
9786	0.098418
9785	0.098418
9784	0.098418
9783	0.098418
9782	0.098418
9781	0.098418
9778	0.098418
9280	0.098418
8585	0.098418
8567	0.098418
8553	0.098418
12036	0.098377
13545	0.098226
1930	0.098142
1232	0.098073
1229	0.098073
370	0.097973
11646	0.097809
9207	0.097531
9205	0.097531
8528	0.097531
3588	0.097106
4450	0.097095
11998	0.097078
4377	0.097050
3437	0.096781
1122	0.096642
9913	0.096538
2114	0.095977
38	0.095740
3539	0.095668
9145	0.095614
6742	0.095272
9710	0.095253
7999	0.095061
1656	0.095055
2109	0.095046
7918	0.094977
14351	0.094806
5476	0.094300
9709	0.094253
3438	0.094065
3741	0.093973
8180	0.093967
4021	0.093888
5413	0.093441
7479	0.093405
14415	0.093355
9277	0.093355
12915	0.093175
12914	0.093175
9775	0.092779
2980	0.092585
13739	0.092262
3706	0.091577
6395	0.091534
2128	0.091203
13054	0.091147
7295	0.091068
5424	0.091045
3142	0.090907
8503	0.090767
4466	0.090741
9199	0.090671
13449	0.090572
5746	0.090508
5423	0.090461
6754	0.090239
14376	0.090117
14359	0.090117
7998	0.090117
7782	0.090102
392	0.090081
8634	0.090037
9231	0.090020
8604	0.089562
7954	0.089557
3007	0.089499
8584	0.089357
7767	0.089324
14052	0.089229
10065	0.089229
10329	0.089081
11715	0.088942
14360	0.088895
9484	0.088889
9483	0.088889
1228	0.088766
4281	0.088720
4935	0.088638
8451	0.088619
11566	0.088558
2827	0.088236
7692	0.088161
9192	0.087985
14219	0.087771
6447	0.087727
2523	0.087520
12242	0.087436
9706	0.087415
6889	0.087357
14416	0.087346
1402	0.087213
8392	0.087126
1097	0.087081
8319	0.087054
7002	0.086979
9204	0.086925
8592	0.086925
10538	0.086695
9244	0.086658
6127	0.086650
6482	0.086634
1265	0.086607
3212	0.086235
11850	0.086091
14366	0.085862
14361	0.085862
14355	0.085862
8456	0.085862
14369	0.085857
9347	0.085828
6473	0.085776
9673	0.085685
11355	0.085681
9704	0.085547
7676	0.085480
14373	0.085465
14372	0.085465
14371	0.085465
14362	0.085465
14352	0.085465
14350	0.085465
8455	0.085465
7997	0.085465
7823	0.085465
1565	0.085378
7453	0.084957
3736	0.084811
4231	0.084473
2281	0.084467
8625	0.084285
1780	0.084156
9307	0.084150
3116	0.084020
5855	0.084002
2423	0.083978
4778	0.083916
8447	0.083901
11678	0.083841
8714	0.083729
4672	0.083709
8090	0.083332
2847	0.083332
2843	0.083332
2839	0.083332
4922	0.083326
5452	0.083236
2840	0.083100
8740	0.082530
9869	0.082332
2509	0.082141
3144	0.081984
10236	0.081874
13517	0.081863
2666	0.081852
7495	0.081766
13325	0.081746
9796	0.081576
6149	0.081549
2845	0.081524
11147	0.081476
9861	0.081303
9819	0.081303
10232	0.081153
2510	0.081134
5696	0.080641
14404	0.080477
14400	0.080477
8143	0.080477
8096	0.080477
12069	0.080001
10030	0.079989
2283	0.079920
9178	0.079872
8468	0.079841
2978	0.079841
2977	0.079841
879	0.079722
8204	0.079653
817	0.079496
4958	0.079472
5354	0.079461
9438	0.079328
2955	0.079157
2953	0.079157
9788	0.079016
1919	0.079014
3934	0.079005
8891	0.078696
6587	0.078670
524	0.078318
13456	0.078222
13342	0.078222
7866	0.078150
2954	0.077983
10045	0.077951
2660	0.077875
113	0.077856
35	0.077769
7258	0.077672
11739	0.077363
3423	0.077329
2950	0.077311
187	0.077102
5346	0.076599
2979	0.076365
1300	0.076226
823	0.076206
9024	0.076103
9023	0.076103
9022	0.076103
8949	0.076103
12204	0.076032
6393	0.075820
4865	0.075741
9818	0.075243
9693	0.075243
5756	0.075176
7654	0.075173
2110	0.075104
8312	0.075002
7655	0.074923
1113	0.074579
9942	0.074381
9931	0.074381
9930	0.074381
9921	0.074381
9901	0.074381
9899	0.074381
9895	0.074381
9866	0.074381
9836	0.074381
9832	0.074381
9810	0.074381
9698	0.074381
9636	0.074381
9570	0.074381
9299	0.074381
10286	0.074088
9200	0.073971
6295	0.073924
3320	0.073887
8676	0.073729
7228	0.073565
1116	0.073451
4205	0.073422
6501	0.073376
13557	0.073151
13556	0.073151
9385	0.073107
2111	0.073085
385	0.073041
6151	0.072979
10540	0.072954
6557	0.072876
2097	0.072847
9713	0.072842
2107	0.072583
2060	0.072519
2014	0.072510
7400	0.072429
7569	0.072396
6376	0.071625
2892	0.071536
10227	0.071440
1837	0.071156
5500	0.071073
1816	0.071058
2102	0.070970
2522	0.070940
6078	0.070707
3906	0.070621
8531	0.070547
8207	0.070386
11989	0.070368
2600	0.069962
11798	0.069952
5268	0.069943
5299	0.069914
6255	0.069748
2708	0.069593
8928	0.069551
8895	0.069264
1836	0.069207
4836	0.069171
11733	0.069140
9912	0.069065
9911	0.069065
4042	0.068953
876	0.068906
12143	0.068852
3751	0.068818
3750	0.068818
3778	0.068799
4848	0.068721
6707	0.068703
3166	0.068535
11611	0.068530
8894	0.068530
8893	0.068530
6339	0.068530
3439	0.068530
2179	0.068445
12226	0.068398
3969	0.068398
3002	0.068257
874	0.068228
222	0.068032
4412	0.068009
2276	0.067864
4414	0.067779
10549	0.067709
9729	0.067551
4175	0.067429
6378	0.067182
9761	0.067158
4463	0.067151
5177	0.067061
3590	0.067030
2661	0.066823
4977	0.066586
1853	0.066564
10233	0.066498
9311	0.066404
2286	0.066336
11686	0.066298
2062	0.066219
6044	0.066131
8628	0.066118
2108	0.066106
3448	0.066076
5296	0.066026
86	0.065978
2113	0.065940
8535	0.065930
599	0.065588
4176	0.065563
6217	0.065512
14263	0.065475
14002	0.065475
14001	0.065475
14000	0.065475
13998	0.065475
13996	0.065475
6666	0.065475
5064	0.065475
4854	0.065475
4852	0.065475
12276	0.065475
7888	0.065286
786	0.065113
14395	0.065069
7891	0.065069
426	0.065047
11737	0.064992
141	0.064971
9253	0.064925
13508	0.064732
1132	0.064489
713	0.064337
2964	0.064163
877	0.064134
4976	0.064083
14303	0.064013
14302	0.064013
14301	0.064013
14300	0.064013
14299	0.064013
11806	0.063956
6197	0.063891
11681	0.063835
11439	0.063819
2828	0.063781
7167	0.063756
7581	0.063750
10809	0.063635
7580	0.063635
3415	0.063625
11988	0.063590
14003	0.063558
4998	0.063558
7686	0.063519
2659	0.063500
613	0.063198
1109	0.063180
7227	0.063133
5777	0.063106
307	0.063037
12182	0.063025
4464	0.063025
12219	0.062930
5918	0.062907
8383	0.062901
12093	0.062874
13462	0.062856
295	0.062834
4849	0.062774
10050	0.062767
5221	0.062767
11425	0.062675
10379	0.062675
2	0.062609
7029	0.062532
4868	0.062409
8845	0.062407
10642	0.062403
3700	0.062376
12430	0.062143
1952	0.062091
2274	0.062085
5442	0.062082
13698	0.062079
13544	0.062079
6179	0.062069
6065	0.062068
352	0.062044
9237	0.062017
6035	0.061919
6277	0.061913
9831	0.061883
679	0.061828
13942	0.061794
10582	0.061767
13997	0.061704
5541	0.061661
14248	0.061658
8047	0.061658
3654	0.061657
6689	0.061622
6967	0.061622
6663	0.061584
6064	0.061579
9361	0.061529
8709	0.061469
11298	0.061385
10994	0.061385
12764	0.061367
9269	0.061364
489	0.061073
3870	0.061058
9993	0.060839
8712	0.060765
8303	0.060765
8302	0.060765
7362	0.060765
6359	0.060765
6202	0.060696
13032	0.060685
13031	0.060685
12429	0.060685
5309	0.060528
13689	0.060397
13489	0.060397
1809	0.060363
1812	0.060263
1811	0.060263
13319	0.060157
4520	0.060113
13418	0.060052
13680	0.060051
5451	0.060044
2177	0.060019
6351	0.059947
4855	0.059921
4511	0.059898
3430	0.059867
8710	0.059863
8711	0.059844
5790	0.059844
4465	0.059777
2104	0.059763
8732	0.059760
12756	0.059683
11226	0.059607
6191	0.059561
4850	0.059523
2844	0.059497
6305	0.059343
10230	0.059321
3922	0.059321
13030	0.059307
9481	0.059293
9479	0.059293
9478	0.059293
9476	0.059293
9475	0.059293
9473	0.059293
9472	0.059293
9471	0.059293
9470	0.059293
9468	0.059293
9345	0.059293
8667	0.059293
8665	0.059293
8664	0.059293
8663	0.059293
8662	0.059293
8630	0.059293
8629	0.059293
8627	0.059293
8626	0.059293
9477	0.059244
6302	0.059223
6267	0.059223
14379	0.059186
5958	0.059084
6034	0.059027
14406	0.059013
14405	0.059013
7958	0.058981
10694	0.058921
5123	0.058920
10839	0.058904
13435	0.058794
2059	0.058794
6616	0.058694
9495	0.058606
9147	0.058606
2067	0.058605
12296	0.058572
6244	0.058572
2037	0.058547
11987	0.058441
2057	0.058418
4053	0.058406
8635	0.058261
14162	0.058253
10838	0.057769
82	0.057696
11914	0.057648
3677	0.057589
4468	0.057534
9232	0.057339
2881	0.057271
9460	0.057251
9928	0.057248
6017	0.057218
4169	0.057208
6443	0.057194
5235	0.057185
3973	0.057179
40	0.057140
12039	0.057138
8671	0.057090
9235	0.057088
9230	0.057088
9228	0.057088
9225	0.057088
9224	0.057088
9221	0.057088
9219	0.057088
9214	0.057088
9213	0.057088
9211	0.057088
9209	0.057088
9208	0.057088
9206	0.057088
9193	0.057088
8807	0.057088
8679	0.057088
8677	0.057088
8675	0.057088
8674	0.057088
8673	0.057088
8670	0.057088
8637	0.057088
8633	0.057088
8631	0.057088
8610	0.057088
8591	0.057088
8539	0.057088
8538	0.057088
8537	0.057088
8536	0.057088
8529	0.057088
8526	0.057088
8525	0.057088
8632	0.057088
7920	0.057068
7650	0.057014
7096	0.057014
239	0.056987
7206	0.056922
7263	0.056782
5461	0.056739
11056	0.056627
4485	0.056547
7380	0.056530
2124	0.056496
9700	0.056473
10226	0.056438
4216	0.056431
9302	0.056399
4118	0.056350
7758	0.056319
5604	0.056228
2821	0.056155
808	0.056092
2621	0.055939
13439	0.055813
6081	0.055779
1	0.055757
7306	0.055748
414	0.055742
1598	0.055651
13509	0.055620
2182	0.055549
5302	0.055521
85	0.055494
5555	0.055464
13633	0.055452
10156	0.055433
2764	0.055416
13490	0.055398
13632	0.055398
13631	0.055398
6908	0.055389
10088	0.055369
9748	0.055342
456	0.055328
4262	0.055308
4541	0.055301
13013	0.055280
12962	0.055280
6886	0.055057
6598	0.054956
6904	0.054920
2542	0.054903
2773	0.054893
2018	0.054858
3940	0.054819
3977	0.054803
12442	0.054783
13621	0.054758
4619	0.054665
3427	0.054595
10683	0.054589
10808	0.054524
503	0.054506
1905	0.054441
12077	0.054419
6461	0.054419
3711	0.054419
13321	0.054383
4154	0.054303
9909	0.054297
13235	0.054267
1457	0.054096
2521	0.053995
730	0.053884
9121	0.053835
9112	0.053835
781	0.053809
888	0.053797
11964	0.053742
9222	0.053741
743	0.053680
1293	0.053653
13320	0.053567
9168	0.053513
12721	0.053476
6036	0.053407
3710	0.053397
10594	0.053393
4659	0.053310
10231	0.053288
118	0.053258
10480	0.053238
4739	0.053176
13897	0.053091
6576	0.053061
1785	0.052996
3619	0.052978
9109	0.052948
4200	0.052945
498	0.052933
9108	0.052638
3838	0.052633
11781	0.052540
9081	0.052447
9078	0.052447
6697	0.052354
11429	0.052235
11324	0.052235
7890	0.052212
12572	0.052107
6913	0.052096
9506	0.052084
9153	0.052072
9028	0.051987
11034	0.051979
6098	0.051969
4142	0.051857
5038	0.051807
4301	0.051768
6833	0.051738
2846	0.051705
119	0.051675
6472	0.051625
9512	0.051589
9220	0.051586
7856	0.051515
13533	0.051495
13532	0.051495
13531	0.051495
6307	0.051489
13687	0.051474
8636	0.051409
6767	0.051357
6765	0.051357
6764	0.051357
9875	0.051226
122	0.051171
9770	0.051165
12041	0.051148
7089	0.051143
3505	0.051043
13460	0.051042
5745	0.050921
7915	0.050821
14186	0.050806
13355	0.050804
3613	0.050796
5588	0.050759
4361	0.050747
11703	0.050744
12357	0.050607
2092	0.050495
7880	0.050332
2658	0.050324
8377	0.050272
782	0.050256
10229	0.050184
5496	0.050180
8530	0.050178
9474	0.050173
6961	0.050173
609	0.050124
8032	0.050093
7078	0.050082
11968	0.049813
949	0.049813
11129	0.049797
1800	0.049782
12868	0.049775
9242	0.049775
9241	0.049775
9240	0.049775
6696	0.049775
8171	0.049759
14290	0.049706
10748	0.049704
