7285	0.208831
5846	0.184728
11697	0.184490
5248	0.155176
6259	0.155086
5843	0.154852
45	0.152712
12358	0.141908
11591	0.139515
11592	0.139226
5293	0.138132
11742	0.136219
5226	0.136219
1001	0.135627
3226	0.132045
10553	0.131383
4828	0.129505
6480	0.128583
8813	0.128235
5582	0.127782
2105	0.127092
5642	0.126836
7774	0.126828
5641	0.126828
5347	0.126115
10962	0.124512
4895	0.123702
6719	0.123638
10343	0.123153
6718	0.123153
11292	0.119924
10390	0.119874
1836	0.119598
7908	0.119422
6963	0.114927
12591	0.113746
5862	0.113500
11930	0.113206
10427	0.113199
2192	0.113197
12286	0.111032
13265	0.109765
2128	0.109591
2585	0.109454
2823	0.109353
11658	0.108846
5583	0.107873
2092	0.107405
6481	0.106478
4596	0.106028
850	0.106020
4595	0.105850
9123	0.105733
2190	0.105631
1109	0.105484
2659	0.104349
1235	0.103761
12385	0.103289
11123	0.103162
12504	0.102907
6010	0.102803
6009	0.102093
4742	0.102093
11472	0.101392
1840	0.101017
10984	0.100490
10734	0.100365
10308	0.099400
11402	0.099028
10307	0.099028
11240	0.098802
2381	0.098569
2110	0.098339
13204	0.098220
4743	0.097937
6934	0.095828
6394	0.095326
6935	0.094926
13805	0.094904
5132	0.094904
1839	0.094703
2107	0.094681
9139	0.094453
221	0.094408
10634	0.093884
12691	0.093721
8402	0.093028
14317	0.092898
11112	0.092577
7359	0.092513
10347	0.092414
5292	0.092343
5159	0.091764
1119	0.091759
9120	0.091595
8257	0.091577
1120	0.091576
13247	0.091552
8317	0.091199
8316	0.091199
10850	0.091140
14218	0.091046
11428	0.091010
13854	0.090980
10729	0.090973
10082	0.090938
6709	0.090886
10370	0.090879
10896	0.090856
10099	0.090630
8041	0.090580
11344	0.090528
11306	0.090528
10728	0.090528
8922	0.090359
295	0.090261
10237	0.090105
10371	0.089845
10963	0.089739
10960	0.089739
10958	0.089739
11430	0.089101
11304	0.089101
10763	0.089101
11858	0.089013
2954	0.088954
10812	0.088898
10282	0.088859
9439	0.088858
10346	0.088757
5024	0.087414
9462	0.087393
7676	0.086649
10056	0.086438
7453	0.086207
13738	0.086092
13731	0.086092
13706	0.086085
13707	0.086063
877	0.085768
2111	0.085678
10109	0.085604
2660	0.085393
13293	0.085346
5268	0.085122
7872	0.085099
8352	0.085088
8351	0.085088
2957	0.085088
2956	0.085088
4106	0.084860
10519	0.084356
2129	0.084086
2124	0.083872
4105	0.083805
11699	0.083371
7417	0.083371
14126	0.083028
14125	0.083028
6895	0.083010
2113	0.082393
6838	0.082319
333	0.082055
11914	0.081979
2186	0.081850
9623	0.081743
13621	0.081629
1452	0.081383
12721	0.080687
13850	0.080655
14073	0.080116
4658	0.080013
10959	0.079868
2820	0.079763
6896	0.079716
13810	0.079643
2958	0.079490
1419	0.079356
2097	0.079334
11989	0.079284
14224	0.079261
13391	0.079261
11110	0.079261
2103	0.079159
5433	0.078898
8497	0.078855
8864	0.078843
8863	0.078843
8583	0.078843
8124	0.078843
7904	0.078843
7903	0.078843
7902	0.078843
7901	0.078843
7900	0.078843
7899	0.078843
7897	0.078843
7896	0.078843
7895	0.078843
9981	0.078840
2902	0.078799
6102	0.078780
7526	0.078774
1403	0.078583
4538	0.078390
13318	0.077838
11241	0.077779
6482	0.077588
3353	0.076759
1673	0.076503
4497	0.076496
4542	0.076199
2955	0.076181
2953	0.076181
3375	0.076116
8572	0.076089
8569	0.076089
8568	0.076089
10191	0.076078
498	0.075876
10085	0.075636
8307	0.075552
2952	0.075544
876	0.075468
5493	0.075361
13156	0.074971
10176	0.074971
10087	0.074971
10086	0.074971
5546	0.074814
1182	0.074806
11579	0.074761
6472	0.074378
9551	0.074361
2102	0.074171
10428	0.074001
12283	0.073817
11587	0.073487
2709	0.073476
879	0.073452
6532	0.073444
10546	0.072944
8564	0.072674
6216	0.072450
2600	0.072434
10280	0.072371
589	0.072124
12091	0.071911
5048	0.071911
1420	0.071890
14334	0.071789
10733	0.071632
8570	0.071623
3175	0.071487
2191	0.071471
713	0.071321
12670	0.070983
6804	0.070690
7708	0.070558
10754	0.070547
5574	0.070531
10511	0.070400
8238	0.070144
3778	0.070127
10275	0.070066
4297	0.070034
8217	0.069622
7578	0.069622
14254	0.069449
8113	0.069265
10961	0.069111
4437	0.069090
633	0.068761
568	0.068480
1030	0.068281
3030	0.068124
13394	0.067718
1118	0.067604
10138	0.067486
7478	0.067328
4741	0.067248
8877	0.067248
2119	0.067228
4500	0.067141
2821	0.067061
10321	0.067028
7544	0.066997
4878	0.066977
6776	0.066167
6625	0.065928
8329	0.065842
5441	0.065831
2289	0.065802
7879	0.065754
11808	0.065609
11012	0.065585
9218	0.065485
7475	0.065385
10567	0.065058
4342	0.064823
8531	0.064767
12695	0.064730
2542	0.064708
2104	0.064706
14004	0.064576
4866	0.064576
2108	0.064479
6725	0.064369
2230	0.064346
7399	0.064146
2109	0.064132
11713	0.063972
6740	0.063972
6104	0.063919
6103	0.063919
9357	0.063898
7542	0.063679
6688	0.063679
10806	0.063253
1743	0.063109
5103	0.063098
11200	0.062976
6220	0.062895
2521	0.062846
13530	0.062647
7880	0.062524
11562	0.062440
6380	0.062222
9202	0.062120
8836	0.062082
2828	0.061780
6687	0.061740
1132	0.061737
12395	0.061731
3907	0.061719
5343	0.061554
11055	0.061426
683	0.061294
13551	0.060980
6361	0.060948
5402	0.060923
1616	0.060873
3316	0.060840
2052	0.060812
4111	0.060581
11409	0.060313
14291	0.060286
3206	0.060115
11754	0.059961
11357	0.059851
6470	0.059825
1381	0.059781
4537	0.059661
11356	0.059645
1835	0.059392
11753	0.059355
10415	0.059242
5175	0.059236
4037	0.059146
13442	0.059071
5745	0.059066
2112	0.059055
1050	0.058760
9222	0.058754
10416	0.058682
11812	0.058669
7295	0.058463
5585	0.058437
8382	0.058437
13541	0.058414
2198	0.058407
13603	0.058320
13238	0.058320
9553	0.058320
2959	0.058320
12103	0.058320
7977	0.058250
8405	0.058127
11743	0.058057
10664	0.058033
13334	0.058023
7681	0.058015
3219	0.058006
9356	0.057955
3604	0.057879
12201	0.057786
8862	0.057665
8861	0.057665
8860	0.057665
8859	0.057665
8858	0.057665
8857	0.057665
8844	0.057665
8843	0.057665
8842	0.057665
8841	0.057665
8840	0.057665
8839	0.057665
8838	0.057665
8834	0.057665
8824	0.057665
8823	0.057665
8822	0.057665
8820	0.057665
8818	0.057665
8817	0.057665
8803	0.057665
8798	0.057665
8737	0.057665
8639	0.057665
7682	0.057665
7677	0.057665
7382	0.057665
7247	0.057665
2386	0.057663
2387	0.057663
5795	0.057572
2227	0.057418
8464	0.057385
3951	0.057311
2661	0.057243
4117	0.057215
6527	0.057185
5597	0.057160
13396	0.057153
13338	0.057153
3283	0.057001
851	0.056870
3631	0.056869
2773	0.056801
5225	0.056657
598	0.056626
1020	0.056521
2960	0.056506
8780	0.056445
2269	0.056374
14332	0.056364
14320	0.056364
14257	0.056364
14235	0.056364
14231	0.056364
14217	0.056364
14143	0.056364
2351	0.056325
2350	0.056325
2348	0.056325
2346	0.056325
13087	0.056158
12521	0.056088
4947	0.056031
8873	0.055984
10643	0.055973
12532	0.055929
13910	0.055916
316	0.055866
11795	0.055855
823	0.055841
487	0.055801
8135	0.055795
3093	0.055569
8312	0.055432
10149	0.055341
6254	0.055328
5446	0.055325
2708	0.055268
5484	0.055214
10344	0.055203
14342	0.055070
129	0.055050
12384	0.054981
6623	0.054980
5584	0.054953
13638	0.054657
5346	0.054635
14162	0.054578
13449	0.054548
8566	0.054373
7686	0.054334
1002	0.054235
7511	0.054160
10862	0.054096
10839	0.054090
3905	0.054089
13263	0.054073
13262	0.054073
9062	0.054071
14329	0.054066
6407	0.053941
2522	0.053933
13448	0.053868
8584	0.053862
7468	0.053829
2967	0.053829
4118	0.053828
2965	0.053707
10863	0.053674
11178	0.053669
6987	0.053613
3538	0.053511
11212	0.053499
11618	0.053410
4116	0.053330
8634	0.053320
9231	0.053297
5620	0.053246
9606	0.053180
3636	0.053063
2968	0.053004
4328	0.052995
13369	0.052982
6721	0.052954
7261	0.052919
11263	0.052866
2496	0.052849
11298	0.052841
10994	0.052841
10895	0.052813
716	0.052805
10767	0.052788
3319	0.052785
10838	0.052751
3539	0.052705
981	0.052586
4112	0.052580
7789	0.052579
9030	0.052508
874	0.052490
1121	0.052458
13600	0.052364
2981	0.052267
3987	0.052214
10210	0.052191
6630	0.052186
254	0.052174
12296	0.052164
6244	0.052164
14071	0.052127
1111	0.052101
7730	0.052080
7445	0.052080
7444	0.052080
7175	0.052080
7080	0.052080
12679	0.052040
11512	0.052000
4340	0.051984
11498	0.051959
7772	0.051951
5184	0.051792
11007	0.051777
10646	0.051757
11054	0.051754
4338	0.051746
4113	0.051708
7715	0.051686
7195	0.051679
7193	0.051679
6484	0.051672
9177	0.051616
8276	0.051565
330	0.051536
329	0.051534
2347	0.051434
14339	0.051395
14338	0.051395
14312	0.051395
14272	0.051395
14259	0.051395
14160	0.051395
14159	0.051395
14158	0.051395
14156	0.051395
14144	0.051395
14133	0.051395
14123	0.051395
14110	0.051395
14102	0.051395
14053	0.051395
13501	0.051395
8311	0.051395
8309	0.051395
8308	0.051395
8306	0.051395
8288	0.051395
8286	0.051395
8285	0.051395
8283	0.051395
8282	0.051395
8280	0.051395
8278	0.051395
8277	0.051395
8046	0.051395
4603	0.051395
10348	0.051379
8310	0.051316
7713	0.051315
9207	0.051281
9205	0.051281
8528	0.051281
13542	0.051247
2114	0.051169
14006	0.051097
12145	0.050973
10515	0.050973
5956	0.050973
12219	0.050926
10454	0.050882
5957	0.050781
8259	0.050748
1952	0.050736
5006	0.050656
5510	0.050638
5030	0.050277
2118	0.050270
3990	0.050257
9588	0.050116
1115	0.050038
9414	0.050030
2117	0.050021
9704	0.050008
14199	0.049994
8773	0.049976
6621	0.049976
2291	0.049941
14290	0.049877
9682	0.049875
10185	0.049827
12357	0.049760
4857	0.049713
3906	0.049613
3056	0.049488
8636	0.049486
8530	0.049453
7421	0.049371
332	0.049350
10954	0.049335
3279	0.049323
2093	0.049320
781	0.049268
12734	0.049251
8387	0.049206
8740	0.049136
861	0.049099
7428	0.049079
7102	0.049079
12757	0.049076
6618	0.049075
469	0.049074
12403	0.049060
10834	0.049008
414	0.048997
12873	0.048996
2658	0.048941
12794	0.048931
11818	0.048906
8482	0.048904
10098	0.048902
7913	0.048893
5968	0.048893
470	0.048893
9861	0.048846
9819	0.048846
10973	0.048840
7114	0.048838
352	0.048809
9220	0.048732
2674	0.048725
2962	0.048644
8635	0.048611
3320	0.048551
12063	0.048541
12747	0.048499
4169	0.048488
9235	0.048468
9230	0.048468
9228	0.048468
9225	0.048468
9224	0.048468
9221	0.048468
9219	0.048468
9214	0.048468
9213	0.048468
9211	0.048468
9209	0.048468
9208	0.048468
9206	0.048468
9193	0.048468
8807	0.048468
8679	0.048468
8677	0.048468
8675	0.048468
8674	0.048468
8673	0.048468
8670	0.048468
8637	0.048468
8633	0.048468
8631	0.048468
8610	0.048468
8591	0.048468
8539	0.048468
8538	0.048468
8537	0.048468
8536	0.048468
8529	0.048468
8526	0.048468
8525	0.048468
8632	0.048468
8671	0.048467
6151	0.048432
12511	0.048415
6443	0.048377
10760	0.048343
335	0.048332
334	0.048332
327	0.048332
305	0.048332
302	0.048332
3668	0.048242
4977	0.048146
5500	0.048136
7101	0.048134
6732	0.048132
3940	0.048010
12798	0.047991
524	0.047981
4376	0.047933
8318	0.047827
4736	0.047801
303	0.047782
7759	0.047728
7357	0.047728
7355	0.047728
13124	0.047674
10179	0.047674
12855	0.047667
13946	0.047603
1592	0.047603
10197	0.047566
6967	0.047555
6689	0.047555
5967	0.047521
1591	0.047518
2182	0.047518
220	0.047477
2440	0.047470
12909	0.047448
9413	0.047405
8837	0.047384
1596	0.047378
5156	0.047371
7356	0.047318
6430	0.047255
1123	0.047255
331	0.047236
11987	0.047216
1133	0.047212
6184	0.047052
4613	0.047050
3041	0.046975
9215	0.046912
4824	0.046882
12050	0.046862
675	0.046858
4967	0.046737
11349	0.046675
5033	0.046623
12202	0.046621
3988	0.046621
4848	0.046616
10453	0.046598
13821	0.046584
13947	0.046584
3318	0.046572
8173	0.046560
314	0.046503
10059	0.046500
9201	0.046408
1411	0.046402
10178	0.046400
1295	0.046369
11447	0.046343
7943	0.046304
5219	0.046135
11410	0.046114
4976	0.046108
2477	0.046107
4529	0.046063
3963	0.046027
2280	0.046020
13997	0.046007
5166	0.045951
10921	0.045934
12141	0.045922
4959	0.045874
11256	0.045834
11733	0.045817
6741	0.045765
2106	0.045701
3961	0.045698
10199	0.045667
7642	0.045496
4359	0.045489
6267	0.045454
6302	0.045454
6758	0.045430
6191	0.045428
2605	0.045310
10740	0.045297
8617	0.045275
10097	0.045275
2283	0.045150
7060	0.045142
2	0.045133
5034	0.045066
10385	0.045015
6868	0.044912
6415	0.044903
699	0.044793
13665	0.044724
6841	0.044626
6835	0.044591
4175	0.044467
1044	0.044405
13285	0.044267
9775	0.044103
638	0.044009
9633	0.043956
9630	0.043956
9628	0.043956
9626	0.043956
9625	0.043956
9624	0.043956
9622	0.043956
9621	0.043956
9620	0.043956
9619	0.043956
9618	0.043956
9615	0.043956
9482	0.043956
4974	0.043956
6889	0.043944
7584	0.043943
9253	0.043936
3341	0.043923
306	0.043907
2822	0.043894
8827	0.043815
9611	0.043792
7553	0.043773
5524	0.043761
1405	0.043759
13577	0.043756
3454	0.043756
11752	0.043742
2889	0.043739
8661	0.043738
2950	0.043715
10956	0.043697
12400	0.043680
11586	0.043680
8162	0.043659
13994	0.043620
7931	0.043620
315	0.043570
251	0.043442
11371	0.043438
11370	0.043438
10955	0.043438
4144	0.043383
9210	0.043379
10475	0.043356
7420	0.043339
6558	0.043312
3962	0.043299
5062	0.043297
10386	0.043293
6727	0.043292
12281	0.043260
6619	0.043260
6866	0.043212
7667	0.043193
9825	0.043156
4176	0.043134
7907	0.043124
7082	0.043112
6566	0.043028
9204	0.042977
8592	0.042977
5898	0.042972
5123	0.042935
4841	0.042901
700	0.042858
311	0.042832
340	0.042822
6217	0.042786
10497	0.042759
4165	0.042752
51	0.042745
14263	0.042730
14002	0.042730
14001	0.042730
14000	0.042730
13998	0.042730
13996	0.042730
6666	0.042730
5064	0.042730
4854	0.042730
4852	0.042730
12276	0.042730
7118	0.042700
4134	0.042689
11700	0.042668
10229	0.042665
7001	0.042613
2188	0.042602
1351	0.042597
12556	0.042596
11737	0.042535
9237	0.042511
8133	0.042448
308	0.042437
10186	0.042363
12120	0.042279
3993	0.042279
3256	0.042229
328	0.042133
2816	0.042102
10808	0.042016
338	0.042012
11823	0.042007
13417	0.042006
3999	0.041947
7827	0.041947
1231	0.041940
9226	0.041916
9217	0.041916
8534	0.041916
5885	0.041791
7400	0.041711
5141	0.041697
14280	0.041686
2267	0.041593
9089	0.041586
2203	0.041582
9849	0.041524
14282	0.041518
14281	0.041518
6305	0.041474
8289	0.041460
9200	0.041453
3576	0.041448
3227	0.041432
4045	0.041427
13030	0.041419
6393	0.041372
5586	0.041362
8747	0.041334
8725	0.041334
14034	0.041309
3612	0.041288
8700	0.041275
8305	0.041268
9826	0.041260
7857	0.041238
4879	0.041230
10441	0.041220
7395	0.041216
9916	0.041205
9880	0.041205
9842	0.041205
9838	0.041205
9822	0.041205
9372	0.041205
8791	0.041205
8790	0.041205
8768	0.041205
8714	0.041104
4865	0.041104
7207	0.040981
8676	0.040978
7177	0.040975
9763	0.040968
9759	0.040968
9758	0.040968
8717	0.040968
8716	0.040968
8715	0.040968
1110	0.040932
5747	0.040854
12295	0.040825
6243	0.040825
9764	0.040813
5138	0.040732
10457	0.040665
10821	0.040613
10360	0.040591
4517	0.040507
13939	0.040501
11459	0.040456
11340	0.040456
