11858	0.191131
9462	0.190802
9439	0.190799
1419	0.184223
3837	0.181157
2105	0.175918
1420	0.175438
1673	0.173833
2958	0.173628
2052	0.172835
2820	0.172777
5347	0.171097
7774	0.170829
5641	0.170829
5642	0.170818
4304	0.163226
4302	0.163226
11999	0.163210
11607	0.159831
12348	0.159383
4537	0.158531
3389	0.155572
4538	0.155003
7872	0.152786
8352	0.152786
8351	0.152786
2957	0.152786
2956	0.152786
4106	0.152753
13265	0.152117
11658	0.151631
4105	0.151070
6895	0.150216
13850	0.150020
6896	0.149458
2952	0.146921
2902	0.146079
4542	0.144587
6695	0.143433
235	0.139447
221	0.135880
304	0.135133
1119	0.134690
5433	0.134325
1120	0.134300
13247	0.133860
4111	0.133752
6532	0.131953
4305	0.130543
2280	0.130494
1133	0.129346
13076	0.128835
7757	0.127608
9218	0.127574
9226	0.127175
9217	0.127175
8534	0.127175
7827	0.127147
6806	0.126324
5033	0.125877
8615	0.124619
13665	0.124283
7288	0.124264
1115	0.123921
1285	0.123594
5034	0.123143
12252	0.121885
9135	0.121837
2064	0.121545
6102	0.121418
9794	0.120735
4112	0.120249
4168	0.120177
9177	0.119250
4113	0.119235
7659	0.118702
8892	0.117177
14233	0.116341
1136	0.116341
9711	0.116061
9708	0.116061
9707	0.116061
9705	0.116061
9703	0.116061
9699	0.115975
224	0.115745
6889	0.115707
4163	0.115625
2968	0.115623
4294	0.115606
14418	0.115595
14417	0.115595
13284	0.115595
13152	0.115595
9795	0.115595
9793	0.115595
9792	0.115595
9791	0.115595
9789	0.115595
9745	0.115595
9163	0.115595
8614	0.115595
8613	0.115595
8177	0.115595
8076	0.115352
3209	0.115348
9702	0.115010
9248	0.114915
12909	0.114634
9413	0.114597
1458	0.114436
2128	0.114113
1121	0.114095
7767	0.113981
9710	0.113562
115	0.113283
8611	0.113125
6278	0.113040
14266	0.112853
9480	0.112775
8533	0.112775
1118	0.112690
10661	0.112401
9787	0.111952
9786	0.111952
9785	0.111952
9784	0.111952
9783	0.111952
9782	0.111952
9781	0.111952
9778	0.111952
9280	0.111952
8585	0.111952
8567	0.111952
8553	0.111952
6465	0.111878
9201	0.111873
14407	0.111763
2114	0.111385
8584	0.111294
9174	0.111130
9623	0.110891
9207	0.110498
9205	0.110498
8528	0.110498
2522	0.110163
6430	0.109531
1123	0.109531
3739	0.109275
2708	0.109174
7752	0.109098
11733	0.107906
3745	0.107856
12053	0.107825
13036	0.107575
14358	0.107490
9780	0.107194
14415	0.107163
9277	0.107163
9244	0.106561
9913	0.106246
6077	0.105920
4306	0.105901
9152	0.105861
6473	0.105009
8180	0.104899
3588	0.103771
1656	0.103623
8451	0.103453
7510	0.103449
7954	0.103187
2107	0.102991
6838	0.102959
12030	0.102850
13054	0.102540
9706	0.101764
2954	0.101627
7526	0.101061
8864	0.101061
8863	0.101061
8583	0.101061
8124	0.101061
7904	0.101061
7903	0.101061
7902	0.101061
7901	0.101061
7900	0.101061
7899	0.101061
7897	0.101061
7896	0.101061
7895	0.101061
9176	0.100706
8809	0.100706
14416	0.100462
2955	0.100349
2953	0.100349
879	0.099987
3212	0.099934
9709	0.099522
8604	0.099510
3741	0.099069
2110	0.098875
9438	0.098819
5035	0.098387
7606	0.098309
8625	0.097421
7131	0.097161
8634	0.097152
9231	0.097152
5219	0.097110
3921	0.096933
4667	0.096800
4416	0.096627
404	0.096451
9415	0.096444
8851	0.096444
8850	0.096444
51	0.096387
6149	0.095894
8676	0.095725
2097	0.095547
823	0.095503
1346	0.095478
8792	0.095392
6395	0.095332
4671	0.094780
4669	0.094780
2990	0.094748
4281	0.094435
225	0.094135
2600	0.094035
2109	0.093782
4670	0.093729
9788	0.093696
5476	0.093681
9204	0.093301
8592	0.093301
7379	0.093290
1132	0.093007
1756	0.092492
2828	0.092421
9673	0.091934
11739	0.091881
7676	0.091835
6295	0.091794
7955	0.091682
9713	0.091506
9775	0.091276
7453	0.091235
268	0.091225
9199	0.090809
12036	0.090589
1232	0.090506
1229	0.090506
4231	0.090488
5746	0.090331
3507	0.089481
9704	0.089436
4559	0.089272
1816	0.088897
11989	0.088832
5546	0.088832
2831	0.088298
2188	0.087994
13545	0.087696
73	0.087635
6501	0.087491
2182	0.087134
2621	0.087025
2996	0.087013
12873	0.086788
13394	0.086771
4668	0.086562
4383	0.086541
2521	0.086496
114	0.086473
4672	0.086328
9484	0.086288
9483	0.086288
2170	0.086286
353	0.086228
861	0.085978
469	0.085970
7913	0.085910
5968	0.085910
470	0.085910
1109	0.085593
12010	0.085487
5967	0.085412
2523	0.084971
1694	0.084624
1030	0.084623
2274	0.084517
7295	0.084394
3914	0.084155
876	0.084154
11937	0.083947
8891	0.083870
11566	0.083796
9237	0.083639
5424	0.083475
1400	0.082749
9145	0.082632
679	0.082591
5413	0.082522
2277	0.082496
2108	0.082469
6742	0.082248
3438	0.082178
524	0.082078
3423	0.081913
11147	0.081824
2979	0.081741
12915	0.081688
12914	0.081688
6482	0.081398
1228	0.081137
392	0.081108
3007	0.080995
13293	0.080980
3539	0.080950
3142	0.080571
2423	0.080509
10232	0.080436
8709	0.080339
7917	0.080107
82	0.080010
13970	0.079996
10286	0.079940
9347	0.079817
1905	0.079536
5423	0.079484
14375	0.079149
5177	0.079091
7654	0.078780
5296	0.078648
11646	0.078638
6725	0.078610
7655	0.078582
6065	0.078548
4485	0.078451
7400	0.078325
2	0.078236
370	0.078213
5918	0.078167
6064	0.078027
9150	0.077831
1837	0.077815
5442	0.077814
2666	0.077668
307	0.077484
14367	0.077322
2111	0.077229
1836	0.077172
13698	0.076972
13544	0.076972
8565	0.076745
9796	0.076736
10582	0.076617
1114	0.076597
10045	0.076202
9460	0.076180
6754	0.075940
2286	0.075887
7918	0.075753
8712	0.075684
8303	0.075684
8302	0.075684
7362	0.075684
6359	0.075684
8635	0.075671
6202	0.075604
74	0.075579
12296	0.075558
6244	0.075558
14351	0.075442
10403	0.075376
2185	0.075188
86	0.075063
10227	0.074940
6081	0.074743
12243	0.074732
10694	0.074620
4169	0.074550
6443	0.074523
8671	0.074512
9235	0.074506
9230	0.074506
9228	0.074506
9225	0.074506
9224	0.074506
9221	0.074506
9219	0.074506
9214	0.074506
9213	0.074506
9211	0.074506
9209	0.074506
9208	0.074506
9206	0.074506
9193	0.074506
8807	0.074506
8679	0.074506
8677	0.074506
8675	0.074506
8674	0.074506
8673	0.074506
8670	0.074506
8637	0.074506
8633	0.074506
8631	0.074506
8610	0.074506
8591	0.074506
8539	0.074506
8538	0.074506
8537	0.074506
8536	0.074506
8529	0.074506
8526	0.074506
8525	0.074506
8632	0.074506
5790	0.074237
11968	0.074167
949	0.074167
4021	0.074118
6557	0.073990
8895	0.073754
4511	0.073741
11681	0.073476
11611	0.073429
8894	0.073429
8893	0.073429
6339	0.073429
3439	0.073429
6587	0.073359
9761	0.073307
1300	0.073241
7830	0.073230
1097	0.073210
2980	0.073201
9729	0.073144
4865	0.073097
8711	0.073056
6044	0.073023
8732	0.072991
129	0.072980
8710	0.072959
3590	0.072938
6393	0.072896
5500	0.072882
13456	0.072786
13342	0.072786
3778	0.072551
1919	0.072523
7880	0.072501
6127	0.072447
2542	0.072440
13449	0.072397
3314	0.072367
4958	0.072308
10226	0.072277
2962	0.072238
3448	0.072207
38	0.072205
8636	0.072130
3311	0.072126
9192	0.071958
7258	0.071937
492	0.071919
11964	0.071908
12229	0.071624
498	0.071553
12357	0.071498
6317	0.071414
14404	0.071391
14400	0.071391
8143	0.071391
8096	0.071391
4301	0.071354
877	0.071324
1117	0.071315
9232	0.071274
9024	0.071272
9023	0.071272
9022	0.071272
8949	0.071272
14395	0.071218
7891	0.071218
8041	0.071110
3415	0.071097
13320	0.071068
2821	0.071064
4160	0.071030
14370	0.071019
4977	0.070980
13517	0.070976
817	0.070789
2363	0.070716
8845	0.070677
1402	0.070674
121	0.070627
3093	0.070604
9200	0.070586
3666	0.070518
2892	0.070501
1293	0.070354
9818	0.070286
9693	0.070286
12868	0.070232
9242	0.070232
9241	0.070232
9240	0.070232
6696	0.070232
14357	0.070214
7787	0.070214
8453	0.070207
10795	0.070206
9700	0.070137
2283	0.070079
5403	0.070053
3940	0.070013
13442	0.069914
9062	0.069867
7888	0.069766
874	0.069634
13603	0.069523
13238	0.069523
9553	0.069523
2959	0.069523
12103	0.069523
1	0.069508
14365	0.069503
4873	0.069446
2411	0.069425
2113	0.069421
10664	0.069354
13541	0.069196
5745	0.069194
633	0.069166
4175	0.069093
3906	0.069084
8468	0.069024
2978	0.069024
2977	0.069024
7642	0.068934
8464	0.068797
14364	0.068612
8773	0.068538
6621	0.068538
12979	0.068531
3604	0.068445
599	0.068408
6618	0.068380
730	0.068346
2281	0.068285
8530	0.068197
2964	0.068146
6017	0.068074
4976	0.068044
12201	0.067978
4834	0.067963
13325	0.067960
4216	0.067954
3700	0.067941
14290	0.067906
2960	0.067903
2827	0.067752
243	0.067731
12275	0.067727
9220	0.067723
9741	0.067697
3310	0.067697
1111	0.067693
4624	0.067678
12069	0.067654
12077	0.067628
6461	0.067628
3711	0.067628
9258	0.067594
4778	0.067576
6197	0.067566
13739	0.067465
713	0.067400
13235	0.067360
5555	0.067330
5268	0.067306
1930	0.067244
4922	0.067243
7479	0.067242
8090	0.067125
2847	0.067125
2843	0.067125
2839	0.067125
11850	0.067001
7920	0.066973
7999	0.066922
2840	0.066817
4176	0.066803
6217	0.066654
6447	0.066616
12276	0.066596
14263	0.066596
14002	0.066596
14001	0.066596
14000	0.066596
13998	0.066596
13996	0.066596
6666	0.066596
5064	0.066596
4854	0.066596
4852	0.066596
13334	0.066483
6006	0.066428
11298	0.066392
10994	0.066392
9307	0.066368
11682	0.066304
6913	0.066271
9912	0.066186
9911	0.066186
8531	0.066165
11678	0.065992
3738	0.065964
6255	0.065914
4463	0.065836
13533	0.065793
13532	0.065793
13531	0.065793
6707	0.065559
11715	0.065467
10642	0.065465
4848	0.065452
10233	0.065377
9686	0.065349
10097	0.065322
1265	0.065282
9385	0.065274
586	0.065270
12295	0.065258
6243	0.065258
13557	0.065187
13556	0.065187
1780	0.065115
8312	0.065108
532	0.065088
2509	0.065072
7686	0.064947
11737	0.064761
10538	0.064746
8503	0.064737
2424	0.064683
5245	0.064624
14379	0.064594
9831	0.064589
14219	0.064578
4692	0.064474
239	0.064382
3613	0.064377
2510	0.064302
12226	0.064261
3969	0.064261
1090	0.064200
14269	0.064194
6151	0.064172
7227	0.064167
5908	0.064057
6967	0.064005
6689	0.064005
3283	0.063872
4412	0.063857
222	0.063856
8329	0.063767
11425	0.063662
10379	0.063662
3116	0.063611
14052	0.063594
10065	0.063594
4262	0.063594
4414	0.063484
1135	0.063432
2102	0.063410
5510	0.063395
2380	0.063243
14003	0.063159
4998	0.063125
5604	0.063114
2950	0.062992
4466	0.062979
35	0.062668
12219	0.062661
7263	0.062633
14406	0.062631
14405	0.062631
14368	0.062618
9993	0.062507
6851	0.062403
12182	0.062397
4464	0.062397
4053	0.062227
9210	0.062224
9735	0.062216
792	0.062184
8714	0.062169
8319	0.062142
2275	0.062127
13997	0.062054
2447	0.061950
13942	0.061923
9121	0.061885
9112	0.061885
14248	0.061817
8047	0.061817
2773	0.061765
2104	0.061757
7584	0.061721
888	0.061665
6866	0.061659
6191	0.061609
2442	0.061594
5855	0.061530
3437	0.061508
12281	0.061441
6619	0.061441
7261	0.061306
6267	0.061273
6302	0.061273
14360	0.061234
8910	0.061211
2981	0.061184
981	0.061121
3288	0.061108
1853	0.061069
1457	0.061029
2881	0.061010
6833	0.060992
7178	0.060974
8928	0.060972
9168	0.060961
1269	0.060822
13706	0.060817
9414	0.060813
6378	0.060809
13738	0.060802
13731	0.060802
8207	0.060589
3427	0.060566
5461	0.060463
13707	0.060460
5299	0.060373
3243	0.060340
2124	0.060282
4465	0.060267
3320	0.060190
5243	0.060132
3430	0.060065
13448	0.060065
6472	0.060003
7380	0.059932
12204	0.059829
5877	0.059823
3388	0.059750
3071	0.059737
5452	0.059692
4850	0.059676
2605	0.059602
184	0.059497
716	0.059422
6904	0.059381
4142	0.059269
9222	0.059141
2060	0.059134
3934	0.059014
2845	0.058953
4935	0.058939
3710	0.058880
786	0.058871
119	0.058829
2267	0.058806
295	0.058736
8535	0.058707
6305	0.058668
13030	0.058611
6677	0.058587
352	0.058570
781	0.058397
11998	0.058357
4450	0.058343
5911	0.058316
4377	0.058303
13651	0.058301
4855	0.058296
118	0.058110
5496	0.058094
5305	0.058000
4868	0.057980
187	0.057976
113	0.057904
5914	0.057852
11996	0.057849
12572	0.057794
12234	0.057487
11226	0.057442
7782	0.057409
3736	0.057336
7915	0.057327
13687	0.057320
4148	0.057301
881	0.057283
4468	0.057279
13694	0.057275
10098	0.057195
5346	0.057171
141	0.057159
10230	0.057097
4520	0.056990
7020	0.056950
10549	0.056935
4118	0.056722
4839	0.056690
2278	0.056588
3128	0.056559
3121	0.056559
3048	0.056559
2624	0.056559
2303	0.056553
155	0.056530
9512	0.056521
2450	0.056502
8392	0.056482
4361	0.056461
12242	0.056290
7692	0.056202
5302	0.056104
3550	0.056079
5038	0.055707
2263	0.055706
13374	0.055704
13373	0.055704
9311	0.055670
3054	0.055615
6007	0.055612
7468	0.055589
2967	0.055589
2046	0.055583
3706	0.055574
122	0.055428
14374	0.055276
14363	0.055276
5309	0.055241
8335	0.055059
14162	0.055039
7569	0.055029
10236	0.055000
3358	0.054930
11903	0.054925
7874	0.054904
2632	0.054874
11806	0.054832
10646	0.054795
10127	0.054745
4836	0.054640
9202	0.054612
3328	0.054544
2351	0.054272
2350	0.054272
2348	0.054272
2346	0.054272
2394	0.054229
9748	0.054211
7783	0.054168
9215	0.054149
4883	0.054125
2965	0.054117
4758	0.054051
4824	0.054029
8204	0.053994
6616	0.053941
12141	0.053927
10800	0.053865
1403	0.053846
10110	0.053798
10050	0.053772
2014	0.053741
10030	0.053726
2458	0.053716
5737	0.053660
10748	0.053643
9834	0.053643
231	0.053580
12050	0.053542
7890	0.053470
12131	0.053466
2641	0.053466
2640	0.053466
2598	0.053450
2844	0.053389
3974	0.053361
1952	0.053354
14366	0.053151
14361	0.053151
14355	0.053151
8456	0.053151
14369	0.053140
13462	0.053080
6016	0.053035
4094	0.053032
3636	0.052966
3699	0.052850
4799	0.052824
3786	0.052749
683	0.052697
9520	0.052695
8447	0.052687
9457	0.052586
4152	0.052586
3751	0.052527
3750	0.052527
9869	0.052517
3431	0.052426
5591	0.052400
14382	0.052382
6035	0.052375
6277	0.052355
5696	0.052331
12101	0.052324
685	0.052311
7306	0.052290
4596	0.052266
4787	0.052244
5451	0.052242
4426	0.052207
117	0.052175
2863	0.052172
5777	0.052118
5909	0.052096
11988	0.051944
5289	0.051932
3592	0.051871
11987	0.051846
698	0.051810
2365	0.051802
2593	0.051798
3536	0.051785
3498	0.051720
13321	0.051676
6179	0.051645
9506	0.051612
4334	0.051598
1262	0.051531
10197	0.051519
7889	0.051519
5118	0.051508
14410	0.051483
14409	0.051483
14408	0.051483
7919	0.051483
14433	0.051472
678	0.051467
7759	0.051409
7357	0.051409
7355	0.051409
4849	0.051395
5541	0.051377
9579	0.051320
12785	0.051303
3677	0.051266
6598	0.051241
6731	0.051220
2870	0.051178
3870	0.051145
8026	0.051138
11914	0.051120
5963	0.051081
991	0.051047
8387	0.051005
578	0.050893
7356	0.050893
12310	0.050858
13600	0.050854
11803	0.050750
3420	0.050741
79	0.050735
9170	0.050703
9797	0.050660
13026	0.050643
7495	0.050632
4798	0.050622
3279	0.050611
10229	0.050601
11781	0.050418
8173	0.050402
596	0.050325
1785	0.050250
4613	0.050177
3774	0.050157
882	0.050155
7942	0.050087
13621	0.050083
1850	0.050082
9855	0.050065
8713	0.050065
