8884	0.123979
3672	0.121209
6045	0.120667
3791	0.119082
2207	0.113816
12525	0.112598
8883	0.104865
5833	0.104141
2206	0.102695
2208	0.102289
1236	0.102289
6664	0.099827
4784	0.099401
465	0.099329
4783	0.098976
2594	0.098175
1835	0.097467
6498	0.095951
8775	0.095904
9716	0.095810
13068	0.095721
13067	0.095721
13066	0.095721
13065	0.095721
13064	0.095721
13063	0.095721
13062	0.095721
13056	0.095721
13053	0.095721
13046	0.095721
13044	0.095721
12971	0.095721
12921	0.095721
8057	0.095707
4782	0.095644
4787	0.094702
11989	0.093680
3810	0.093240
11852	0.093146
876	0.093082
10389	0.092934
13126	0.092690
5649	0.092310
9909	0.092127
11818	0.092000
7984	0.091343
9099	0.091045
10751	0.091005
13365	0.090901
8887	0.090467
5314	0.090359
6372	0.090301
5870	0.090203
13697	0.090155
13364	0.090155
10556	0.089881
2539	0.089341
13121	0.089320
4789	0.089320
4788	0.089320
1838	0.089301
8882	0.089165
4201	0.089165
5747	0.088624
2595	0.087772
5110	0.087754
2097	0.087507
5877	0.087429
10376	0.087326
14250	0.087191
10558	0.087191
10555	0.087191
6968	0.087191
8042	0.087120
11626	0.087064
7177	0.087029
9894	0.087000
5832	0.086908
2600	0.086179
5650	0.085942
7306	0.085140
6195	0.084979
1685	0.084547
10523	0.084391
2096	0.084345
4	0.084268
5399	0.084173
2132	0.084045
12956	0.083899
14249	0.083794
10557	0.083557
6138	0.083546
1436	0.083481
11977	0.083397
11211	0.083006
13095	0.082885
6969	0.082885
5313	0.082881
12431	0.082798
7268	0.082486
12001	0.082377
5516	0.082377
11415	0.082305
8329	0.081554
2480	0.081549
13449	0.081535
3418	0.081429
12636	0.081100
10852	0.081098
805	0.080502
6176	0.080325
10520	0.080302
4530	0.080087
3505	0.079779
9762	0.079604
4551	0.079573
6366	0.079268
5863	0.079116
9451	0.079057
3869	0.079023
10510	0.078671
5434	0.078293
3585	0.078150
2944	0.078124
4531	0.078071
45	0.078011
4520	0.077991
13374	0.077972
13373	0.077972
6737	0.077964
13557	0.077877
13556	0.077877
23	0.077853
9385	0.077839
2521	0.077744
11237	0.077671
13157	0.077364
13490	0.077274
13632	0.077274
13631	0.077274
2695	0.077106
13633	0.077105
11556	0.076706
2152	0.076628
4908	0.076460
10554	0.076343
6972	0.076337
3591	0.076104
3370	0.075872
193	0.075871
7676	0.075733
2099	0.075514
13023	0.075277
4663	0.075209
10127	0.075192
887	0.075078
11403	0.075072
6148	0.075072
10264	0.074789
7453	0.074736
12142	0.074674
6378	0.074537
10898	0.074510
3056	0.074280
12856	0.074248
3313	0.074226
12555	0.074162
9197	0.073982
5651	0.073468
1016	0.073421
13052	0.073005
13010	0.073005
12879	0.073005
10499	0.072999
6100	0.072675
13838	0.072668
3075	0.072613
12944	0.072561
12949	0.072369
12947	0.072369
12946	0.072369
12945	0.072369
12943	0.072369
12942	0.072369
2084	0.072273
6201	0.072246
11915	0.072185
3152	0.071934
14091	0.071898
3372	0.071631
10226	0.071483
5958	0.071407
9519	0.071148
12827	0.071105
11689	0.071095
13182	0.071056
9958	0.071052
14111	0.070928
14080	0.070928
4482	0.070928
5859	0.070816
9497	0.070697
12198	0.070639
3496	0.070633
10366	0.070528
9532	0.070397
9535	0.070389
9530	0.070389
9527	0.070389
9526	0.070389
9525	0.070389
9524	0.070389
9523	0.070389
9521	0.070389
9517	0.070389
9516	0.070389
9515	0.070389
9513	0.070389
9511	0.070389
9510	0.070389
9243	0.070389
9161	0.070389
6099	0.070389
7368	0.070356
7977	0.070284
2607	0.070228
3371	0.070225
12286	0.070004
5995	0.069976
3171	0.069838
9080	0.069741
11510	0.069741
12	0.069573
6838	0.069481
3001	0.069266
29	0.068951
2107	0.068921
1369	0.068911
3497	0.068697
5727	0.068582
13011	0.068526
2098	0.068425
10694	0.068391
4907	0.068334
9960	0.068195
2606	0.068143
13111	0.068093
13109	0.068093
9959	0.068093
2227	0.068084
10636	0.067971
2873	0.067922
3654	0.067917
10125	0.067876
2828	0.067837
12787	0.067792
4823	0.067752
9168	0.067747
9534	0.067655
9533	0.067655
9529	0.067655
9509	0.067655
4786	0.067473
2382	0.067415
9528	0.067400
1132	0.067201
12795	0.067172
8134	0.067020
1952	0.066958
119	0.066947
10412	0.066870
8622	0.066694
12089	0.066668
1466	0.066651
5191	0.066532
10920	0.066381
10365	0.065906
13322	0.065905
26	0.065839
12244	0.065833
11502	0.065708
2263	0.065662
13209	0.065462
13206	0.065462
13205	0.065462
13203	0.065462
6977	0.065462
11280	0.065001
2751	0.064960
11988	0.064949
9504	0.064827
2778	0.064792
6205	0.064763
1732	0.064745
8137	0.064731
5582	0.064695
10511	0.064682
8864	0.064672
8863	0.064672
8583	0.064672
8124	0.064672
7904	0.064672
7903	0.064672
7902	0.064672
7901	0.064672
7900	0.064672
7899	0.064672
7897	0.064672
7896	0.064672
7895	0.064672
7526	0.064653
12792	0.064637
7388	0.064625
6063	0.064551
12572	0.064544
3200	0.064401
10899	0.064221
12791	0.064150
12788	0.064150
10937	0.064130
10060	0.064059
4365	0.064059
5994	0.063901
14291	0.063900
3806	0.063875
296	0.063657
12213	0.063651
5	0.063607
12711	0.063539
4226	0.063235
10624	0.063214
2269	0.062948
11987	0.062873
13649	0.062846
6987	0.062791
633	0.062711
7690	0.062692
7348	0.062692
7349	0.062692
11033	0.062667
4366	0.062660
10361	0.062596
3957	0.062544
5888	0.062521
7218	0.062423
10330	0.062373
7615	0.062190
4497	0.062135
1452	0.062111
5585	0.062023
498	0.061903
10977	0.061891
13657	0.061860
1719	0.061860
5584	0.061761
331	0.061754
12214	0.061749
1234	0.061726
4536	0.061603
28	0.061481
2174	0.061464
10976	0.061353
2945	0.061312
7328	0.061262
881	0.061184
12074	0.061172
323	0.061007
3553	0.060966
1120	0.060825
13247	0.060785
1119	0.060778
3960	0.060725
3956	0.060725
5430	0.060534
6485	0.060450
4709	0.060397
10739	0.060394
10788	0.060394
10777	0.060394
10759	0.060394
12816	0.060380
2110	0.060338
6564	0.060232
13441	0.060218
4349	0.060185
11037	0.059734
5546	0.059527
792	0.059509
13820	0.059432
2175	0.059317
6414	0.059222
705	0.059168
3005	0.059035
13547	0.058873
13546	0.058873
13368	0.058873
5583	0.058822
9059	0.058792
10921	0.058746
9460	0.058547
5350	0.058381
13384	0.058275
2362	0.058171
221	0.058062
11069	0.057864
6333	0.057842
2635	0.057833
13026	0.057823
5876	0.057813
6763	0.057758
5860	0.057629
10943	0.057590
3197	0.057523
10156	0.057513
11129	0.057378
10045	0.057214
5346	0.057208
10088	0.056995
9034	0.056954
352	0.056733
971	0.056608
7088	0.056561
190	0.056448
10426	0.056436
10050	0.056136
1115	0.056082
134	0.056079
13832	0.056065
8596	0.055811
5433	0.055757
10646	0.055706
13552	0.055677
13511	0.055677
13507	0.055677
8931	0.055656
12161	0.055613
11870	0.055613
11794	0.055613
11204	0.055613
11203	0.055613
6144	0.055613
6143	0.055613
6142	0.055613
6141	0.055613
10051	0.055582
9098	0.055544
8773	0.055540
6621	0.055540
13167	0.055529
10122	0.055529
6140	0.055461
6139	0.055461
8890	0.055337
10821	0.055337
8135	0.055277
772	0.055270
11007	0.055220
4521	0.055216
22	0.055081
9727	0.054941
5116	0.054839
1707	0.054807
12281	0.054765
6619	0.054765
3201	0.054764
13813	0.054709
11447	0.054686
10031	0.054499
2526	0.054493
9849	0.054392
499	0.054352
4457	0.054345
6278	0.054326
167	0.054280
7991	0.054207
6618	0.054182
5885	0.054136
5748	0.054083
12492	0.054041
7114	0.054013
11699	0.053991
7417	0.053991
4045	0.053829
5635	0.053828
14266	0.053768
4535	0.053750
13500	0.053738
12496	0.053682
2638	0.053639
13164	0.053598
10456	0.053472
10548	0.053441
4200	0.053421
11475	0.053373
6482	0.053361
2734	0.053309
3774	0.053309
2105	0.053247
12436	0.053214
7337	0.053167
7395	0.053148
10526	0.053126
2119	0.053061
7659	0.053014
11793	0.052966
338	0.052964
7272	0.052959
4367	0.052919
11677	0.052829
4494	0.052829
4493	0.052829
11136	0.052792
1133	0.052791
2773	0.052775
27	0.052767
5389	0.052711
10916	0.052628
634	0.052452
7321	0.052413
4534	0.052409
4567	0.052386
4565	0.052386
9512	0.052367
6340	0.052182
5719	0.052168
5482	0.052151
7295	0.052137
2118	0.051928
9520	0.051911
13303	0.051810
12571	0.051771
7468	0.051744
2967	0.051744
12880	0.051671
10130	0.051567
12147	0.051523
12263	0.051521
4682	0.051521
11233	0.051504
9381	0.051504
7881	0.051492
5045	0.051484
10723	0.051361
3626	0.051262
13360	0.051144
3342	0.051120
13626	0.051115
13425	0.051115
10186	0.051014
9769	0.050993
2117	0.050975
6727	0.050905
6007	0.050887
7273	0.050882
3	0.050757
13265	0.050740
11215	0.050687
319	0.050664
5420	0.050642
5884	0.050628
10356	0.050609
13856	0.050605
6065	0.050492
1161	0.050463
8934	0.050448
10625	0.050423
5208	0.050377
11575	0.050149
11161	0.050113
6155	0.050041
2965	0.050037
10740	0.049990
3203	0.049900
11658	0.049883
3623	0.049866
13012	0.049851
13004	0.049851
7962	0.049804
6421	0.049583
12556	0.049569
5037	0.049559
314	0.049472
10049	0.049372
473	0.049261
9689	0.049233
6064	0.049132
11903	0.049119
13131	0.049071
6636	0.049070
7261	0.049068
1403	0.049000
6255	0.048932
2473	0.048843
11799	0.048769
12807	0.048733
11679	0.048726
12250	0.048704
10182	0.048692
13569	0.048515
5291	0.048483
10776	0.048448
6055	0.048426
5957	0.048410
12145	0.048358
10515	0.048358
5956	0.048358
5142	0.048240
10025	0.048138
11916	0.048124
6076	0.048067
3120	0.048067
11654	0.048049
494	0.048038
10198	0.047973
9605	0.047966
8794	0.047863
5608	0.047758
11533	0.047757
683	0.047660
7245	0.047635
2981	0.047635
5268	0.047633
2964	0.047593
5026	0.047585
5027	0.047585
10469	0.047530
7344	0.047523
13178	0.047523
13179	0.047523
1964	0.047518
5392	0.047508
5836	0.047503
2776	0.047460
7504	0.047426
6116	0.047412
13609	0.047412
8656	0.047393
3631	0.047366
14427	0.047366
10197	0.047337
4932	0.047337
3303	0.047320
2947	0.047317
9623	0.047285
5797	0.047246
5745	0.047164
381	0.047110
5913	0.047069
12502	0.047038
6971	0.046967
10722	0.046962
3812	0.046954
9917	0.046952
12125	0.046940
9237	0.046940
2542	0.046888
3170	0.046825
716	0.046811
3813	0.046785
12836	0.046758
12824	0.046758
7356	0.046752
7745	0.046728
11394	0.046708
8387	0.046646
3559	0.046622
12734	0.046618
3717	0.046612
1419	0.046521
8837	0.046519
12109	0.046440
5948	0.046440
592	0.046414
7759	0.046333
7357	0.046333
7355	0.046333
12576	0.046315
2268	0.046281
6732	0.046276
11121	0.046253
12095	0.046209
11964	0.046191
12670	0.046147
3819	0.046126
2170	0.046105
11564	0.046048
6649	0.045996
6647	0.045996
6646	0.045996
5610	0.045996
2951	0.045957
4942	0.045950
5178	0.045923
2529	0.045801
6221	0.045786
6741	0.045731
11065	0.045674
10350	0.045640
8173	0.045634
227	0.045555
11385	0.045541
12457	0.045512
12456	0.045512
12450	0.045512
12443	0.045512
9798	0.045512
6184	0.045507
3366	0.045499
351	0.045450
4873	0.045415
2278	0.045409
5188	0.045393
13848	0.045369
12530	0.045322
9423	0.045317
11019	0.045290
9596	0.045247
9021	0.045212
11365	0.045185
11270	0.045185
10957	0.045185
7144	0.045185
10678	0.045184
3851	0.045163
1083	0.045156
12524	0.045148
11297	0.045129
12237	0.045098
3369	0.045071
12082	0.045039
2411	0.044988
773	0.044942
1506	0.044940
2612	0.044912
6730	0.044851
9538	0.044773
4613	0.044748
10059	0.044665
2699	0.044612
4715	0.044587
8933	0.044502
13462	0.044468
12747	0.044465
11637	0.044431
12794	0.044333
306	0.044321
11195	0.044302
6835	0.044298
13285	0.044286
11467	0.044266
6841	0.044225
11188	0.044148
11187	0.044148
3764	0.044117
2874	0.044100
2315	0.044099
11189	0.044056
1572	0.044044
9337	0.044036
4363	0.044020
10615	0.044020
5746	0.044015
13685	0.043999
13684	0.043999
13683	0.043999
13565	0.043999
13545	0.043937
13006	0.043927
10477	0.043851
14431	0.043838
8148	0.043838
1209	0.043788
7319	0.043772
10816	0.043716
1040	0.043707
700	0.043664
12757	0.043632
9159	0.043622
12153	0.043615
4702	0.043615
4537	0.043606
7182	0.043566
9196	0.043557
11808	0.043481
10500	0.043417
3699	0.043370
6768	0.043280
12680	0.043280
10834	0.043147
6834	0.043144
7686	0.043098
13337	0.043056
5507	0.043056
5189	0.043035
13551	0.043019
12546	0.042923
10388	0.042913
2518	0.042910
8444	0.042875
475	0.042828
967	0.042820
13396	0.042816
13338	0.042816
9484	0.042763
9483	0.042763
11743	0.042751
10762	0.042698
13288	0.042676
11477	0.042660
13166	0.042608
8779	0.042525
14342	0.042482
7681	0.042472
12802	0.042468
11551	0.042399
2582	0.042327
2581	0.042242
472	0.042178
10199	0.042173
8778	0.042167
5779	0.042128
6623	0.042110
10761	0.042106
388	0.042048
4148	0.042019
1793	0.042019
2507	0.042012
3908	0.041986
14233	0.041853
1136	0.041853
5419	0.041841
5778	0.041829
14407	0.041749
4780	0.041728
5664	0.041707
13517	0.041625
7101	0.041595
14340	0.041590
5609	0.041583
3004	0.041579
9948	0.041502
1950	0.041492
12517	0.041481
9775	0.041424
4660	0.041421
12238	0.041370
8247	0.041360
10136	0.041315
218	0.041261
8343	0.041247
5607	0.041201
4068	0.041169
7313	0.041165
4051	0.041125
13839	0.041125
4974	0.041108
3189	0.041065
14004	0.041065
4866	0.041065
2822	0.041048
12403	0.040983
12367	0.040905
12727	0.040836
735	0.040746
4664	0.040743
3638	0.040739
303	0.040708
390	0.040700
6182	0.040689
1734	0.040654
11891	0.040645
7650	0.040632
7096	0.040632
6361	0.040630
8382	0.040620
11178	0.040604
11550	0.040567
7284	0.040455
12182	0.040431
4464	0.040431
4495	0.040380
11858	0.040379
8862	0.040378
8861	0.040378
8860	0.040378
8859	0.040378
8858	0.040378
8857	0.040378
8844	0.040378
8843	0.040378
8842	0.040378
8841	0.040378
8840	0.040378
8839	0.040378
8838	0.040378
8834	0.040378
8824	0.040378
8823	0.040378
8822	0.040378
8820	0.040378
8818	0.040378
8817	0.040378
8803	0.040378
8798	0.040378
8737	0.040378
8639	0.040378
7682	0.040378
7677	0.040378
7382	0.040378
7247	0.040378
6715	0.040375
5795	0.040361
11838	0.040359
7283	0.040359
14254	0.040336
2109	0.040278
13110	0.040269
3951	0.040248
11505	0.040237
589	0.040219
10432	0.040175
12604	0.040173
12799	0.040161
9439	0.040141
5954	0.040095
2950	0.040094
4831	0.040071
9702	0.040063
13834	0.040028
7553	0.040011
803	0.040007
3748	0.039989
1020	0.039963
11813	0.039962
1420	0.039921
6147	0.039895
12716	0.039886
11176	0.039875
115	0.039849
1094	0.039809
12851	0.039789
5638	0.039743
4977	0.039740
12969	0.039730
8661	0.039650
11242	0.039626
567	0.039595
10475	0.039564
1925	0.039546
7070	0.039498
10841	0.039498
11143	0.039495
277	0.039487
5386	0.039435
9375	0.039383
2889	0.039237
9383	0.039106
4532	0.039105
5586	0.039103
11112	0.039079
24	0.039060
4872	0.038892
5686	0.038823
2111	0.038737
9796	0.038702
7062	0.038694
329	0.038692
2523	0.038683
10833	0.038648
2267	0.038636
12779	0.038628
569	0.038613
9589	0.038605
6496	0.038597
5432	0.038597
330	0.038569
10512	0.038533
13090	0.038413
11314	0.038410
10820	0.038399
11123	0.038375
808	0.038326
778	0.038321
2035	0.038286
7752	0.038225
6472	0.038198
6614	0.038137
1017	0.038107
6371	0.038089
4463	0.038088
10595	0.038079
5062	0.038072
12575	0.038071
739	0.038054
9779	0.038050
12759	0.038044
13966	0.038030
7296	0.038024
4976	0.038018
4295	0.037936
