155	0.239684
9710	0.229282
2256	0.204983
8891	0.203375
2971	0.201148
5067	0.201111
11655	0.199162
2055	0.197571
8895	0.195058
5593	0.194446
2306	0.194444
4491	0.194437
13242	0.194431
13241	0.194431
5595	0.194431
5594	0.194431
13239	0.194426
4483	0.194422
5598	0.194218
11611	0.193941
8894	0.193941
8893	0.193941
6339	0.193941
3439	0.193941
9188	0.193937
9135	0.193521
11925	0.193131
4130	0.192978
5590	0.192701
5448	0.191929
2752	0.191642
2784	0.191014
6295	0.189930
12871	0.189680
9465	0.189490
307	0.188340
12252	0.187858
5592	0.186117
3741	0.184504
8709	0.184303
3415	0.184299
8979	0.184233
9711	0.182598
9708	0.182598
9707	0.182598
9705	0.182598
9703	0.182598
9699	0.182552
8712	0.182527
8303	0.182527
8302	0.182527
7362	0.182527
6359	0.182527
6202	0.182478
9706	0.182287
539	0.181121
2775	0.180754
5296	0.180640
8845	0.180266
9702	0.179434
8732	0.179398
8711	0.179385
8710	0.179228
6149	0.178819
4081	0.178814
6081	0.177828
13240	0.177684
9709	0.174684
10591	0.174542
1691	0.174048
11926	0.173917
4149	0.173559
9537	0.173206
14407	0.172206
5037	0.171188
6557	0.170982
468	0.168968
13114	0.168862
11214	0.168815
1148	0.168573
7752	0.168510
9327	0.168495
7222	0.168365
5597	0.167984
9713	0.167863
6839	0.167678
9328	0.167316
2751	0.167257
8412	0.166659
13845	0.166364
8371	0.166364
4485	0.165995
7486	0.165909
2864	0.164731
93	0.164345
14415	0.162955
9277	0.162955
4238	0.162036
7824	0.161730
7263	0.160874
8604	0.160702
532	0.159972
3948	0.159501
1166	0.157953
3667	0.157761
758	0.157450
3423	0.157068
466	0.156938
2278	0.155671
8676	0.153624
8444	0.152937
4005	0.152895
79	0.152723
2621	0.152673
4781	0.151538
14247	0.151348
1078	0.151192
9337	0.151184
5596	0.150856
1458	0.150216
74	0.150053
9704	0.149962
1764	0.149586
9488	0.149506
82	0.148870
2275	0.148223
10286	0.147498
5884	0.147436
4942	0.147235
4301	0.147147
9700	0.146609
4831	0.146488
77	0.146434
2010	0.146347
4294	0.146067
989	0.145838
1905	0.145252
5302	0.144369
3084	0.144078
8625	0.143675
6603	0.143177
5442	0.142432
9413	0.141637
12909	0.141580
5849	0.141337
5599	0.140476
238	0.140442
11845	0.140296
6322	0.140228
11758	0.139739
10504	0.138936
6604	0.138863
11809	0.138668
2683	0.138564
8439	0.138432
7435	0.138432
7180	0.138432
8438	0.138312
2766	0.138307
2874	0.137946
9244	0.137627
3270	0.136813
8972	0.136665
7240	0.135832
6501	0.135575
9150	0.135476
2064	0.135165
6465	0.135002
3276	0.134977
9787	0.134924
9786	0.134924
9785	0.134924
9784	0.134924
9783	0.134924
9782	0.134924
9781	0.134924
9778	0.134924
9280	0.134924
8585	0.134924
8567	0.134924
8553	0.134924
2803	0.134889
2274	0.134876
7092	0.134766
5282	0.134766
5281	0.134766
5280	0.134744
5279	0.134604
6198	0.134420
13148	0.134420
13147	0.134420
7892	0.134420
6298	0.134420
6297	0.134420
9999	0.134396
2026	0.134363
9203	0.134138
2279	0.133989
2868	0.133865
6823	0.133349
1865	0.133294
6155	0.132411
145	0.131520
2273	0.131332
8000	0.131198
6704	0.130757
5038	0.130736
225	0.130648
7659	0.130561
9145	0.130549
6742	0.130391
6913	0.130331
13600	0.130293
7954	0.130283
5300	0.130036
3588	0.130018
12868	0.129934
9242	0.129934
9241	0.129934
9240	0.129934
6696	0.129934
5305	0.129900
3913	0.129764
1434	0.129701
9177	0.129699
8180	0.129630
13533	0.129490
13532	0.129490
13531	0.129490
2533	0.129331
6278	0.129158
1134	0.128586
767	0.128565
9415	0.128029
8851	0.128029
8850	0.128029
6013	0.127830
5591	0.127652
6169	0.127375
9218	0.127252
14266	0.127138
4993	0.127076
8602	0.126922
8146	0.126839
5247	0.126773
224	0.126601
10073	0.126339
9780	0.125599
494	0.125593
3461	0.125421
6299	0.124719
2773	0.124634
1648	0.124432
13905	0.124365
13903	0.124365
8088	0.124365
9913	0.123972
8892	0.123747
5778	0.123591
4128	0.123491
5779	0.123476
2030	0.123447
9788	0.123446
8611	0.123215
937	0.122950
12898	0.122219
394	0.121602
8451	0.120866
9106	0.120214
4094	0.120064
9480	0.119933
8533	0.119933
2937	0.119867
11858	0.119825
9439	0.119781
9107	0.119759
3000	0.119602
9251	0.119415
2534	0.119370
1789	0.119348
6127	0.119340
2006	0.119118
13626	0.118991
13425	0.118991
2455	0.118955
4251	0.118926
13519	0.118563
12224	0.118304
9462	0.118251
13500	0.118166
1207	0.118117
1265	0.117810
12225	0.117803
5304	0.117692
974	0.117480
2411	0.117187
12273	0.117160
1373	0.117023
3712	0.117002
3774	0.116758
5342	0.116741
5306	0.116741
5301	0.116516
8731	0.116492
5781	0.116158
13552	0.116149
13511	0.116149
13507	0.116149
9098	0.116109
5908	0.116030
2441	0.115715
131	0.115607
4617	0.115433
5045	0.115178
3170	0.115133
1774	0.114920
2538	0.114830
14416	0.114564
4460	0.114494
2814	0.114408
11034	0.114364
7697	0.114233
7254	0.114233
9875	0.114133
9673	0.114116
5235	0.114098
11429	0.113621
11324	0.113621
8615	0.113563
4163	0.113505
14418	0.113497
14417	0.113497
13284	0.113497
13152	0.113497
9795	0.113497
9793	0.113497
9792	0.113497
9791	0.113497
9789	0.113497
9745	0.113497
9163	0.113497
8614	0.113497
8613	0.113497
8177	0.113497
8076	0.113441
6446	0.113002
9903	0.112803
9882	0.112803
8380	0.112717
5044	0.112650
3171	0.112561
3655	0.112553
549	0.112530
9418	0.112436
3311	0.112361
4231	0.112221
9192	0.112134
2469	0.112084
3314	0.112060
12901	0.111973
395	0.111973
5923	0.111870
6291	0.111606
13234	0.111592
10204	0.111257
9559	0.111249
5387	0.110848
6865	0.110728
2413	0.110688
3288	0.110582
1903	0.110402
10206	0.110308
8792	0.110002
6533	0.109807
10661	0.109617
13439	0.109547
4236	0.109368
5777	0.109364
2758	0.109332
11681	0.109078
172	0.109061
5272	0.109003
2307	0.108773
2424	0.108674
11840	0.108621
3773	0.108515
2745	0.108508
10979	0.108493
6091	0.108473
6090	0.108473
7648	0.108451
7243	0.108451
4082	0.108444
6089	0.108427
9344	0.108307
12003	0.108111
5243	0.107924
1330	0.107872
106	0.107817
179	0.107783
9157	0.107659
9729	0.107658
1285	0.107399
1895	0.107324
6016	0.107075
13320	0.107059
4281	0.106950
1635	0.106863
9871	0.106735
5289	0.106726
5780	0.106675
12177	0.106592
9152	0.106578
11886	0.106569
9824	0.106430
12052	0.106266
11806	0.106263
6332	0.106229
9794	0.106131
4835	0.106123
12113	0.105794
6292	0.105743
5909	0.105702
9726	0.105372
13744	0.105345
3336	0.104675
12180	0.104592
2380	0.104148
14343	0.104118
14341	0.104118
14304	0.104118
14292	0.104118
14278	0.104118
14273	0.104118
14164	0.104118
7461	0.104118
61	0.104113
3421	0.104062
13743	0.103967
583	0.103873
7462	0.103742
7460	0.103742
5913	0.103732
8356	0.103687
1168	0.103638
10303	0.103593
2365	0.103528
4739	0.103526
2652	0.103510
11872	0.103506
6197	0.103320
266	0.103128
9623	0.102820
4345	0.102635
8026	0.102577
2046	0.102577
2791	0.102416
7749	0.102278
7237	0.102235
3837	0.102223
2777	0.102164
7942	0.102153
4549	0.102138
13918	0.102123
9334	0.102108
769	0.101932
11636	0.101877
3666	0.101802
2593	0.101717
11734	0.101582
11996	0.101559
5257	0.101534
1491	0.101323
11077	0.101160
5914	0.101138
1673	0.101072
1143	0.101031
1176	0.100951
4581	0.100916
2958	0.100889
9261	0.100831
5566	0.100744
4606	0.100617
243	0.100596
4624	0.100506
9741	0.100502
3310	0.100502
7980	0.100492
12275	0.100488
3836	0.100241
4649	0.100225
2820	0.100215
9420	0.100065
1090	0.100061
2432	0.100004
2863	0.099868
7288	0.099849
2870	0.099847
7239	0.099736
4160	0.099692
3071	0.099503
2363	0.099394
4834	0.099361
236	0.099346
14358	0.099290
2639	0.099278
7072	0.099262
5911	0.099254
6889	0.099180
9761	0.099177
9831	0.099065
3128	0.098996
3121	0.098996
3048	0.098996
2624	0.098996
2303	0.098993
2632	0.098992
7416	0.098985
12205	0.098919
1979	0.098891
11294	0.098870
10769	0.098870
11936	0.098786
2862	0.098786
6770	0.098744
10642	0.098695
2330	0.098486
1388	0.098226
13669	0.098200
9426	0.098029
11800	0.097863
6833	0.097802
1540	0.097720
545	0.097707
14042	0.097593
9735	0.097564
2214	0.097538
169	0.097334
2282	0.097257
9238	0.097147
9174	0.097126
679	0.097084
2394	0.096969
2272	0.096950
6851	0.096869
2213	0.096840
3054	0.096840
2431	0.096823
3749	0.096796
9993	0.096728
7073	0.096673
86	0.096611
6806	0.096401
239	0.096328
11739	0.096099
1862	0.096084
71	0.095936
5737	0.095828
10175	0.095594
3604	0.095446
7593	0.095433
2372	0.095385
5476	0.094884
6296	0.094799
4111	0.094687
9797	0.094655
4309	0.094588
1173	0.094570
3061	0.094400
2768	0.094328
7654	0.094318
7827	0.094245
9248	0.094227
9226	0.094223
9217	0.094223
8534	0.094223
126	0.094205
7155	0.094007
3416	0.093918
5963	0.093706
2458	0.093605
159	0.093531
102	0.093458
4736	0.093449
3786	0.093369
12050	0.093288
186	0.093187
13853	0.093185
9539	0.093003
7906	0.092899
860	0.092815
6007	0.092665
78	0.092577
5625	0.092444
1997	0.092423
6064	0.092412
10748	0.092336
9834	0.092336
12310	0.092219
7655	0.092143
5742	0.092059
11234	0.092025
10369	0.091962
4694	0.091690
1293	0.091598
12259	0.091463
1850	0.091292
6065	0.091283
11607	0.091212
12285	0.091162
4032	0.091010
105	0.090930
3252	0.090890
5782	0.090805
4229	0.090759
2772	0.090710
12126	0.090542
12845	0.090485
4538	0.090460
2426	0.090448
4088	0.090338
6866	0.090314
13688	0.090257
8714	0.090173
6819	0.090144
12232	0.090132
9247	0.090069
5177	0.090030
1	0.090013
12140	0.089942
4225	0.089938
13196	0.089845
13347	0.089656
9442	0.089607
1906	0.089607
11682	0.089556
11941	0.089531
7584	0.089500
184	0.089334
13587	0.089302
13586	0.089302
13525	0.089302
4161	0.089302
5062	0.089301
13770	0.089301
87	0.089287
12071	0.089268
175	0.089268
3427	0.089146
7606	0.089106
5258	0.089056
12067	0.088982
6168	0.088783
5277	0.088744
5275	0.088555
4265	0.088523
2637	0.088409
7287	0.088041
2872	0.088031
1376	0.088014
6373	0.087984
13734	0.087779
11703	0.087762
7233	0.087628
2447	0.087570
546	0.087554
11385	0.087409
13864	0.087384
12543	0.087382
11558	0.087345
10226	0.087206
8938	0.087134
4304	0.087112
4302	0.087112
11999	0.087084
7767	0.087075
12258	0.087018
6915	0.086969
825	0.086939
4347	0.086862
12348	0.086839
10278	0.086718
2073	0.086673
2420	0.086668
2438	0.086659
10694	0.086646
3947	0.086576
4352	0.086523
3615	0.086479
1480	0.086444
231	0.086264
235	0.086260
11566	0.086232
3957	0.086141
8974	0.086102
8609	0.086095
9176	0.086064
8809	0.086064
7494	0.086026
6293	0.085964
8744	0.085937
1897	0.085755
12131	0.085695
2641	0.085695
2640	0.085695
5182	0.085550
5604	0.085547
13227	0.085458
12763	0.085450
5244	0.085391
1816	0.085359
2037	0.085327
4542	0.085183
2456	0.085101
13352	0.085085
13272	0.085069
2786	0.085069
2782	0.085069
1505	0.085069
11928	0.085068
8501	0.085068
2779	0.085068
2756	0.085068
11927	0.084908
2759	0.084908
12230	0.084903
9438	0.084828
6282	0.084598
8980	0.084542
8978	0.084542
8977	0.084542
8976	0.084542
8940	0.084542
6896	0.084533
1092	0.084533
1502	0.084494
4346	0.084455
9779	0.084281
6167	0.084229
4511	0.084128
4709	0.084086
13850	0.083900
3279	0.083789
7090	0.083781
3960	0.083652
3956	0.083652
2018	0.083515
3945	0.083487
3892	0.083455
81	0.083414
13865	0.083392
1760	0.083193
2498	0.083170
13328	0.082898
5236	0.082851
3611	0.082809
2802	0.082808
2762	0.082673
13585	0.082665
676	0.082626
12062	0.082546
4324	0.082543
5123	0.082392
2994	0.082312
3479	0.082312
3944	0.082268
10302	0.082121
12146	0.082099
8582	0.082099
7599	0.082099
3695	0.082099
3694	0.082099
3616	0.082099
4559	0.082042
2040	0.082030
6317	0.081957
7466	0.081946
3076	0.081833
3939	0.081734
12069	0.081628
7390	0.081595
9775	0.081590
3329	0.081554
4305	0.081537
7398	0.081532
9232	0.081524
1656	0.081466
1960	0.081231
1958	0.081181
7396	0.080991
8634	0.080932
9231	0.080931
10592	0.080917
8584	0.080902
7178	0.080803
9512	0.080704
12876	0.080669
2952	0.080645
2699	0.080528
1482	0.080489
6110	0.080445
5827	0.080270
1854	0.080260
13944	0.080236
1379	0.080211
11834	0.080196
381	0.080114
2464	0.080073
11367	0.079921
12323	0.079883
5800	0.079819
2362	0.079770
3440	0.079697
6473	0.079654
11756	0.079611
6888	0.079611
1753	0.079439
5790	0.079424
10159	0.079346
2450	0.079334
10713	0.079260
7878	0.079259
13569	0.079224
4615	0.079158
7623	0.078995
2542	0.078990
11132	0.078864
5734	0.078829
2522	0.078798
92	0.078619
9697	0.078573
2015	0.078412
13560	0.078379
1919	0.078314
4659	0.078289
1371	0.078270
12308	0.078260
6884	0.078260
3893	0.078249
12048	0.078156
6300	0.078105
11842	0.078057
6486	0.078057
3420	0.078010
180	0.077974
7088	0.077861
11843	0.077815
6998	0.077815
1287	0.077725
10160	0.077661
11803	0.077648
10538	0.077622
14103	0.077555
8495	0.077555
11805	0.077527
7227	0.077504
2271	0.077463
4230	0.077359
4105	0.077274
6895	0.077267
8352	0.077161
8351	0.077161
2957	0.077161
2956	0.077161
7872	0.077159
5523	0.077037
12549	0.077021
9957	0.077000
8518	0.076918
9045	0.076905
14255	0.076902
8924	0.076876
13344	0.076869
1539	0.076832
467	0.076780
9460	0.076746
11696	0.076709
6207	0.076709
4106	0.076696
9207	0.076538
9205	0.076538
8528	0.076538
406	0.076528
4539	0.076488
4537	0.076386
2902	0.076385
5904	0.076341
2603	0.076266
1380	0.076146
5394	0.076129
2523	0.076106
2263	0.076077
2577	0.076045
1762	0.075940
3910	0.075883
1332	0.075806
6323	0.075737
2378	0.075622
13966	0.075608
7023	0.075525
5456	0.075492
2347	0.075486
1777	0.075447
3225	0.075430
6805	0.075417
11733	0.075405
10582	0.075384
6824	0.075359
12896	0.075329
4513	0.075329
11827	0.075320
3159	0.075320
13698	0.075304
13544	0.075304
6175	0.075275
11425	0.075217
10379	0.075217
12684	0.075174
1364	0.075092
51	0.074971
461	0.074955
90	0.074857
13517	0.074771
10220	0.074689
934	0.074590
10326	0.074550
4112	0.074529
2225	0.074452
4109	0.074384
12164	0.074370
7922	0.074370
2067	0.074350
13435	0.074312
2059	0.074312
2057	0.074249
9495	0.074210
9147	0.074210
11692	0.074125
3981	0.074092
12175	0.074090
5036	0.074085
7624	0.073927
2955	0.073920
2953	0.073920
151	0.073727
4124	0.073692
3200	0.073662
7369	0.073501
10258	0.073500
1489	0.073497
4356	0.073391
879	0.073385
237	0.073366
7014	0.073253
252	0.073183
5107	0.073028
5798	0.073022
8250	0.072914
1316	0.072842
1750	0.072831
4113	0.072770
5797	0.072529
10559	0.072495
6677	0.072456
9701	0.072126
1500	0.072000
6325	0.071948
1640	0.071930
10537	0.071912
3080	0.071871
5619	0.071862
3731	0.071797
11766	0.071796
1853	0.071709
1457	0.071672
5461	0.071614
11621	0.071598
11732	0.071586
2985	0.071552
3122	0.071442
3613	0.071422
5066	0.071401
6095	0.071362
10205	0.071319
9099	0.071282
4753	0.071224
45	0.071170
1430	0.071062
2954	0.071049
1280	0.071006
1370	0.070975
3123	0.070943
8531	0.070931
6211	0.070915
13314	0.070888
7757	0.070817
1479	0.070794
11641	0.070717
4488	0.070625
9287	0.070615
