2695	0.234882
10898	0.233756
11280	0.224150
3005	0.223613
6205	0.223426
10624	0.223340
8137	0.222873
10899	0.221619
7615	0.220298
10977	0.218462
10976	0.218398
6340	0.205519
12286	0.203713
2174	0.195572
5582	0.190376
5583	0.185332
23	0.184642
4497	0.180620
13167	0.180479
10122	0.180479
14431	0.180323
8148	0.180323
2175	0.178940
296	0.177427
5584	0.176906
10361	0.176313
5585	0.175559
10025	0.169195
3001	0.165882
12244	0.163972
26	0.163964
7321	0.163659
13303	0.163571
8134	0.161096
2382	0.157528
5586	0.149396
27	0.148282
11136	0.146948
10182	0.145388
13657	0.142399
1719	0.142399
9197	0.142022
11818	0.141387
13649	0.140938
29	0.140169
7690	0.139512
7348	0.139512
7349	0.139512
1707	0.138683
14335	0.138189
9883	0.138189
3753	0.138171
14006	0.137889
13542	0.137421
8276	0.137355
14339	0.137300
14338	0.137300
14312	0.137300
14272	0.137300
14259	0.137300
14160	0.137300
14159	0.137300
14158	0.137300
14156	0.137300
14144	0.137300
14133	0.137300
14123	0.137300
14110	0.137300
14102	0.137300
14053	0.137300
13501	0.137300
8311	0.137300
8309	0.137300
8308	0.137300
8306	0.137300
8288	0.137300
8286	0.137300
8285	0.137300
8283	0.137300
8282	0.137300
8280	0.137300
8278	0.137300
8277	0.137300
8046	0.137300
4603	0.137300
8310	0.137195
13638	0.137149
28	0.134557
8307	0.134002
4	0.133692
7273	0.133507
4784	0.132622
6254	0.132571
4783	0.132308
4782	0.129764
6187	0.127891
14157	0.127277
4367	0.126958
14291	0.126819
11793	0.126267
7272	0.126260
14073	0.126167
7943	0.125463
3714	0.125457
3576	0.124985
3617	0.124929
14254	0.124428
10135	0.123984
8255	0.122484
5392	0.122476
1685	0.122132
13126	0.121603
6498	0.119801
4180	0.119251
11587	0.118830
4662	0.116911
3810	0.116296
22	0.115997
7729	0.115708
11137	0.115562
5	0.115330
3256	0.114592
1405	0.114158
10641	0.114146
2173	0.113432
11852	0.111677
5747	0.111440
638	0.111182
2206	0.110087
12949	0.110045
12947	0.110045
12946	0.110045
12945	0.110045
12943	0.110045
12942	0.110045
6763	0.110030
13778	0.110000
2208	0.109852
1236	0.109852
1838	0.109646
11677	0.108768
4494	0.108768
4493	0.108768
8407	0.108523
10625	0.107531
2207	0.107030
465	0.106659
7328	0.106586
13090	0.106357
11915	0.106229
24	0.105458
8259	0.105398
10060	0.105236
4365	0.105236
4366	0.104609
12681	0.104272
14243	0.103768
1115	0.103502
3553	0.103197
3	0.103159
13598	0.102183
9909	0.102107
2099	0.101888
5863	0.101281
10462	0.101197
10751	0.101135
8775	0.100621
8836	0.100210
14034	0.100044
13068	0.100017
13067	0.100017
13066	0.100017
13065	0.100017
13064	0.100017
13063	0.100017
13062	0.100017
13056	0.100017
13053	0.100017
13046	0.100017
13044	0.100017
12971	0.100017
12921	0.100017
8057	0.100003
9528	0.099972
9716	0.099972
8305	0.099966
7857	0.099917
6421	0.099721
8289	0.099700
12682	0.099441
3806	0.098871
13369	0.098541
1835	0.097890
297	0.097890
6664	0.097873
9	0.097678
10471	0.097627
13534	0.097425
13365	0.097415
13697	0.097165
13364	0.097165
13247	0.096419
1120	0.096218
1119	0.095893
5110	0.095831
12680	0.095745
2084	0.095469
12861	0.095336
6147	0.095067
473	0.094811
8197	0.094544
8595	0.094538
2269	0.094452
221	0.094450
25	0.094406
2096	0.094084
1436	0.093994
8295	0.093536
8242	0.093520
11916	0.093175
4204	0.092988
11989	0.092808
5729	0.092451
693	0.092381
11423	0.092381
14297	0.092060
876	0.092040
1708	0.091921
14322	0.091830
14135	0.091830
10283	0.091824
13858	0.091529
7802	0.091529
14275	0.091508
14039	0.091508
14036	0.091508
14030	0.091508
14029	0.091508
14026	0.091508
8415	0.091508
8400	0.091508
8378	0.091508
8375	0.091508
8363	0.091508
8360	0.091508
8350	0.091508
8294	0.091508
8218	0.091508
13764	0.091508
4351	0.091508
14033	0.091477
8376	0.091388
8241	0.091388
13836	0.091225
14028	0.091177
2098	0.091151
5705	0.090986
12214	0.090874
10605	0.090392
11266	0.090348
5704	0.090336
5487	0.090309
11606	0.090290
11605	0.090290
11023	0.089962
11024	0.089962
10702	0.089540
11112	0.089509
3813	0.089312
13875	0.089311
8327	0.089182
3812	0.089161
689	0.088984
7544	0.088733
4482	0.087996
9497	0.087892
7984	0.087758
10308	0.087572
13490	0.087525
13632	0.087525
13631	0.087525
10984	0.087417
13633	0.087217
1234	0.087022
8416	0.086986
5212	0.086943
230	0.086521
6176	0.086498
11402	0.086455
10307	0.086455
3505	0.086405
9123	0.086092
13855	0.085892
12636	0.085848
13557	0.085831
13556	0.085831
9385	0.085707
4608	0.085578
2521	0.085468
7745	0.085440
1083	0.085321
12198	0.084361
8149	0.083827
14035	0.083827
11064	0.083733
5679	0.083318
1133	0.083119
3819	0.083031
8322	0.082885
9596	0.082764
2828	0.082519
377	0.082287
6378	0.082009
8225	0.082003
1132	0.081997
10887	0.081927
2132	0.081871
8933	0.081678
5493	0.081533
14032	0.081528
7385	0.081343
2268	0.081298
4463	0.081230
12182	0.081214
4464	0.081214
472	0.081082
5108	0.081040
4158	0.080621
2097	0.080390
8233	0.080346
9764	0.080284
9763	0.080214
9759	0.080214
9758	0.080214
8717	0.080214
8716	0.080214
8715	0.080214
9916	0.080030
9880	0.080030
9842	0.080030
9838	0.080030
9822	0.080030
9372	0.080030
8791	0.080030
8790	0.080030
8768	0.080030
14067	0.079864
13776	0.079864
10888	0.079821
5157	0.079706
7209	0.079688
13781	0.079662
13011	0.079191
12089	0.078906
5191	0.078709
8287	0.077988
8044	0.077773
10663	0.077720
5294	0.077464
2600	0.077317
8178	0.077304
4886	0.077117
11022	0.076885
8281	0.076725
6935	0.076529
13805	0.076524
5132	0.076524
6974	0.076479
5270	0.076420
10634	0.076400
14317	0.076400
14187	0.076153
4274	0.075897
14198	0.075734
14040	0.075454
1952	0.075322
190	0.075038
415	0.074883
10193	0.074866
14337	0.074831
13990	0.074831
14054	0.074824
5269	0.074813
8266	0.074804
8267	0.074799
3107	0.074787
14224	0.074675
13391	0.074675
11110	0.074675
12356	0.074652
2822	0.074593
13899	0.074579
13892	0.074579
7965	0.074579
7967	0.074528
13052	0.074341
13010	0.074341
12879	0.074341
10194	0.074091
13966	0.073907
67	0.073829
14294	0.073510
13699	0.073510
4536	0.073476
4622	0.073257
10560	0.073187
4623	0.072974
13449	0.072709
10920	0.072563
2041	0.072149
3594	0.072019
14004	0.072013
4866	0.072013
9196	0.071718
11987	0.071688
8413	0.071609
6100	0.071442
1603	0.071296
13023	0.071019
12222	0.070877
7268	0.070877
2484	0.070862
9532	0.070810
1118	0.070779
9535	0.070671
9530	0.070671
9527	0.070671
9526	0.070671
9525	0.070671
9524	0.070671
9523	0.070671
9521	0.070671
9517	0.070671
9516	0.070671
9515	0.070671
9513	0.070671
9511	0.070671
9510	0.070671
9243	0.070671
9161	0.070671
6099	0.070671
13551	0.070493
7368	0.070463
295	0.070457
19	0.070433
13868	0.070396
9080	0.070152
10480	0.070025
8	0.069766
4534	0.069731
9388	0.069551
11033	0.068980
4696	0.068567
2381	0.068343
2492	0.067948
6309	0.067906
7388	0.067762
3623	0.067713
9943	0.067699
13033	0.067699
9383	0.067110
7909	0.067100
9844	0.067059
475	0.066923
13775	0.066914
3075	0.066682
4823	0.066417
11448	0.066346
12956	0.066276
5431	0.066197
3418	0.065997
14037	0.065976
5141	0.065903
11808	0.065875
12944	0.065826
10978	0.065744
12082	0.065592
12525	0.065435
5635	0.065374
5428	0.065374
8432	0.065345
8431	0.065345
6938	0.065267
9083	0.064916
115	0.064882
5650	0.064866
887	0.064428
13685	0.064412
13684	0.064412
13683	0.064412
13565	0.064412
589	0.064382
3629	0.064159
13609	0.064102
90	0.064060
13894	0.064060
14140	0.064037
9504	0.063948
14298	0.063823
6838	0.063686
3038	0.063566
5351	0.063507
634	0.063413
10546	0.063339
10	0.063167
11403	0.063001
6148	0.063001
14122	0.062805
8483	0.062805
12044	0.062693
4508	0.062489
7466	0.062475
10460	0.062421
1121	0.062407
12251	0.062344
1403	0.062208
683	0.062202
13384	0.061936
7306	0.061934
2612	0.061850
3717	0.061821
4495	0.061817
1194	0.061774
2823	0.061760
5727	0.061737
2185	0.061679
4517	0.061576
13613	0.061567
11988	0.061551
7969	0.061242
14233	0.061044
1136	0.061044
8186	0.060883
6335	0.060809
12855	0.060776
11372	0.060744
6906	0.060652
4941	0.060646
13910	0.060623
14402	0.060510
14392	0.060510
14387	0.060510
13785	0.060462
14183	0.060451
8245	0.060439
10330	0.060421
14197	0.060402
14194	0.060402
14190	0.060402
14189	0.060402
14188	0.060402
14182	0.060402
14181	0.060402
13790	0.060402
13786	0.060402
13780	0.060402
13779	0.060402
13700	0.060402
10116	0.060402
8411	0.060402
8410	0.060402
8408	0.060402
8315	0.060402
8409	0.060402
13771	0.060324
3134	0.060302
7007	0.060249
12074	0.060235
13736	0.060115
12119	0.060098
7676	0.060091
3136	0.060074
4051	0.060069
8457	0.060052
14432	0.060052
14430	0.060052
14403	0.060052
14397	0.060052
14396	0.060052
14394	0.060052
14391	0.060052
14390	0.060052
14389	0.060052
14384	0.060052
14381	0.060052
14378	0.060052
14356	0.060052
8448	0.060052
8244	0.060052
8198	0.060052
8195	0.060052
8071	0.060052
7788	0.060052
7786	0.060052
7646	0.060052
7468	0.060051
2967	0.060051
9494	0.060038
8140	0.060014
6981	0.060003
1110	0.059854
13784	0.059791
11129	0.059726
10031	0.059685
10389	0.059657
3419	0.059652
11447	0.059651
9030	0.059481
10921	0.059413
7941	0.059393
6430	0.059389
1123	0.059389
10943	0.059362
5151	0.059353
7453	0.059344
9168	0.059340
10937	0.059189
684	0.059107
4531	0.059097
9796	0.059019
5362	0.059003
5361	0.059003
5360	0.059003
6728	0.058984
8059	0.058761
9534	0.058716
9533	0.058716
9529	0.058716
9509	0.058716
11589	0.058680
3917	0.058627
11123	0.058554
7811	0.058537
7810	0.058529
14031	0.058510
2965	0.058433
119	0.058320
5649	0.058298
7526	0.058262
8864	0.058216
8863	0.058216
8583	0.058216
8124	0.058216
7904	0.058216
7903	0.058216
7902	0.058216
7901	0.058216
7900	0.058216
7899	0.058216
7897	0.058216
7896	0.058216
7895	0.058216
4978	0.058102
4535	0.057922
10415	0.057881
14385	0.057715
12856	0.057665
13942	0.057645
4087	0.057640
10416	0.057359
7296	0.057281
12161	0.057262
11870	0.057262
11794	0.057262
11204	0.057262
11203	0.057262
6144	0.057262
6143	0.057262
6142	0.057262
6141	0.057262
3871	0.057222
9131	0.057222
10974	0.057208
14207	0.057156
14206	0.057156
13824	0.057156
4973	0.057146
3428	0.057012
4947	0.056982
6070	0.056909
11178	0.056908
6414	0.056831
5043	0.056785
11626	0.056767
498	0.056766
14248	0.056700
8047	0.056700
669	0.056695
5712	0.056674
5711	0.056674
5710	0.056674
13813	0.056613
13806	0.056443
3438	0.056375
240	0.056316
3655	0.056233
10584	0.056226
3996	0.056100
10117	0.056016
3986	0.056015
7415	0.055914
716	0.055900
10731	0.055867
10732	0.055865
13695	0.055864
6984	0.055859
11043	0.055858
6140	0.055848
6139	0.055848
5879	0.055825
13132	0.055824
5995	0.055822
1182	0.055737
8038	0.055628
1535	0.055525
14195	0.055391
1139	0.055365
6333	0.055264
12024	0.055164
5390	0.055164
8897	0.055128
10962	0.054990
4503	0.054983
8890	0.054824
2133	0.054794
10038	0.054763
2110	0.054735
12436	0.054702
7068	0.054678
9286	0.054547
5994	0.054432
10214	0.054363
5399	0.054332
4465	0.054010
12147	0.053987
7785	0.053978
13307	0.053963
5077	0.053953
7669	0.053866
10426	0.053771
10877	0.053769
6747	0.053708
13075	0.053642
10259	0.053642
12421	0.053619
10269	0.053619
10266	0.053619
10262	0.053619
10261	0.053619
5484	0.053610
7295	0.053548
10267	0.053528
4155	0.053345
8596	0.053344
2134	0.053186
9338	0.053138
7200	0.052939
3995	0.052856
11240	0.052849
10701	0.052540
4355	0.052486
4469	0.052471
6780	0.052462
12309	0.052282
6779	0.052282
8865	0.052275
4673	0.052174
13322	0.052108
10549	0.052070
9198	0.052069
13777	0.052010
8364	0.052010
4921	0.051979
5664	0.051965
3320	0.051940
314	0.051918
11679	0.051903
11747	0.051893
9034	0.051810
4740	0.051779
11752	0.051615
352	0.051614
6260	0.051538
6301	0.051512
2107	0.051491
4872	0.051469
6256	0.051410
13898	0.051406
3638	0.051347
4810	0.051258
700	0.051206
9222	0.051089
351	0.051088
2271	0.051037
12502	0.051030
3152	0.051028
12576	0.051012
10200	0.050988
13852	0.050868
5680	0.050848
2113	0.050748
12801	0.050730
499	0.050718
3734	0.050705
13957	0.050689
8661	0.050600
3370	0.050484
13265	0.050413
5546	0.050361
4653	0.050355
2111	0.050334
13929	0.050283
12223	0.050070
13292	0.050060
306	0.050038
3058	0.050010
5441	0.049986
14015	0.049937
10092	0.049893
3591	0.049871
1950	0.049832
4045	0.049831
11658	0.049821
7513	0.049783
5651	0.049687
4787	0.049676
13819	0.049613
11903	0.049612
12001	0.049561
5516	0.049561
1398	0.049518
13949	0.049515
8776	0.049515
8399	0.049515
13823	0.049452
3177	0.049209
14192	0.049185
7670	0.049131
1773	0.049103
11592	0.049024
9870	0.048970
6918	0.048909
13789	0.048842
13433	0.048799
11591	0.048787
13348	0.048754
3814	0.048674
6917	0.048540
1251	0.048495
4860	0.048491
6337	0.048440
8430	0.048419
5376	0.048418
13346	0.048417
3066	0.048387
13553	0.048130
13791	0.048105
7261	0.048090
3388	0.048069
8066	0.047996
9840	0.047934
11689	0.047921
1962	0.047907
8934	0.047881
5354	0.047832
9202	0.047826
8521	0.047814
12036	0.047785
6732	0.047757
9993	0.047611
12462	0.047561
10685	0.047561
1821	0.047556
8065	0.047540
10053	0.047517
4532	0.047498
523	0.047496
9519	0.047440
9697	0.047431
6482	0.047401
332	0.047394
2539	0.047373
13639	0.047362
14038	0.047226
6964	0.047201
11638	0.047162
2981	0.047126
1951	0.047093
2925	0.047024
13835	0.046998
5082	0.046998
14091	0.046998
13621	0.046998
3719	0.046981
1053	0.046876
2266	0.046785
14393	0.046705
14377	0.046705
6472	0.046647
5830	0.046626
3371	0.046594
5293	0.046497
328	0.046461
6530	0.046437
6101	0.046433
7784	0.046384
6138	0.046378
14398	0.046366
14383	0.046366
8454	0.046366
7916	0.046366
7083	0.046366
7211	0.046335
7960	0.046335
3434	0.046229
1734	0.046197
12721	0.046187
5829	0.046143
11551	0.046143
5116	0.046094
11176	0.046022
338	0.045963
8099	0.045880
6496	0.045821
5432	0.045821
1785	0.045759
4157	0.045752
4156	0.045752
11505	0.045732
6741	0.045711
9972	0.045686
10767	0.045666
10454	0.045572
6076	0.045525
13467	0.045418
6841	0.045356
4088	0.045311
6519	0.045235
13121	0.045175
4789	0.045175
4788	0.045175
4841	0.045162
5112	0.045156
6835	0.045150
877	0.045121
10268	0.045070
1418	0.045040
4974	0.044975
8931	0.044936
335	0.044920
334	0.044920
327	0.044920
305	0.044920
302	0.044920
13285	0.044919
9774	0.044874
6965	0.044874
3047	0.044839
6528	0.044694
4250	0.044662
1593	0.044636
1427	0.044592
2119	0.044562
5009	0.044517
5430	0.044487
2526	0.044461
2124	0.044419
3564	0.044339
1408	0.044193
303	0.044097
6157	0.044076
8714	0.043992
11868	0.043880
2525	0.043850
8114	0.043782
2170	0.043746
12999	0.043733
7543	0.043682
6361	0.043670
7065	0.043532
12267	0.043505
5126	0.043505
2771	0.043493
2594	0.043451
5188	0.043446
4542	0.043424
13360	0.043407
256	0.043342
315	0.043292
11869	0.043206
13692	0.043192
4166	0.043146
4998	0.043145
14003	0.043131
4752	0.043069
6440	0.042931
7088	0.042848
2112	0.042833
713	0.042765
2117	0.042754
