454	0.140428
4805	0.134148
1773	0.133886
421	0.132457
2383	0.132428
2406	0.130380
416	0.129952
1543	0.129676
482	0.129407
418	0.127816
11780	0.127475
6654	0.127138
8089	0.126971
10842	0.126767
11421	0.126767
11345	0.126767
11335	0.126767
10090	0.126730
1585	0.125255
2408	0.125247
9392	0.123376
1858	0.122479
11337	0.122392
13359	0.121599
723	0.121460
9084	0.120442
1943	0.120392
2404	0.118902
1279	0.118518
7575	0.118341
688	0.118171
4064	0.117802
4063	0.117802
4061	0.117802
4058	0.117802
4057	0.117802
2644	0.117802
1140	0.117518
12432	0.117449
13793	0.117421
8136	0.117421
8888	0.117254
1561	0.117158
6451	0.117015
1278	0.116929
11790	0.116719
4059	0.116403
13138	0.115580
13696	0.115002
12575	0.113953
210	0.113179
373	0.113000
1885	0.112817
1884	0.112817
1883	0.112817
2401	0.112523
13469	0.111794
9351	0.111698
9350	0.111698
7401	0.111698
4062	0.111638
1141	0.111107
360	0.110974
13470	0.110636
13406	0.110438
2016	0.110069
4807	0.109351
7166	0.109350
1944	0.109273
1350	0.108690
6114	0.108620
2914	0.108254
724	0.108012
4498	0.107942
3678	0.107540
3673	0.107540
1669	0.106734
3480	0.105915
9507	0.105486
6438	0.105486
4060	0.105128
10394	0.104167
1406	0.103687
6760	0.103607
4027	0.103607
4026	0.103263
2407	0.103083
8273	0.103037
7563	0.103037
1613	0.103007
6258	0.102838
5693	0.102643
6031	0.102637
6030	0.102637
5992	0.102637
13654	0.102578
5692	0.102560
5690	0.102550
4804	0.102114
6775	0.101790
7568	0.101739
14165	0.101499
690	0.101275
13598	0.101267
8274	0.101124
8271	0.101124
5694	0.101124
7318	0.101092
8270	0.100846
1568	0.100618
14321	0.100605
14311	0.100605
14307	0.100605
14114	0.100605
10393	0.100605
8406	0.100605
8368	0.100605
3158	0.100605
4474	0.100388
3363	0.100321
7806	0.100272
1680	0.100050
5359	0.100049
6650	0.099888
364	0.099176
10655	0.099055
11963	0.098805
572	0.098799
10654	0.098036
921	0.097925
2180	0.097748
6782	0.097672
6516	0.097537
445	0.097287
4723	0.097121
6556	0.096869
6555	0.096869
527	0.096841
13560	0.096501
6726	0.096386
4193	0.096293
8027	0.096141
5982	0.095839
12255	0.095681
4291	0.095531
12171	0.095416
8256	0.095318
12112	0.094944
2543	0.094863
1593	0.094130
5094	0.094028
2175	0.093984
444	0.093964
1683	0.093725
1714	0.093633
1150	0.093624
5695	0.093528
7107	0.093418
4859	0.093384
1815	0.093367
2400	0.093321
854	0.093146
14043	0.092947
1684	0.092936
2928	0.092413
12111	0.091949
3959	0.091942
14277	0.091931
9276	0.091848
9275	0.091848
9166	0.091848
7173	0.091848
7138	0.091848
7133	0.091848
7069	0.091848
13376	0.091602
6312	0.091553
4054	0.091473
10585	0.091043
2410	0.091043
2409	0.091043
2174	0.090976
10886	0.090871
1571	0.090807
3693	0.090668
1641	0.090658
13686	0.090595
13670	0.090595
3111	0.090570
6667	0.090545
7855	0.090518
13597	0.090510
13596	0.090510
13595	0.090510
13583	0.090510
13554	0.090510
13402	0.090510
7990	0.090510
356	0.090413
13094	0.090312
202	0.090216
3888	0.090105
9941	0.090101
9352	0.090101
7559	0.090101
6420	0.090058
4686	0.089971
4898	0.089799
1170	0.089647
11262	0.089613
13620	0.089579
2537	0.089383
12098	0.089281
3958	0.089281
1600	0.089114
1595	0.089114
1590	0.089114
3103	0.089023
9900	0.088691
9165	0.088691
7387	0.088691
3886	0.088636
11333	0.088635
9908	0.088540
9164	0.088540
4842	0.088315
11674	0.088274
12262	0.088270
7574	0.088194
3471	0.088184
6459	0.087928
8121	0.087455
1688	0.087360
1677	0.087252
1644	0.086952
7985	0.086940
1653	0.086900
13323	0.086719
7607	0.086610
7604	0.086610
1632	0.086588
13305	0.086517
6643	0.086503
8488	0.086392
5357	0.086207
393	0.086164
9617	0.086009
4016	0.085996
6403	0.085971
4325	0.085897
1552	0.085846
12631	0.085844
9828	0.085753
5976	0.085647
6994	0.085622
3230	0.085565
2176	0.085367
1770	0.085086
13679	0.085085
6993	0.085005
6121	0.084994
7364	0.084994
4999	0.084975
4425	0.084898
359	0.084828
1545	0.084590
1681	0.084589
13295	0.084492
13405	0.083991
244	0.083965
7104	0.083930
11698	0.083641
6899	0.083550
7728	0.083545
9595	0.083428
13529	0.083240
2223	0.083187
3215	0.083173
443	0.083028
3163	0.082999
3473	0.082819
9122	0.082786
5937	0.082774
1167	0.082534
5689	0.082243
1670	0.082226
1608	0.082157
455	0.081831
449	0.081831
5307	0.081783
429	0.081705
12710	0.081583
3610	0.081572
5154	0.081309
10069	0.081242
5980	0.081155
1687	0.081056
4263	0.081022
703	0.080909
11685	0.080907
3872	0.080861
1580	0.080715
2043	0.080704
3680	0.080704
8338	0.080654
547	0.080639
8971	0.080484
3216	0.080417
10799	0.080407
12773	0.080366
11348	0.080346
11347	0.080346
10942	0.080346
10196	0.080346
9448	0.080324
11726	0.080299
6900	0.080299
7650	0.080261
7096	0.080261
9865	0.080256
3406	0.080097
13677	0.080092
9694	0.080079
1353	0.080007
2502	0.079963
10306	0.079868
808	0.079844
801	0.079754
11695	0.079659
9162	0.079562
10796	0.079472
5858	0.079423
10113	0.079417
12378	0.079281
12148	0.079263
7411	0.079263
12181	0.079221
8657	0.079165
3605	0.079073
13613	0.079073
2617	0.079005
4718	0.078978
14098	0.078974
1542	0.078861
453	0.078665
9724	0.078643
2948	0.078558
2946	0.078558
7569	0.078512
6912	0.078485
1959	0.078470
7641	0.078417
6341	0.078417
357	0.078186
9576	0.078089
4553	0.077994
3674	0.077848
9564	0.077846
3566	0.077846
1990	0.077792
4975	0.077761
436	0.077717
3664	0.077691
8328	0.077681
6624	0.077652
538	0.077463
600	0.077456
7438	0.077230
7123	0.077230
5706	0.077201
419	0.076981
14077	0.076954
2497	0.076943
1790	0.076905
1920	0.076895
12246	0.076882
10108	0.076830
10581	0.076758
13611	0.076743
350	0.076704
4679	0.076698
725	0.076691
4333	0.076650
438	0.076641
13291	0.076618
5868	0.076443
9867	0.076409
6363	0.076359
5936	0.076302
9938	0.076286
7551	0.076286
7550	0.076286
7539	0.076286
7538	0.076286
4857	0.076256
2619	0.076223
249	0.076220
9016	0.076065
12203	0.076050
8580	0.076050
8575	0.076050
8546	0.076050
7122	0.076050
3689	0.075964
3890	0.075890
8053	0.075824
12508	0.075816
2337	0.075809
13299	0.075750
5176	0.075684
8484	0.075653
8579	0.075646
13972	0.075637
8493	0.075453
3878	0.075350
4803	0.075203
5131	0.075196
48	0.075180
2034	0.075156
13582	0.075093
5410	0.075093
5409	0.075093
5408	0.075093
5356	0.075093
1695	0.074970
8835	0.074938
3239	0.074910
804	0.074865
3740	0.074823
11463	0.074765
6314	0.074699
8898	0.074475
8577	0.074465
8576	0.074465
8574	0.074465
8556	0.074465
401	0.074459
1597	0.074431
2629	0.074394
7905	0.074344
13250	0.074298
1671	0.074282
702	0.074236
441	0.074202
6810	0.074113
13956	0.074091
4628	0.074091
7071	0.074064
4951	0.073944
10054	0.073870
506	0.073614
3006	0.073385
3606	0.073342
10441	0.073293
9927	0.073244
9896	0.073244
7208	0.073244
853	0.073237
7540	0.073172
6308	0.073163
430	0.073147
12409	0.073002
4022	0.072983
4952	0.072971
4816	0.072925
13294	0.072921
1273	0.072884
4049	0.072817
4912	0.072672
4007	0.072563
1605	0.072473
10885	0.072409
7418	0.072348
6316	0.072276
2224	0.072163
6311	0.072133
6310	0.072133
4843	0.072133
1410	0.072118
58	0.072020
743	0.071881
63	0.071843
2028	0.071816
262	0.071674
2785	0.071670
3723	0.071667
8441	0.071601
8440	0.071601
9718	0.071582
6698	0.071559
7093	0.071512
11198	0.071430
707	0.071368
7340	0.071343
13822	0.071288
328	0.071234
4380	0.071165
7074	0.071083
10541	0.071052
14100	0.070965
11534	0.070910
693	0.070851
10669	0.070816
615	0.070715
13540	0.070700
7815	0.070650
5961	0.070639
3668	0.070607
10884	0.070597
11615	0.070469
4552	0.070469
915	0.070311
13298	0.070294
7259	0.070206
6001	0.070148
3772	0.070122
5558	0.070081
8252	0.070020
384	0.070015
1230	0.070011
689	0.069959
11634	0.069916
7229	0.069872
7198	0.069763
7968	0.069737
13624	0.069712
13623	0.069712
10840	0.069704
6075	0.069681
7149	0.069643
4968	0.069635
12312	0.069629
6635	0.069629
13884	0.069622
6043	0.069587
1991	0.069523
1637	0.069521
2332	0.069500
11544	0.069484
451	0.069326
8373	0.069309
8240	0.069309
19	0.069248
14310	0.069142
8557	0.069119
8555	0.069119
8547	0.069119
3232	0.069116
1560	0.069098
2173	0.069089
214	0.069034
10146	0.069029
10145	0.069029
6418	0.069025
1945	0.069018
12267	0.068932
5126	0.068932
6026	0.068850
11956	0.068813
4084	0.068790
9677	0.068781
9358	0.068754
5966	0.068713
1967	0.068694
13818	0.068666
13504	0.068635
217	0.068584
9264	0.068548
1882	0.068540
6362	0.068365
2163	0.068353
432	0.068255
4964	0.068225
10005	0.068209
5637	0.068056
9266	0.067909
5701	0.067866
5273	0.067807
2027	0.067733
1639	0.067576
12830	0.067443
13461	0.067371
4688	0.067229
4678	0.067228
413	0.067214
6857	0.067211
6004	0.067192
2499	0.067187
12173	0.067183
1783	0.067102
4085	0.067075
1041	0.067001
696	0.066974
10119	0.066906
1012	0.066906
1607	0.066893
3229	0.066871
6578	0.066711
2262	0.066696
434	0.066662
5864	0.066503
10314	0.066462
3029	0.066459
2025	0.066415
8774	0.066294
11539	0.066285
6871	0.066279
6710	0.066279
12121	0.066238
5662	0.066214
7019	0.066190
10315	0.066161
800	0.066145
3885	0.066140
9094	0.066108
9093	0.066108
9092	0.066108
9065	0.066108
6700	0.066081
13877	0.066051
5040	0.066011
2053	0.065967
3742	0.065957
1427	0.065942
5041	0.065933
6947	0.065810
794	0.065799
12317	0.065753
3472	0.065726
13392	0.065712
110	0.065710
5728	0.065682
2916	0.065669
1817	0.065565
3821	0.065518
7527	0.065513
1620	0.065496
7248	0.065481
7058	0.065449
4719	0.065448
7059	0.065445
13354	0.065405
13362	0.065347
12055	0.065331
1611	0.065285
4674	0.065265
11772	0.065240
7346	0.065211
7419	0.065185
477	0.065171
8947	0.065148
9817	0.065145
5039	0.065137
1548	0.065135
7601	0.065090
11760	0.065073
2515	0.065055
10033	0.064941
439	0.064872
10670	0.064830
507	0.064813
215	0.064812
624	0.064806
8739	0.064793
3631	0.064773
11612	0.064760
8704	0.064677
4833	0.064616
12096	0.064586
1651	0.064512
8068	0.064501
625	0.064490
11691	0.064488
12516	0.064486
10276	0.064447
1960	0.064437
11528	0.064319
8656	0.064314
1863	0.064285
12704	0.064259
448	0.064191
9089	0.064187
330	0.064186
329	0.064178
2780	0.064161
12209	0.064135
5875	0.064135
12400	0.064088
11586	0.064088
13188	0.063984
10450	0.063896
5098	0.063889
3567	0.063868
6199	0.063845
5413	0.063837
1443	0.063831
4359	0.063806
3941	0.063757
2770	0.063743
7875	0.063713
2320	0.063692
1825	0.063687
521	0.063643
446	0.063627
447	0.063623
12542	0.063593
3316	0.063544
13087	0.063508
13033	0.063495
12195	0.063493
6617	0.063473
3795	0.063417
13941	0.063388
3405	0.063388
13530	0.063382
4457	0.063318
5979	0.063272
2287	0.063217
5755	0.063215
11437	0.063212
12170	0.063211
12972	0.063211
5480	0.063193
10158	0.063188
13106	0.063183
13404	0.063173
9812	0.063169
412	0.063149
6671	0.063056
3149	0.063046
923	0.063042
10312	0.062915
12303	0.062817
11767	0.062808
431	0.062789
3231	0.062785
8152	0.062770
13652	0.062767
13558	0.062741
6736	0.062704
7161	0.062593
8357	0.062585
5707	0.062512
809	0.062497
5366	0.062483
2371	0.062417
13491	0.062379
3715	0.062377
9949	0.062301
1660	0.062164
5060	0.062138
12637	0.062137
4133	0.062133
355	0.062112
9830	0.062055
5857	0.061925
3129	0.061845
10658	0.061840
11576	0.061825
1779	0.061800
5290	0.061724
9811	0.061700
9739	0.061694
1784	0.061636
3671	0.061633
13137	0.061587
4006	0.061547
6028	0.061520
5181	0.061470
6052	0.061460
13292	0.061441
4861	0.061336
11568	0.061277
490	0.061248
13260	0.061145
13259	0.061145
12167	0.061145
8573	0.061145
10444	0.061116
6135	0.061116
4761	0.061099
7993	0.061009
10531	0.060973
11542	0.060966
8401	0.060961
5828	0.060954
250	0.060889
8001	0.060823
13550	0.060804
6381	0.060738
6589	0.060725
4330	0.060694
1157	0.060677
1946	0.060666
1369	0.060653
8799	0.060653
4506	0.060653
4502	0.060653
1947	0.060653
4514	0.060648
2482	0.060638
13146	0.060614
10607	0.060588
9496	0.060558
6048	0.060557
2369	0.060552
4341	0.060539
1355	0.060536
12636	0.060529
1018	0.060524
3808	0.060477
12730	0.060451
7733	0.060392
4728	0.060376
6432	0.060354
13401	0.060272
8190	0.060253
427	0.060218
10181	0.060212
11149	0.060188
5873	0.060167
6050	0.060162
213	0.060146
516	0.060069
1633	0.060054
7108	0.060053
2159	0.060028
4721	0.060021
9944	0.060006
9837	0.060004
7015	0.059986
10660	0.059981
366	0.059936
420	0.059916
10657	0.059906
2763	0.059904
14017	0.059901
7914	0.059901
13537	0.059871
11853	0.059834
522	0.059805
220	0.059799
2343	0.059772
970	0.059684
13521	0.059678
321	0.059667
5080	0.059634
6058	0.059631
4892	0.059601
7528	0.059548
3049	0.059521
7592	0.059519
362	0.059476
10487	0.059330
7124	0.059301
11647	0.059299
433	0.059193
12302	0.059186
4773	0.059186
4772	0.059186
3245	0.059109
5999	0.058995
5998	0.058995
12640	0.058992
3414	0.058959
12567	0.058924
12618	0.058893
6098	0.058778
14154	0.058741
14152	0.058741
14150	0.058741
14145	0.058741
14131	0.058741
14062	0.058741
5658	0.058733
12707	0.058672
13191	0.058547
8900	0.058536
10514	0.058530
4771	0.058529
12038	0.058493
7789	0.058484
12790	0.058460
201	0.058440
269	0.058347
10002	0.058292
3085	0.058269
6565	0.058254
5978	0.058252
10717	0.058252
4189	0.058251
614	0.058250
7723	0.058226
3788	0.058049
311	0.058003
4361	0.057978
5222	0.057956
5802	0.057947
253	0.057937
8155	0.057930
8154	0.057930
8153	0.057930
8151	0.057930
8150	0.057930
10640	0.057919
8079	0.057916
1181	0.057910
6416	0.057878
2536	0.057855
13628	0.057848
2238	0.057827
10217	0.057818
10180	0.057818
10161	0.057818
2588	0.057781
11459	0.057757
11340	0.057757
6329	0.057757
8960	0.057654
14313	0.057589
14296	0.057589
335	0.057512
334	0.057512
327	0.057512
305	0.057512
302	0.057512
10770	0.057507
10041	0.057472
1766	0.057454
10342	0.057439
5939	0.057411
12689	0.057398
11102	0.057299
11501	0.057291
14058	0.057281
1191	0.057201
8959	0.057180
570	0.057176
3991	0.057159
12340	0.057155
4499	0.057154
1257	0.057149
5653	0.057142
13317	0.057123
9037	0.057122
9035	0.057122
791	0.057114
4218	0.057093
8921	0.057077
6886	0.057069
12545	0.057047
263	0.057037
2234	0.057031
2264	0.057026
5520	0.057004
9728	0.056998
9196	0.056922
10198	0.056903
12335	0.056896
3456	0.056874
13946	0.056813
1592	0.056813
402	0.056779
9955	0.056759
6214	0.056754
6212	0.056754
6177	0.056754
5866	0.056754
4528	0.056754
1591	0.056747
312	0.056716
11361	0.056686
11380	0.056672
10211	0.056669
5478	0.056659
13497	0.056648
8461	0.056645
10923	0.056618
13687	0.056591
1596	0.056555
770	0.056528
3822	0.056468
13301	0.056334
8655	0.056322
13916	0.056314
2483	0.056314
695	0.056307
803	0.056223
3011	0.056195
13609	0.056156
1086	0.056128
6627	0.056119
9263	0.056104
12327	0.056079
13498	0.056076
13904	0.056057
10234	0.056042
340	0.056006
4083	0.056002
341	0.055973
