1497	0.273474
6602	0.267320
4132	0.262522
6105	0.260306
2007	0.257620
1995	0.256723
12702	0.253454
106	0.249178
233	0.246199
2374	0.245880
1802	0.245518
3225	0.244917
10220	0.244914
10326	0.244623
12014	0.243514
1996	0.243495
2221	0.241157
5814	0.240850
12132	0.240745
3165	0.239567
72	0.239178
6082	0.239085
5257	0.238330
4381	0.236857
2758	0.236498
3991	0.236405
1960	0.236221
12133	0.235384
5093	0.235080
1499	0.235038
14016	0.233508
8499	0.232964
3164	0.232964
10279	0.231822
1165	0.231560
8026	0.230801
11848	0.230358
9742	0.229584
4526	0.229528
422	0.228841
1143	0.227717
88	0.227367
309	0.226955
3530	0.226852
1786	0.225689
3535	0.224032
2590	0.222993
209	0.222723
651	0.222165
943	0.220151
3568	0.219845
9040	0.218550
162	0.218415
5015	0.218048
1380	0.216340
1092	0.215808
5194	0.215688
6585	0.215662
4583	0.215639
972	0.215395
10708	0.214997
5757	0.214897
12139	0.214707
1958	0.214508
5782	0.214410
102	0.214319
9548	0.214003
1444	0.213932
5286	0.213069
4570	0.212775
11604	0.212719
10533	0.212675
6567	0.211596
11603	0.211055
4574	0.210800
3397	0.210757
12034	0.210316
8944	0.209923
12113	0.209862
6094	0.209531
3611	0.208539
9316	0.208489
13660	0.208414
551	0.207956
13020	0.207515
9970	0.207158
1984	0.206386
709	0.206343
2019	0.206297
12845	0.206222
3794	0.206167
1087	0.206098
12285	0.205994
11708	0.205856
8973	0.205476
8968	0.205476
8967	0.205476
8948	0.205476
2905	0.205473
2219	0.205255
8249	0.205170
2231	0.205100
307	0.205093
13735	0.205017
13728	0.205017
13726	0.205017
126	0.204904
11717	0.204798
6295	0.204416
4183	0.204124
11740	0.204075
10879	0.204036
1989	0.204019
1372	0.203291
12097	0.203235
4488	0.203203
721	0.203000
12316	0.202499
143	0.202060
11360	0.201644
4417	0.201546
9582	0.201445
6593	0.201439
5236	0.201385
4391	0.201323
14228	0.201319
8347	0.201234
7043	0.201193
13278	0.201130
9557	0.201012
10880	0.200860
14129	0.200721
5537	0.200581
11855	0.200191
6898	0.200139
2757	0.200027
1972	0.199975
1668	0.199930
6552	0.199905
5272	0.199844
6553	0.199816
4210	0.199816
14025	0.199510
5285	0.199497
1742	0.199366
5657	0.199248
3073	0.199057
9126	0.199046
3192	0.199017
100	0.198916
13371	0.198883
4128	0.198740
6985	0.198419
12911	0.198297
14328	0.198237
13991	0.198120
14138	0.198096
5275	0.197725
417	0.197649
10256	0.197416
2433	0.197353
5244	0.197113
171	0.197105
11693	0.196872
5464	0.196872
13646	0.196789
13840	0.196665
1895	0.196652
7147	0.196342
12365	0.196323
12035	0.196174
9419	0.195796
5296	0.195249
3989	0.195219
1639	0.195194
3924	0.195122
1479	0.195040
867	0.194908
1093	0.194803
1744	0.194649
5002	0.194450
2420	0.194345
182	0.193874
3994	0.193773
1374	0.193441
6873	0.193206
3223	0.193033
2748	0.193026
983	0.192855
1533	0.192669
2270	0.192643
1978	0.192457
5050	0.192342
1292	0.191637
2226	0.191192
1379	0.191153
61	0.190971
4441	0.190943
10240	0.190492
12685	0.190382
984	0.190198
3990	0.190038
1634	0.189675
11928	0.189507
8501	0.189507
2779	0.189507
2756	0.189507
10159	0.189489
13227	0.189487
13272	0.189479
2786	0.189479
2782	0.189479
1505	0.189479
3520	0.189417
11927	0.189292
2759	0.189292
1371	0.189199
12071	0.188800
175	0.188800
6424	0.188357
9467	0.187735
9706	0.187598
6522	0.187381
5063	0.187283
9685	0.187208
6213	0.187208
2679	0.187042
149	0.186867
502	0.186580
6108	0.186440
5096	0.186417
128	0.186358
11758	0.185899
238	0.185818
11420	0.185549
5781	0.185477
142	0.185424
10160	0.185414
6193	0.185407
5387	0.185360
2717	0.185350
631	0.185218
440	0.184898
8712	0.184731
8303	0.184731
8302	0.184731
7362	0.184731
6359	0.184731
6202	0.184679
7052	0.184617
1385	0.184474
155	0.184396
4335	0.184274
84	0.184198
3190	0.184142
8412	0.184094
2426	0.183978
7351	0.183963
104	0.183857
6081	0.183656
9041	0.183632
99	0.183596
13659	0.183498
13658	0.183498
166	0.183363
87	0.182943
1272	0.182859
12031	0.182843
10216	0.182805
2413	0.182638
12740	0.182566
2285	0.182386
2445	0.182228
1307	0.182189
2656	0.181979
4986	0.181893
151	0.181822
9073	0.181724
2768	0.181680
3892	0.181660
6872	0.181653
9279	0.181630
4587	0.181538
8732	0.181535
8711	0.181503
4215	0.181487
8710	0.181427
252	0.181357
8010	0.180863
6227	0.180681
3709	0.180529
4580	0.180364
4571	0.180010
131	0.179950
4131	0.179930
9463	0.179930
11827	0.179556
3159	0.179556
5162	0.179393
4397	0.178749
8845	0.178659
2974	0.178642
74	0.178567
1987	0.178305
1966	0.178165
2329	0.178126
6149	0.177983
2783	0.177894
1168	0.177883
2356	0.177869
7227	0.177865
10592	0.177845
1370	0.177801
3244	0.177741
1760	0.177638
11972	0.177547
2854	0.177547
4135	0.177541
12196	0.177477
9252	0.177074
1755	0.177060
3910	0.176998
7263	0.176930
11803	0.176925
5133	0.176852
1377	0.176671
4987	0.176618
6300	0.176576
9009	0.176573
8260	0.176573
6509	0.176258
9856	0.176257
4851	0.176226
11422	0.176181
13937	0.176180
9638	0.176102
1681	0.176003
1852	0.175908
4485	0.175800
5152	0.175696
7868	0.175567
3770	0.175447
9563	0.175429
2217	0.175309
13711	0.175052
5560	0.175052
8261	0.175015
12179	0.174984
5629	0.174984
3556	0.174969
6428	0.174752
6427	0.174752
2213	0.174608
4759	0.174603
2754	0.174438
6818	0.174216
4301	0.173970
5754	0.173878
1851	0.173802
6557	0.173776
8971	0.173765
979	0.173745
4395	0.173544
11425	0.173530
10379	0.173530
758	0.173415
180	0.173318
12620	0.173250
4697	0.173058
4753	0.172984
1491	0.172607
6425	0.172513
2872	0.172497
2763	0.172408
105	0.172365
4732	0.171919
13917	0.171893
726	0.171828
6705	0.171538
145	0.171420
2073	0.171182
8709	0.171140
13370	0.171030
7532	0.170975
7358	0.170975
3195	0.170899
2211	0.170801
4577	0.170800
4575	0.170800
14329	0.170702
2006	0.170568
2457	0.170564
1558	0.170540
13510	0.170536
2454	0.170045
3186	0.169680
2022	0.169624
79	0.169587
4581	0.169518
4418	0.169464
10930	0.169391
2212	0.169068
4229	0.169027
13677	0.168942
12724	0.168927
944	0.168925
1080	0.168919
12686	0.168833
9382	0.168818
839	0.168750
8511	0.168690
982	0.168333
1434	0.168237
3974	0.168235
3063	0.168231
1088	0.167954
3891	0.167863
1249	0.167783
9268	0.167743
2017	0.167679
12540	0.167472
3387	0.167372
1	0.167329
4181	0.167256
1502	0.167255
4255	0.167138
3547	0.166804
4231	0.166802
1200	0.166765
10154	0.166714
3292	0.166671
3160	0.166608
8853	0.166606
1630	0.166506
1979	0.166497
12439	0.166470
4126	0.166306
6521	0.166238
4694	0.165947
92	0.165903
3613	0.165764
13842	0.165723
6551	0.165631
9746	0.165597
9074	0.165563
5619	0.165497
4556	0.165403
1027	0.165330
7980	0.165291
11608	0.165179
2865	0.165176
4202	0.164950
10313	0.164512
9088	0.164505
107	0.164468
5980	0.164428
816	0.164394
342	0.164291
1389	0.164228
4096	0.164196
1482	0.163921
2859	0.163833
12619	0.163277
10297	0.163172
7517	0.162821
6005	0.162665
12135	0.162638
12273	0.162308
410	0.162195
9390	0.162166
2379	0.162150
3619	0.162140
5300	0.162021
9957	0.161854
2302	0.161842
14415	0.161656
9277	0.161656
2910	0.161610
8166	0.161582
7365	0.161582
7186	0.161582
8876	0.161435
3620	0.161414
6003	0.161339
532	0.161244
12353	0.161225
2778	0.161207
5523	0.161197
1153	0.161193
6175	0.161173
13289	0.161005
13256	0.161005
13127	0.161005
10703	0.160955
1753	0.160950
3329	0.160875
71	0.160866
12684	0.160856
10115	0.160807
4584	0.160717
1266	0.160693
1682	0.160666
9018	0.160652
12703	0.160553
2621	0.160548
5404	0.160463
169	0.160356
1488	0.160029
4516	0.160005
11975	0.159867
4901	0.159489
4110	0.159480
1317	0.159374
3691	0.159336
406	0.159295
1376	0.159284
97	0.159283
5981	0.159109
1388	0.159106
1793	0.159035
12252	0.158888
11627	0.158799
4984	0.158792
1206	0.158644
942	0.158394
2920	0.158390
5302	0.158370
3386	0.158354
1501	0.158343
12288	0.158271
5838	0.158271
10601	0.158265
10299	0.158265
10298	0.158265
1691	0.158173
12257	0.158105
11805	0.158102
13021	0.158102
5405	0.158102
5886	0.158070
9635	0.158053
6513	0.157889
6336	0.157826
1853	0.157803
1288	0.157640
9974	0.157530
236	0.157461
1326	0.157405
3272	0.157160
11896	0.157115
1810	0.157081
2319	0.157003
101	0.157000
6670	0.156903
909	0.156775
3992	0.156761
4876	0.156543
2785	0.156531
6573	0.156528
5840	0.156507
1510	0.156473
6089	0.156094
6091	0.155969
6090	0.155969
3926	0.155944
2223	0.155690
10286	0.155606
5305	0.155599
9757	0.155586
7190	0.155577
11261	0.155458
8199	0.155458
7869	0.155458
10015	0.155391
153	0.155326
5460	0.155309
4408	0.155081
9077	0.154967
1636	0.154911
5759	0.154852
3679	0.154813
7653	0.154673
9713	0.154565
2610	0.154541
1676	0.154429
12140	0.154409
13276	0.154396
3149	0.154227
5407	0.154224
7360	0.154161
1674	0.154159
2707	0.154073
5294	0.153986
8804	0.153974
8767	0.153974
8766	0.153974
8764	0.153974
8743	0.153974
8742	0.153974
8741	0.153974
7685	0.153974
7476	0.153974
6637	0.153974
6606	0.153974
495	0.153882
10071	0.153866
7679	0.153825
8805	0.153765
8765	0.153765
12325	0.153740
3776	0.153720
846	0.153523
6095	0.153326
4127	0.153316
2361	0.153218
7803	0.153178
2570	0.153166
12174	0.153122
2218	0.153087
3710	0.153076
13859	0.153054
13829	0.153054
7067	0.153054
2215	0.153054
4074	0.152847
1680	0.152767
5625	0.152740
1530	0.152691
1670	0.152622
11979	0.152619
146	0.152499
1356	0.152410
110	0.152356
1890	0.152348
5182	0.152333
11613	0.152275
3832	0.152233
7992	0.152030
4251	0.151816
13844	0.151802
10021	0.151766
3049	0.151642
12160	0.151637
1495	0.151637
3141	0.151500
9540	0.151498
962	0.151291
5790	0.151245
5359	0.151212
4140	0.151169
2044	0.151156
13175	0.151024
5090	0.151023
2568	0.151019
2024	0.150833
5979	0.150667
3741	0.150399
1768	0.150237
2702	0.150142
12966	0.150089
5985	0.150058
2463	0.150043
1331	0.150037
147	0.150036
9325	0.149988
1870	0.149864
2214	0.149792
9063	0.149771
1672	0.149727
10288	0.149688
2926	0.149582
7705	0.149533
6897	0.149533
6197	0.149313
9539	0.149153
1902	0.148989
5724	0.148933
1494	0.148906
9897	0.148857
2042	0.148810
8451	0.148771
11656	0.148747
9584	0.148570
10870	0.148517
2399	0.148479
8899	0.148416
3249	0.148398
12128	0.148293
9726	0.148261
5841	0.148180
5439	0.148046
11893	0.147873
10713	0.147821
1321	0.147687
2478	0.147650
12958	0.147650
12870	0.147650
12846	0.147650
12159	0.147650
12158	0.147650
1484	0.147650
12838	0.147646
6650	0.147606
837	0.147552
9017	0.147501
1980	0.147487
237	0.147434
11716	0.147432
5771	0.147313
2290	0.147184
1089	0.147160
8974	0.146923
82	0.146891
8772	0.146822
2040	0.146786
5461	0.146783
6016	0.146648
7090	0.146564
1199	0.146455
3757	0.146452
1338	0.146446
2630	0.146368
5394	0.146340
4928	0.146315
3801	0.146285
1457	0.146224
4955	0.146209
14234	0.146179
5559	0.146166
9100	0.146076
10103	0.146038
3420	0.146005
5922	0.145861
4572	0.145841
4883	0.145801
1782	0.145718
5849	0.145670
3336	0.145652
2505	0.145639
4665	0.145278
7522	0.145044
3610	0.144936
6299	0.144887
5463	0.144751
10107	0.144663
158	0.144662
2733	0.144655
14416	0.144574
4511	0.144512
730	0.144476
12937	0.144346
9397	0.144322
4653	0.144313
12939	0.144278
12084	0.144278
4286	0.144278
4283	0.144278
4220	0.144278
10493	0.144249
2464	0.144230
229	0.144204
467	0.144172
12123	0.144130
1492	0.144047
1975	0.144004
7549	0.143931
5800	0.143916
3775	0.143671
10562	0.143660
10575	0.143633
4136	0.143622
2431	0.143606
6020	0.143605
8492	0.143552
10306	0.143486
5001	0.143459
5342	0.143440
5306	0.143440
2789	0.143428
3398	0.143349
9506	0.143255
8506	0.143189
4926	0.143117
5831	0.143087
10218	0.143062
1490	0.143041
9464	0.143011
8517	0.143011
8516	0.143011
4139	0.143011
4138	0.143011
1846	0.142992
1083	0.142975
1176	0.142893
5955	0.142824
11095	0.142812
2026	0.142714
2766	0.142708
2769	0.142654
9251	0.142574
3860	0.142558
401	0.142529
13112	0.142473
11894	0.142441
2747	0.142441
9444	0.142418
3032	0.142413
6344	0.142403
1225	0.142390
11836	0.142361
1437	0.142277
11220	0.142252
1029	0.142175
1752	0.142112
2274	0.141914
1375	0.141845
3130	0.141827
239	0.141772
10238	0.141681
1993	0.141681
13843	0.141620
9607	0.141604
3137	0.141596
1253	0.141594
6913	0.141584
7940	0.141568
1981	0.141563
1381	0.141524
3887	0.141335
1864	0.141273
4199	0.141235
6924	0.141226
3275	0.141125
7087	0.141125
4555	0.141064
3187	0.141040
1026	0.140877
8514	0.140858
8505	0.140858
1845	0.140812
9135	0.140795
4890	0.140750
2745	0.140740
4237	0.140721
10725	0.140709
141	0.140684
5758	0.140667
13244	0.140632
1974	0.140606
6909	0.140580
2380	0.140565
1281	0.140527
4549	0.140371
4666	0.140368
5242	0.140365
1644	0.140349
11809	0.140255
173	0.140249
5589	0.140190
5530	0.140190
1395	0.140187
7369	0.140115
2020	0.140067
13918	0.140032
4640	0.140005
1865	0.139959
12876	0.139910
11880	0.139907
1284	0.139901
8228	0.139775
14094	0.139705
6262	0.139649
11842	0.139617
6486	0.139617
11974	0.139579
5107	0.139575
3704	0.139553
7480	0.139472
6192	0.139382
12115	0.139357
1287	0.139252
4407	0.139219
701	0.139123
6385	0.139078
11843	0.139028
6998	0.139028
13533	0.138964
13532	0.138964
13531	0.138964
4458	0.138962
9731	0.138875
11820	0.138832
1382	0.138803
9267	0.138742
10053	0.138738
12586	0.138668
2736	0.138619
1637	0.138578
369	0.138547
11981	0.138538
3289	0.138411
80	0.138368
3500	0.138365
11647	0.138345
9686	0.138308
11726	0.138306
6900	0.138306
11348	0.138239
11347	0.138239
10942	0.138239
10196	0.138239
10799	0.138230
14116	0.138123
5172	0.138079
4846	0.137948
1936	0.137910
11641	0.137891
636	0.137830
13231	0.137765
2392	0.137751
1771	0.137651
1233	0.137590
2360	0.137576
1312	0.137544
4720	0.137490
4550	0.137439
6901	0.137407
11943	0.137380
5246	0.137380
11115	0.137119
14406	0.137012
14405	0.137012
2403	0.136982
12294	0.136965
8932	0.136961
12970	0.136939
1638	0.136765
13962	0.136752
394	0.136740
7617	0.136731
11907	0.136719
1155	0.136540
1458	0.136426
3321	0.136411
12337	0.136383
11727	0.136383
6292	0.136380
3836	0.136198
13961	0.136168
4415	0.136163
10724	0.136143
1390	0.136078
1328	0.136055
11966	0.136046
1769	0.135981
5978	0.135765
6686	0.135739
362	0.135669
4512	0.135649
9011	0.135566
4515	0.135445
172	0.135434
8966	0.135414
3913	0.135377
10243	0.135371
3328	0.135363
4285	0.135348
4280	0.135348
11705	0.135342
4817	0.135299
1601	0.135229
2499	0.135227
9953	0.135128
2814	0.135066
6076	0.135062
5084	0.134938
2078	0.134879
4405	0.134840
1937	0.134793
9418	0.134789
7440	0.134775
1526	0.134751
5081	0.134749
978	0.134737
1985	0.134726
8676	0.134638
2391	0.134556
2771	0.134505
9102	0.134478
807	0.134472
2441	0.134387
4988	0.134339
13249	0.134292
13248	0.134292
4403	0.134292
5789	0.134282
12305	0.134261
13853	0.134191
6113	0.134130
7770	0.134103
