2277	0.186617
3437	0.176216
4466	0.172414
3438	0.172398
11858	0.167258
9462	0.166829
9439	0.166735
13265	0.162956
11658	0.162319
7774	0.160698
5641	0.160698
5642	0.160678
5347	0.160303
2958	0.157152
1673	0.156371
2820	0.155922
4542	0.155734
2105	0.154463
2052	0.153156
1419	0.148979
1756	0.148958
1420	0.147995
4538	0.142370
2109	0.139288
2952	0.138757
1952	0.135056
11987	0.130717
13076	0.130463
11739	0.130396
13036	0.130358
9869	0.129116
2185	0.128254
3745	0.127980
12053	0.127968
3739	0.127907
9438	0.127084
9775	0.126881
3921	0.124723
3389	0.123652
5423	0.123501
6838	0.123383
13394	0.122888
4465	0.122076
2523	0.121327
14248	0.121237
8047	0.121237
13942	0.121113
6102	0.120241
5424	0.119895
4106	0.118753
7872	0.118555
8352	0.118555
8351	0.118555
2957	0.118555
2956	0.118555
3007	0.118406
392	0.118252
4105	0.117856
3209	0.117608
6895	0.116994
11147	0.116904
13850	0.116651
4463	0.116422
10232	0.115574
6896	0.115510
4537	0.115230
8171	0.114275
6393	0.114260
7526	0.113719
876	0.113624
4865	0.113580
8864	0.113531
8863	0.113531
8583	0.113531
8124	0.113531
7904	0.113531
7903	0.113531
7902	0.113531
7901	0.113531
7900	0.113531
7899	0.113531
7897	0.113531
7896	0.113531
7895	0.113531
3977	0.112715
2111	0.112569
11989	0.112525
1816	0.112354
2902	0.112161
9385	0.111603
13557	0.111387
13556	0.111387
1919	0.111128
304	0.110577
5219	0.110407
13054	0.110261
2110	0.109827
11638	0.109202
12182	0.108436
4464	0.108436
3638	0.108390
3002	0.108355
5815	0.107791
4468	0.107504
85	0.107473
1237	0.106447
10233	0.106008
10227	0.105911
1951	0.105878
6378	0.105859
2968	0.105603
51	0.105177
1953	0.105090
1954	0.105090
2113	0.104953
599	0.104582
10694	0.104066
13545	0.102979
5829	0.102975
877	0.102841
6157	0.102803
3212	0.102644
6532	0.102640
5830	0.102616
6530	0.102261
5546	0.102194
3837	0.102009
6101	0.101905
11988	0.101841
2097	0.101778
11298	0.101493
10994	0.101493
7295	0.101214
7955	0.101090
10226	0.100837
13448	0.100735
2114	0.100538
6255	0.100399
6528	0.100258
2274	0.099436
1119	0.099357
2128	0.099330
1120	0.099188
2600	0.099120
1904	0.098968
13247	0.098858
1238	0.098726
2107	0.098583
874	0.098482
2124	0.098274
6695	0.098144
1232	0.098043
1229	0.098043
713	0.097660
221	0.097614
14269	0.097549
4088	0.097458
7131	0.097300
5268	0.097286
4692	0.096916
4416	0.096751
1731	0.096667
7379	0.096398
1109	0.095893
1734	0.095563
11624	0.094891
9623	0.094784
4693	0.094674
4667	0.093488
10230	0.093209
5746	0.092916
1044	0.092704
6051	0.092663
10231	0.092650
1956	0.092478
6007	0.092383
6472	0.092073
1173	0.092052
12873	0.091208
5305	0.090945
13517	0.090923
2831	0.090713
352	0.090175
6482	0.089956
3778	0.089469
1689	0.089435
5354	0.088965
3738	0.088954
3636	0.088801
2280	0.088787
7659	0.088399
12296	0.088166
6244	0.088166
2845	0.088146
295	0.088066
4671	0.087975
4669	0.087975
2990	0.087954
2283	0.087907
10245	0.087748
2263	0.087689
268	0.087458
1118	0.087187
4778	0.087097
4670	0.087022
3507	0.086997
8090	0.086629
2847	0.086629
2843	0.086629
2839	0.086629
2840	0.086454
6754	0.086256
4304	0.085847
4302	0.085847
11999	0.085838
1228	0.085771
353	0.085504
9686	0.085457
13449	0.085358
14303	0.085048
14302	0.085048
14301	0.085048
14300	0.085048
14299	0.085048
10229	0.084991
7167	0.084931
8615	0.084827
4305	0.084437
2112	0.084328
3001	0.084317
11770	0.084079
6741	0.083798
5918	0.083764
5433	0.083691
11279	0.083672
700	0.083657
524	0.083602
6841	0.083584
861	0.083555
469	0.083548
7913	0.083497
5968	0.083497
470	0.083497
13285	0.083438
498	0.083324
7281	0.083270
6835	0.083199
13360	0.083162
1346	0.083132
314	0.083104
5967	0.083066
9347	0.083059
11771	0.082971
235	0.082686
6278	0.082640
4383	0.082509
12348	0.082477
14266	0.082395
2996	0.082377
7757	0.082367
10173	0.082269
12252	0.082264
8009	0.082092
9455	0.081977
4094	0.081956
35	0.081931
2423	0.081773
683	0.081436
12069	0.081286
12030	0.081252
10330	0.081135
4659	0.081121
4836	0.080989
2102	0.080706
11607	0.080645
331	0.080486
6065	0.080319
11300	0.080181
4974	0.080151
4467	0.080098
4668	0.080096
354	0.080007
14186	0.079889
3176	0.079638
6064	0.079604
5033	0.079501
6747	0.079489
12325	0.079373
5588	0.079115
316	0.078999
8740	0.078807
13665	0.078764
1111	0.078672
370	0.078199
4935	0.077996
5747	0.077511
5034	0.077420
1400	0.077335
2521	0.077067
1836	0.076937
6812	0.076885
9861	0.076429
9819	0.076429
1812	0.076309
1811	0.076309
2168	0.076138
9120	0.075898
13689	0.075716
13489	0.075716
7510	0.075691
2073	0.075644
13319	0.075398
13680	0.075372
6078	0.075287
303	0.075269
7306	0.075257
3539	0.075212
9484	0.075112
9483	0.075112
1809	0.075108
12909	0.075105
9413	0.074975
404	0.074932
311	0.074849
991	0.074710
86	0.074476
4175	0.074408
8072	0.074385
5779	0.074371
5413	0.074361
12279	0.074262
11825	0.074262
6270	0.074262
6269	0.074262
8922	0.074139
4111	0.074093
5778	0.073826
5500	0.073745
5038	0.073564
1402	0.073416
312	0.073176
7328	0.072909
11715	0.072773
11781	0.072605
4873	0.072541
4176	0.072524
6127	0.072475
6938	0.072462
6217	0.072426
12276	0.072410
14263	0.072410
14002	0.072410
14001	0.072410
14000	0.072410
13998	0.072410
13996	0.072410
6666	0.072410
5064	0.072410
4854	0.072410
4852	0.072410
9192	0.072237
2281	0.072196
321	0.072172
2542	0.072093
12074	0.071851
1285	0.071654
12915	0.071580
12914	0.071580
11840	0.071436
11678	0.071277
5635	0.071212
3922	0.070988
9460	0.070772
13355	0.070355
10512	0.070334
310	0.070324
11314	0.070100
4977	0.070040
4838	0.070004
6317	0.069824
335	0.069650
334	0.069650
327	0.069650
305	0.069650
302	0.069650
12338	0.069541
13706	0.069471
13738	0.069461
13731	0.069461
3383	0.069410
13698	0.069397
13544	0.069397
11178	0.069348
12219	0.069281
5451	0.069277
6920	0.069136
7381	0.069136
38	0.068982
13707	0.068904
2980	0.068903
5272	0.068893
10582	0.068839
1656	0.068825
12954	0.068794
13997	0.068662
2458	0.068661
7414	0.068653
10748	0.068583
9834	0.068583
13467	0.068333
3428	0.068301
11703	0.068153
1085	0.068132
7874	0.067950
4660	0.067841
6677	0.067811
9942	0.067785
9931	0.067785
9930	0.067785
9921	0.067785
9901	0.067785
9899	0.067785
9895	0.067785
9866	0.067785
9836	0.067785
9832	0.067785
9810	0.067785
9698	0.067785
9636	0.067785
9570	0.067785
9299	0.067785
2666	0.067736
4595	0.067713
4168	0.067712
332	0.067677
4976	0.067607
14162	0.067601
13325	0.067417
13621	0.067260
8383	0.067241
591	0.067188
4972	0.067145
11073	0.067120
5777	0.067069
12721	0.066951
7288	0.066915
4118	0.066527
6044	0.066509
1235	0.066500
2892	0.066441
12295	0.066394
6243	0.066394
8910	0.066122
1291	0.066061
9307	0.065923
3320	0.065836
3448	0.065727
330	0.065724
329	0.065712
1833	0.065473
12234	0.065451
589	0.065422
9218	0.065402
4855	0.065375
9706	0.065210
4850	0.065209
6015	0.065117
2104	0.065013
2186	0.064874
9150	0.064841
8503	0.064803
13633	0.064771
3973	0.064735
13688	0.064645
11733	0.064636
11050	0.064589
11646	0.064585
6305	0.064489
4849	0.064476
13030	0.064474
13490	0.064434
13632	0.064434
13631	0.064434
4661	0.064407
6295	0.064061
685	0.064048
2064	0.064033
11998	0.063968
12125	0.063936
4377	0.063920
4450	0.063890
14004	0.063871
4866	0.063871
2964	0.063730
823	0.063609
6689	0.063420
6967	0.063420
5745	0.063402
14013	0.063398
2253	0.063398
4672	0.063166
1097	0.063098
9232	0.063068
1280	0.063004
4596	0.062988
2046	0.062813
2881	0.062766
9361	0.062705
11914	0.062687
3906	0.062685
3729	0.062660
9415	0.062578
8851	0.062578
8850	0.062578
5035	0.062532
8312	0.062466
12192	0.062336
3741	0.062189
1265	0.062189
12116	0.062146
2108	0.061968
13384	0.061862
6616	0.061836
7258	0.061824
5780	0.061822
9226	0.061757
9217	0.061757
8534	0.061757
7827	0.061728
9875	0.061589
13687	0.061578
2599	0.061518
12043	0.061516
6191	0.061440
10249	0.061337
4128	0.061213
6915	0.061187
4520	0.061171
2522	0.061075
6302	0.061046
6267	0.061046
9024	0.060970
9023	0.060970
9022	0.060970
8949	0.060970
924	0.060950
1964	0.060922
11818	0.060829
8468	0.060787
2978	0.060787
2977	0.060787
1955	0.060775
5118	0.060697
9957	0.060663
13321	0.060647
2979	0.060571
4618	0.060534
930	0.060497
12263	0.060477
4682	0.060477
6605	0.060472
5189	0.060468
4361	0.060235
13320	0.060133
2950	0.060115
308	0.060068
2970	0.060040
5487	0.060035
12077	0.059940
6461	0.059940
3711	0.059940
13235	0.059791
10800	0.059765
8892	0.059760
12785	0.059691
10110	0.059690
4306	0.059688
9794	0.059679
9909	0.059639
1269	0.059610
11737	0.059484
2170	0.059355
6292	0.059272
12310	0.059268
333	0.059094
4240	0.059093
220	0.059029
14052	0.059015
10065	0.059015
11817	0.058917
6990	0.058917
9797	0.058856
814	0.058817
3505	0.058772
730	0.058537
6294	0.058438
13999	0.058347
5005	0.058347
5958	0.058076
1094	0.057989
8584	0.057983
1132	0.057953
6587	0.057836
2828	0.057805
5301	0.057772
2844	0.057693
6732	0.057596
613	0.057478
13462	0.057455
1030	0.057344
6473	0.057299
13456	0.057293
13342	0.057293
12784	0.057241
7686	0.057238
2821	0.057229
13926	0.057204
12138	0.057187
12137	0.057187
12068	0.057187
11864	0.057187
9493	0.057144
9231	0.057064
8319	0.057026
8634	0.057025
4121	0.057015
13928	0.056977
6844	0.056901
351	0.056806
782	0.056764
5348	0.056715
5697	0.056607
5634	0.056532
1300	0.056524
5346	0.056523
9928	0.056463
6697	0.056427
679	0.056330
4998	0.056099
14003	0.056090
6806	0.056081
10628	0.055964
8792	0.055962
13443	0.055911
8773	0.055854
6621	0.055854
1777	0.055831
6618	0.055698
13651	0.055671
377	0.055621
633	0.055558
3749	0.055402
1293	0.055396
306	0.055252
9346	0.055110
1115	0.055097
6496	0.055073
5432	0.055073
79	0.055031
13440	0.054999
620	0.054848
6395	0.054832
781	0.054738
3604	0.054729
9253	0.054558
8204	0.054553
4250	0.054546
341	0.054523
3736	0.054486
12636	0.054292
14358	0.054289
225	0.054248
11365	0.054216
11270	0.054216
10957	0.054216
7144	0.054216
6889	0.054162
4120	0.054095
3205	0.054095
6035	0.054044
4241	0.054039
6277	0.054028
4248	0.053992
7883	0.053992
4249	0.053992
4247	0.053992
4246	0.053992
4242	0.053992
4244	0.053990
4245	0.053980
830	0.053923
9269	0.053885
2174	0.053668
11297	0.053467
3654	0.053417
487	0.053334
4853	0.053323
7453	0.053223
7676	0.053140
9135	0.053090
4045	0.053084
13889	0.053076
817	0.052957
11976	0.052951
13148	0.052784
13147	0.052784
7892	0.052784
6298	0.052784
6297	0.052784
6198	0.052753
9999	0.052726
1304	0.052681
1133	0.052624
11074	0.052563
13910	0.052535
11813	0.052521
1052	0.052476
1458	0.052359
751	0.052322
8611	0.052317
4922	0.052282
6598	0.052279
11076	0.052243
3443	0.052215
340	0.052167
456	0.052164
10377	0.052134
29	0.052117
11849	0.052116
10378	0.052055
549	0.052018
4262	0.051969
7261	0.051948
9393	0.051905
1309	0.051749
13597	0.051660
13596	0.051660
13595	0.051660
13583	0.051660
13554	0.051660
13402	0.051660
7990	0.051660
4294	0.051651
7855	0.051642
14407	0.051615
12442	0.051571
2981	0.051558
8293	0.051507
224	0.051480
4042	0.051468
11799	0.051442
10837	0.051439
3144	0.051406
3111	0.051357
12143	0.051352
11065	0.051288
12333	0.051201
11660	0.051194
7767	0.051186
745	0.051171
13094	0.051147
5304	0.051001
7182	0.050950
11798	0.050905
1837	0.050868
6251	0.050805
6249	0.050805
2961	0.050803
11679	0.050772
8076	0.050726
4208	0.050680
14418	0.050680
14417	0.050680
13284	0.050680
13152	0.050680
9795	0.050680
9793	0.050680
9792	0.050680
9791	0.050680
9789	0.050680
9745	0.050680
9163	0.050680
8614	0.050680
8613	0.050680
8177	0.050680
4163	0.050676
677	0.050665
7343	0.050664
328	0.050566
1297	0.050559
2637	0.050532
9152	0.050503
4312	0.050380
4193	0.050358
1905	0.050354
9702	0.050318
10661	0.050314
11966	0.050307
2621	0.050297
3747	0.050248
12141	0.050198
6576	0.050088
5217	0.050066
9207	0.049973
9205	0.049973
8528	0.049973
7752	0.049943
12387	0.049899
11552	0.049816
1885	0.049803
1884	0.049803
1883	0.049803
8714	0.049743
1001	0.049732
10916	0.049676
3142	0.049615
5748	0.049612
6055	0.049523
1273	0.049477
9197	0.049452
9699	0.049397
9711	0.049396
9708	0.049396
9707	0.049396
9705	0.049396
9703	0.049396
9770	0.049380
4432	0.049332
1146	0.049322
11233	0.049304
9381	0.049304
9196	0.049257
2955	0.049249
2953	0.049249
11680	0.049193
8026	0.049153
9913	0.049099
9787	0.049094
9786	0.049094
9785	0.049094
9784	0.049094
9783	0.049094
9782	0.049094
9781	0.049094
9778	0.049094
9280	0.049094
8585	0.049094
8567	0.049094
8553	0.049094
5291	0.049084
5197	0.049051
6465	0.049020
2584	0.048909
2276	0.048904
4431	0.048810
4053	0.048714
879	0.048662
848	0.048631
14085	0.048552
2382	0.048476
2411	0.048432
4112	0.048426
7856	0.048114
7881	0.047970
385	0.047948
3934	0.047895
6767	0.047885
6765	0.047885
6764	0.047885
13897	0.047867
4113	0.047750
12250	0.047739
5996	0.047735
1078	0.047716
4165	0.047664
13131	0.047654
11784	0.047639
2062	0.047597
6034	0.047488
124	0.047458
11685	0.047440
10615	0.047404
13788	0.047363
2954	0.047363
10440	0.047354
238	0.047314
2657	0.047313
10723	0.047301
5375	0.047275
2027	0.047191
5142	0.047182
12010	0.047176
10549	0.047175
10776	0.047062
14427	0.047006
252	0.047004
503	0.046991
3093	0.046913
9780	0.046886
792	0.046783
1141	0.046695
11806	0.046687
3596	0.046654
251	0.046624
684	0.046603
4204	0.046535
13767	0.046532
771	0.046529
6550	0.046521
786	0.046518
4454	0.046475
2188	0.046378
301	0.046373
716	0.046354
343	0.046314
1780	0.046201
7556	0.046162
6434	0.046162
9145	0.046119
2396	0.046026
2080	0.045950
2049	0.045908
1042	0.045797
6742	0.045742
6636	0.045721
9538	0.045702
5460	0.045665
13659	0.045648
13658	0.045648
7457	0.045633
6296	0.045623
10456	0.045618
696	0.045602
8203	0.045389
932	0.045389
931	0.045389
12072	0.045389
4521	0.045359
6303	0.045359
12204	0.045337
8928	0.045332
12311	0.045302
7880	0.045291
12188	0.045182
4243	0.045174
8041	0.045165
5177	0.045124
13293	0.045095
7468	0.045082
2967	0.045082
6663	0.045041
12044	0.045018
4756	0.044949
8391	0.044931
3087	0.044931
7221	0.044827
7089	0.044792
5324	0.044791
881	0.044746
9121	0.044732
9112	0.044732
6179	0.044676
3203	0.044655
5063	0.044612
11198	0.044601
10076	0.044583
6299	0.044582
513	0.044564
888	0.044534
10077	0.044492
9174	0.044479
3588	0.044476
2773	0.044426
4848	0.044420
6908	0.044415
7282	0.044414
5117	0.044406
10839	0.044396
5541	0.044339
5934	0.044331
5933	0.044331
5883	0.044318
14276	0.044264
13428	0.044264
9256	0.044236
3441	0.044183
3388	0.044103
3870	0.044038
13694	0.044024
6149	0.044023
1835	0.044018
10356	0.044013
12221	0.043921
6787	0.043921
5342	0.043870
5306	0.043870
7224	0.043843
6574	0.043843
5527	0.043843
5880	0.043837
