1419	0.168484
5347	0.167347
7774	0.167214
5641	0.167214
5642	0.167208
2105	0.166771
2052	0.163523
9462	0.163039
11858	0.162445
9439	0.161923
1420	0.157207
114	0.153159
4468	0.152487
1673	0.144810
2958	0.144729
2820	0.144656
13265	0.141322
11658	0.140806
4537	0.140789
121	0.140541
221	0.135765
1119	0.133292
7872	0.132886
8352	0.132883
8351	0.132883
2957	0.132883
2956	0.132883
1120	0.132834
2952	0.132807
4106	0.132784
1117	0.132463
9258	0.132301
13247	0.132292
4538	0.130714
4105	0.130308
6895	0.129446
6695	0.128956
13850	0.128562
12207	0.128272
6896	0.128161
13076	0.127730
304	0.127695
2902	0.126098
14365	0.125753
3389	0.125550
14364	0.124397
1135	0.123916
14367	0.123624
10403	0.123401
12229	0.123054
14368	0.122682
14370	0.122498
12243	0.122357
5433	0.122162
5403	0.121438
10795	0.121249
14357	0.121249
7787	0.121249
8453	0.121225
12979	0.120575
14374	0.120520
14363	0.120520
1121	0.120033
4542	0.119649
14233	0.119384
1136	0.119384
1930	0.119326
2114	0.118996
7783	0.118810
7020	0.118582
115	0.118315
3431	0.117595
823	0.117472
2107	0.117276
7782	0.116815
3739	0.116705
3837	0.116476
13036	0.116326
6806	0.116219
6102	0.116196
3745	0.115992
12053	0.115961
12218	0.115027
2058	0.115027
7692	0.114952
2277	0.113882
2827	0.113695
12242	0.112886
6430	0.112238
1123	0.112238
9226	0.111934
9217	0.111934
8534	0.111934
6532	0.111897
7827	0.111896
14376	0.110384
14359	0.110384
7998	0.110384
9623	0.109976
5500	0.108967
1118	0.108923
14366	0.108344
14361	0.108344
14355	0.108344
8456	0.108344
14369	0.108331
2600	0.108058
4848	0.107760
8221	0.107598
9218	0.107358
4111	0.107214
6395	0.107193
8864	0.107050
8863	0.107050
8583	0.107050
8124	0.107050
7904	0.107050
7903	0.107050
7902	0.107050
7901	0.107050
7900	0.107050
7899	0.107050
7897	0.107050
7896	0.107050
7895	0.107050
187	0.107028
7526	0.107008
3921	0.106638
1114	0.105889
3706	0.105725
6838	0.105632
11355	0.105082
9177	0.104764
879	0.104517
3209	0.104442
8634	0.104032
9231	0.104028
4175	0.103735
13997	0.103133
2128	0.103054
1122	0.102925
7866	0.102829
2708	0.102586
2955	0.102359
2953	0.102359
2954	0.101963
2097	0.101752
4176	0.101732
6217	0.101586
14263	0.101557
14002	0.101557
14001	0.101557
14000	0.101557
13998	0.101557
13996	0.101557
6666	0.101557
5064	0.101557
4854	0.101557
4852	0.101557
12276	0.101557
7767	0.101493
14373	0.101493
14372	0.101493
14371	0.101493
14362	0.101493
14352	0.101493
14350	0.101493
8455	0.101493
7997	0.101493
7823	0.101493
12909	0.101462
9413	0.101421
1565	0.101395
9794	0.101054
7288	0.100916
2110	0.100866
7002	0.100779
7917	0.100710
9204	0.100506
8592	0.100506
9207	0.100457
9205	0.100457
8528	0.100457
13970	0.100178
10329	0.100172
2968	0.100080
14375	0.100052
11999	0.100012
4304	0.100002
4302	0.100002
8312	0.099934
9201	0.099143
11607	0.099122
498	0.098942
4977	0.098751
2064	0.097877
2522	0.097546
5546	0.097533
4596	0.097366
8584	0.097344
14351	0.097256
11989	0.097158
2892	0.097056
3437	0.097034
12348	0.097028
1133	0.096849
5413	0.096658
7918	0.096515
4021	0.096373
12281	0.096283
6619	0.096283
2881	0.096278
4976	0.096187
1285	0.096059
13054	0.095727
5375	0.095426
8329	0.095224
3212	0.095095
4112	0.095005
2280	0.094958
12036	0.094898
6305	0.094726
13030	0.094697
8792	0.094597
8615	0.094555
2821	0.094554
6376	0.094529
113	0.094335
7479	0.094105
4113	0.093725
11733	0.093701
235	0.093691
4466	0.093533
13739	0.093490
10236	0.093464
4231	0.093392
6689	0.093204
6967	0.093204
6889	0.092740
6616	0.092507
1115	0.092353
1113	0.092041
876	0.091713
4118	0.091687
4262	0.091677
12219	0.091509
633	0.091179
4850	0.091079
5299	0.090991
11737	0.090880
6191	0.090856
6302	0.090745
6267	0.090745
9415	0.090579
8851	0.090579
8850	0.090579
9152	0.090229
2979	0.089497
6482	0.089393
14003	0.089357
4998	0.089330
14219	0.089303
5855	0.089219
5033	0.089000
6447	0.088890
3738	0.088675
222	0.088636
1346	0.088573
225	0.088351
781	0.087982
9174	0.087922
13665	0.087917
6473	0.087831
8892	0.087824
4855	0.087802
224	0.087701
7295	0.087287
3116	0.087276
10661	0.087203
11850	0.087133
7999	0.087090
7676	0.087033
4595	0.086851
7453	0.086556
9237	0.086512
578	0.086460
5034	0.086304
1116	0.085935
7659	0.085904
14418	0.085863
14417	0.085863
13284	0.085863
13152	0.085863
9795	0.085863
9793	0.085863
9792	0.085863
9791	0.085863
9789	0.085863
9745	0.085863
9163	0.085863
8614	0.085863
8613	0.085863
8177	0.085863
4163	0.085849
4667	0.085562
8076	0.085465
2	0.085381
7228	0.085241
12873	0.085234
5696	0.085089
7131	0.084777
3438	0.084746
5118	0.084699
4853	0.084633
861	0.084609
469	0.084602
7913	0.084542
5968	0.084542
470	0.084542
1919	0.084456
13889	0.084363
1756	0.084360
1235	0.084265
8293	0.084218
1656	0.084186
782	0.084088
4416	0.084060
5967	0.084052
4671	0.083656
4669	0.083656
2990	0.083616
8635	0.083368
10045	0.083286
13394	0.083234
10050	0.083158
12030	0.083069
9248	0.083006
4670	0.082850
11930	0.082779
12141	0.082775
2192	0.082774
14360	0.082488
2598	0.082463
4169	0.082332
6443	0.082311
2841	0.082294
9235	0.082278
9230	0.082278
9228	0.082278
9225	0.082278
9224	0.082278
9221	0.082278
9219	0.082278
9214	0.082278
9213	0.082278
9211	0.082278
9209	0.082278
9208	0.082278
9206	0.082278
9193	0.082278
8807	0.082278
8679	0.082278
8677	0.082278
8675	0.082278
8674	0.082278
8673	0.082278
8670	0.082278
8637	0.082278
8633	0.082278
8631	0.082278
8610	0.082278
8591	0.082278
8539	0.082278
8538	0.082278
8537	0.082278
8536	0.082278
8529	0.082278
8526	0.082278
8525	0.082278
8632	0.082278
8671	0.082274
8604	0.082133
9176	0.082090
8809	0.082090
11226	0.082029
7510	0.082025
8531	0.081997
8773	0.081975
6621	0.081975
6077	0.081924
13928	0.081896
6618	0.081685
10088	0.081684
10156	0.081440
9702	0.081043
6598	0.080912
7752	0.080660
14004	0.080619
4866	0.080619
2190	0.080558
8611	0.080297
1232	0.080277
1229	0.080277
7955	0.080255
645	0.080123
5746	0.080100
9220	0.080037
13325	0.079987
14266	0.079975
4668	0.079920
5918	0.079723
4165	0.079688
6278	0.079654
1403	0.079574
7379	0.079570
2027	0.079422
1030	0.079392
8636	0.079296
1109	0.079224
14407	0.079153
524	0.079053
7400	0.079035
13999	0.079035
5005	0.079035
3539	0.079011
6576	0.078953
13926	0.078893
12357	0.078582
5424	0.078549
2188	0.078546
4305	0.078507
51	0.078506
14358	0.078449
8530	0.078023
14162	0.078011
2996	0.077947
1400	0.077836
14415	0.077818
9277	0.077818
14290	0.077818
1132	0.077778
1833	0.077756
2197	0.077737
9787	0.077529
9786	0.077529
9785	0.077529
9784	0.077529
9783	0.077529
9782	0.077529
9781	0.077529
9778	0.077529
9280	0.077529
8585	0.077529
8567	0.077529
8553	0.077529
6465	0.077487
7757	0.077415
8392	0.077381
3940	0.077361
268	0.077255
404	0.077151
392	0.077131
11325	0.077098
8625	0.077029
2828	0.077011
1458	0.076898
13545	0.076839
2199	0.076786
2831	0.076773
4849	0.076759
35	0.076687
3007	0.076647
9480	0.076640
8533	0.076640
8916	0.076595
8915	0.076595
8914	0.076595
8913	0.076595
8912	0.076595
8911	0.076595
7634	0.076595
6568	0.076595
8910	0.076474
9869	0.076435
5219	0.076323
11646	0.076048
4168	0.075998
2204	0.075920
9347	0.075646
12010	0.075565
3741	0.075490
9780	0.075431
4672	0.075422
7642	0.075279
2119	0.075229
1952	0.075127
4383	0.075113
874	0.075101
9913	0.075020
6501	0.074908
8447	0.074881
9361	0.074827
4619	0.074788
3636	0.074655
2195	0.074524
8090	0.074463
2847	0.074463
2843	0.074463
2839	0.074463
8451	0.074405
352	0.074375
11767	0.074319
2840	0.074184
7635	0.074013
7633	0.074013
4294	0.074002
4778	0.073988
2060	0.073870
7495	0.073629
13449	0.073452
2605	0.073433
2109	0.073319
8180	0.073313
6761	0.073309
2203	0.073234
8676	0.073092
2108	0.072987
4520	0.072843
7606	0.072794
14416	0.072707
4857	0.072559
9210	0.072440
9200	0.072399
9222	0.072113
118	0.072110
12252	0.072029
4042	0.071870
12143	0.071851
9145	0.071778
11625	0.071706
13897	0.071615
3536	0.071612
1094	0.071599
12915	0.071568
12914	0.071568
6742	0.071526
13910	0.071473
3507	0.071431
5510	0.071429
4873	0.071424
2118	0.071398
3978	0.071260
2170	0.071249
4836	0.071192
2442	0.071093
9438	0.071081
13013	0.071011
12962	0.071011
9135	0.071010
6754	0.070769
11964	0.070760
5423	0.070708
1836	0.070636
881	0.070627
1228	0.070611
11987	0.070598
2202	0.070561
2542	0.070460
5745	0.070382
792	0.070355
353	0.070190
6017	0.070114
1006	0.070096
9168	0.069936
3934	0.069733
4447	0.069689
5245	0.069677
122	0.069662
4216	0.069581
7954	0.069482
8891	0.069458
3588	0.069437
4509	0.069352
9673	0.069275
11715	0.069268
3320	0.069185
7920	0.069136
4281	0.069093
3604	0.069085
11679	0.068977
370	0.068941
14085	0.068937
11147	0.068832
7958	0.068667
9711	0.068484
9708	0.068484
9707	0.068484
9705	0.068484
9703	0.068484
9244	0.068435
9699	0.068417
5346	0.068412
11678	0.068351
38	0.068321
86	0.068320
13061	0.068294
2950	0.068235
119	0.067851
2117	0.067844
5035	0.067561
10232	0.067476
8565	0.067468
3423	0.067447
1402	0.067396
777	0.067267
2764	0.067261
4094	0.067222
13060	0.067215
13055	0.067215
13048	0.067215
13014	0.067215
13009	0.067215
12892	0.067215
8379	0.067215
2363	0.067191
13767	0.067144
9150	0.066975
11298	0.066895
10994	0.066895
1111	0.066873
586	0.066850
5756	0.066850
2521	0.066794
4632	0.066761
11968	0.066715
949	0.066715
9195	0.066581
2845	0.066473
3166	0.066397
8928	0.066395
1039	0.066332
1904	0.066281
1905	0.066241
2182	0.066217
1024	0.066196
7890	0.065960
5588	0.065951
5555	0.065934
1097	0.065734
13293	0.065718
3193	0.065640
882	0.065552
12296	0.065532
6244	0.065532
2523	0.065522
13418	0.065464
3311	0.065241
3314	0.065147
9024	0.065138
9023	0.065138
9022	0.065138
8949	0.065138
13932	0.065117
11988	0.065070
1110	0.064894
4559	0.064869
9121	0.064812
9112	0.064812
9709	0.064797
9192	0.064750
2423	0.064580
7258	0.064479
6127	0.064386
888	0.064374
1025	0.064303
8207	0.064252
9912	0.064029
9911	0.064029
6731	0.063956
414	0.063821
4160	0.063739
5476	0.063694
7830	0.063678
9881	0.063675
2844	0.063533
3002	0.063513
3906	0.063503
6707	0.063345
2093	0.063325
11739	0.063264
14433	0.063226
14410	0.063222
14409	0.063222
14408	0.063222
7919	0.063222
3666	0.063207
12670	0.063152
13945	0.062904
14283	0.062890
6072	0.062789
6149	0.062786
11982	0.062778
5414	0.062778
5412	0.062778
7889	0.062696
11903	0.062419
2191	0.062400
2941	0.062354
7715	0.062302
9202	0.062267
4301	0.062256
7880	0.062241
1780	0.062195
7195	0.062129
7193	0.062129
4834	0.062119
2980	0.062106
8895	0.062100
7772	0.062075
3427	0.062029
10337	0.062016
10227	0.061683
2186	0.061683
11611	0.061641
8894	0.061641
8893	0.061641
6339	0.061641
3439	0.061641
1816	0.061582
13815	0.061579
12275	0.061524
243	0.061520
9741	0.061518
3310	0.061518
4624	0.061501
9775	0.061500
239	0.061474
11998	0.061421
5176	0.061402
4450	0.061390
4377	0.061389
6303	0.061342
8468	0.061296
2978	0.061296
2977	0.061296
7178	0.060973
9199	0.060900
2380	0.060872
582	0.060867
492	0.060834
3736	0.060749
14269	0.060397
2116	0.060357
7758	0.060312
9610	0.060266
4485	0.060232
3977	0.060141
2111	0.060126
7276	0.060040
3388	0.059959
4463	0.059953
2962	0.059928
12077	0.059879
6461	0.059879
3711	0.059879
4200	0.059833
9081	0.059754
9078	0.059754
129	0.059707
13235	0.059698
4692	0.059687
4799	0.059667
10839	0.059554
877	0.059551
730	0.059549
11806	0.059439
2981	0.059435
7261	0.059403
3680	0.059366
817	0.059297
2424	0.059264
11937	0.059241
12442	0.059194
9028	0.059182
6361	0.059175
3914	0.059126
613	0.059062
4868	0.059052
3590	0.058974
13508	0.058933
117	0.058897
4798	0.058776
8503	0.058593
4758	0.058587
14052	0.058568
10065	0.058568
698	0.058541
6228	0.058341
12295	0.058328
6243	0.058328
3415	0.058312
8714	0.058309
1694	0.058260
1019	0.058226
9788	0.058211
1740	0.058194
10838	0.058185
2185	0.058131
3506	0.058118
13517	0.058076
11914	0.058023
3948	0.057947
1090	0.057915
5908	0.057761
2286	0.057720
7082	0.057638
6851	0.057468
1837	0.057406
5442	0.057345
10982	0.057191
12204	0.057155
8319	0.057099
6725	0.057038
9735	0.056987
6587	0.056948
14393	0.056920
14377	0.056920
4646	0.056851
2102	0.056849
7699	0.056772
9484	0.056749
9483	0.056749
4148	0.056610
13456	0.056602
13342	0.056602
14395	0.056587
7891	0.056587
12201	0.056573
4958	0.056494
10642	0.056383
11798	0.056347
13939	0.056139
10549	0.056131
11616	0.055912
4648	0.055912
4643	0.055912
6519	0.055781
10553	0.055774
7655	0.055763
7700	0.055760
10538	0.055729
1269	0.055684
4839	0.055649
14101	0.055619
8365	0.055619
7686	0.055601
3093	0.055517
13698	0.055505
13544	0.055505
4476	0.055464
5914	0.055456
7654	0.055426
9831	0.055410
4511	0.055379
14071	0.055356
4922	0.055334
6412	0.055291
9062	0.055284
13509	0.055269
7960	0.055260
10582	0.055240
5591	0.055146
14398	0.055145
14383	0.055145
8454	0.055145
7916	0.055145
7083	0.055145
7211	0.055124
7784	0.055123
11407	0.055114
10540	0.055104
12182	0.055093
4464	0.055093
786	0.055042
10566	0.055030
9307	0.054996
875	0.054956
13442	0.054951
6913	0.054937
6566	0.054899
13533	0.054832
13532	0.054832
13531	0.054832
3288	0.054820
10233	0.054820
8621	0.054807
13075	0.054716
3778	0.054568
9686	0.054477
1835	0.054427
2477	0.054412
6044	0.054386
85	0.054381
13557	0.054346
13556	0.054346
9385	0.054317
13603	0.054260
13238	0.054260
9553	0.054260
2959	0.054260
12103	0.054260
13541	0.054226
3448	0.054223
6317	0.054209
10664	0.054147
7888	0.054095
73	0.054073
6429	0.054051
2121	0.053958
2593	0.053947
5243	0.053944
8377	0.053926
5006	0.053919
9674	0.053823
2283	0.053809
2714	0.053792
5012	0.053781
5911	0.053704
7078	0.053688
716	0.053668
2621	0.053665
11996	0.053655
11609	0.053637
713	0.053625
4865	0.053587
5737	0.053579
679	0.053570
6304	0.053529
14282	0.053527
14281	0.053527
3598	0.053500
2755	0.053455
5354	0.053411
1651	0.053395
8041	0.053395
599	0.053313
2964	0.053270
14280	0.053196
9710	0.053159
2113	0.053105
13738	0.052979
13731	0.052979
13706	0.052976
2567	0.052900
10097	0.052884
10748	0.052882
9834	0.052882
3700	0.052856
9215	0.052850
11771	0.052828
9706	0.052814
6393	0.052797
8464	0.052794
4824	0.052777
678	0.052776
3071	0.052759
2960	0.052573
3710	0.052498
13707	0.052481
2458	0.052475
6016	0.052416
3512	0.052369
5062	0.052367
184	0.052364
2281	0.052327
3619	0.052314
1265	0.052293
11770	0.052148
10229	0.052087
9460	0.051933
2666	0.051931
3128	0.051909
3121	0.051909
3048	0.051909
2624	0.051909
2303	0.051905
6151	0.051905
2104	0.051899
3151	0.051815
8813	0.051800
2951	0.051794
2894	0.051778
5958	0.051711
6378	0.051435
6197	0.051284
11712	0.051265
977	0.051245
8882	0.051239
4201	0.051239
12511	0.051229
