11742	0.245810
5226	0.245810
12091	0.238637
5048	0.238637
4895	0.230336
2230	0.230031
8113	0.224595
7478	0.222638
6776	0.220532
6963	0.218839
6259	0.205057
5846	0.203590
3041	0.200151
6010	0.197054
5441	0.188961
1351	0.183095
6009	0.182217
4742	0.182217
12358	0.182032
2381	0.180477
4743	0.173789
6935	0.173578
13805	0.173574
5132	0.173574
5293	0.171570
5292	0.171409
14317	0.169812
4947	0.169539
5843	0.168990
4913	0.166329
12385	0.159686
7475	0.159584
7399	0.158945
6934	0.158189
9123	0.157390
11591	0.157083
4841	0.154731
11592	0.154590
7285	0.150719
1587	0.150024
607	0.149921
1182	0.149770
4529	0.147938
2823	0.144334
5582	0.139911
6625	0.137460
5583	0.137454
2519	0.137200
7908	0.135476
10347	0.134712
10346	0.133682
1938	0.133013
1185	0.132744
5103	0.131399
12286	0.131383
8307	0.131163
5402	0.130848
14073	0.130508
7611	0.130351
7542	0.130153
6688	0.130153
11292	0.129287
10390	0.129188
6324	0.128020
10099	0.127170
8257	0.126718
10963	0.126224
10960	0.126224
10958	0.126224
10812	0.126199
8317	0.126112
8316	0.126112
11428	0.126103
10729	0.125852
14218	0.125746
10896	0.125682
10370	0.125664
11344	0.125581
11306	0.125581
10728	0.125581
10850	0.125374
10082	0.125036
13854	0.124677
3353	0.124654
11430	0.124363
11304	0.124363
10763	0.124363
6687	0.124347
10371	0.124212
5225	0.123706
5248	0.123344
12591	0.123300
6480	0.123221
10282	0.123215
7459	0.122480
3030	0.122042
5010	0.120972
8877	0.120653
10109	0.120285
10519	0.119429
6892	0.117026
9997	0.116810
11240	0.116734
10910	0.116513
12017	0.116215
3823	0.116116
12504	0.114565
10056	0.114149
7359	0.114148
6220	0.113979
10608	0.112650
8175	0.112174
5383	0.112102
11752	0.112021
3226	0.111320
3428	0.110810
10734	0.110780
10959	0.110500
11754	0.110217
6215	0.110198
6455	0.109415
11652	0.109109
5046	0.108945
4475	0.108914
11587	0.108909
10280	0.108231
14254	0.106605
10806	0.106412
4828	0.106018
12395	0.105553
7544	0.105046
10507	0.104690
4402	0.104172
11697	0.103505
11753	0.103019
11409	0.102909
5175	0.102781
11357	0.102596
11356	0.102269
6254	0.101881
850	0.101757
7224	0.101342
6574	0.101342
5527	0.101342
10275	0.101179
4497	0.100187
10962	0.100047
14126	0.100027
14125	0.100027
10643	0.099533
9981	0.099512
10961	0.099282
13318	0.099036
8276	0.098931
14339	0.098847
14338	0.098847
14312	0.098847
14272	0.098847
14259	0.098847
14160	0.098847
14159	0.098847
14158	0.098847
14156	0.098847
14144	0.098847
14133	0.098847
14123	0.098847
14110	0.098847
14102	0.098847
14053	0.098847
13501	0.098847
8311	0.098847
8309	0.098847
8308	0.098847
8306	0.098847
8288	0.098847
8286	0.098847
8285	0.098847
8283	0.098847
8282	0.098847
8280	0.098847
8278	0.098847
8277	0.098847
8046	0.098847
4603	0.098847
14006	0.098796
8310	0.098730
4631	0.098643
13542	0.098642
11241	0.098540
11472	0.098084
4658	0.097683
6415	0.097284
13810	0.097177
10427	0.096764
3534	0.096763
7943	0.096737
4235	0.096291
14291	0.095938
11178	0.095798
12691	0.095441
11091	0.095225
14034	0.095221
7857	0.095194
8305	0.095131
8289	0.095040
4618	0.094638
4321	0.094268
8402	0.094143
12384	0.094034
11349	0.092967
6556	0.092437
6555	0.092437
13369	0.092285
11808	0.092283
8255	0.092057
13769	0.091727
4288	0.091727
2674	0.091142
4359	0.091111
10237	0.090779
4376	0.090760
598	0.090691
11055	0.090207
3429	0.089569
5185	0.089266
5524	0.089154
11579	0.089086
13204	0.088171
5159	0.088147
11595	0.087745
3576	0.087702
3617	0.087518
14128	0.087494
12315	0.087374
2269	0.087160
11202	0.086982
2486	0.086771
4204	0.086273
5327	0.086193
10089	0.085975
2871	0.085893
14157	0.085428
8497	0.085381
5584	0.085291
8907	0.085057
6187	0.084997
12090	0.084879
5585	0.084598
9025	0.084403
6394	0.084369
13618	0.084285
13419	0.084285
6840	0.084285
7036	0.084099
11073	0.083569
8238	0.083329
8217	0.083251
7578	0.083251
10343	0.083124
6718	0.083124
10801	0.083032
991	0.082711
1405	0.082416
1894	0.082375
3441	0.082292
6719	0.082178
10821	0.081737
8836	0.081660
13598	0.081205
4500	0.080854
4662	0.080838
10457	0.080279
2386	0.079994
2387	0.079994
10733	0.079930
14332	0.079805
14320	0.079805
14257	0.079805
14235	0.079805
14231	0.079805
14217	0.079805
14143	0.079805
677	0.079777
2585	0.079391
5382	0.079282
7729	0.078846
1184	0.078357
3986	0.078011
6481	0.077963
8259	0.077720
1050	0.077556
4898	0.077512
4338	0.077303
4867	0.077220
5393	0.076927
5154	0.076476
13821	0.076362
10984	0.075805
10712	0.075722
1417	0.075620
11436	0.075584
10711	0.075584
5343	0.075531
9085	0.075105
3135	0.075035
10348	0.075008
9086	0.074951
11416	0.074909
4117	0.074534
10946	0.074531
10895	0.074507
11402	0.074474
10307	0.074474
10308	0.074460
10210	0.074347
3715	0.074205
3256	0.074101
10002	0.074091
11459	0.074080
11340	0.074080
6329	0.074080
568	0.074061
11109	0.073520
5493	0.073381
14224	0.073258
13391	0.073258
11110	0.073258
2690	0.073133
3440	0.072816
6558	0.072800
10634	0.072761
5586	0.072651
11112	0.072649
45	0.072498
9026	0.072149
2344	0.071788
10699	0.071523
9089	0.071168
11200	0.071092
11373	0.070965
10202	0.070965
11002	0.070904
6854	0.070784
10550	0.070714
6966	0.070548
1202	0.070070
4297	0.070060
11326	0.069998
10743	0.069877
10255	0.069845
3319	0.069545
13087	0.069543
12427	0.069370
5574	0.068857
7527	0.068426
6938	0.068340
7865	0.067934
3425	0.067772
1415	0.067762
10274	0.067714
561	0.067609
14334	0.067576
8564	0.067437
2496	0.067387
3840	0.067383
10670	0.067208
5815	0.066749
10511	0.066290
6680	0.065997
8572	0.065150
8569	0.065150
8568	0.065150
11177	0.065120
11054	0.064864
3789	0.064619
9357	0.064618
10273	0.064336
12283	0.064095
3375	0.063875
8595	0.063453
9551	0.063413
10567	0.063327
4437	0.063214
14243	0.062954
8570	0.062950
5858	0.062682
5351	0.062660
6147	0.062390
3454	0.062080
10080	0.061967
10553	0.061828
13947	0.061132
12772	0.060735
12665	0.060535
6946	0.060491
14322	0.060358
14135	0.060358
8314	0.060168
10428	0.060023
4340	0.059964
12120	0.059785
3993	0.059785
11677	0.059495
4494	0.059495
4493	0.059495
5141	0.059422
1359	0.059275
11298	0.059252
10994	0.059252
12632	0.058913
2129	0.058911
6457	0.058645
9094	0.058118
9093	0.058118
9092	0.058118
9065	0.058118
12241	0.057835
12240	0.057835
8074	0.057835
7294	0.057835
6054	0.057835
4336	0.057835
4392	0.057835
10335	0.057668
14031	0.057596
570	0.057571
8780	0.057128
5620	0.056960
6987	0.056838
7670	0.056834
6216	0.056809
11263	0.056738
4503	0.056517
5167	0.056473
8813	0.056279
2232	0.056275
4319	0.056257
6056	0.056089
10441	0.056039
11699	0.055944
7417	0.055944
1403	0.055911
3056	0.055675
851	0.055277
3210	0.055027
10245	0.054715
12145	0.054676
10515	0.054676
5956	0.054676
11700	0.054628
2198	0.054575
8947	0.054432
10632	0.054371
4037	0.054328
10229	0.054296
3631	0.054219
10415	0.053622
10416	0.053343
9915	0.053245
5484	0.053220
11152	0.053131
8025	0.053131
5160	0.053015
7465	0.052831
7202	0.052683
5957	0.052583
13610	0.052534
9694	0.052401
1418	0.052165
11300	0.051967
6758	0.051943
14	0.051933
5270	0.051875
4840	0.051803
12835	0.051641
9114	0.051552
10606	0.051384
9169	0.051348
5162	0.051277
10625	0.051185
7511	0.051172
4842	0.051086
1295	0.051076
1778	0.050892
13946	0.050650
1592	0.050650
2229	0.050606
2289	0.050597
1591	0.050583
1596	0.050519
3538	0.050454
11618	0.050349
11675	0.050299
3175	0.050178
14297	0.050113
10249	0.050106
12400	0.049926
11586	0.049926
5269	0.049878
11512	0.049870
10767	0.049774
14337	0.049703
13990	0.049703
8267	0.049700
14054	0.049695
8266	0.049672
10638	0.049539
3473	0.049424
6407	0.049380
12527	0.049202
3905	0.048915
9756	0.048877
7489	0.048690
6566	0.048688
7514	0.048652
4856	0.048487
7203	0.048478
5942	0.048267
13875	0.048169
7205	0.047935
7713	0.047894
6053	0.047827
10250	0.047780
1053	0.047769
9643	0.047711
4735	0.047693
8287	0.047585
9222	0.047441
6709	0.047345
10454	0.046852
11534	0.046849
13530	0.046738
6386	0.046698
12202	0.046475
3988	0.046475
9139	0.046431
6380	0.046394
3907	0.046385
12514	0.046283
10844	0.046282
11800	0.046233
12249	0.046164
5008	0.046164
1016	0.046116
3326	0.046112
12507	0.046107
12521	0.046019
5205	0.046006
12324	0.045960
3316	0.045953
12011	0.045843
11728	0.045839
6630	0.045589
10589	0.045580
9938	0.045399
7551	0.045399
7550	0.045399
7539	0.045399
7538	0.045399
5870	0.045382
8887	0.045382
5940	0.045330
8387	0.045196
5007	0.045120
13243	0.045041
4951	0.044765
12713	0.044727
10646	0.044506
11501	0.044473
1452	0.044458
5830	0.044418
7698	0.044389
11729	0.044316
5829	0.044301
5366	0.044291
7326	0.044212
5672	0.044188
6101	0.044130
1773	0.044098
6530	0.044094
1734	0.044055
254	0.044030
10197	0.043995
3077	0.043885
3742	0.043850
2500	0.043797
3963	0.043780
3638	0.043719
7667	0.043689
7356	0.043564
7759	0.043506
7357	0.043506
7355	0.043506
11170	0.043481
11638	0.043384
3961	0.043346
333	0.043315
13781	0.043134
5671	0.043103
7626	0.043083
1953	0.043061
1954	0.043061
10059	0.043016
4613	0.042861
8566	0.042742
8173	0.042658
2332	0.042595
3426	0.042591
10702	0.042565
5176	0.042525
10751	0.042490
10853	0.042453
6184	0.042402
14067	0.042391
13776	0.042391
11447	0.042363
10921	0.042309
8281	0.042291
13201	0.042258
13197	0.042258
5937	0.042172
2133	0.042130
9120	0.042006
11123	0.041915
6528	0.041859
13124	0.041735
10179	0.041735
13202	0.041699
985	0.041677
11371	0.041460
11370	0.041460
10955	0.041460
13475	0.041392
3740	0.041368
11470	0.041127
6157	0.041107
4000	0.040979
10214	0.040634
3987	0.040583
1951	0.040472
8922	0.040472
10563	0.040393
10854	0.040318
700	0.040312
10956	0.040310
10292	0.040231
3962	0.039985
12783	0.039936
10215	0.039936
3680	0.039902
12367	0.039858
2134	0.039749
10178	0.039707
13775	0.039645
12511	0.039582
4274	0.039497
12101	0.039495
11743	0.039495
7681	0.039434
10432	0.039343
11404	0.039213
10922	0.039213
10858	0.039118
5223	0.039055
5184	0.039025
5108	0.039011
8862	0.038950
8861	0.038950
8860	0.038950
8859	0.038950
8858	0.038950
8857	0.038950
8844	0.038950
8843	0.038950
8842	0.038950
8841	0.038950
8840	0.038950
8839	0.038950
8838	0.038950
8834	0.038950
8824	0.038950
8823	0.038950
8822	0.038950
8820	0.038950
8818	0.038950
8817	0.038950
8803	0.038950
8798	0.038950
8737	0.038950
8639	0.038950
7682	0.038950
7677	0.038950
7382	0.038950
7247	0.038950
14027	0.038931
10038	0.038929
5795	0.038882
13164	0.038831
8382	0.038755
9964	0.038651
2291	0.038634
14198	0.038624
12730	0.038579
10138	0.038498
7220	0.038486
3951	0.038484
12277	0.038415
8073	0.038415
6150	0.038415
5944	0.038415
5943	0.038415
5487	0.038297
12556	0.038117
9847	0.038088
12698	0.038034
8747	0.037958
8725	0.037958
14329	0.037955
472	0.037918
2174	0.037872
11313	0.037863
7457	0.037855
9830	0.037797
3066	0.037764
8405	0.037746
7668	0.037739
8327	0.037701
10199	0.037655
4724	0.037645
6218	0.037302
7466	0.037257
1020	0.037255
8623	0.037241
12701	0.037237
4504	0.037206
1608	0.037205
6830	0.037157
14004	0.037119
4866	0.037119
12134	0.037097
5395	0.037082
4889	0.037044
8284	0.036984
1545	0.036975
10165	0.036886
6657	0.036813
1192	0.036631
6182	0.036625
11278	0.036577
3857	0.036495
89	0.036471
14187	0.036461
10640	0.036404
5024	0.036403
3585	0.036399
1779	0.036396
1956	0.036393
14140	0.036367
1952	0.036277
11698	0.036238
10901	0.036207
5192	0.036078
13600	0.036028
8407	0.036005
10475	0.035901
2567	0.035886
12601	0.035867
12637	0.035677
2930	0.035442
5397	0.035404
5396	0.035404
4337	0.035350
11624	0.035317
11564	0.035227
1140	0.035208
1139	0.035179
6343	0.035161
1504	0.035161
2477	0.035156
12636	0.035036
4193	0.035015
2305	0.034973
2304	0.034962
384	0.034934
13448	0.034900
3232	0.034831
2819	0.034765
9979	0.034735
2341	0.034714
11987	0.034610
12044	0.034605
8108	0.034588
3990	0.034548
4505	0.034486
4501	0.034486
1503	0.034486
12759	0.034423
13597	0.034411
13596	0.034411
13595	0.034411
13583	0.034411
13554	0.034411
13402	0.034411
7990	0.034411
7855	0.034380
2753	0.034335
6972	0.034304
3405	0.034279
3111	0.034262
8855	0.034261
11471	0.034209
11350	0.034201
13094	0.034177
6829	0.034145
3341	0.034139
13469	0.034047
13577	0.033997
10605	0.033986
4328	0.033879
11913	0.033847
8079	0.033787
8969	0.033752
6534	0.033740
1237	0.033634
11556	0.033456
6414	0.033448
12734	0.033423
4190	0.033419
10693	0.033380
13430	0.033366
12732	0.033223
6325	0.033221
10264	0.033206
5674	0.033167
6183	0.033138
13638	0.033056
12758	0.033023
11266	0.032967
6121	0.032877
8827	0.032868
5224	0.032807
5704	0.032762
3998	0.032756
11415	0.032745
11000	0.032715
10546	0.032675
4655	0.032667
9485	0.032611
5673	0.032589
11237	0.032585
3959	0.032533
4083	0.032514
13896	0.032480
11514	0.032479
7422	0.032468
10452	0.032468
10198	0.032459
7114	0.032452
6069	0.032401
1616	0.032374
7207	0.032353
12098	0.032323
3958	0.032323
4508	0.032318
12433	0.032299
10968	0.032292
7377	0.032231
7376	0.032231
12066	0.032197
11023	0.032040
11024	0.032040
3064	0.032039
13558	0.031962
13193	0.031960
7499	0.031949
1586	0.031861
7320	0.031835
13146	0.031831
7106	0.031820
11286	0.031811
3001	0.031774
7341	0.031774
10453	0.031769
247	0.031759
13180	0.031743
8295	0.031729
8242	0.031681
8832	0.031658
8017	0.031555
1534	0.031539
9764	0.031471
8001	0.031464
6333	0.031368
12707	0.031351
1177	0.031347
6876	0.031329
9916	0.031312
9880	0.031312
9842	0.031312
9838	0.031312
9822	0.031312
9372	0.031312
8791	0.031312
8790	0.031312
8768	0.031312
7158	0.031304
9763	0.031289
9759	0.031289
9758	0.031289
8717	0.031289
8716	0.031289
8715	0.031289
10421	0.031285
964	0.031085
13470	0.031023
12877	0.031020
4997	0.030956
12757	0.030933
3917	0.030925
6721	0.030922
13681	0.030872
13136	0.030807
11685	0.030801
3982	0.030730
8135	0.030714
5207	0.030703
5946	0.030688
10151	0.030586
12794	0.030556
8837	0.030545
2536	0.030515
10514	0.030512
10834	0.030498
13537	0.030498
10344	0.030496
14275	0.030466
14039	0.030466
14036	0.030466
14030	0.030466
14029	0.030466
14026	0.030466
8415	0.030466
8400	0.030466
8378	0.030466
8375	0.030466
8363	0.030466
8360	0.030466
8350	0.030466
8294	0.030466
8218	0.030466
13764	0.030466
4351	0.030466
11606	0.030427
11605	0.030427
11440	0.030410
11341	0.030410
12747	0.030391
14033	0.030387
55	0.030382
8044	0.030380
7977	0.030352
3451	0.030344
8128	0.030342
7541	0.030340
10523	0.030193
14098	0.030163
12658	0.030115
11116	0.030115
2795	0.030115
2794	0.030115
12618	0.030109
8376	0.030107
8241	0.030107
5650	0.030104
5707	0.030079
4792	0.030011
5695	0.030007
3469	0.030000
13836	0.029965
2800	0.029952
3797	0.029945
2173	0.029944
13858	0.029941
7802	0.029941
14028	0.029909
12403	0.029907
8593	0.029877
13070	0.029873
10052	0.029864
4217	0.029842
13568	0.029796
10342	0.029788
8624	0.029778
11904	0.029736
8237	0.029713
5115	0.029674
589	0.029614
10090	0.029605
10756	0.029599
6319	0.029587
