3837	0.233757
11858	0.215090
9439	0.214868
9462	0.214364
4304	0.212256
4302	0.212256
11999	0.212236
11607	0.207275
12348	0.206988
3389	0.200502
1673	0.192414
2958	0.191357
2820	0.190720
4305	0.190653
7757	0.185774
4538	0.179161
235	0.169498
1419	0.169048
2052	0.168353
1420	0.165621
2952	0.161081
8615	0.161078
7774	0.159807
5641	0.159807
5642	0.159795
5347	0.159678
9135	0.158849
7872	0.156160
8352	0.156157
8351	0.156157
2957	0.156157
2956	0.156157
4106	0.156018
4105	0.155887
4306	0.155702
6895	0.155038
2105	0.154227
9711	0.153202
9708	0.153202
9707	0.153202
9705	0.153202
9703	0.153202
9699	0.153114
13850	0.152473
6896	0.151966
9710	0.150363
12252	0.150335
2902	0.149369
4542	0.149256
4168	0.146670
9623	0.143453
7288	0.141626
9248	0.139982
4537	0.139235
6532	0.138574
11739	0.137688
9794	0.137591
9218	0.137462
9177	0.137404
9702	0.136298
4294	0.135572
224	0.135133
9438	0.134891
7955	0.133810
9413	0.133605
12909	0.133584
2968	0.132871
14418	0.132763
14417	0.132763
13284	0.132763
13152	0.132763
9795	0.132763
9793	0.132763
9792	0.132763
9791	0.132763
9789	0.132763
9745	0.132763
9163	0.132763
8614	0.132763
8613	0.132763
8177	0.132763
4163	0.132758
8076	0.132657
14407	0.132401
13265	0.130467
8611	0.130465
1656	0.130295
9706	0.129805
11658	0.129612
7752	0.129605
10661	0.128863
7606	0.128018
9709	0.127461
14358	0.126529
3741	0.125797
9176	0.125535
8809	0.125535
2280	0.125534
9704	0.124573
1816	0.124201
9480	0.123587
8533	0.123587
2064	0.123259
6102	0.122658
4111	0.122574
7659	0.122000
6695	0.121904
9174	0.121233
14415	0.120889
9277	0.120889
5033	0.120795
9713	0.120593
8892	0.120279
11733	0.120008
1458	0.119376
2522	0.119374
9152	0.119133
13665	0.119133
5433	0.118784
5034	0.118031
225	0.117437
4671	0.117039
4669	0.117039
2990	0.117012
4667	0.116789
1115	0.116511
9201	0.116491
4670	0.116344
51	0.116280
12030	0.116097
3142	0.115863
304	0.115459
6465	0.115420
9415	0.115419
8851	0.115419
8850	0.115419
9787	0.115409
9786	0.115409
9785	0.115409
9784	0.115409
9783	0.115409
9782	0.115409
9781	0.115409
9778	0.115409
9280	0.115409
8585	0.115409
8567	0.115409
8553	0.115409
73	0.114969
1133	0.114108
8625	0.114043
2996	0.113768
404	0.113754
6278	0.113747
1694	0.113619
6806	0.113503
14266	0.113204
9226	0.112904
9217	0.112904
8534	0.112904
7827	0.112879
3914	0.112639
9913	0.111981
11937	0.111899
4668	0.111606
1400	0.111417
1117	0.110699
8180	0.110534
2955	0.110149
2953	0.110149
2521	0.109928
879	0.109901
9780	0.109806
8891	0.109758
268	0.109593
2954	0.109555
3539	0.109384
9207	0.108274
9205	0.108274
8528	0.108274
4559	0.108066
8604	0.108006
4383	0.107857
1232	0.107743
1229	0.107743
2170	0.107715
7954	0.107629
9244	0.106822
3588	0.106586
13076	0.106377
5219	0.105909
2831	0.105698
8792	0.105635
9700	0.105304
1285	0.104885
6889	0.104804
2128	0.104708
3507	0.104186
1135	0.103498
6747	0.101918
861	0.101621
469	0.101611
7913	0.101536
5968	0.101536
470	0.101536
6149	0.101212
5476	0.101171
6295	0.101148
9204	0.101115
8592	0.101115
5967	0.100926
13325	0.100619
7020	0.100600
7767	0.100222
121	0.099955
8451	0.099896
11611	0.099802
8894	0.099802
8893	0.099802
6339	0.099802
3439	0.099802
8895	0.099739
12915	0.099604
12914	0.099604
3415	0.099383
8584	0.099150
9145	0.099105
6742	0.098913
370	0.098863
10286	0.098428
5452	0.098167
9237	0.098058
1228	0.097875
353	0.097610
11646	0.097609
9199	0.097551
3423	0.097447
9775	0.097328
9150	0.097250
12873	0.097198
8709	0.097035
221	0.096932
14416	0.096801
6501	0.096665
1119	0.096521
11566	0.096480
8676	0.096031
1402	0.095918
1120	0.095894
13698	0.095831
13544	0.095831
6557	0.095767
4281	0.095730
13247	0.095676
9673	0.095644
10582	0.095627
9788	0.095626
7379	0.095446
5177	0.095337
1121	0.095153
524	0.094948
10538	0.094752
5035	0.094498
12069	0.094271
2523	0.094032
5413	0.093663
9231	0.093631
8634	0.093631
2114	0.093486
11681	0.093357
5296	0.092970
4958	0.092915
3209	0.092763
13517	0.092725
38	0.092693
4922	0.092635
6430	0.092531
1123	0.092531
307	0.092504
1756	0.092492
13545	0.092319
6473	0.092100
4485	0.091834
2283	0.091617
5442	0.091459
7510	0.091404
1097	0.091383
5746	0.091248
9232	0.090826
4112	0.090714
11964	0.090438
679	0.090263
114	0.090149
7258	0.089698
4113	0.089519
2278	0.089360
13687	0.088693
8845	0.088510
9307	0.088460
8711	0.088455
8732	0.088392
8710	0.088342
4361	0.088227
7569	0.088204
7676	0.088088
2621	0.088082
8712	0.088014
8303	0.088014
8302	0.088014
7362	0.088014
6359	0.088014
6202	0.087938
6754	0.087593
7880	0.087554
7453	0.087548
7654	0.087352
13320	0.087287
13394	0.086949
8503	0.086949
3906	0.086758
7655	0.086606
2542	0.086449
2980	0.086195
4935	0.086095
7526	0.086048
8864	0.086033
8863	0.086033
8583	0.086033
8124	0.086033
7904	0.086033
7903	0.086033
7902	0.086033
7901	0.086033
7900	0.086033
7899	0.086033
7897	0.086033
7896	0.086033
7895	0.086033
2950	0.085789
4450	0.085765
11998	0.085710
4377	0.085693
1122	0.085105
6081	0.084932
4231	0.084817
8565	0.084724
13442	0.084716
2274	0.084618
9818	0.084561
9693	0.084561
2509	0.084399
8464	0.084336
14233	0.084105
1136	0.084105
1	0.084011
9796	0.083864
9062	0.083659
9942	0.083639
9931	0.083639
9930	0.083639
9921	0.083639
9901	0.083639
9899	0.083639
9895	0.083639
9866	0.083639
9836	0.083639
9832	0.083639
9810	0.083639
9698	0.083639
9636	0.083639
9570	0.083639
9299	0.083639
10664	0.083613
2510	0.083574
13603	0.083365
13238	0.083365
9553	0.083365
2959	0.083365
12103	0.083365
6587	0.083285
115	0.083201
3739	0.083098
13541	0.083005
13456	0.082680
13342	0.082680
4672	0.082647
492	0.082529
10030	0.082422
3745	0.082337
12053	0.082297
2960	0.082087
3093	0.082004
9484	0.081976
9483	0.081976
5354	0.081948
6838	0.081878
1265	0.081858
13036	0.081786
14404	0.081703
14400	0.081703
8143	0.081703
8096	0.081703
9347	0.081694
8468	0.081622
2978	0.081622
2977	0.081622
1905	0.081549
13600	0.081178
9460	0.080878
13054	0.080795
3604	0.080594
6725	0.080457
9686	0.080456
155	0.080445
86	0.080384
13334	0.080337
8714	0.080322
4581	0.080270
7263	0.080182
12201	0.080095
2188	0.079887
817	0.079875
9993	0.079670
10410	0.079624
9729	0.079583
4416	0.079540
6077	0.079510
9192	0.079490
129	0.079389
7131	0.079275
1346	0.079132
2281	0.079017
5424	0.079008
6197	0.078387
12010	0.078181
5451	0.078125
8531	0.078031
4301	0.077835
392	0.077807
3212	0.077659
13694	0.077538
6127	0.077518
5423	0.077433
11678	0.077400
8204	0.077396
12296	0.077168
6244	0.077168
11715	0.077123
981	0.077101
3427	0.077083
1114	0.077013
9761	0.076977
11389	0.076976
9024	0.076965
9023	0.076965
9022	0.076965
8949	0.076965
3320	0.076895
2286	0.076854
3007	0.076645
12295	0.076572
6243	0.076572
1118	0.076527
2363	0.076490
3283	0.076485
1300	0.076449
9455	0.076429
4836	0.076315
2773	0.076161
6913	0.076087
10411	0.076066
2666	0.076045
2423	0.075817
385	0.075745
9258	0.075529
13533	0.075397
13532	0.075397
13531	0.075397
5555	0.075362
6756	0.075118
3311	0.074967
6866	0.074945
11798	0.074939
7584	0.074796
1979	0.074721
5604	0.074666
13293	0.074651
12036	0.074629
5546	0.074533
426	0.074527
3749	0.074404
10642	0.074241
2109	0.074179
6017	0.074138
11429	0.073915
11324	0.073915
11034	0.073892
9831	0.073849
7920	0.073732
6179	0.073663
3314	0.073471
5541	0.073466
12050	0.073233
239	0.073181
7686	0.073141
8041	0.073102
3144	0.073065
11968	0.073021
949	0.073021
13326	0.072972
141	0.072959
13321	0.072948
7029	0.072845
3870	0.072827
8609	0.072679
13651	0.072611
1291	0.072547
5268	0.072438
2275	0.072185
14365	0.071993
2844	0.071780
4160	0.071671
2708	0.071616
4778	0.071606
4569	0.071560
4838	0.071537
1598	0.071430
1269	0.071344
14052	0.071319
10065	0.071319
3383	0.071306
2276	0.071300
12338	0.071292
4216	0.071258
9512	0.071237
14364	0.071163
2411	0.071100
6317	0.070888
8090	0.070833
2847	0.070833
2843	0.070833
2839	0.070833
7381	0.070691
6920	0.070691
2424	0.070622
2840	0.070534
3666	0.070511
12954	0.070389
9143	0.070313
6242	0.070313
4511	0.070243
3921	0.070242
8026	0.070208
5302	0.070053
7414	0.069965
82	0.069922
8319	0.069906
1777	0.069871
2108	0.069680
758	0.069239
6065	0.069206
3677	0.069179
2380	0.069153
6064	0.069152
9912	0.069083
9911	0.069083
5908	0.069037
4834	0.069011
243	0.068998
2964	0.068983
12275	0.068977
9741	0.068938
3310	0.068938
6707	0.068937
4624	0.068927
9269	0.068835
3000	0.068753
1293	0.068634
13462	0.068537
1919	0.068516
9302	0.068393
2660	0.068325
5235	0.068305
5734	0.068249
4053	0.067892
9414	0.067734
3751	0.067723
3750	0.067723
6482	0.067646
7400	0.067617
6395	0.067609
2450	0.067585
7295	0.067382
1809	0.067349
13689	0.067346
13489	0.067346
2182	0.067339
13319	0.067307
13680	0.067299
4121	0.067106
2282	0.066925
4541	0.066903
5909	0.066573
586	0.066517
786	0.066441
11806	0.066428
456	0.066417
6851	0.066400
2110	0.066334
6663	0.066299
5911	0.066210
8535	0.066180
7227	0.065931
9178	0.065738
4839	0.065695
1812	0.065660
1811	0.065660
6036	0.065605
79	0.065453
2179	0.065411
2097	0.065399
1853	0.065317
5790	0.065275
2014	0.065248
414	0.065237
13439	0.065122
11425	0.065038
10379	0.065038
2979	0.064926
9311	0.064836
9735	0.064829
5243	0.064799
6255	0.064755
9928	0.064680
1090	0.064577
5123	0.064552
8207	0.064499
5914	0.064331
10808	0.064099
8628	0.064058
35	0.064043
74	0.063998
4205	0.063917
13417	0.063906
1906	0.063757
3288	0.063731
3061	0.063532
7530	0.063425
10839	0.063404
2845	0.063399
6044	0.063392
10838	0.063318
1280	0.063292
948	0.063287
4240	0.063275
678	0.063269
9200	0.063086
6016	0.063038
5625	0.063031
11279	0.062937
6908	0.062857
3438	0.062841
1030	0.062680
3448	0.062658
489	0.062427
6704	0.062413
3954	0.062330
5346	0.062216
3333	0.062206
9770	0.062206
13427	0.062133
13449	0.061995
8412	0.061984
11686	0.061934
11226	0.061825
8009	0.061632
186	0.061629
7917	0.061587
12226	0.061571
3969	0.061571
222	0.061548
5737	0.061405
1022	0.061278
2661	0.061208
4412	0.061174
3613	0.061060
11439	0.061039
11989	0.061019
1850	0.060993
6833	0.060992
11682	0.060981
4414	0.060923
3176	0.060910
4877	0.060892
11996	0.060856
8928	0.060840
3071	0.060812
10549	0.060805
13970	0.060802
1589	0.060779
7999	0.060703
2458	0.060548
12430	0.060489
4486	0.060407
4865	0.060325
9797	0.060262
14375	0.060216
13026	0.060199
3128	0.060139
3121	0.060139
3048	0.060139
2624	0.060139
2303	0.060136
5918	0.060003
12310	0.059998
6393	0.059964
6007	0.059962
10748	0.059933
9834	0.059933
169	0.059911
7281	0.059858
2279	0.059798
2593	0.059757
6656	0.059753
5963	0.059711
12138	0.059641
12137	0.059641
12068	0.059641
11864	0.059641
3738	0.059590
12868	0.059494
9242	0.059494
9241	0.059494
9240	0.059494
6696	0.059494
13032	0.059463
13031	0.059463
12429	0.059463
7915	0.059358
1780	0.059344
3054	0.059289
2827	0.059219
3068	0.059174
1078	0.059147
13050	0.059024
11849	0.059023
5289	0.058989
11976	0.058923
2111	0.058879
2870	0.058852
2	0.058798
1254	0.058735
6291	0.058716
4032	0.058644
8772	0.058622
4334	0.058492
9239	0.058474
4241	0.058408
2600	0.058378
11803	0.058363
823	0.058337
40	0.058314
12039	0.058310
2394	0.058199
14406	0.058160
14405	0.058160
2962	0.058147
8793	0.058106
8771	0.058106
8770	0.058106
8769	0.058106
8746	0.058106
8745	0.058106
8396	0.058106
12093	0.058034
14368	0.057942
830	0.057913
5591	0.057878
184	0.057831
12077	0.057801
6461	0.057801
3711	0.057801
10836	0.057778
3425	0.057758
2177	0.057755
1297	0.057718
751	0.057656
5153	0.057602
13235	0.057599
14303	0.057589
14302	0.057589
14301	0.057589
14300	0.057589
14299	0.057589
5500	0.057575
9779	0.057569
8874	0.057564
7167	0.057556
814	0.057524
2632	0.057505
3431	0.057414
1885	0.057394
1884	0.057394
1883	0.057394
7993	0.057381
874	0.057322
4739	0.057225
7458	0.057001
3839	0.057000
730	0.056956
14374	0.056940
14363	0.056940
6938	0.056889
825	0.056816
2863	0.056752
876	0.056732
2609	0.056672
2941	0.056518
3736	0.056508
2046	0.056474
14248	0.056303
8047	0.056303
10045	0.056268
13634	0.056215
13942	0.056184
13535	0.056179
4463	0.056080
13148	0.056038
13147	0.056038
7892	0.056038
6298	0.056038
6297	0.056038
6198	0.056030
9999	0.055986
11552	0.055940
1836	0.055932
5913	0.055920
187	0.055893
7783	0.055876
5348	0.055859
1854	0.055811
1903	0.055750
10698	0.055746
888	0.055728
613	0.055694
6047	0.055684
6035	0.055682
9121	0.055639
9112	0.055639
6277	0.055638
3388	0.055594
8221	0.055589
4787	0.055427
2102	0.055357
2790	0.055338
2037	0.055327
532	0.055187
12979	0.055148
1309	0.055074
4245	0.055023
5272	0.055012
7883	0.055008
4249	0.055008
4247	0.055008
4246	0.055008
4242	0.055008
4248	0.055008
4244	0.055003
2765	0.054920
11558	0.054907
4465	0.054787
3700	0.054699
9520	0.054691
3786	0.054672
743	0.054662
10480	0.054550
2365	0.054510
13673	0.054441
13672	0.054441
13671	0.054441
12763	0.054402
10696	0.054383
6986	0.054327
12234	0.054297
9222	0.054254
10697	0.054191
4120	0.054144
13435	0.054106
2059	0.054106
2186	0.054018
2067	0.053997
6292	0.053944
9579	0.053938
9495	0.053877
9147	0.053877
5461	0.053847
92	0.053831
6151	0.053777
2057	0.053767
882	0.053639
5275	0.053611
9153	0.053608
11784	0.053589
8600	0.053520
1109	0.053509
5257	0.053462
8619	0.053407
13400	0.053364
7282	0.053298
4848	0.053290
231	0.053243
8929	0.053177
4482	0.053142
9748	0.053093
3747	0.053058
9082	0.052961
3171	0.052955
4737	0.052930
12131	0.052912
2641	0.052912
2640	0.052912
6098	0.052881
4148	0.052841
7918	0.052821
3443	0.052814
4169	0.052805
1457	0.052787
14360	0.052778
8671	0.052771
2447	0.052763
10097	0.052761
14351	0.052753
10646	0.052751
9235	0.052749
9230	0.052749
9228	0.052749
9225	0.052749
9224	0.052749
9221	0.052749
9219	0.052749
9214	0.052749
9213	0.052749
9211	0.052749
9209	0.052749
9208	0.052749
9206	0.052749
9193	0.052749
8807	0.052749
8679	0.052749
8677	0.052749
8675	0.052749
8674	0.052749
8673	0.052749
8670	0.052749
8637	0.052749
8633	0.052749
8631	0.052749
8610	0.052749
8591	0.052749
8539	0.052749
8538	0.052749
8537	0.052749
8536	0.052749
8529	0.052749
8526	0.052749
8525	0.052749
8632	0.052749
4142	0.052733
6078	0.052728
6443	0.052727
771	0.052662
12182	0.052608
4464	0.052608
6296	0.052580
6322	0.052536
10199	0.052529
2567	0.052527
5756	0.052484
745	0.052426
14367	0.052423
1113	0.052407
1141	0.052310
3981	0.052303
2775	0.052257
9506	0.052232
6351	0.052207
4293	0.052160
459	0.052145
457	0.052118
7759	0.052099
7357	0.052099
7355	0.052099
9674	0.052041
6034	0.052020
8387	0.052013
10197	0.051951
10073	0.051939
795	0.051896
12572	0.051862
14276	0.051827
