5765	0.150821
5764	0.147993
5766	0.147897
3668	0.140623
8040	0.136145
1594	0.130648
8461	0.127521
3861	0.127157
5733	0.124906
4586	0.121393
2368	0.120949
11657	0.120587
3678	0.117932
3673	0.117932
12290	0.116867
6331	0.116867
12163	0.116351
4430	0.116351
4429	0.116351
4428	0.116351
6444	0.116346
4023	0.115987
7118	0.115784
11402	0.115658
10307	0.115658
10308	0.115634
10984	0.114943
1469	0.114076
10634	0.113480
13551	0.113269
2240	0.112463
3542	0.111047
1208	0.110036
7779	0.106252
2563	0.105228
9324	0.105025
9265	0.102544
10427	0.102140
3363	0.101386
4134	0.100893
3630	0.099285
5127	0.098073
5567	0.098063
1570	0.097549
2362	0.097247
8622	0.097181
13087	0.096000
3859	0.095734
9169	0.094825
12202	0.094678
3988	0.094678
9915	0.094641
232	0.094516
12658	0.094149
11116	0.094149
2795	0.094149
2794	0.094149
2800	0.094107
10598	0.094064
3987	0.093097
11510	0.092431
10599	0.092167
9830	0.092103
10441	0.091895
7982	0.091842
1779	0.091446
10364	0.091042
1053	0.091015
5493	0.090539
10610	0.090398
5349	0.089876
12409	0.089802
12630	0.088782
10033	0.088730
14224	0.088044
13391	0.088044
11110	0.088044
1418	0.087856
10416	0.087629
1507	0.087510
12426	0.087486
11419	0.087366
6810	0.087216
11539	0.087191
9026	0.086986
12773	0.086721
12710	0.086581
2986	0.086329
16	0.086322
11007	0.086276
6121	0.086213
10415	0.085992
8237	0.085112
7337	0.085044
10318	0.085039
3163	0.083972
6759	0.083865
10772	0.083855
9392	0.083814
5937	0.083796
12969	0.083526
12628	0.083470
12795	0.083396
12574	0.083380
9950	0.083306
10981	0.082871
10767	0.082655
12707	0.082334
1041	0.082133
12654	0.082019
3086	0.081633
12317	0.081553
11506	0.081472
3982	0.081113
11534	0.081039
2877	0.080923
10454	0.080782
12096	0.080755
12579	0.080636
10962	0.080468
5707	0.080317
1593	0.080246
12787	0.080227
8802	0.080184
10842	0.079598
11421	0.079598
11345	0.079598
11335	0.079598
10090	0.079590
3316	0.079546
3242	0.079449
7540	0.079379
13530	0.079360
8947	0.079317
3342	0.079314
13146	0.079309
1669	0.079233
8089	0.079173
9094	0.079046
9093	0.079046
9092	0.079046
9065	0.079046
2798	0.079030
14252	0.079008
3718	0.079008
12597	0.078926
10069	0.078831
7819	0.078682
4022	0.078402
12734	0.078211
5446	0.078209
11175	0.078205
3796	0.078112
8762	0.078029
12636	0.077987
277	0.077918
9596	0.077861
8069	0.077635
2360	0.077552
4607	0.077389
12633	0.077340
10042	0.077032
3764	0.077001
1963	0.076855
11343	0.076684
4841	0.076628
11649	0.076467
12148	0.076391
7411	0.076391
12109	0.076385
5948	0.076385
11136	0.076380
7898	0.076377
11795	0.076330
12637	0.076260
7165	0.076205
5856	0.076143
11218	0.075474
12536	0.075435
11112	0.075378
3201	0.075271
7114	0.075210
10104	0.075099
134	0.074954
11574	0.074922
11394	0.074852
379	0.074779
10674	0.074703
8430	0.074670
10979	0.074538
9089	0.074525
5041	0.074426
570	0.074403
6527	0.074395
10546	0.074325
7979	0.074305
7160	0.074180
12613	0.073858
12794	0.073824
12747	0.073804
3304	0.073760
2878	0.073729
5109	0.073591
3963	0.073423
4763	0.073418
12757	0.073345
6163	0.073340
11467	0.073284
5491	0.073253
11477	0.073249
13361	0.073138
3961	0.073083
10600	0.072814
10658	0.072785
5674	0.072671
3676	0.072582
5673	0.072567
11334	0.072547
10834	0.072539
12919	0.072503
7789	0.072396
11595	0.072329
10475	0.072243
1555	0.072081
12336	0.072078
10927	0.072073
12832	0.071950
13165	0.071924
10654	0.071888
3392	0.071765
7397	0.071665
12729	0.071524
10657	0.071268
13682	0.071193
13487	0.071193
13345	0.071193
9747	0.071162
12561	0.071161
11498	0.071161
10492	0.071154
11019	0.071132
3341	0.071072
6861	0.071064
10295	0.070929
8064	0.070638
770	0.070370
3962	0.070304
7732	0.070160
12400	0.070117
11586	0.070117
8618	0.070089
9835	0.070078
3237	0.069953
12657	0.069931
11260	0.069823
10157	0.069823
2546	0.069781
2251	0.069750
3210	0.069721
6334	0.069707
5270	0.069663
11583	0.069592
11259	0.069587
10212	0.069429
8094	0.069426
8028	0.069414
8794	0.069412
11315	0.069360
10655	0.069347
3656	0.069310
1613	0.069299
10038	0.069277
8081	0.069032
11518	0.068921
5670	0.068878
12698	0.068861
8021	0.068856
3217	0.068732
12552	0.068721
10428	0.068680
8314	0.068502
11523	0.068334
7994	0.068210
3421	0.068155
10647	0.068125
3797	0.068101
12666	0.068001
9985	0.067951
11438	0.067922
3395	0.067888
5218	0.067873
703	0.067607
12638	0.067505
7554	0.067505
10214	0.067494
6946	0.067467
10048	0.067455
1622	0.067430
11332	0.067319
10859	0.067176
12145	0.067120
10515	0.067120
5956	0.067120
13839	0.067119
3189	0.067052
2519	0.067045
11486	0.066991
8835	0.066988
8593	0.066864
11507	0.066850
5269	0.066837
4819	0.066660
11480	0.066640
12571	0.066632
5957	0.066626
4445	0.066534
9650	0.066520
2889	0.066483
5569	0.066380
5945	0.066369
6014	0.066195
10435	0.066142
13398	0.066016
11511	0.065951
7306	0.065868
8821	0.065689
12565	0.065516
6337	0.065500
10360	0.065393
7875	0.065337
6613	0.065325
13883	0.065220
10907	0.065043
5568	0.064931
10470	0.064928
10134	0.064898
3746	0.064880
2081	0.064857
3182	0.064804
12516	0.064678
323	0.064634
4933	0.064577
12500	0.064474
3315	0.064417
3918	0.064323
4117	0.064223
4145	0.064194
10385	0.064177
4326	0.064177
9649	0.064166
11312	0.064157
8209	0.064127
11342	0.064024
10746	0.064024
542	0.063984
11404	0.063950
10922	0.063950
10858	0.063922
12578	0.063883
7166	0.063844
6800	0.063779
10974	0.063776
11240	0.063584
8043	0.063500
3181	0.063466
12213	0.063451
8045	0.063392
11410	0.063268
11490	0.063219
10840	0.063212
11290	0.063210
7595	0.063170
6700	0.063120
11351	0.063043
12808	0.062966
13164	0.062938
8067	0.062931
3621	0.062827
8141	0.062755
12535	0.062749
2701	0.062688
1215	0.062523
12515	0.062507
5534	0.062471
8128	0.062340
11556	0.062330
6500	0.062308
9944	0.062233
6758	0.062217
14245	0.062164
8656	0.062128
11440	0.062127
11341	0.062127
4728	0.062121
11456	0.062104
5143	0.062061
9450	0.061991
10747	0.061985
10609	0.061916
12821	0.061824
11500	0.061722
10852	0.061561
11474	0.061553
8513	0.061407
12506	0.061393
12798	0.061368
11053	0.061311
4751	0.061202
7312	0.061145
1617	0.061136
11011	0.061128
10386	0.061026
11337	0.061011
13540	0.060910
8284	0.060887
11286	0.060792
12792	0.060789
1337	0.060770
2101	0.060742
3318	0.060555
11868	0.060527
2625	0.060521
10903	0.060495
7535	0.060489
3872	0.060417
12791	0.060333
12788	0.060333
10095	0.060291
5115	0.060241
11576	0.060084
1600	0.060084
1595	0.060084
1590	0.060084
8827	0.060073
3200	0.059959
11963	0.059909
9461	0.059858
13070	0.059816
4786	0.059784
4578	0.059748
2811	0.059733
12812	0.059724
4116	0.059661
11374	0.059623
7022	0.059573
8699	0.059527
8472	0.059474
11485	0.059335
8696	0.059324
3453	0.059271
14063	0.059265
11869	0.059256
11173	0.059168
10941	0.059129
8703	0.059127
249	0.059034
5887	0.059026
12057	0.059008
7095	0.058970
11123	0.058919
9847	0.058912
10860	0.058861
4687	0.058833
2465	0.058833
12708	0.058788
12604	0.058742
1886	0.058728
5489	0.058706
319	0.058698
12554	0.058678
7814	0.058657
8362	0.058634
12538	0.058611
8697	0.058606
9718	0.058557
5214	0.058532
12510	0.058524
11487	0.058458
12570	0.058451
3669	0.058441
4259	0.058392
2582	0.058331
3760	0.058323
2304	0.058282
2305	0.058275
9643	0.058160
12507	0.058153
567	0.058128
8500	0.058066
3224	0.057997
6483	0.057975
8017	0.057969
12880	0.057965
8701	0.057953
8724	0.057949
8723	0.057949
8722	0.057949
8721	0.057949
8720	0.057949
8719	0.057949
8702	0.057949
8698	0.057949
8695	0.057949
8694	0.057949
8693	0.057949
8692	0.057949
8691	0.057949
8690	0.057949
8689	0.057949
8688	0.057949
8687	0.057949
8686	0.057949
8685	0.057949
8684	0.057949
8683	0.057949
8682	0.057949
8681	0.057949
8680	0.057949
8649	0.057949
8648	0.057949
8647	0.057949
8646	0.057949
8645	0.057949
8644	0.057949
8643	0.057949
8642	0.057949
8640	0.057949
8554	0.057949
7577	0.057949
1401	0.057942
4685	0.057922
2581	0.057834
1538	0.057769
3633	0.057735
4437	0.057705
9179	0.057668
8192	0.057658
14199	0.057647
11154	0.057643
10545	0.057620
10573	0.057618
12577	0.057611
11542	0.057499
11564	0.057462
17	0.057437
10574	0.057346
14321	0.057334
14311	0.057334
14307	0.057334
14114	0.057334
10393	0.057334
8406	0.057334
8368	0.057334
3158	0.057334
12612	0.057305
3451	0.057265
6934	0.057263
5484	0.057175
626	0.057141
14165	0.057112
2500	0.057094
11009	0.057042
6809	0.057030
12367	0.056897
5450	0.056888
8080	0.056847
5457	0.056814
7482	0.056769
6635	0.056759
13277	0.056718
7762	0.056710
6719	0.056704
12667	0.056683
10343	0.056669
6718	0.056669
13629	0.056658
5468	0.056658
7410	0.056646
10432	0.056601
8385	0.056495
2301	0.056475
4935	0.056362
8239	0.056341
5040	0.056328
8397	0.056236
10793	0.056203
3103	0.056199
1406	0.056191
11262	0.056144
3401	0.056111
3399	0.056111
3393	0.056111
10497	0.056037
13123	0.056033
10034	0.056033
205	0.056021
203	0.056021
9229	0.056014
10833	0.055965
11132	0.055945
11532	0.055915
7641	0.055914
6341	0.055914
12403	0.055901
2948	0.055881
2946	0.055881
6123	0.055860
12759	0.055794
477	0.055730
12621	0.055713
1712	0.055693
6147	0.055683
13151	0.055679
13183	0.055670
11008	0.055670
10722	0.055661
12727	0.055652
4945	0.055641
7508	0.055608
7673	0.055559
6001	0.055556
7152	0.055551
6328	0.055542
6655	0.055474
6910	0.055462
12758	0.055357
12508	0.055329
2899	0.055259
3232	0.055218
5344	0.055196
3787	0.055174
4820	0.055171
5728	0.055145
4064	0.055115
4063	0.055115
4061	0.055115
4058	0.055115
4057	0.055115
2644	0.055115
7818	0.055090
12560	0.055043
7509	0.055017
7304	0.055017
12662	0.055000
12187	0.054937
2545	0.054925
11194	0.054782
12566	0.054778
6002	0.054762
819	0.054741
6283	0.054740
5250	0.054699
11492	0.054644
12410	0.054632
3664	0.054616
1217	0.054572
12567	0.054533
9416	0.054522
4078	0.054459
11522	0.054413
10349	0.054401
11472	0.054348
2672	0.054313
11493	0.054255
7497	0.054219
2588	0.054187
2635	0.054131
7183	0.054106
9989	0.054096
12200	0.054059
11521	0.053925
10973	0.053872
250	0.053817
12660	0.053769
1619	0.053763
10468	0.053670
1827	0.053654
7541	0.053636
11555	0.053591
3505	0.053488
10597	0.053422
3312	0.053404
3394	0.053368
5207	0.053367
1547	0.053362
5512	0.053343
10005	0.053340
6451	0.053321
5936	0.053319
4295	0.053296
7364	0.053285
7584	0.053228
11743	0.053202
4059	0.053199
1577	0.053147
543	0.053066
7681	0.053043
7305	0.053039
7303	0.053039
5717	0.053014
5129	0.053009
12388	0.052963
1183	0.052864
11172	0.052854
10195	0.052824
11790	0.052795
10421	0.052794
5249	0.052793
12617	0.052779
12512	0.052718
10498	0.052675
6866	0.052641
12401	0.052635
1214	0.052614
10253	0.052552
10313	0.052528
5514	0.052506
11395	0.052484
10451	0.052463
3951	0.052455
7668	0.052447
10477	0.052419
5620	0.052408
9170	0.052385
4033	0.052323
7039	0.052310
604	0.052290
11554	0.052285
7359	0.052284
10926	0.052220
5713	0.052185
1887	0.052123
8612	0.052108
3792	0.052053
4818	0.052003
2258	0.051998
12399	0.051961
14277	0.051954
2039	0.051953
5929	0.051925
4340	0.051908
397	0.051860
10843	0.051857
8862	0.051829
8861	0.051829
8860	0.051829
8859	0.051829
8858	0.051829
8857	0.051829
8844	0.051829
8843	0.051829
8842	0.051829
8841	0.051829
8840	0.051829
8839	0.051829
8838	0.051829
8834	0.051829
8824	0.051829
8823	0.051829
8822	0.051829
8820	0.051829
8818	0.051829
8817	0.051829
8803	0.051829
8798	0.051829
8737	0.051829
8639	0.051829
7682	0.051829
7677	0.051829
7382	0.051829
7247	0.051829
11213	0.051829
6096	0.051809
7234	0.051747
10111	0.051720
5795	0.051705
13333	0.051697
10577	0.051680
12580	0.051669
8382	0.051654
12804	0.051638
8003	0.051517
12558	0.051440
12730	0.051395
9948	0.051299
11293	0.051273
7555	0.051236
14334	0.051223
9909	0.051199
1422	0.051199
12709	0.051138
12502	0.051136
1221	0.051122
12701	0.051115
7674	0.051101
1427	0.051079
4611	0.051018
14043	0.051002
12797	0.050987
2816	0.050951
3454	0.050950
858	0.050934
13606	0.050932
13832	0.050928
10710	0.050905
11206	0.050861
4713	0.050858
7070	0.050846
11530	0.050839
254	0.050828
12529	0.050792
12505	0.050769
12590	0.050757
3491	0.050724
5326	0.050720
10816	0.050715
5016	0.050703
247	0.050698
10486	0.050682
9159	0.050649
10625	0.050635
11217	0.050579
357	0.050570
7137	0.050523
11502	0.050486
12829	0.050446
1020	0.050444
12745	0.050434
10143	0.050376
2536	0.050362
8747	0.050290
8725	0.050290
8718	0.050289
6860	0.050265
2987	0.050244
10153	0.050242
199	0.050233
12587	0.050208
8962	0.050194
8961	0.050194
3309	0.050194
12542	0.050193
7024	0.050188
13765	0.050164
7274	0.050159
12521	0.050136
2944	0.050104
13521	0.050099
13166	0.050078
384	0.049986
4558	0.049935
12719	0.049909
7807	0.049902
12594	0.049889
6098	0.049871
11540	0.049851
5112	0.049813
1618	0.049809
3631	0.049734
11086	0.049733
14214	0.049674
8024	0.049670
12062	0.049658
13613	0.049608
10640	0.049536
10049	0.049476
11533	0.049468
13569	0.049460
12551	0.049434
5039	0.049417
2260	0.049308
12544	0.049306
1553	0.049279
4189	0.049142
14017	0.049087
7914	0.049087
313	0.049076
1608	0.049004
1807	0.048985
4684	0.048985
3648	0.048947
11455	0.048924
11426	0.048924
10158	0.048833
3784	0.048816
3400	0.048814
10771	0.048787
13257	0.048783
13221	0.048783
9648	0.048783
9647	0.048783
9340	0.048783
1222	0.048742
13624	0.048737
13623	0.048737
1609	0.048730
9604	0.048717
11463	0.048711
6808	0.048625
12312	0.048618
8250	0.048617
10949	0.048617
3403	0.048579
10875	0.048561
9964	0.048550
13632	0.048547
13631	0.048547
13490	0.048547
11405	0.048523
10921	0.048520
10784	0.048510
11179	0.048502
3605	0.048495
7014	0.048457
8031	0.048407
2802	0.048335
13547	0.048128
13546	0.048128
13368	0.048128
7094	0.048114
569	0.048049
9904	0.048034
10639	0.047996
5695	0.047986
13405	0.047965
10831	0.047941
10272	0.047907
12581	0.047886
12589	0.047829
13633	0.047757
6660	0.047687
13441	0.047590
3680	0.047579
10353	0.047491
2776	0.047473
5692	0.047462
5690	0.047457
11675	0.047430
5181	0.047379
8543	0.047377
3230	0.047336
8558	0.047325
8001	0.047316
13088	0.047314
10904	0.047309
12408	0.047290
12494	0.047265
6323	0.047264
11156	0.047245
724	0.047197
13716	0.047186
8836	0.047178
7439	0.047172
7121	0.047172
5014	0.047129
9216	0.047123
11170	0.047075
2699	0.047063
6124	0.047021
12444	0.047020
12404	0.047007
12445	0.046996
10773	0.046994
12528	0.046988
11787	0.046960
10950	0.046960
10951	0.046906
605	0.046902
11244	0.046873
9405	0.046866
8855	0.046832
4133	0.046826
6614	0.046797
4434	0.046796
5298	0.046788
2772	0.046747
5297	0.046736
6445	0.046725
11473	0.046719
13753	0.046713
10735	0.046709
2817	0.046686
8654	0.046662
8653	0.046662
6829	0.046610
9021	0.046545
5240	0.046536
4327	0.046529
3213	0.046489
5844	0.046457
2998	0.046408
11543	0.046399
12537	0.046387
2547	0.046380
11098	0.046378
11447	0.046355
6325	0.046341
12627	0.046320
4873	0.046310
8238	0.046301
