3225	0.344406
10220	0.343418
10326	0.343236
2374	0.332091
1379	0.321867
1996	0.317921
982	0.310259
4928	0.306005
5015	0.305315
104	0.304503
1356	0.303384
106	0.297029
1380	0.295113
1026	0.294902
11627	0.294839
13021	0.294153
5405	0.294153
12257	0.294152
943	0.293638
4132	0.292729
12139	0.291839
6105	0.291029
1374	0.289852
1143	0.289333
1153	0.289306
5404	0.289108
6082	0.289040
1895	0.286443
2007	0.285847
1029	0.285758
5300	0.284252
2865	0.283360
944	0.281199
8966	0.280967
1288	0.280787
909	0.279338
1088	0.278285
1960	0.277605
2758	0.277029
236	0.276888
4488	0.276824
162	0.276771
8156	0.276216
6925	0.276216
5296	0.276033
309	0.275493
410	0.274177
3892	0.273590
72	0.273095
3794	0.272794
238	0.271015
2399	0.270586
3244	0.270443
1292	0.269774
12845	0.269291
1866	0.269219
12190	0.268683
2570	0.268429
3926	0.268389
4555	0.268339
5236	0.267043
84	0.266925
1502	0.266485
1851	0.265727
9267	0.265417
1087	0.265402
5242	0.265256
7351	0.264698
2769	0.264618
1995	0.264449
4127	0.263142
2754	0.263084
1760	0.262508
8506	0.261673
10159	0.261457
2757	0.261268
1672	0.261047
14415	0.260882
9277	0.260882
10592	0.260464
4890	0.260330
5244	0.260025
12014	0.259826
5001	0.259765
9607	0.259694
1093	0.259626
2024	0.259331
1395	0.258226
3330	0.258138
12365	0.258134
13276	0.258124
2420	0.257875
1846	0.257634
10160	0.257467
4231	0.257403
4697	0.257080
4515	0.257036
2398	0.257024
11820	0.256976
88	0.256438
4512	0.255999
3910	0.255866
9431	0.255851
4234	0.255851
5070	0.255659
2392	0.255580
9077	0.255527
5724	0.255203
2012	0.255120
1902	0.254682
4926	0.254614
2022	0.254535
6924	0.254488
7868	0.253979
11705	0.253818
13711	0.253769
5560	0.253769
2783	0.253517
13272	0.253457
2786	0.253457
2782	0.253457
1505	0.253457
11928	0.253454
8501	0.253454
2779	0.253454
2756	0.253454
13227	0.253383
11927	0.253338
2759	0.253338
9252	0.252910
82	0.252826
1802	0.252526
209	0.252390
2872	0.252225
1974	0.251892
2219	0.251278
8249	0.251272
4996	0.251112
1771	0.251075
1958	0.250961
2221	0.250350
5272	0.249932
2356	0.249743
758	0.249592
4135	0.249511
4526	0.248765
942	0.248457
2073	0.248191
1868	0.248188
5463	0.248166
6873	0.248046
6094	0.247932
6295	0.247838
4417	0.247571
2391	0.247515
11827	0.247346
3159	0.247346
1272	0.247119
5000	0.246970
4988	0.246964
9706	0.246790
1249	0.246415
2006	0.246367
3893	0.246023
3989	0.245998
12133	0.245910
1994	0.245673
12540	0.245648
807	0.245552
9387	0.245295
5084	0.245292
5286	0.245095
307	0.245076
4986	0.244980
2610	0.244692
6509	0.244611
1864	0.244517
12113	0.244492
4991	0.244487
8451	0.244417
14234	0.244350
9419	0.244110
11896	0.243860
2026	0.243860
9257	0.243656
1473	0.243650
2590	0.243344
5004	0.243183
4353	0.243091
9244	0.242653
4985	0.242618
1755	0.242567
9600	0.242457
1199	0.242022
102	0.241856
3455	0.241735
9428	0.241696
1646	0.241671
972	0.241664
9975	0.241629
2309	0.241537
9432	0.241307
6797	0.241274
11856	0.241232
9247	0.241139
4884	0.240988
12132	0.240664
1998	0.240573
9126	0.240532
4990	0.240176
128	0.240158
5481	0.240116
12013	0.239982
3696	0.239899
7980	0.239805
11778	0.239803
13296	0.239757
13572	0.239588
12867	0.239408
4923	0.239289
9427	0.239111
2467	0.239093
11951	0.239061
4207	0.238818
1444	0.238799
9134	0.238778
11848	0.238678
2633	0.238652
6948	0.238586
11946	0.238565
4924	0.238472
13308	0.238371
10240	0.238169
4290	0.238103
9260	0.238020
2213	0.238017
4992	0.237842
13571	0.237828
9430	0.237778
13273	0.237624
13232	0.237624
11949	0.237624
9429	0.237624
4989	0.237624
4930	0.237619
4931	0.237575
4925	0.237140
7617	0.237011
4987	0.236785
3022	0.236753
13386	0.236710
13297	0.236635
1092	0.236490
5002	0.236269
6872	0.236153
13937	0.236090
3856	0.236055
11950	0.236004
4733	0.235750
2768	0.235661
11704	0.235461
14416	0.235445
865	0.235095
11948	0.235000
4995	0.235000
5003	0.234836
10448	0.234635
9144	0.234525
1873	0.234447
1657	0.234358
11758	0.234349
7263	0.234252
4609	0.234094
1962	0.233911
2704	0.233715
1845	0.233699
8732	0.233168
8711	0.233145
8710	0.232998
9713	0.232823
13310	0.232563
12353	0.232476
4587	0.232372
10286	0.232012
2702	0.231402
11103	0.231381
2568	0.231375
8104	0.231241
3831	0.231120
13888	0.230934
8412	0.230914
12123	0.230520
1497	0.230384
2621	0.230344
12035	0.230289
6095	0.229842
5342	0.229737
5306	0.229737
5759	0.229731
3160	0.229517
2717	0.229467
9970	0.229338
5559	0.228901
2426	0.228608
149	0.228370
1786	0.228233
2656	0.228155
71	0.227691
440	0.227655
1865	0.227475
1879	0.227294
233	0.227292
5782	0.227273
1370	0.227255
2329	0.227236
13849	0.227157
4510	0.227157
4128	0.226970
11120	0.226767
14094	0.226700
6951	0.226656
9041	0.226596
6149	0.226506
7227	0.226277
2030	0.226257
6909	0.225776
3192	0.225509
495	0.225369
9073	0.225354
11277	0.225334
8845	0.225333
4574	0.225225
5814	0.225128
6262	0.225123
6213	0.224901
8026	0.224847
1458	0.224802
6359	0.224444
8712	0.224444
8303	0.224444
8302	0.224444
7362	0.224444
6202	0.224430
4391	0.224368
6670	0.224021
12702	0.223997
422	0.223980
9856	0.223680
146	0.223651
9702	0.223553
11803	0.223468
3611	0.223276
2431	0.223088
1479	0.223084
7360	0.223043
2140	0.223041
7705	0.222996
6897	0.222996
2564	0.222979
2562	0.222979
8892	0.222926
5840	0.222910
8804	0.222909
8767	0.222909
8766	0.222909
8764	0.222909
8743	0.222909
8742	0.222909
8741	0.222909
7685	0.222909
7476	0.222909
6637	0.222909
6606	0.222909
7052	0.222879
7679	0.222827
3195	0.222750
13612	0.222740
10493	0.222656
2814	0.222584
3568	0.222450
2905	0.222410
4960	0.222351
8805	0.222300
8765	0.222300
11425	0.222244
10379	0.222244
2720	0.222243
3275	0.222201
5305	0.222137
7752	0.222132
1389	0.222011
6196	0.221931
4323	0.221927
2004	0.221843
3271	0.221598
3530	0.221547
13844	0.221404
7270	0.221076
4845	0.220879
4581	0.220750
9140	0.220558
551	0.220100
1813	0.220094
6744	0.220051
9156	0.220018
9251	0.219986
1984	0.219788
6081	0.219783
3647	0.219676
12325	0.219628
13367	0.219287
13366	0.219287
3535	0.219220
13564	0.218983
10635	0.218908
11831	0.218876
11947	0.218786
11945	0.218786
5971	0.218746
6511	0.218738
927	0.218723
4580	0.218693
3619	0.218680
8755	0.218679
8754	0.218679
8753	0.218679
8752	0.218679
8751	0.218679
5973	0.218679
5972	0.218679
9757	0.218676
12252	0.218183
151	0.217949
6073	0.217816
6862	0.217644
6607	0.217581
1691	0.217470
9742	0.217354
6466	0.217245
5462	0.217234
4407	0.217029
10279	0.216694
1997	0.216643
11235	0.216591
10565	0.216591
7697	0.216545
7254	0.216545
13145	0.216498
5754	0.216274
974	0.216181
11867	0.216156
14407	0.216131
2308	0.215987
1451	0.215930
10703	0.215901
100	0.215887
6557	0.215831
12206	0.215621
6146	0.215621
4694	0.215557
9106	0.215494
9672	0.215483
9670	0.215483
9669	0.215483
9668	0.215483
9667	0.215483
9666	0.215483
9665	0.215483
9663	0.215483
9660	0.215483
9659	0.215483
9658	0.215483
9657	0.215483
9656	0.215483
9655	0.215483
9285	0.215483
4131	0.215412
14124	0.215347
3556	0.215287
4360	0.215191
12373	0.215117
6193	0.215113
9638	0.215087
182	0.215011
2505	0.214815
10619	0.214783
5781	0.214481
1874	0.214231
3974	0.214090
9107	0.214003
6644	0.213925
4485	0.213771
1377	0.213669
9316	0.213539
9548	0.213466
709	0.213153
4516	0.213129
2470	0.213042
2001	0.213025
13944	0.212958
12034	0.212674
7579	0.212073
9382	0.211851
143	0.211825
2748	0.211682
11603	0.211426
5767	0.211291
141	0.211225
155	0.211205
3991	0.211110
12307	0.211081
12911	0.211050
7525	0.210859
14155	0.210814
2402	0.210612
984	0.210384
3913	0.210243
8971	0.210041
4215	0.209839
1482	0.209742
6949	0.209716
1165	0.209563
10917	0.209283
3741	0.209198
532	0.209069
4331	0.208985
6552	0.208843
4730	0.208715
6553	0.208708
4210	0.208708
1634	0.208665
4570	0.208651
3063	0.208624
11604	0.208603
5302	0.208561
5988	0.208502
8709	0.208422
2413	0.208381
74	0.208347
1281	0.208232
12118	0.208180
2083	0.208180
2074	0.208180
1899	0.208180
1896	0.208180
3098	0.208127
6005	0.208031
5359	0.207893
3366	0.207884
2019	0.207838
3520	0.207697
131	0.207302
5253	0.207098
2974	0.206952
10256	0.206942
6424	0.206659
3387	0.206580
937	0.206483
11708	0.206458
4571	0.206423
867	0.206245
11641	0.206200
9325	0.205972
12273	0.205899
1176	0.205872
13677	0.205838
1200	0.205826
8944	0.205667
403	0.205593
12868	0.205453
9242	0.205453
9241	0.205453
9240	0.205453
6696	0.205453
1810	0.205182
13747	0.205115
3799	0.205115
6650	0.205101
2345	0.204937
13842	0.204919
3461	0.204849
1	0.204789
1674	0.204779
1388	0.204738
10254	0.204619
9135	0.204610
11608	0.204375
13289	0.204317
13256	0.204317
13127	0.204317
7440	0.204210
12031	0.203986
10313	0.203824
2078	0.203603
1670	0.203374
1233	0.203297
12839	0.203252
9562	0.202867
3100	0.202867
9860	0.202625
1338	0.202578
3500	0.202501
11880	0.202445
3292	0.202435
2745	0.202420
4584	0.202416
417	0.202397
976	0.202300
2378	0.202056
3190	0.202014
1317	0.201979
4640	0.201978
4759	0.201720
10224	0.201563
8166	0.201515
7365	0.201515
7186	0.201515
8772	0.201460
3329	0.201167
4301	0.201161
7770	0.201024
171	0.200961
7654	0.200936
11771	0.200900
6818	0.200875
3613	0.200840
12316	0.200814
5886	0.200746
9635	0.200636
5798	0.200501
3800	0.200491
6292	0.200219
651	0.200110
1639	0.200103
1676	0.200086
3618	0.199978
10562	0.199912
6175	0.199708
1870	0.199277
2445	0.199261
7606	0.199159
1742	0.199122
4997	0.199064
12097	0.198962
1844	0.198886
4395	0.198769
6197	0.198707
10925	0.198581
8010	0.198455
11972	0.198330
2854	0.198330
839	0.198095
6356	0.198094
12285	0.197941
4181	0.197911
4370	0.197909
4753	0.197848
4984	0.197814
4901	0.197752
5827	0.197653
11805	0.197517
13370	0.197502
4255	0.197467
3187	0.197467
7532	0.197383
7358	0.197383
12179	0.197255
5629	0.197255
7655	0.197243
9268	0.197221
4676	0.197209
4636	0.197193
166	0.197073
13510	0.196918
8467	0.196882
145	0.196854
5922	0.196840
1266	0.196626
7653	0.196556
12643	0.196476
3328	0.196381
3679	0.196298
8180	0.196152
5043	0.196019
3924	0.196018
1681	0.195814
6003	0.195795
5301	0.195655
7480	0.195447
3394	0.195220
6465	0.195166
2469	0.195124
9787	0.195109
9786	0.195109
9785	0.195109
9784	0.195109
9783	0.195109
9782	0.195109
9781	0.195109
9778	0.195109
9280	0.195109
8585	0.195109
8567	0.195109
8553	0.195109
9018	0.195020
11979	0.194863
1927	0.194843
6192	0.194841
5523	0.194832
9563	0.194709
2020	0.194691
1488	0.194532
12876	0.194377
79	0.194278
6913	0.194121
3770	0.193966
6299	0.193961
3836	0.193854
2778	0.193778
13962	0.193749
4955	0.193728
6317	0.193690
3620	0.193652
9710	0.193469
2512	0.193430
10103	0.193331
2450	0.193316
1753	0.193303
13961	0.193240
9780	0.193116
11740	0.193022
4577	0.192949
4575	0.192949
1155	0.192716
7598	0.192542
1307	0.192499
829	0.192245
9729	0.192198
5850	0.192159
12392	0.191956
13533	0.191949
13532	0.191949
13531	0.191949
1027	0.191606
10258	0.191355
5985	0.191159
11690	0.191131
10332	0.191131
1284	0.191099
4559	0.191055
6474	0.190930
4994	0.190889
13244	0.190836
13020	0.190833
6111	0.190832
12135	0.190449
3017	0.190409
5263	0.190391
3435	0.190243
2587	0.190237
726	0.190200
4993	0.190107
1267	0.189766
3000	0.189758
3165	0.189736
11636	0.189639
3776	0.189590
5980	0.189568
4511	0.189320
6109	0.189292
9629	0.189279
471	0.189203
12174	0.189098
10918	0.189046
7830	0.188839
6602	0.188640
349	0.188618
7767	0.188573
13735	0.188453
13728	0.188453
13726	0.188453
2511	0.188395
3624	0.188262
950	0.188189
1978	0.188040
1869	0.187970
4876	0.187949
9063	0.187903
1275	0.187798
1287	0.187636
9709	0.187592
5790	0.187586
9239	0.187434
2403	0.187427
8481	0.187391
3130	0.187376
1749	0.187340
6827	0.187019
5981	0.187002
126	0.186948
721	0.186846
8676	0.186831
4400	0.186786
153	0.186685
1168	0.186478
3588	0.186339
6475	0.186185
169	0.186105
5537	0.185705
708	0.185598
11975	0.185389
767	0.185281
4229	0.185153
12634	0.185096
2763	0.185080
13278	0.185047
4610	0.184999
5304	0.184977
10071	0.184685
7915	0.184659
3710	0.184534
7803	0.184426
3015	0.184391
12054	0.184273
5257	0.184209
11261	0.184021
8199	0.184021
7869	0.184021
3691	0.183959
13859	0.183904
5090	0.183858
4408	0.183831
3832	0.183787
6769	0.183781
261	0.183717
5625	0.183688
6410	0.183663
105	0.183646
9040	0.183584
5177	0.183463
369	0.183452
12140	0.183334
5102	0.183177
1320	0.183151
1764	0.183141
3186	0.182902
6828	0.182886
6890	0.182450
7517	0.182350
2707	0.182270
1372	0.182236
12136	0.182204
5566	0.182193
14406	0.182129
14405	0.182129
6089	0.182047
6091	0.182046
6090	0.182046
1966	0.182027
9903	0.182002
9882	0.182002
8380	0.181976
8731	0.181941
6573	0.181869
7906	0.181833
989	0.181823
730	0.181704
9913	0.181632
10218	0.181558
9032	0.181447
8335	0.181370
4397	0.181325
1326	0.181315
12586	0.181134
164	0.181130
4281	0.181111
11894	0.181105
2747	0.181105
1968	0.181089
5407	0.181069
1842	0.181028
3994	0.180963
9088	0.180916
4396	0.180880
3420	0.180806
2330	0.180800
888	0.180768
9279	0.180671
5476	0.180620
9506	0.180614
9673	0.180591
1979	0.180538
1975	0.180476
9571	0.180416
9017	0.180376
7190	0.180308
2013	0.180244
4572	0.180082
9326	0.180002
14103	0.179947
8495	0.179947
2658	0.179894
9700	0.179807
9397	0.179798
11647	0.179577
9715	0.179492
6705	0.179370
5152	0.179304
9334	0.179222
468	0.179220
5461	0.179201
7714	0.179059
1490	0.179013
860	0.178970
4883	0.178835
20	0.178823
3073	0.178818
3712	0.178812
9740	0.178800
9121	0.178777
9112	0.178777
6554	0.178768
1457	0.178692
239	0.178625
9480	0.178564
8533	0.178564
9388	0.178438
8974	0.178408
2380	0.178374
5442	0.178345
6425	0.178328
1441	0.178301
1722	0.178225
4653	0.178221
13172	0.178204
13171	0.178204
10201	0.178204
9031	0.178204
4720	0.177902
1680	0.177783
8600	0.177535
3709	0.177511
9100	0.177497
9074	0.177220
10216	0.177148
2849	0.177056
107	0.176984
2755	0.176953
7567	0.176951
6428	0.176926
6427	0.176926
1080	0.176918
1475	0.176851
9788	0.176811
843	0.176645
5330	0.176623
1754	0.176578
7954	0.176544
2520	0.176514
13093	0.176456
12831	0.176456
679	0.176410
4862	0.176404
3704	0.176400
6522	0.176276
4334	0.176250
12746	0.176171
342	0.176168
12970	0.176077
1206	0.176017
12071	0.175996
175	0.175996
9390	0.175869
1282	0.175814
3761	0.175684
1972	0.175556
14042	0.175533
4124	0.175531
1625	0.175519
5093	0.175387
9582	0.175366
502	0.175362
8228	0.175266
2650	0.174931
4357	0.174867
2274	0.174742
7749	0.174681
2651	0.174639
9539	0.174571
9848	0.174538
1321	0.174521
70	0.174432
3891	0.174411
5013	0.174313
816	0.174284
2011	0.174248
1312	0.174177
1510	0.174171
1323	0.174137
7572	0.174129
