2297	0.484816
2298	0.442865
556	0.395330
2180	0.312805
2250	0.307754
2299	0.288697
284	0.282116
6832	0.240122
5358	0.226219
2249	0.205666
11015	0.202964
2300	0.200634
7422	0.179961
11275	0.174334
4325	0.131792
2176	0.129745
8623	0.110857
221	0.102920
1119	0.101027
1120	0.101026
13247	0.100848
9968	0.100231
4792	0.099384
7457	0.097894
13719	0.094858
10588	0.094858
7547	0.094858
1836	0.094220
7434	0.093978
13340	0.092792
11178	0.091295
9919	0.088675
7026	0.088673
8935	0.087881
5883	0.087757
5934	0.087750
5933	0.087750
5880	0.087506
2185	0.087373
9579	0.085670
3176	0.083756
5344	0.082350
10497	0.082149
1118	0.082054
7056	0.081773
8833	0.081223
5851	0.080529
11279	0.079926
8009	0.079892
7281	0.079634
2203	0.079397
2797	0.079364
639	0.079309
10337	0.079230
2124	0.078967
5876	0.077587
11073	0.077534
874	0.077425
1030	0.076794
10042	0.076442
991	0.076167
13165	0.075696
1840	0.075604
13706	0.075324
13738	0.075318
13731	0.075318
13707	0.074815
1109	0.074786
2128	0.074494
2105	0.074280
7400	0.074264
13394	0.073590
1113	0.073245
114	0.073184
713	0.073122
3425	0.072512
2941	0.072148
6731	0.072094
10049	0.071225
7282	0.071160
11074	0.071115
9201	0.070972
1839	0.070772
11076	0.070484
14374	0.070230
14363	0.070230
1117	0.069919
10793	0.069873
10212	0.069795
2111	0.069313
2191	0.069292
3391	0.069163
5882	0.069118
7783	0.069021
9200	0.068955
9258	0.068789
8221	0.068771
4382	0.068312
13265	0.068301
2113	0.068282
11658	0.068168
4090	0.068158
3431	0.068100
6758	0.067994
9317	0.067807
10098	0.067762
2286	0.067726
2102	0.067625
11904	0.067524
428	0.067321
121	0.066980
13460	0.066937
2104	0.066920
7207	0.066908
14368	0.066887
1177	0.066784
7359	0.066697
2377	0.066556
7202	0.066432
675	0.066224
9170	0.065488
4596	0.065432
6252	0.065422
10920	0.065417
3440	0.065283
10236	0.065111
2110	0.065054
4595	0.064990
2108	0.064985
3415	0.064731
10097	0.064665
14376	0.064618
14359	0.064618
7998	0.064618
2170	0.064614
3178	0.064344
5012	0.064169
6946	0.064160
12237	0.064089
1808	0.063963
11611	0.063875
8894	0.063875
8893	0.063875
6339	0.063875
3439	0.063875
14227	0.063855
11006	0.063740
1235	0.063724
8531	0.063595
8895	0.063518
8891	0.063468
9207	0.063194
9205	0.063194
8528	0.063194
14365	0.063068
678	0.062771
9796	0.062707
6938	0.062671
187	0.062553
1358	0.062429
1132	0.062175
12238	0.062114
12530	0.062109
14364	0.062107
3210	0.062012
304	0.061966
2828	0.061963
2453	0.061782
11339	0.061734
2709	0.061706
12507	0.061249
6084	0.061242
2109	0.061204
3778	0.061101
5185	0.061069
8314	0.061067
1111	0.060915
11355	0.060665
3662	0.060547
8535	0.060516
6393	0.060153
11930	0.060112
2192	0.060094
10354	0.060086
10413	0.059999
4865	0.059895
1565	0.059882
14373	0.059868
14372	0.059868
14371	0.059868
14362	0.059868
14352	0.059868
14350	0.059868
8455	0.059868
7997	0.059868
7823	0.059868
3764	0.059858
1121	0.059767
877	0.059738
12730	0.059464
10341	0.059451
10089	0.059375
1135	0.059369
2827	0.059275
2708	0.059235
10223	0.059196
9985	0.059148
6806	0.059076
6564	0.058949
7910	0.058940
10251	0.058938
7944	0.058933
7555	0.058932
2700	0.058829
11914	0.058820
5650	0.058753
10076	0.058703
5155	0.058688
3463	0.058644
7020	0.058625
10077	0.058620
10564	0.058613
235	0.058444
1952	0.058340
10921	0.058295
683	0.058138
10329	0.058057
11072	0.057975
11447	0.057889
11626	0.057883
5411	0.057808
333	0.057774
3423	0.057761
1114	0.057674
2479	0.057651
9226	0.057599
9217	0.057599
8534	0.057599
7827	0.057594
4760	0.057521
6430	0.057504
1123	0.057504
9120	0.057502
2190	0.057402
10852	0.057385
8922	0.057164
3953	0.057146
4520	0.057099
12218	0.057059
2058	0.057059
2434	0.056945
8772	0.056924
5649	0.056724
2962	0.056595
3389	0.056490
9674	0.056433
7261	0.056231
10389	0.056108
2981	0.056090
1172	0.056045
11033	0.055981
10411	0.055942
2698	0.055909
5496	0.055863
11552	0.055794
8570	0.055767
1011	0.055696
11987	0.055610
14370	0.055557
2129	0.055537
2197	0.055500
2112	0.055315
3209	0.055314
12229	0.055248
11389	0.055127
7025	0.055066
10410	0.055047
10971	0.055040
13029	0.054994
9738	0.054994
9737	0.054994
8060	0.054994
4757	0.054774
5958	0.054765
10795	0.054754
9198	0.054665
8453	0.054652
14357	0.054652
7787	0.054652
1116	0.054558
2	0.054527
13246	0.054415
5403	0.054229
9220	0.054110
10000	0.054034
12663	0.053998
1022	0.053894
7201	0.053868
3837	0.053863
11193	0.053656
11192	0.053656
9248	0.053622
2097	0.053610
2107	0.053594
9222	0.053526
12117	0.053511
7345	0.053511
2731	0.053461
10148	0.053439
1133	0.053420
4536	0.053405
5212	0.053367
5129	0.053291
8726	0.053285
10838	0.053285
4521	0.053242
14367	0.053164
11014	0.053105
2781	0.052977
10050	0.052976
10403	0.052885
2182	0.052882
11455	0.052878
11426	0.052878
10949	0.052744
7692	0.052704
4169	0.052695
6443	0.052680
8671	0.052636
9235	0.052629
9230	0.052629
9228	0.052629
9225	0.052629
9224	0.052629
9221	0.052629
9219	0.052629
9214	0.052629
9213	0.052629
9211	0.052629
9209	0.052629
9208	0.052629
9206	0.052629
9193	0.052629
8807	0.052629
8679	0.052629
8677	0.052629
8675	0.052629
8674	0.052629
8673	0.052629
8670	0.052629
8637	0.052629
8633	0.052629
8631	0.052629
8610	0.052629
8591	0.052629
8539	0.052629
8538	0.052629
8537	0.052629
8536	0.052629
8529	0.052629
8526	0.052629
8525	0.052629
8632	0.052629
14233	0.052521
1136	0.052521
10839	0.052390
6138	0.052341
325	0.052265
12979	0.052197
5338	0.052166
12243	0.052146
6472	0.052125
9876	0.052039
7628	0.052039
7627	0.052039
2817	0.052035
4790	0.052010
2965	0.051960
13164	0.051925
6866	0.051906
1889	0.051904
3426	0.051878
1001	0.051864
11542	0.051821
7782	0.051766
7584	0.051748
11922	0.051651
2871	0.051596
5213	0.051579
115	0.051577
2952	0.051546
13704	0.051538
13702	0.051538
5347	0.051517
5465	0.051493
10045	0.051471
716	0.051428
8636	0.051398
1122	0.051272
10355	0.051253
354	0.051196
8584	0.051156
7002	0.051145
5642	0.051138
295	0.051132
7774	0.051129
5641	0.051129
1237	0.051038
10491	0.051021
7468	0.051007
2967	0.051007
2020	0.050938
4168	0.050921
5441	0.050852
12357	0.050812
5404	0.050809
8530	0.050782
2452	0.050772
568	0.050716
11202	0.050710
5177	0.050695
10805	0.050551
1115	0.050493
4116	0.050491
10274	0.050442
1419	0.050422
6324	0.050402
14290	0.050388
5725	0.050356
10808	0.050352
4535	0.050312
11146	0.050300
8635	0.050290
7172	0.050269
9177	0.050223
9082	0.050134
9295	0.050097
5453	0.050055
5888	0.050045
9210	0.049950
3940	0.049941
7317	0.049915
7316	0.049915
7174	0.049915
6338	0.049915
12515	0.049861
13691	0.049717
13690	0.049717
8880	0.049717
8879	0.049717
8210	0.049717
6695	0.049697
1357	0.049567
6989	0.049539
5330	0.049532
9806	0.049526
9805	0.049526
9802	0.049526
9801	0.049526
2204	0.049516
5664	0.049468
1379	0.049458
6415	0.049389
11607	0.049359
11989	0.049357
1555	0.049353
3375	0.049316
7767	0.049294
13054	0.049277
9623	0.049272
331	0.049230
2813	0.049151
2966	0.049006
1930	0.048963
10663	0.048812
12242	0.048792
12502	0.048766
2052	0.048693
1951	0.048669
12017	0.048556
3220	0.048512
1833	0.048443
10550	0.048438
3429	0.048421
7999	0.048365
10475	0.048356
8304	0.048351
2103	0.048320
3341	0.048278
4486	0.048274
8572	0.048210
8569	0.048210
8568	0.048210
7676	0.048187
5545	0.048170
13144	0.048168
8092	0.048127
10948	0.048091
7959	0.048081
1734	0.048037
3441	0.048034
7453	0.048015
4095	0.048011
6889	0.047990
2199	0.047974
5024	0.047930
2605	0.047881
14369	0.047772
1696	0.047764
1877	0.047745
1875	0.047745
13880	0.047721
4857	0.047688
14366	0.047677
14361	0.047677
14355	0.047677
8456	0.047677
5220	0.047654
10156	0.047631
823	0.047628
1162	0.047622
3593	0.047609
13427	0.047562
3599	0.047525
316	0.047525
2600	0.047515
10088	0.047445
11999	0.047425
4304	0.047395
4302	0.047395
8566	0.047389
677	0.047375
13105	0.047282
1888	0.047259
4947	0.047209
12400	0.047180
11586	0.047180
7642	0.047177
696	0.047088
7706	0.047027
1953	0.047000
1954	0.047000
9218	0.046986
7917	0.046949
13600	0.046944
2532	0.046939
11627	0.046918
12283	0.046748
1754	0.046709
6287	0.046698
5544	0.046685
6216	0.046679
10286	0.046678
9828	0.046637
12161	0.046597
11870	0.046597
11794	0.046597
11204	0.046597
11203	0.046597
6144	0.046597
6143	0.046597
6142	0.046597
6141	0.046597
12257	0.046589
13021	0.046554
5405	0.046554
254	0.046542
876	0.046519
8634	0.046486
9231	0.046454
12348	0.046407
5493	0.046376
2889	0.046317
7245	0.046223
2014	0.046217
3212	0.046204
12036	0.046180
1420	0.046175
10129	0.046169
9233	0.046143
10482	0.046071
8793	0.046047
8771	0.046047
8770	0.046047
8769	0.046047
8746	0.046047
8745	0.046047
8396	0.046047
10889	0.046013
5651	0.045983
7479	0.045966
4868	0.045901
3706	0.045881
6928	0.045878
10937	0.045763
12383	0.045760
7124	0.045756
9179	0.045741
11534	0.045728
2195	0.045726
582	0.045612
5245	0.045521
9991	0.045521
1006	0.045484
11007	0.045475
13322	0.045466
8628	0.045453
9462	0.045396
82	0.045387
6257	0.045375
3669	0.045367
7492	0.045330
11019	0.045312
2567	0.045301
12436	0.045298
9800	0.045274
6140	0.045182
6139	0.045182
3933	0.045165
1285	0.045118
1192	0.045116
573	0.045114
4534	0.045103
13305	0.045098
2287	0.045089
14360	0.045083
4892	0.045048
329	0.045038
4425	0.045038
330	0.044999
13739	0.044954
4974	0.044920
5377	0.044901
71	0.044890
698	0.044799
3185	0.044770
13291	0.044726
10756	0.044651
124	0.044623
8609	0.044605
8377	0.044578
7078	0.044569
10914	0.044530
2594	0.044529
11625	0.044528
11522	0.044490
10249	0.044437
5026	0.044423
5027	0.044423
8447	0.044410
1091	0.044386
8890	0.044362
5341	0.044360
2033	0.044328
5308	0.044297
8392	0.044283
7101	0.044181
11781	0.044166
10767	0.044160
4319	0.044148
4759	0.044123
12003	0.044078
332	0.044072
7866	0.044070
3061	0.044060
6473	0.044040
9439	0.044033
224	0.044031
10454	0.044007
8596	0.043995
3661	0.043973
6835	0.043960
9616	0.043947
10358	0.043944
777	0.043881
323	0.043844
13370	0.043831
13510	0.043789
11858	0.043771
10426	0.043748
6841	0.043748
7532	0.043747
7358	0.043747
6747	0.043722
13155	0.043678
11353	0.043676
10715	0.043676
13076	0.043635
4089	0.043611
7879	0.043592
6741	0.043583
10368	0.043551
10032	0.043539
7966	0.043538
3934	0.043537
13970	0.043533
6818	0.043512
311	0.043483
9368	0.043440
1183	0.043415
310	0.043414
4532	0.043378
3211	0.043349
8023	0.043348
5957	0.043325
11434	0.043321
12147	0.043295
7495	0.043279
4673	0.043253
7918	0.043238
8352	0.043154
8351	0.043154
2957	0.043154
2956	0.043154
7872	0.043151
12573	0.043134
2629	0.043102
4021	0.043036
9799	0.043008
14351	0.043001
12145	0.042989
10515	0.042989
5956	0.042989
11896	0.042968
2446	0.042956
10235	0.042934
9262	0.042927
4106	0.042887
3418	0.042809
12557	0.042805
5264	0.042804
5995	0.042791
10953	0.042790
6102	0.042789
8473	0.042759
8226	0.042759
8224	0.042759
6071	0.042759
14375	0.042737
1956	0.042731
8871	0.042709
9202	0.042693
13666	0.042661
13424	0.042661
13311	0.042660
11109	0.042638
13285	0.042625
4530	0.042607
9331	0.042601
4105	0.042511
12592	0.042497
11401	0.042428
11399	0.042428
12074	0.042359
13162	0.042349
10123	0.042349
3603	0.042298
7203	0.042294
10507	0.042291
2809	0.042290
1427	0.042266
5909	0.042258
9195	0.042213
11624	0.042212
10902	0.042202
10038	0.042193
8611	0.042127
220	0.042116
10287	0.042115
2177	0.042113
6895	0.042080
3536	0.042048
11565	0.042037
9199	0.042035
335	0.041996
334	0.041996
327	0.041996
305	0.041996
302	0.041996
10127	0.041947
2954	0.041943
312	0.041937
14089	0.041931
14084	0.041931
1755	0.041896
14342	0.041885
2604	0.041869
13092	0.041834
1010	0.041784
4958	0.041756
10992	0.041730
11638	0.041723
8076	0.041719
1189	0.041718
3333	0.041711
4163	0.041711
14418	0.041702
14417	0.041702
13284	0.041702
13152	0.041702
9795	0.041702
9793	0.041702
9792	0.041702
9791	0.041702
9789	0.041702
9745	0.041702
9163	0.041702
8614	0.041702
8613	0.041702
8177	0.041702
499	0.041570
6623	0.041570
4235	0.041544
3914	0.041535
7852	0.041531
13569	0.041491
2899	0.041452
10214	0.041446
11411	0.041441
3638	0.041440
10305	0.041419
1479	0.041394
6566	0.041389
11528	0.041379
3388	0.041363
7224	0.041357
6574	0.041357
5527	0.041357
322	0.041354
11937	0.041300
2451	0.041285
6896	0.041282
8854	0.041229
1567	0.041194
10166	0.041192
12414	0.041186
10646	0.041186
11289	0.041173
2289	0.041155
303	0.041082
10017	0.041076
13850	0.041024
3428	0.040969
8135	0.040966
11176	0.040905
7068	0.040872
7077	0.040872
12315	0.040850
14358	0.040844
12799	0.040815
14128	0.040791
14219	0.040783
7320	0.040720
12382	0.040704
14027	0.040696
11747	0.040694
7961	0.040651
9375	0.040643
1694	0.040594
468	0.040592
5665	0.040588
13077	0.040577
12895	0.040577
2202	0.040576
1810	0.040552
690	0.040539
328	0.040515
9085	0.040504
3631	0.040461
73	0.040458
13938	0.040453
13258	0.040430
555	0.040408
12868	0.040386
9242	0.040386
9241	0.040386
9240	0.040386
6696	0.040386
7028	0.040385
5696	0.040373
13597	0.040348
13596	0.040348
13595	0.040348
13583	0.040348
13554	0.040348
13402	0.040348
7990	0.040348
12694	0.040337
11416	0.040315
3111	0.040310
7088	0.040306
10683	0.040305
13094	0.040288
10186	0.040281
7855	0.040278
12590	0.040245
9086	0.040219
5484	0.040204
9480	0.040196
8533	0.040196
8604	0.040175
881	0.040167
11111	0.040158
6494	0.040148
5918	0.040131
9302	0.040124
3955	0.040068
5336	0.040065
6707	0.039981
9912	0.039964
9911	0.039964
2617	0.039953
11507	0.039949
13681	0.039878
6447	0.039822
5378	0.039784
10253	0.039758
2486	0.039756
5666	0.039751
4863	0.039739
306	0.039728
10661	0.039666
10745	0.039632
6101	0.039627
599	0.039614
12636	0.039606
5158	0.039605
2902	0.039603
5587	0.039598
8620	0.039591
11803	0.039574
12902	0.039511
7654	0.039470
4758	0.039424
4446	0.039417
5406	0.039407
578	0.039386
5855	0.039332
9139	0.039305
5295	0.039286
308	0.039274
5829	0.039243
9909	0.039220
12877	0.039212
10571	0.039210
3306	0.039208
314	0.039195
4873	0.039183
8523	0.039174
3715	0.039169
7655	0.039152
11147	0.039083
10037	0.039042
7131	0.039039
5192	0.039024
11362	0.039022
12511	0.038999
4416	0.038997
11011	0.038946
11246	0.038935
8625	0.038924
5382	0.038922
1340	0.038907
4537	0.038902
2699	0.038893
9840	0.038871
1731	0.038867
13106	0.038860
12525	0.038837
7065	0.038817
11903	0.038805
3067	0.038797
4160	0.038786
11543	0.038707
5334	0.038688
4294	0.038664
11798	0.038643
10744	0.038641
12462	0.038631
10685	0.038631
5712	0.038599
5711	0.038599
5710	0.038599
10388	0.038587
4973	0.038542
1019	0.038533
6157	0.038528
2955	0.038520
2953	0.038520
879	0.038516
8114	0.038510
9176	0.038496
8809	0.038496
2806	0.038463
6528	0.038459
2267	0.038450
4469	0.038403
10356	0.038378
4330	0.038354
10650	0.038325
