5347	0.169187
7774	0.168842
5641	0.168842
5642	0.168835
11989	0.163571
2600	0.162510
876	0.158856
11658	0.158837
13265	0.158763
2097	0.157102
498	0.155014
1030	0.152057
3636	0.149263
2105	0.148477
2182	0.147201
11902	0.143866
2107	0.143439
6618	0.141018
2267	0.140997
8773	0.140496
6621	0.140496
2110	0.133094
9623	0.131671
1111	0.126189
2189	0.125783
221	0.125548
1119	0.123592
1120	0.123322
13247	0.122444
2109	0.122158
2181	0.121617
7830	0.120702
9503	0.118644
2579	0.116271
633	0.115211
8531	0.113086
2116	0.113006
2708	0.111866
492	0.111445
1118	0.111348
2575	0.110873
51	0.109553
9610	0.109474
13050	0.108317
1254	0.108190
10097	0.108131
11679	0.108013
4538	0.107965
352	0.107758
4231	0.107380
5219	0.106713
9393	0.106484
2188	0.106054
4542	0.105474
12010	0.105416
5029	0.105275
6149	0.105012
5745	0.104094
823	0.104031
115	0.103864
6117	0.103035
9613	0.102961
1132	0.102850
9356	0.102762
14233	0.102595
1136	0.102595
9612	0.102544
5898	0.102489
730	0.102084
5032	0.102047
2828	0.101787
9172	0.101740
351	0.101476
6838	0.101281
116	0.101275
9578	0.101218
2962	0.100597
8676	0.100263
5296	0.100255
6295	0.100061
5031	0.099540
2954	0.099504
7767	0.099359
1231	0.099326
9436	0.098995
5902	0.098953
5901	0.098953
5900	0.098953
5899	0.098953
14415	0.098939
9277	0.098939
2621	0.098619
5893	0.098496
5892	0.098496
5891	0.098496
5890	0.098496
5889	0.098496
9692	0.098432
9462	0.098416
9633	0.098025
9630	0.098025
9628	0.098025
9626	0.098025
9625	0.098025
9624	0.098025
9622	0.098025
9621	0.098025
9620	0.098025
9619	0.098025
9618	0.098025
9615	0.098025
9482	0.098025
8864	0.097906
8863	0.097906
8583	0.097906
8124	0.097906
7904	0.097906
7903	0.097906
7902	0.097906
7901	0.097906
7900	0.097906
7899	0.097906
7897	0.097906
7896	0.097906
7895	0.097906
9226	0.097883
9217	0.097883
8534	0.097883
7526	0.097875
7827	0.097823
8892	0.097705
586	0.097689
13448	0.097604
2709	0.097525
2128	0.097495
3741	0.097368
12077	0.097354
6461	0.097354
3711	0.097354
13235	0.097124
6395	0.097024
5546	0.096875
1121	0.096447
2522	0.096120
6971	0.096010
5030	0.095965
9540	0.095867
7420	0.095635
7003	0.095491
2117	0.095133
1112	0.094593
1265	0.094542
3973	0.094470
414	0.094454
11906	0.094037
11858	0.093906
10098	0.093769
6806	0.093602
4522	0.093489
9439	0.093394
6623	0.093257
997	0.093257
5059	0.092808
14342	0.092799
11733	0.092691
9702	0.092681
2577	0.092567
241	0.092479
1293	0.092093
6006	0.091753
4644	0.091670
1315	0.091624
1950	0.091563
2821	0.091535
8615	0.091461
8625	0.091421
8661	0.091109
4396	0.090906
14407	0.090814
7752	0.090785
1262	0.090594
5123	0.090486
488	0.090381
8604	0.090327
9606	0.089731
11212	0.089671
3665	0.089646
5500	0.089626
8584	0.089625
2968	0.089574
8451	0.089243
2118	0.089103
2052	0.088914
120	0.088868
8711	0.088857
9457	0.088814
4152	0.088814
8732	0.088787
4922	0.088706
8710	0.088698
13394	0.088535
5013	0.088278
7560	0.088052
9218	0.088011
307	0.087966
2580	0.087950
1044	0.087845
12670	0.087669
758	0.087659
4407	0.087544
7730	0.087533
7445	0.087533
7444	0.087533
7175	0.087533
7080	0.087533
14416	0.087468
12234	0.087411
12252	0.087405
5183	0.087404
3841	0.087082
1008	0.087038
1419	0.086895
8845	0.086789
2523	0.086781
9307	0.086739
1228	0.086635
8709	0.086510
8712	0.086509
8303	0.086509
8302	0.086509
7362	0.086509
6359	0.086509
6501	0.086460
6202	0.086448
3710	0.086244
11737	0.086208
1252	0.086141
3778	0.086141
9177	0.085989
9775	0.085922
888	0.085778
6889	0.085630
9121	0.085580
9112	0.085580
9152	0.085555
7295	0.085538
1743	0.085423
4144	0.085392
8312	0.085380
6081	0.085325
1458	0.085295
4255	0.085242
13994	0.085065
7931	0.085065
9338	0.084991
2187	0.084980
487	0.084938
2881	0.084907
2827	0.084799
588	0.084747
874	0.084658
7288	0.084448
4865	0.084388
5989	0.084296
2114	0.084288
1320	0.084114
4977	0.083981
4485	0.083924
9686	0.083688
781	0.083611
9244	0.083576
2186	0.083440
268	0.083367
879	0.083327
2531	0.083318
1307	0.083282
6393	0.083231
4239	0.083213
4976	0.083102
4175	0.083084
9102	0.082983
716	0.082967
12069	0.082925
4672	0.082849
9512	0.082738
7453	0.082664
13997	0.082638
4176	0.082546
2023	0.082421
6217	0.082349
1232	0.082335
1229	0.082335
12276	0.082290
14263	0.082290
14002	0.082290
14001	0.082290
14000	0.082290
13998	0.082290
13996	0.082290
6666	0.082290
5064	0.082290
4854	0.082290
4852	0.082290
7263	0.082284
9361	0.082151
7676	0.082135
6278	0.081997
683	0.081887
7659	0.081882
13945	0.081881
1094	0.081787
4849	0.081749
6967	0.081677
6689	0.081677
12365	0.081570
2757	0.081432
14266	0.081364
6191	0.081318
6430	0.081143
1123	0.081143
117	0.081031
6267	0.080980
6302	0.080980
1893	0.080865
977	0.080795
648	0.080776
4165	0.080732
9357	0.080638
2892	0.080472
2418	0.080416
2171	0.080375
2981	0.080332
13815	0.080325
14283	0.080151
14162	0.080093
9787	0.080042
9786	0.080042
9785	0.080042
9784	0.080042
9783	0.080042
9782	0.080042
9781	0.080042
9778	0.080042
9280	0.080042
8585	0.080042
8567	0.080042
8553	0.080042
8565	0.079936
10383	0.079876
6465	0.079852
304	0.079798
5062	0.079756
6305	0.079741
875	0.079740
7261	0.079689
13030	0.079683
4848	0.079682
2064	0.079575
2979	0.079315
11817	0.079295
6990	0.079295
578	0.079165
1925	0.079004
4399	0.078904
1133	0.078823
1905	0.078782
7507	0.078417
2245	0.078195
9058	0.078185
6701	0.078185
1040	0.078180
6532	0.078132
6473	0.078124
6292	0.078123
4301	0.078107
3952	0.077847
8972	0.077765
13281	0.077661
13282	0.077641
9690	0.077487
9631	0.077484
8109	0.077298
8997	0.077284
6665	0.077249
8965	0.077228
8792	0.077221
2532	0.077108
11835	0.077038
4409	0.077038
11617	0.076986
9124	0.076973
13881	0.076967
8964	0.076967
8063	0.076967
316	0.076953
35	0.076913
9581	0.076911
11896	0.076812
9780	0.076721
4541	0.076600
12296	0.076598
6244	0.076598
5168	0.076325
2119	0.076306
2612	0.076295
9480	0.076239
8533	0.076239
2602	0.076224
4944	0.076113
4943	0.076113
114	0.076098
14003	0.076083
1308	0.076041
4262	0.076009
4998	0.075999
2755	0.075816
1291	0.075764
2658	0.075753
1109	0.075693
6034	0.075626
877	0.075593
9957	0.075556
7468	0.075491
2967	0.075491
2955	0.075415
2953	0.075415
4664	0.075297
3700	0.075296
782	0.075288
9174	0.075242
6557	0.075230
532	0.075218
4882	0.075071
6695	0.074979
8924	0.074930
6913	0.074884
86	0.074833
9135	0.074781
113	0.074623
3884	0.074600
4281	0.074598
13533	0.074550
13532	0.074550
13531	0.074550
513	0.074486
4652	0.074433
6771	0.074375
11751	0.074368
2820	0.074306
9611	0.074273
4406	0.074207
4394	0.073889
3241	0.073874
12135	0.073848
505	0.073848
489	0.073838
4404	0.073831
12141	0.073811
2965	0.073786
9913	0.073742
2659	0.073619
4659	0.073614
9367	0.073562
4850	0.073547
2120	0.073486
56	0.073467
1280	0.073305
2958	0.073207
6377	0.073188
8938	0.073123
13926	0.073075
6008	0.073008
2111	0.072976
4511	0.072925
9797	0.072909
6060	0.072867
611	0.072797
11863	0.072735
2732	0.072735
12002	0.072663
5433	0.072521
9609	0.072517
9580	0.072517
4537	0.072510
12310	0.072445
3735	0.072417
713	0.072408
6317	0.072349
4400	0.072212
9215	0.072206
7089	0.072153
4824	0.072150
3588	0.072110
848	0.072109
9466	0.071919
524	0.071781
1837	0.071755
1403	0.071733
1248	0.071648
1673	0.071587
12281	0.071560
6619	0.071560
11968	0.071537
949	0.071537
3292	0.071352
11385	0.071309
6003	0.071162
1324	0.071154
5118	0.071061
2458	0.071060
13545	0.071057
10748	0.070961
9834	0.070961
2172	0.070927
1942	0.070850
13850	0.070765
1420	0.070735
8980	0.070678
8978	0.070678
8977	0.070678
8976	0.070678
8940	0.070678
14085	0.070581
9413	0.070565
12909	0.070550
6550	0.070478
6896	0.070343
12036	0.070231
503	0.070118
502	0.070053
881	0.070015
5555	0.069967
13767	0.069912
2	0.069752
3193	0.069700
6472	0.069695
5354	0.069686
11988	0.069634
8352	0.069594
8351	0.069594
2957	0.069594
2956	0.069594
7872	0.069591
13363	0.069586
5268	0.069561
4118	0.069551
4106	0.069525
9433	0.069500
5777	0.069475
224	0.069455
4240	0.069453
8611	0.069449
79	0.069445
2913	0.069285
14014	0.069187
8180	0.069133
5189	0.068914
6035	0.068826
6277	0.068816
4660	0.068802
2845	0.068684
9508	0.068684
825	0.068505
1114	0.068461
1319	0.068411
8412	0.068364
6072	0.068330
9269	0.068316
9347	0.068279
9207	0.068276
9205	0.068276
8528	0.068276
11739	0.068234
9024	0.068231
9023	0.068231
9022	0.068231
8949	0.068231
2518	0.068220
4855	0.068158
8090	0.068152
2847	0.068152
2843	0.068152
2839	0.068152
2952	0.068138
9279	0.068128
9942	0.068043
9931	0.068043
9930	0.068043
9921	0.068043
9901	0.068043
9899	0.068043
9895	0.068043
9866	0.068043
9836	0.068043
9832	0.068043
9810	0.068043
9698	0.068043
9636	0.068043
9570	0.068043
9299	0.068043
830	0.068020
3900	0.068003
1310	0.067993
6908	0.067990
369	0.067981
2840	0.067976
1785	0.067881
1059	0.067827
10459	0.067802
4216	0.067768
1323	0.067761
814	0.067578
5591	0.067545
6250	0.067494
227	0.067469
10661	0.067440
9729	0.067428
4105	0.067338
9231	0.067328
8634	0.067326
847	0.067326
9009	0.067326
8260	0.067326
1952	0.067307
4048	0.067262
4047	0.067262
4046	0.067262
4044	0.067262
3628	0.067262
3622	0.067262
753	0.067226
837	0.067154
13928	0.067152
9711	0.067130
9708	0.067130
9707	0.067130
9705	0.067130
9703	0.067130
3974	0.067129
6017	0.067118
4121	0.067104
9699	0.067079
2902	0.067074
3209	0.067068
6895	0.067027
1444	0.066951
9198	0.066925
4045	0.066916
4540	0.066916
8261	0.066873
4543	0.066857
486	0.066837
4778	0.066827
3840	0.066810
2113	0.066789
7977	0.066760
6598	0.066728
6482	0.066725
786	0.066722
8910	0.066713
4853	0.066548
6616	0.066536
4571	0.066511
13889	0.066330
645	0.066304
2951	0.066227
354	0.066181
7379	0.066128
2168	0.066046
13909	0.065985
861	0.065966
3590	0.065956
469	0.065951
4725	0.065938
9201	0.065904
2920	0.065870
7913	0.065839
5968	0.065839
470	0.065839
504	0.065836
10458	0.065786
4148	0.065785
6576	0.065769
2227	0.065727
8329	0.065726
1269	0.065691
4241	0.065680
4509	0.065673
494	0.065604
2442	0.065539
3383	0.065502
3705	0.065475
7553	0.065440
12138	0.065393
12137	0.065393
12068	0.065393
11864	0.065393
891	0.065247
4838	0.065244
8248	0.065219
8099	0.065211
2973	0.065115
11987	0.065110
342	0.065069
4587	0.065066
6983	0.065041
6982	0.065041
7933	0.065039
347	0.065039
936	0.064988
5967	0.064974
9794	0.064949
9706	0.064945
5918	0.064943
5442	0.064941
7744	0.064929
3225	0.064917
6426	0.064902
9709	0.064824
2274	0.064788
571	0.064736
12338	0.064705
12295	0.064695
6243	0.064695
5790	0.064678
8110	0.064625
9384	0.064612
3246	0.064612
9788	0.064543
1309	0.064542
7920	0.064524
4383	0.064513
3837	0.064376
11849	0.064367
7381	0.064318
6920	0.064318
5302	0.064291
9627	0.064269
4447	0.064245
1297	0.064233
11812	0.064228
5510	0.064206
6315	0.064104
9673	0.064092
6587	0.064085
1304	0.064080
1097	0.064064
7414	0.064048
155	0.064039
10294	0.063988
2102	0.063982
6303	0.063948
8324	0.063911
2521	0.063888
5033	0.063842
9034	0.063822
11789	0.063817
5190	0.063811
3506	0.063783
2243	0.063765
12954	0.063761
11976	0.063710
11028	0.063697
3204	0.063670
4120	0.063652
2783	0.063626
13567	0.063620
5731	0.063620
5730	0.063620
5726	0.063620
5723	0.063620
5722	0.063620
5721	0.063620
5681	0.063620
12030	0.063594
2280	0.063502
2969	0.063495
889	0.063492
6763	0.063490
5034	0.063469
331	0.063436
10326	0.063418
10220	0.063415
5696	0.063393
882	0.063392
596	0.063365
193	0.063268
4707	0.063213
4348	0.063175
2765	0.063155
13665	0.063147
1146	0.062999
630	0.062926
3747	0.062919
2094	0.062917
706	0.062908
2773	0.062904
1266	0.062822
509	0.062817
13456	0.062766
13342	0.062766
8076	0.062760
2380	0.062732
222	0.062726
3712	0.062697
4163	0.062687
11914	0.062670
10277	0.062657
9246	0.062627
14418	0.062595
14417	0.062595
13284	0.062595
13152	0.062595
9795	0.062595
9793	0.062595
9792	0.062595
9791	0.062595
9789	0.062595
9745	0.062595
9163	0.062595
8614	0.062595
8613	0.062595
8177	0.062595
13515	0.062582
12219	0.062485
1051	0.062478
13076	0.062436
13969	0.062432
4043	0.062399
4248	0.062330
4245	0.062328
7883	0.062325
4249	0.062325
4247	0.062325
4246	0.062325
4242	0.062325
9434	0.062318
711	0.062318
710	0.062318
518	0.062318
4244	0.062317
9534	0.062240
9533	0.062240
9529	0.062240
9509	0.062240
5477	0.062226
7954	0.062101
2047	0.062076
7240	0.062072
517	0.062068
7917	0.062050
3203	0.062034
8335	0.062012
2822	0.061897
1836	0.061891
14327	0.061883
14325	0.061883
14324	0.061883
14323	0.061883
14314	0.061883
14305	0.061883
14293	0.061883
14286	0.061883
14261	0.061883
14244	0.061883
14208	0.061883
14136	0.061883
14104	0.061883
14092	0.061883
14086	0.061883
14082	0.061883
14079	0.061883
13968	0.061883
13857	0.061883
10726	0.061883
9150	0.061882
2246	0.061874
3604	0.061848
5746	0.061803
11903	0.061803
2598	0.061720
4296	0.061702
3934	0.061621
11653	0.061590
6007	0.061516
1835	0.061491
474	0.061399
12873	0.061394
3207	0.061380
788	0.061348
11781	0.061309
6198	0.061265
13148	0.061264
13147	0.061264
7892	0.061264
6298	0.061264
6297	0.061264
2886	0.061099
8635	0.061037
9999	0.061015
1442	0.060921
1764	0.060886
1305	0.060837
8207	0.060825
3443	0.060790
12006	0.060757
8530	0.060739
1115	0.060727
2112	0.060713
4661	0.060685
169	0.060647
1958	0.060604
353	0.060588
13897	0.060586
2964	0.060573
5788	0.060571
9415	0.060568
8851	0.060568
8850	0.060568
4667	0.060556
8875	0.060526
11609	0.060515
225	0.060424
13054	0.060400
4785	0.060373
251	0.060326
11703	0.060298
4671	0.060286
4669	0.060286
12233	0.060268
2990	0.060267
1052	0.060254
12908	0.060254
9411	0.060254
9412	0.060253
4312	0.060229
3360	0.060213
404	0.060212
6406	0.060208
6304	0.060137
803	0.060133
14395	0.060057
7891	0.060057
14004	0.059901
4866	0.059901
2535	0.059860
1332	0.059849
13910	0.059801
4160	0.059782
14375	0.059781
14290	0.059681
4670	0.059675
5272	0.059611
9531	0.059600
6732	0.059589
2426	0.059559
2730	0.059552
3613	0.059518
1200	0.059458
465	0.059450
11813	0.059428
1317	0.059417
10226	0.059355
5990	0.059311
11678	0.059268
5459	0.059268
6127	0.059262
9953	0.059241
10045	0.059229
4111	0.059182
1187	0.059167
10286	0.059147
8452	0.059094
8449	0.059094
13970	0.059086
1	0.059076
10192	0.059070
10184	0.059070
13932	0.059069
2768	0.059024
1281	0.058966
3116	0.058879
11852	0.058868
9199	0.058853
13199	0.058834
13198	0.058834
9248	0.058799
6533	0.058751
10694	0.058730
3596	0.058707
565	0.058707
1326	0.058691
6255	0.058657
1768	0.058647
1777	0.058608
6279	0.058570
11977	0.058568
6118	0.058567
14404	0.058501
14400	0.058501
