9462	0.202300
1419	0.201474
11858	0.200837
9439	0.200698
3389	0.199129
2958	0.196869
2820	0.196856
1673	0.196636
1420	0.194854
2105	0.192048
2052	0.190631
3837	0.184676
2280	0.183167
5033	0.181063
13665	0.179150
5034	0.177893
7774	0.175755
5641	0.175755
5642	0.175743
5347	0.175524
1756	0.174699
13265	0.173840
4106	0.173583
7872	0.173385
8352	0.173383
8351	0.173383
2957	0.173383
2956	0.173383
11658	0.172896
4105	0.172108
2276	0.171175
6895	0.170962
13850	0.165990
4304	0.165924
4302	0.165924
11999	0.165919
6896	0.165004
2902	0.164748
11607	0.162874
268	0.162423
12348	0.161168
2281	0.156393
6532	0.155612
2952	0.154500
5433	0.153986
4538	0.153166
2283	0.150647
4542	0.148056
5035	0.147791
235	0.146333
4537	0.144628
4305	0.139914
221	0.139633
2831	0.137980
7757	0.137778
1119	0.136357
1120	0.136119
13247	0.135644
2114	0.134961
4168	0.131891
9623	0.130041
6754	0.125640
6102	0.124606
1115	0.122395
2521	0.120683
1118	0.118402
9218	0.117895
1133	0.117014
9201	0.114280
2170	0.113038
9248	0.111755
9438	0.111556
9177	0.110716
1121	0.108922
9207	0.108572
9205	0.108572
8528	0.108572
5452	0.107432
1656	0.105818
10661	0.105654
14418	0.105512
14417	0.105512
13284	0.105512
13152	0.105512
9795	0.105512
9793	0.105512
9792	0.105512
9791	0.105512
9789	0.105512
9745	0.105512
9163	0.105512
8614	0.105512
8613	0.105512
8177	0.105512
4163	0.105505
8076	0.105332
2128	0.104843
9226	0.104294
9217	0.104294
8534	0.104294
7827	0.104252
8615	0.103790
4294	0.103564
1109	0.103509
8611	0.103245
6806	0.102963
2278	0.102837
7288	0.102786
6430	0.102337
1123	0.102337
224	0.101683
2107	0.101201
6695	0.101124
4306	0.100988
9794	0.100866
1816	0.100833
304	0.100484
9174	0.099978
14358	0.099893
1117	0.099641
2108	0.098524
10030	0.098315
2110	0.098230
11439	0.098072
9237	0.097123
5268	0.096911
9135	0.096603
14233	0.095866
1136	0.095866
9176	0.095201
8809	0.095201
115	0.094929
6747	0.094359
7029	0.093821
7955	0.093096
12909	0.092931
9413	0.092899
6889	0.092749
1132	0.092570
1836	0.092102
5177	0.091918
2954	0.091879
2828	0.091789
7767	0.091744
9711	0.091636
9708	0.091636
9707	0.091636
9705	0.091636
9703	0.091636
9699	0.091525
13076	0.091306
9199	0.091262
2968	0.091179
1694	0.090891
5413	0.090617
8584	0.090498
3914	0.090453
11937	0.090238
114	0.089717
9152	0.089516
121	0.088892
1135	0.088573
2708	0.088309
879	0.087530
1111	0.087390
11989	0.087375
877	0.087202
2097	0.086585
9480	0.086096
8533	0.086096
2111	0.085971
4922	0.085730
3209	0.085667
11739	0.085646
823	0.085628
8864	0.085493
8863	0.085493
8583	0.085493
8124	0.085493
7904	0.085493
7903	0.085493
7902	0.085493
7901	0.085493
7900	0.085493
7899	0.085493
7897	0.085493
7896	0.085493
7895	0.085493
7526	0.085482
7880	0.085420
7400	0.085333
9796	0.085295
2955	0.085000
2953	0.085000
7020	0.084854
11964	0.084680
6838	0.084546
4559	0.084157
73	0.084011
6473	0.083871
8634	0.083655
9231	0.083635
6725	0.083350
12036	0.082976
8464	0.082890
2600	0.082799
2102	0.082720
11914	0.082580
876	0.082513
2522	0.082490
2282	0.082410
874	0.082408
6395	0.081834
3142	0.081780
2113	0.081654
11733	0.081648
13442	0.081624
129	0.081522
12252	0.081203
13541	0.081045
13603	0.081031
13238	0.081031
9553	0.081031
2959	0.081031
12103	0.081031
12296	0.080870
6244	0.080870
2104	0.080830
9200	0.080570
2279	0.080564
10664	0.080352
2960	0.079805
10480	0.079546
13054	0.079286
6465	0.078911
3093	0.078878
7131	0.078878
9787	0.078849
9786	0.078849
9785	0.078849
9784	0.078849
9783	0.078849
9782	0.078849
9781	0.078849
9778	0.078849
9280	0.078849
8585	0.078849
8567	0.078849
8553	0.078849
13334	0.078509
1458	0.078370
4416	0.078342
4111	0.078124
12201	0.078057
9702	0.078040
2	0.078039
2660	0.078015
8604	0.077958
13293	0.077883
3778	0.077803
2109	0.077501
7954	0.077118
9780	0.077100
5546	0.076973
4958	0.076850
9913	0.076665
9818	0.076372
9693	0.076372
8625	0.076303
12295	0.076098
6243	0.076098
8041	0.076000
8531	0.075831
4169	0.075503
13394	0.075416
8671	0.075412
9235	0.075405
9230	0.075405
9228	0.075405
9225	0.075405
9224	0.075405
9221	0.075405
9219	0.075405
9214	0.075405
9213	0.075405
9211	0.075405
9209	0.075405
9208	0.075405
9206	0.075405
9193	0.075405
8807	0.075405
8679	0.075405
8677	0.075405
8675	0.075405
8674	0.075405
8673	0.075405
8670	0.075405
8637	0.075405
8633	0.075405
8631	0.075405
8610	0.075405
8591	0.075405
8539	0.075405
8538	0.075405
8537	0.075405
8536	0.075405
8529	0.075405
8526	0.075405
8525	0.075405
8632	0.075405
6443	0.075385
3212	0.075261
10808	0.075205
2103	0.075095
14407	0.075001
524	0.074950
5476	0.074923
498	0.074877
8636	0.074807
7752	0.074673
3283	0.074654
2821	0.074453
12357	0.074276
2827	0.073965
8329	0.073952
9192	0.073878
1114	0.073724
2203	0.073658
9062	0.073432
8180	0.073426
8635	0.073327
8892	0.073230
11566	0.072978
713	0.072887
9709	0.072824
1122	0.072653
7606	0.072614
4205	0.072549
13417	0.072442
2064	0.072374
3940	0.072329
6482	0.072252
981	0.072175
4231	0.072160
8676	0.072065
489	0.071862
3588	0.071823
6758	0.071746
4541	0.071693
2275	0.071643
7676	0.071345
492	0.071205
9220	0.071103
6127	0.071100
9710	0.071027
7453	0.070713
10538	0.070702
7659	0.070615
8530	0.070154
12030	0.070138
1711	0.070034
9258	0.070027
14290	0.069984
6501	0.069809
1030	0.069493
14404	0.069449
14400	0.069449
8143	0.069449
8096	0.069449
4090	0.069418
9704	0.069255
14248	0.069194
8047	0.069194
1269	0.069173
14052	0.069149
10065	0.069149
13942	0.069084
9204	0.069011
8592	0.069011
9222	0.068829
716	0.068707
2121	0.068562
2124	0.068473
12873	0.068466
404	0.068354
9244	0.068322
11681	0.068254
2661	0.068250
4463	0.068194
295	0.068109
589	0.067932
9673	0.067770
3438	0.067687
5745	0.067659
9706	0.067598
2962	0.067372
14415	0.067345
9277	0.067345
2981	0.067302
4281	0.067285
7261	0.067277
7295	0.067221
7642	0.067072
1039	0.067039
8319	0.067007
6938	0.066987
4667	0.066641
1	0.066635
12915	0.066509
12914	0.066509
8451	0.066291
13706	0.066257
13738	0.066255
13731	0.066255
9415	0.066114
8851	0.066114
8850	0.066114
4671	0.066007
4669	0.066007
2990	0.065981
6278	0.065955
5245	0.065882
14266	0.065828
13707	0.065816
861	0.065798
469	0.065786
7913	0.065692
5968	0.065692
470	0.065692
11982	0.065640
5414	0.065640
5412	0.065640
13325	0.065627
5510	0.065580
679	0.065567
2605	0.065521
4670	0.065226
9414	0.065088
633	0.064967
5967	0.064961
8792	0.064734
225	0.064728
12182	0.064662
4464	0.064662
2965	0.064442
10286	0.064356
6472	0.064309
2186	0.064119
4596	0.064102
10097	0.064022
7468	0.064018
2967	0.064018
4037	0.063761
9788	0.063648
14416	0.063586
9210	0.063376
6017	0.063310
4465	0.063279
3739	0.063198
4836	0.062988
2442	0.062688
11178	0.062583
3745	0.062571
414	0.062559
12053	0.062538
1285	0.062494
991	0.062407
6587	0.062350
12050	0.062295
4113	0.062269
2197	0.062233
2996	0.062178
14374	0.062156
14363	0.062156
13036	0.062123
7920	0.062097
13456	0.062080
13342	0.062080
1078	0.061902
1097	0.061878
3536	0.061817
9520	0.061754
6380	0.061721
3431	0.061646
2119	0.061573
3320	0.061441
6317	0.061360
3907	0.061261
7783	0.061229
11147	0.061092
11968	0.061009
949	0.061009
10232	0.060827
3906	0.060655
7584	0.060602
4112	0.060386
6866	0.060328
9775	0.060158
3681	0.060077
14365	0.060034
3751	0.060007
3750	0.060007
3741	0.059971
2659	0.059859
11930	0.059726
2192	0.059719
12077	0.059610
6461	0.059610
3711	0.059610
222	0.059496
13235	0.059391
2204	0.059387
1833	0.059365
14364	0.059298
8221	0.059159
1885	0.059155
1884	0.059155
1883	0.059155
9317	0.059148
12979	0.059144
2199	0.059130
2182	0.059128
4668	0.059101
3905	0.059052
7511	0.058990
2106	0.058854
13698	0.058763
13544	0.058763
4595	0.058600
10582	0.058528
9713	0.058526
2191	0.058513
13621	0.058481
3538	0.058358
11618	0.058294
5219	0.058204
7655	0.058175
11988	0.058133
4216	0.058128
7654	0.058116
6407	0.058022
3427	0.058016
1113	0.057937
4569	0.057892
1400	0.057806
12572	0.057741
51	0.057731
5555	0.057694
730	0.057576
881	0.057570
2621	0.057509
13578	0.057502
13576	0.057502
13390	0.057502
11298	0.057367
10994	0.057367
7510	0.057285
5346	0.057256
9484	0.057219
9483	0.057219
3539	0.057192
12721	0.057151
9195	0.057144
882	0.057125
352	0.057089
1265	0.057070
3506	0.057055
2188	0.057025
8334	0.057008
4799	0.056990
14370	0.056960
12229	0.056834
5403	0.056815
14368	0.056697
6987	0.056608
2195	0.056560
3423	0.056502
9202	0.056452
10795	0.056297
8453	0.056267
14357	0.056253
7787	0.056253
1235	0.056241
9150	0.056020
7258	0.055995
3425	0.055939
1882	0.055918
4798	0.055917
698	0.055795
7713	0.055734
9993	0.055679
13970	0.055673
8468	0.055640
2978	0.055640
2977	0.055640
11903	0.055443
9700	0.055324
13545	0.055285
14375	0.055147
10098	0.055141
5184	0.055042
9232	0.054975
817	0.054748
2980	0.054713
2509	0.054627
1346	0.054614
353	0.054583
10491	0.054560
2190	0.054550
6197	0.054517
6151	0.054468
5926	0.054366
1952	0.054360
7917	0.054354
2092	0.054242
8891	0.054234
2510	0.054222
11429	0.054052
11324	0.054052
370	0.054027
13449	0.053958
141	0.053917
2202	0.053915
3507	0.053851
3440	0.053809
2286	0.053801
4857	0.053705
1141	0.053671
9302	0.053656
4693	0.053577
4383	0.053570
14367	0.053475
10227	0.053449
2542	0.053422
12010	0.053322
11034	0.053315
3921	0.053268
5604	0.053187
2112	0.053175
4160	0.053089
10045	0.052928
11646	0.052852
3700	0.052826
7918	0.052811
13497	0.052785
1589	0.052783
599	0.052738
14351	0.052718
13498	0.052704
4511	0.052673
10233	0.052668
11625	0.052552
14120	0.052508
10403	0.052390
7479	0.052334
2666	0.052219
1006	0.052132
7999	0.052107
6149	0.052024
3415	0.052016
6077	0.051968
13739	0.051923
8392	0.051881
792	0.051857
4865	0.051853
12243	0.051819
7830	0.051802
9311	0.051800
11634	0.051774
3873	0.051689
2172	0.051584
14269	0.051577
1001	0.051564
4021	0.051453
6812	0.051414
10191	0.051379
10085	0.051277
5918	0.051241
6393	0.051182
4692	0.051110
9761	0.051057
948	0.051036
2014	0.051026
9168	0.050923
14360	0.050868
9121	0.050868
9112	0.050868
13156	0.050803
10176	0.050803
10087	0.050803
10086	0.050803
777	0.050794
5442	0.050782
888	0.050721
11715	0.050601
11635	0.050549
7530	0.050237
8628	0.050225
11987	0.050156
7227	0.050141
4485	0.050059
683	0.050048
119	0.050039
4721	0.050024
3736	0.050005
9145	0.049921
11425	0.049918
10379	0.049918
4758	0.049859
11226	0.049764
9178	0.049762
10127	0.049703
1402	0.049690
6742	0.049671
2523	0.049592
7977	0.049584
4053	0.049552
2117	0.049479
578	0.049473
1785	0.049462
6913	0.049454
3313	0.049441
3710	0.049440
7206	0.049412
10050	0.049380
6376	0.049361
10553	0.049358
9198	0.049358
13519	0.049349
8813	0.049328
1930	0.049325
12679	0.049256
4646	0.049193
13533	0.049141
13532	0.049141
13531	0.049141
10226	0.049127
11611	0.049101
8894	0.049101
8893	0.049101
6339	0.049101
3439	0.049101
12332	0.049078
2450	0.049030
9588	0.048999
9215	0.048972
1837	0.048944
10694	0.048934
13585	0.048925
4824	0.048920
11904	0.048896
8447	0.048835
2444	0.048781
14219	0.048765
7686	0.048716
5746	0.048715
13687	0.048562
8895	0.048557
6447	0.048519
1110	0.048473
11678	0.048464
7379	0.048428
4520	0.048386
5424	0.048357
9455	0.048357
4361	0.048343
4839	0.048290
9170	0.048211
13557	0.048170
13556	0.048170
11815	0.048106
9385	0.047988
11816	0.047875
2227	0.047725
2423	0.047616
2532	0.047559
12023	0.047495
11998	0.047381
4450	0.047369
4377	0.047348
9153	0.047278
13448	0.047037
9143	0.047017
6242	0.047017
38	0.047007
10236	0.046903
11556	0.046811
7495	0.046774
10229	0.046625
9307	0.046615
392	0.046555
1840	0.046540
8565	0.046481
487	0.046446
13321	0.046383
9347	0.046284
13374	0.046217
13373	0.046217
6098	0.046144
11166	0.046131
4334	0.046080
10230	0.046065
5790	0.046059
7915	0.046023
2118	0.046017
7888	0.045928
13462	0.045803
5734	0.045746
11616	0.045718
4648	0.045718
4643	0.045718
8335	0.045696
14342	0.045690
11682	0.045656
4778	0.045544
4581	0.045455
8090	0.045436
2847	0.045436
2843	0.045436
2839	0.045436
6623	0.045402
2179	0.045340
3838	0.045305
3333	0.045223
2823	0.045176
3007	0.045153
9233	0.045146
3590	0.045138
2840	0.045103
9024	0.045076
9023	0.045076
9022	0.045076
8949	0.045076
5423	0.045051
6656	0.045035
9912	0.045002
9911	0.045002
5123	0.044863
11689	0.044799
13427	0.044775
10534	0.044673
12234	0.044641
2979	0.044588
6707	0.044471
3636	0.044466
13320	0.044333
2277	0.044287
7879	0.044281
3592	0.044228
6307	0.044096
10839	0.044070
187	0.043976
7692	0.043907
12764	0.043892
3370	0.043877
10836	0.043864
35	0.043678
3604	0.043674
11850	0.043672
2363	0.043663
3311	0.043642
12281	0.043625
6619	0.043625
12756	0.043557
9610	0.043549
2966	0.043521
6006	0.043516
13400	0.043498
10838	0.043463
5272	0.043446
13050	0.043436
9729	0.043323
13326	0.043315
3314	0.043262
4873	0.043250
11300	0.043242
8711	0.043226
4977	0.043215
3371	0.043164
13694	0.043152
385	0.043147
8732	0.043145
1254	0.043073
4142	0.043062
2351	0.043048
2350	0.043048
2348	0.043048
2346	0.043048
3669	0.043045
4672	0.043039
8710	0.043031
6351	0.042971
3952	0.042924
5500	0.042899
2658	0.042856
6378	0.042832
6295	0.042751
12525	0.042747
2320	0.042724
8609	0.042673
7569	0.042669
14395	0.042629
7891	0.042629
3498	0.042580
5571	0.042530
8773	0.042494
6621	0.042494
678	0.042493
1905	0.042468
582	0.042433
5696	0.042378
6292	0.042367
3666	0.042331
12414	0.042328
11679	0.042235
6618	0.042185
6557	0.042182
14379	0.042172
3430	0.042171
9481	0.042131
9479	0.042131
9478	0.042131
9476	0.042131
9475	0.042131
9473	0.042131
9472	0.042131
9471	0.042131
9470	0.042131
9468	0.042131
9345	0.042131
8667	0.042131
8665	0.042131
8664	0.042131
8663	0.042131
8662	0.042131
8630	0.042131
8629	0.042131
8627	0.042131
8626	0.042131
9477	0.042107
2177	0.042099
8348	0.042096
13574	0.041975
9748	0.041901
6046	0.041885
12136	0.041862
7782	0.041814
3318	0.041810
1116	0.041727
7200	0.041655
5615	0.041633
1743	0.041622
14406	0.041584
14405	0.041584
1839	0.041575
12063	0.041573
5855	0.041388
596	0.041357
10156	0.041355
9506	0.041326
586	0.041280
9686	0.041259
307	0.041246
10088	0.041072
6671	0.041066
5777	0.040925
12101	0.040850
12275	0.040767
243	0.040747
9741	0.040719
3310	0.040719
4624	0.040695
2892	0.040692
2964	0.040668
2475	0.040658
2846	0.040617
2950	0.040610
5030	0.040603
8709	0.040577
14376	0.040503
14359	0.040503
7998	0.040503
10642	0.040470
8312	0.040466
11587	0.040461
997	0.040413
2185	0.040362
1758	0.040318
10760	0.040282
2267	0.040237
4976	0.040230
2599	0.040212
10638	0.040176
9839	0.040154
4834	0.040132
3211	0.040012
12218	0.039944
2058	0.039944
1025	0.039926
3735	0.039898
