2297	0.565072
2298	0.487023
556	0.476404
2180	0.437979
2299	0.386940
2250	0.356383
6832	0.339945
5358	0.318855
284	0.317093
2249	0.285531
11015	0.280448
2300	0.280101
7422	0.259659
11275	0.246419
4325	0.194317
2176	0.177546
8623	0.170658
11178	0.155158
7457	0.150000
11073	0.139047
9919	0.138511
991	0.135639
4792	0.135071
7281	0.132531
3176	0.129959
11279	0.127157
8009	0.125724
11109	0.123067
9968	0.122097
9085	0.121883
9086	0.121588
11416	0.121556
11074	0.121173
11076	0.120930
3210	0.117820
6946	0.114605
3429	0.111269
7224	0.111023
6574	0.111023
5527	0.111023
1177	0.109951
2698	0.109853
11091	0.109319
4235	0.108933
4947	0.107973
2700	0.107778
10920	0.107182
6758	0.106924
7282	0.106714
2871	0.106267
3428	0.105546
8314	0.105445
1808	0.105185
14227	0.104219
5883	0.104178
5934	0.103849
5933	0.103849
6084	0.103664
5880	0.103466
677	0.103242
7202	0.102867
5185	0.102182
3441	0.101956
11202	0.101852
10089	0.101072
5650	0.101071
1030	0.099351
7036	0.099202
7207	0.098810
428	0.098048
4618	0.097682
570	0.097236
10389	0.097235
5649	0.096752
13719	0.096633
10588	0.096633
7547	0.096633
639	0.096562
10507	0.096355
874	0.096017
11626	0.095990
2709	0.095558
10793	0.095182
568	0.095118
1172	0.095107
7434	0.094503
13340	0.094145
10274	0.093938
1888	0.093764
14128	0.093569
13029	0.093550
9738	0.093550
9737	0.093550
8060	0.093550
6138	0.093215
10255	0.093198
10550	0.092434
2486	0.092062
3440	0.091964
11033	0.091644
2129	0.091270
333	0.090773
13105	0.089833
7201	0.089775
7056	0.089755
8570	0.089650
10129	0.088968
12315	0.088712
1567	0.088694
6324	0.088294
5441	0.088057
7026	0.087589
3789	0.086980
10275	0.086912
6216	0.086865
10098	0.086325
10249	0.086272
10076	0.086142
4090	0.086124
4319	0.086062
10077	0.086024
8572	0.085829
8569	0.085829
8568	0.085829
3375	0.085819
8935	0.085575
1952	0.085519
11072	0.085102
6415	0.085031
11904	0.085022
12017	0.084934
12283	0.084485
10801	0.084413
3425	0.083873
12637	0.083816
7359	0.083380
3715	0.083334
4536	0.083331
10223	0.083000
2289	0.082912
11987	0.082865
9120	0.082326
9317	0.082039
8922	0.081752
10921	0.081610
1091	0.081508
2185	0.080992
2594	0.080524
11177	0.080261
3819	0.080241
10245	0.080032
2781	0.079350
1237	0.079202
11447	0.079141
10358	0.079031
13155	0.079030
5882	0.078777
12573	0.078578
3418	0.078438
9262	0.078431
4784	0.078324
4783	0.078180
5876	0.077998
1953	0.077895
1954	0.077895
10097	0.077610
11565	0.077520
10037	0.077435
4782	0.076915
11552	0.076584
12502	0.076071
4973	0.075829
12799	0.075763
10273	0.075630
5154	0.075168
4534	0.075107
7068	0.075060
5994	0.075051
1951	0.074728
5995	0.074415
11589	0.074100
11624	0.073525
3638	0.073180
11747	0.073166
5362	0.072897
5361	0.072897
5360	0.072897
2124	0.072812
10852	0.072769
13164	0.072643
1734	0.072512
9433	0.072470
3603	0.072429
3152	0.072294
13126	0.072187
1956	0.072161
5651	0.071981
1162	0.071643
11239	0.071506
11238	0.071506
5829	0.071423
7970	0.071367
11675	0.071168
12440	0.071159
10937	0.071057
10622	0.071011
11638	0.070955
4673	0.070825
6101	0.070781
12441	0.070640
5830	0.070479
6530	0.070228
10049	0.069960
12241	0.069939
12240	0.069939
8074	0.069939
7294	0.069939
6054	0.069939
4336	0.069939
4392	0.069937
6528	0.069508
14091	0.069378
6157	0.069348
10426	0.069274
4716	0.069243
4530	0.069182
8566	0.069143
3174	0.069115
533	0.069070
13372	0.069064
6826	0.068782
11599	0.068759
2169	0.068759
6498	0.068392
12161	0.068205
11870	0.068205
11794	0.068205
11204	0.068205
11203	0.068205
6144	0.068205
6143	0.068205
6142	0.068205
6141	0.068205
11800	0.068153
13322	0.068115
10388	0.067989
1685	0.067580
8833	0.067428
14	0.067381
4535	0.067366
6140	0.067264
6139	0.067264
354	0.067240
3426	0.067027
5851	0.066751
12436	0.066669
499	0.066658
8890	0.066538
6455	0.066357
11075	0.066356
4531	0.066302
7506	0.066280
12238	0.066250
2962	0.066068
12237	0.066052
589	0.066040
10925	0.066017
5664	0.065893
8596	0.065710
12400	0.065467
11586	0.065467
3986	0.065396
2701	0.065387
7203	0.065368
2797	0.065312
2078	0.065125
9917	0.065073
12414	0.065055
683	0.064938
12525	0.064840
3810	0.064806
6053	0.064569
2203	0.064360
12147	0.063902
9799	0.063805
8656	0.063728
4204	0.063633
11728	0.063453
7205	0.063388
7817	0.063329
12438	0.063240
11534	0.063219
4760	0.063152
6386	0.062784
7245	0.062733
11729	0.062683
9991	0.062429
323	0.062396
9579	0.062256
4974	0.061980
6741	0.061804
5220	0.061747
5430	0.061691
3661	0.061621
6835	0.061493
6841	0.061387
12507	0.061333
13285	0.061209
2109	0.061148
1950	0.061022
4872	0.060970
13569	0.060890
5747	0.060569
4770	0.060556
2113	0.060298
12074	0.060274
2284	0.060165
5344	0.060137
2111	0.060057
11011	0.059786
10253	0.059771
10756	0.059744
10548	0.059730
2699	0.059680
12367	0.059596
11989	0.059330
2267	0.059275
11403	0.058819
6148	0.058819
3806	0.058751
10608	0.058674
7088	0.058391
1731	0.058319
8065	0.058226
555	0.058216
13157	0.058136
303	0.058065
316	0.057968
566	0.057792
10042	0.057785
331	0.057675
2191	0.057487
5672	0.057477
9170	0.057411
1109	0.057378
338	0.057267
332	0.057262
2152	0.057250
2708	0.057201
4532	0.057101
5815	0.056981
5671	0.056908
10860	0.056841
2182	0.056745
8066	0.056736
11007	0.056723
11564	0.056595
5393	0.056474
4402	0.056413
13394	0.056379
876	0.056288
8175	0.056257
306	0.056220
335	0.056215
334	0.056215
327	0.056215
305	0.056215
302	0.056215
328	0.056203
561	0.055900
329	0.055882
12818	0.055853
713	0.055841
330	0.055797
5024	0.055796
6700	0.055692
2344	0.055576
13360	0.055445
310	0.055220
9139	0.055176
696	0.055037
2595	0.055005
9926	0.054948
9925	0.054948
9924	0.054948
9852	0.054948
7773	0.054948
7447	0.054948
13165	0.054908
311	0.054859
11781	0.054683
2020	0.054617
7268	0.054608
9301	0.054577
5725	0.054543
312	0.054516
12772	0.054399
10018	0.054261
11176	0.054257
221	0.054245
14250	0.054218
10558	0.054218
10555	0.054218
6968	0.054218
1183	0.054213
8042	0.054203
1120	0.054166
13247	0.054045
3764	0.053916
13365	0.053915
1119	0.053887
877	0.053716
10376	0.053644
10556	0.053590
13697	0.053590
13364	0.053590
13094	0.053377
247	0.053355
13597	0.053325
13596	0.053325
13595	0.053325
13583	0.053325
13554	0.053325
13402	0.053325
7990	0.053325
7855	0.053280
10212	0.053265
321	0.053253
3111	0.053219
6056	0.053195
1192	0.053189
2110	0.053106
2453	0.053073
5846	0.052927
500	0.052818
10477	0.052696
12145	0.052589
10515	0.052589
5956	0.052589
10511	0.052476
12665	0.052448
14249	0.052373
10451	0.052234
13023	0.052139
5957	0.051999
2097	0.051955
12773	0.051913
6393	0.051704
12461	0.051687
12636	0.051680
6727	0.051678
12710	0.051322
13838	0.050972
10560	0.050953
6472	0.050900
308	0.050868
10949	0.050837
11455	0.050731
11426	0.050731
10475	0.050727
5046	0.050691
4865	0.050680
1436	0.050669
5583	0.050618
5582	0.050540
591	0.050455
3391	0.050416
1889	0.050181
8037	0.050175
9125	0.050123
2112	0.050115
10557	0.050111
4193	0.050106
12632	0.049984
314	0.049982
10020	0.049967
10277	0.049862
2899	0.049847
9562	0.049771
3100	0.049771
1608	0.049675
220	0.049625
6259	0.049501
6938	0.049473
11685	0.049436
9198	0.049391
9013	0.049367
2496	0.049328
3341	0.049325
2377	0.049320
7025	0.049246
12118	0.049243
2083	0.049243
2074	0.049243
1899	0.049243
1896	0.049243
12530	0.049239
3098	0.049204
11575	0.049070
10019	0.049036
3813	0.048981
10612	0.048978
10497	0.048840
3851	0.048710
6052	0.048696
3473	0.048588
1111	0.048354
4787	0.048314
12091	0.048243
5048	0.048243
13820	0.048217
2600	0.048187
3812	0.047828
9800	0.047369
10948	0.047340
8901	0.047302
12836	0.047204
12824	0.047204
12286	0.047201
13095	0.047186
6969	0.047186
11211	0.047174
12431	0.047108
7400	0.047092
12504	0.047067
8	0.046908
690	0.046740
13054	0.046719
9828	0.046655
3778	0.046577
1876	0.046507
1836	0.046359
7285	0.046254
1894	0.046122
14348	0.046065
12754	0.046030
1118	0.045940
7004	0.045855
2753	0.045810
6987	0.045759
6737	0.045705
1238	0.045687
13558	0.045530
10523	0.045508
340	0.045483
10158	0.045441
11019	0.045428
2731	0.045402
8969	0.045346
9200	0.045293
11068	0.045286
254	0.045256
10554	0.045245
7541	0.045231
11395	0.045171
10264	0.045148
8907	0.045117
2889	0.045105
11556	0.044981
12707	0.044902
13265	0.044716
1199	0.044672
8001	0.044664
675	0.044634
10440	0.044569
11108	0.044518
11658	0.044464
341	0.044417
2581	0.044414
4873	0.044399
8988	0.044290
12497	0.044198
7048	0.044155
3463	0.044082
7459	0.044082
574	0.043983
13716	0.043850
10127	0.043818
9066	0.043782
2582	0.043749
7261	0.043674
3212	0.043663
4419	0.043634
2381	0.043624
13121	0.043436
4789	0.043436
4788	0.043436
7101	0.043419
9197	0.043366
10514	0.043295
474	0.043262
13374	0.043249
13373	0.043249
12043	0.043246
124	0.043199
8091	0.043184
11411	0.043129
13537	0.043115
10972	0.043011
7005	0.043007
9854	0.043006
9845	0.043006
9814	0.043006
9369	0.043006
2981	0.042987
7746	0.042986
13034	0.042970
7006	0.042970
10357	0.042961
4	0.042942
13401	0.042894
10615	0.042806
12690	0.042796
13725	0.042790
7747	0.042787
13740	0.042758
12533	0.042737
12618	0.042731
6496	0.042723
5432	0.042723
14111	0.042715
14080	0.042715
5026	0.042589
5027	0.042589
12437	0.042489
2452	0.042457
215	0.042339
10211	0.042279
5524	0.042278
1085	0.042238
3066	0.042227
2230	0.042222
8655	0.042189
11518	0.042160
1955	0.042123
1869	0.042105
1741	0.042033
10808	0.042014
5761	0.042007
8877	0.042007
3030	0.041993
10217	0.041982
10180	0.041982
10161	0.041982
6569	0.041969
5327	0.041962
10005	0.041946
7468	0.041901
2967	0.041901
13448	0.041889
10213	0.041807
11753	0.041802
3209	0.041775
13718	0.041737
11334	0.041693
11505	0.041688
5175	0.041665
12779	0.041507
2287	0.041371
10258	0.041371
11165	0.041357
9717	0.041355
7944	0.041318
12673	0.041312
5958	0.041304
10665	0.041286
217	0.041150
295	0.041093
2809	0.041038
11415	0.041035
11122	0.040958
7910	0.040887
7544	0.040880
4177	0.040880
7343	0.040859
10650	0.040857
108	0.040856
6692	0.040832
13331	0.040805
2813	0.040734
6076	0.040715
7638	0.040664
11065	0.040655
4895	0.040576
13916	0.040530
2483	0.040530
9202	0.040487
8931	0.040446
2532	0.040401
13291	0.040385
604	0.040373
5217	0.040317
13691	0.040291
13690	0.040291
8880	0.040291
8879	0.040291
8210	0.040291
6989	0.040284
4897	0.040272
10369	0.040217
2177	0.040197
2965	0.040016
13427	0.039994
10447	0.039965
10446	0.039965
10445	0.039965
10442	0.039965
13132	0.039935
29	0.039912
678	0.039682
6869	0.039640
13641	0.039565
8092	0.039559
13568	0.039538
11424	0.039479
10707	0.039394
13144	0.039390
10904	0.039375
9654	0.039344
11052	0.039285
8934	0.039273
10356	0.039226
716	0.039215
10419	0.039212
6380	0.039170
9958	0.039162
12262	0.039062
10838	0.039061
3907	0.039020
10391	0.039005
10443	0.038853
12750	0.038824
5071	0.038800
1833	0.038783
13110	0.038761
12396	0.038736
2102	0.038727
13246	0.038717
12393	0.038674
2104	0.038635
1506	0.038619
1357	0.038525
10839	0.038477
12387	0.038329
12521	0.038249
5493	0.038249
2828	0.038240
11057	0.038240
10444	0.038237
7342	0.038218
10250	0.038154
6252	0.038144
10311	0.038136
6009	0.038113
4742	0.038113
10131	0.038089
10875	0.038060
12556	0.037992
1132	0.037951
567	0.037899
3133	0.037897
9840	0.037870
1001	0.037864
7260	0.037818
10916	0.037800
10226	0.037766
12462	0.037747
10685	0.037747
4135	0.037637
9870	0.037611
12357	0.037597
6564	0.037526
11754	0.037499
2292	0.037469
12524	0.037444
4743	0.037378
7296	0.037333
13598	0.037223
6023	0.037204
1968	0.037203
6480	0.037201
7721	0.037126
8636	0.037108
7720	0.037045
700	0.037037
6070	0.037014
10337	0.036882
1106	0.036877
12613	0.036876
5411	0.036872
2817	0.036828
13499	0.036732
9596	0.036663
12792	0.036642
11914	0.036588
315	0.036587
28	0.036561
11510	0.036548
7475	0.036455
10256	0.036399
7399	0.036395
10646	0.036370
8794	0.036324
11887	0.036320
7961	0.036298
492	0.036278
9520	0.036259
7028	0.036215
12791	0.036027
12788	0.036027
3596	0.035880
9876	0.035879
7628	0.035879
7627	0.035879
318	0.035876
12802	0.035809
4790	0.035779
7874	0.035725
4169	0.035705
12604	0.035680
2812	0.035674
9235	0.035669
9230	0.035669
9228	0.035669
9225	0.035669
9224	0.035669
9221	0.035669
9219	0.035669
9214	0.035669
9213	0.035669
9211	0.035669
9209	0.035669
9208	0.035669
9206	0.035669
9193	0.035669
8807	0.035669
8679	0.035669
8677	0.035669
8675	0.035669
8674	0.035669
8673	0.035669
8670	0.035669
8637	0.035669
8633	0.035669
8631	0.035669
8610	0.035669
8591	0.035669
8539	0.035669
8538	0.035669
8537	0.035669
8536	0.035669
8529	0.035669
8526	0.035669
8525	0.035669
8632	0.035669
8671	0.035668
9960	0.035651
6443	0.035627
12787	0.035621
10449	0.035612
13111	0.035592
13109	0.035592
9959	0.035592
10499	0.035589
2451	0.035513
10334	0.035493
4349	0.035487
10002	0.035421
669	0.035287
11697	0.035189
11459	0.035181
11340	0.035181
6329	0.035181
10125	0.035107
319	0.035062
7764	0.035054
7346	0.035051
101	0.035051
1643	0.035014
12777	0.034973
13306	0.034957
10961	0.034932
14126	0.034921
14125	0.034921
531	0.034891
7363	0.034889
4595	0.034863
1235	0.034792
6830	0.034785
4007	0.034773
4933	0.034742
13706	0.034683
13738	0.034683
13731	0.034683
624	0.034537
11506	0.034499
12202	0.034442
3988	0.034442
871	0.034407
13707	0.034360
12689	0.034270
5467	0.034261
6366	0.034238
3987	0.034195
10024	0.034133
10048	0.034038
4037	0.034003
11522	0.033985
10818	0.033934
3664	0.033891
10186	0.033887
4521	0.033885
2107	0.033881
12574	0.033839
8356	0.033830
4141	0.033825
11742	0.033822
5226	0.033822
6360	0.033771
6731	0.033742
7462	0.033736
7460	0.033736
693	0.033711
8832	0.033678
10432	0.033601
5913	0.033566
5918	0.033531
2482	0.033502
6055	0.033491
10441	0.033466
10638	0.033457
12309	0.033383
6779	0.033383
8865	0.033371
9196	0.033336
13311	0.033317
2128	0.033250
7642	0.033239
1113	0.033204
13810	0.033202
10670	0.033093
13743	0.033067
14343	0.033026
14341	0.033026
14304	0.033026
14292	0.033026
14278	0.033026
14273	0.033026
14164	0.033026
7461	0.033026
4867	0.033022
6780	0.032978
6134	0.032890
1879	0.032877
5345	0.032836
10189	0.032732
5291	0.032564
11852	0.032561
6935	0.032547
13805	0.032546
5132	0.032546
8023	0.032484
9220	0.032446
12783	0.032418
10215	0.032418
10739	0.032335
10788	0.032335
10777	0.032335
10759	0.032335
4596	0.032332
625	0.032296
10694	0.032276
10609	0.032264
1895	0.032261
11237	0.032237
8855	0.032209
4172	0.032139
7511	0.032127
3787	0.032093
6829	0.032068
3064	0.032007
7489	0.031966
13560	0.031939
8445	0.031896
12221	0.031890
6787	0.031890
3538	0.031876
4655	0.031871
8635	0.031857
12527	0.031856
7514	0.031845
326	0.031845
12010	0.031804
3940	0.031765
7158	0.031754
5888	0.031720
4824	0.031711
13384	0.031704
2858	0.031702
11618	0.031698
