221	0.177810
1119	0.176639
1120	0.176283
13247	0.175888
2105	0.172657
3837	0.162862
5642	0.162782
7774	0.162780
5641	0.162780
5347	0.162733
3389	0.161822
1115	0.158060
11858	0.149681
9439	0.149330
9462	0.149262
304	0.148385
4542	0.147661
1118	0.147646
4304	0.145658
4302	0.145658
11999	0.145651
1419	0.145235
1133	0.143498
1121	0.142242
2958	0.142145
11607	0.142016
2820	0.141847
12348	0.141666
6747	0.141222
1673	0.139996
8615	0.139872
2052	0.137905
1420	0.136865
295	0.134991
1836	0.134278
13265	0.134100
11658	0.133526
4538	0.133311
13394	0.133160
1756	0.133107
6430	0.132651
1123	0.132651
876	0.132162
11989	0.132101
13076	0.132020
2174	0.131046
2111	0.130699
877	0.129954
6838	0.129548
2170	0.127941
2110	0.127793
6695	0.127716
9623	0.127301
2109	0.127290
3438	0.126824
29	0.125327
2113	0.125135
1109	0.124793
2097	0.124225
115	0.124091
14233	0.123821
1136	0.123821
7288	0.123512
7872	0.122194
8352	0.122187
8351	0.122187
2957	0.122187
2956	0.122187
4106	0.122072
9248	0.121472
4105	0.121355
7526	0.120906
8864	0.120801
8863	0.120801
8583	0.120801
8124	0.120801
7904	0.120801
7903	0.120801
7902	0.120801
7901	0.120801
7900	0.120801
7899	0.120801
7897	0.120801
7896	0.120801
7895	0.120801
4305	0.120386
6895	0.120368
235	0.120321
2102	0.120265
4537	0.119182
7757	0.118918
2128	0.118786
9197	0.118590
13557	0.118482
13556	0.118482
9385	0.118444
713	0.118280
5268	0.117845
2600	0.117464
13850	0.116674
5747	0.116495
2280	0.116374
6896	0.115878
6378	0.115268
2108	0.114925
2902	0.114550
9794	0.113758
12036	0.113352
2104	0.113288
8076	0.113136
2952	0.113096
7659	0.113006
14418	0.112983
14417	0.112983
13284	0.112983
13152	0.112983
9795	0.112983
9793	0.112983
9792	0.112983
9791	0.112983
9789	0.112983
9745	0.112983
9163	0.112983
8614	0.112983
8613	0.112983
8177	0.112983
4163	0.112960
9775	0.112648
2277	0.112311
5033	0.112019
2107	0.111837
2968	0.111413
10661	0.111046
224	0.110785
9201	0.110459
1132	0.110372
13665	0.110122
5034	0.110068
2828	0.109782
5546	0.109666
9176	0.109647
8809	0.109647
13036	0.108289
2124	0.108270
9174	0.108223
9177	0.107483
14358	0.107373
9218	0.107301
2523	0.106973
8584	0.106719
28	0.106569
6278	0.106308
3745	0.106268
12053	0.106216
6532	0.106208
3739	0.105961
14266	0.105884
2064	0.105347
1952	0.105273
5452	0.105244
7676	0.104928
2521	0.104804
12873	0.104526
3778	0.104489
11914	0.104417
5433	0.104379
7453	0.104319
4168	0.104045
6473	0.104033
4865	0.103221
4463	0.103084
6393	0.103077
9207	0.102662
9205	0.102662
8528	0.102662
13621	0.102595
2175	0.102537
1117	0.102501
6472	0.102466
9226	0.102294
9217	0.102294
8534	0.102294
7827	0.102261
12909	0.101964
9413	0.101941
23	0.101688
683	0.101598
7295	0.101476
8611	0.101342
4294	0.101276
13449	0.101273
12721	0.101240
2281	0.101010
11987	0.100368
6806	0.100316
3921	0.099496
2103	0.099262
12182	0.099210
4464	0.099210
2382	0.098733
498	0.098694
2112	0.097999
2185	0.097784
268	0.097021
9199	0.096690
3437	0.096321
9480	0.096179
8533	0.096179
13942	0.095996
14248	0.095650
8047	0.095650
9796	0.095639
10030	0.095488
861	0.094966
469	0.094952
13706	0.094844
7913	0.094843
5968	0.094843
470	0.094843
13738	0.094840
13731	0.094840
6102	0.094683
114	0.094560
13707	0.094457
4465	0.094419
4836	0.094392
2114	0.094379
6482	0.094246
5967	0.093982
9415	0.093409
8851	0.093409
8850	0.093409
9704	0.093293
8714	0.093038
121	0.092740
874	0.092555
11988	0.092335
8892	0.092280
11818	0.091953
8792	0.091768
12030	0.091713
4306	0.091665
1285	0.091532
9135	0.091510
4667	0.091402
4466	0.091186
225	0.091106
404	0.090857
1135	0.090640
9152	0.090618
316	0.090507
4111	0.090408
7955	0.090359
8531	0.090209
352	0.090198
1111	0.090129
7029	0.089899
9711	0.089893
9708	0.089893
9707	0.089893
9705	0.089893
9703	0.089893
9699	0.089842
4559	0.089625
9258	0.089491
5	0.089399
4671	0.089201
4669	0.089201
5035	0.089186
2990	0.089159
8625	0.089056
1458	0.088753
4670	0.088535
8634	0.088465
9231	0.088440
12915	0.088063
12914	0.088063
9702	0.088016
3001	0.087529
5354	0.087519
14404	0.087471
14400	0.087471
8143	0.087471
8096	0.087471
14407	0.087269
7131	0.087211
7767	0.087116
11715	0.087021
9787	0.087019
9786	0.087019
9785	0.087019
9784	0.087019
9783	0.087019
9782	0.087019
9781	0.087019
9778	0.087019
9280	0.087019
8585	0.087019
8567	0.087019
8553	0.087019
6465	0.086977
4416	0.086474
9909	0.086322
8604	0.085803
7752	0.085710
13545	0.085498
9780	0.085404
3914	0.085291
9913	0.085272
13490	0.085205
13632	0.085205
13631	0.085205
1097	0.085153
13633	0.085153
6255	0.085007
11937	0.084931
9150	0.084806
2831	0.084651
4668	0.084543
1919	0.084509
3741	0.084502
10898	0.084497
9869	0.084280
2173	0.084211
9709	0.084191
2283	0.084049
51	0.083770
9818	0.083588
9693	0.083588
7020	0.083469
353	0.083291
6889	0.083285
9438	0.083161
370	0.082969
311	0.082848
1694	0.082812
3507	0.082656
2695	0.082443
2996	0.082428
6587	0.082323
1400	0.082152
12244	0.081938
26	0.081877
4450	0.081726
11998	0.081724
11678	0.081704
4377	0.081694
8180	0.081649
13456	0.081640
13342	0.081640
12074	0.081604
6841	0.081599
6835	0.081386
6741	0.081357
5219	0.081051
7606	0.080947
3505	0.080734
14365	0.080661
8134	0.080600
331	0.080377
3636	0.080365
5476	0.080289
3431	0.080235
14370	0.080134
3588	0.080059
314	0.080050
14367	0.080044
13285	0.080038
8221	0.079984
12229	0.079979
312	0.079960
3539	0.079937
4383	0.079884
332	0.079844
6127	0.079766
10549	0.079738
12979	0.079648
9196	0.079593
5403	0.079483
12252	0.079419
3320	0.079391
9192	0.079261
14364	0.079224
4974	0.079209
7261	0.079155
14374	0.079154
14363	0.079154
3209	0.079127
2981	0.079123
14357	0.078885
7787	0.078885
8453	0.078885
10795	0.078869
303	0.078867
335	0.078837
334	0.078837
327	0.078837
305	0.078837
302	0.078837
11739	0.078806
4	0.078557
716	0.078490
310	0.078350
11646	0.078213
1001	0.078190
5123	0.078178
10403	0.078113
1265	0.077832
14415	0.077693
9277	0.077693
3940	0.077687
4482	0.077651
9912	0.077555
9911	0.077555
14052	0.077490
10065	0.077490
5745	0.077486
7783	0.077465
2954	0.077425
11781	0.077419
13448	0.077383
73	0.077342
2980	0.077316
11566	0.077257
6754	0.077228
7306	0.077188
6707	0.077131
12243	0.077000
9942	0.076830
9931	0.076830
9930	0.076830
9921	0.076830
9901	0.076830
9899	0.076830
9895	0.076830
9866	0.076830
9836	0.076830
9832	0.076830
9810	0.076830
9698	0.076830
9636	0.076830
9570	0.076830
9299	0.076830
7917	0.076753
10060	0.076689
4365	0.076689
4281	0.076682
14368	0.076617
1114	0.076582
222	0.076446
7510	0.076197
9993	0.076193
12949	0.076059
12947	0.076059
12946	0.076059
12945	0.076059
12943	0.076059
12942	0.076059
1930	0.076025
7400	0.075879
2965	0.075852
4922	0.075770
220	0.075726
4366	0.075447
8319	0.075368
6501	0.075351
6205	0.075328
8451	0.075308
6149	0.075231
7468	0.075144
2967	0.075144
9710	0.074957
14416	0.074937
9222	0.074914
14342	0.074911
329	0.074773
330	0.074752
296	0.074725
6623	0.074521
8676	0.074377
9244	0.074259
4231	0.074203
8468	0.074111
2978	0.074111
2977	0.074111
10624	0.074048
11280	0.073973
7954	0.073934
9145	0.073918
13970	0.073662
6742	0.073549
2822	0.073541
2106	0.073459
2708	0.073381
2276	0.073314
693	0.073261
14375	0.073183
5413	0.073163
10899	0.073127
1346	0.072931
3906	0.072930
3142	0.072686
1232	0.072599
1229	0.072599
2955	0.072523
2953	0.072523
9202	0.072430
3738	0.072133
8137	0.071948
9761	0.071930
12286	0.071833
9307	0.071752
9168	0.071579
879	0.071308
306	0.071213
1816	0.071195
308	0.071122
7615	0.071058
7379	0.070910
13054	0.070784
1237	0.070726
5487	0.070662
10977	0.070358
4205	0.070338
3934	0.070162
2	0.070113
4596	0.069973
8775	0.069879
9716	0.069855
10976	0.069832
13068	0.069646
13067	0.069646
13066	0.069646
13065	0.069646
13064	0.069646
13063	0.069646
13062	0.069646
13056	0.069646
13053	0.069646
13046	0.069646
13044	0.069646
12971	0.069646
12921	0.069646
8057	0.069634
1113	0.069585
14351	0.069407
38	0.069395
4693	0.069319
119	0.069314
8535	0.069082
7918	0.069026
13325	0.068907
321	0.068824
4021	0.068754
888	0.068625
7258	0.068564
9121	0.068504
9112	0.068504
489	0.068480
27	0.068474
9700	0.068407
5777	0.068391
9200	0.068385
5746	0.068289
86	0.068248
9198	0.068242
7479	0.068196
2286	0.068187
124	0.068130
3144	0.068086
7692	0.068083
4873	0.067989
3553	0.067844
700	0.067794
5585	0.067774
3706	0.067730
12296	0.067724
6244	0.067724
4112	0.067721
5346	0.067668
6664	0.067660
7999	0.067581
7690	0.067490
7348	0.067490
7349	0.067490
3005	0.067451
4113	0.067372
10232	0.067368
1833	0.067312
13293	0.067237
11147	0.067079
1951	0.067077
3002	0.066983
6395	0.066931
13739	0.066910
4520	0.066866
1711	0.066842
3212	0.066779
8661	0.066744
5584	0.066592
1122	0.066584
13360	0.066531
9269	0.066368
2274	0.066349
4169	0.066264
8671	0.066234
6443	0.066224
9235	0.066222
9230	0.066222
9228	0.066222
9225	0.066222
9224	0.066222
9221	0.066222
9219	0.066222
9214	0.066222
9213	0.066222
9211	0.066222
9209	0.066222
9208	0.066222
9206	0.066222
9193	0.066222
8807	0.066222
8679	0.066222
8677	0.066222
8675	0.066222
8674	0.066222
8673	0.066222
8670	0.066222
8637	0.066222
8633	0.066222
8631	0.066222
8610	0.066222
8591	0.066222
8539	0.066222
8538	0.066222
8537	0.066222
8536	0.066222
8529	0.066222
8526	0.066222
8525	0.066222
8632	0.066222
9347	0.066159
5863	0.066089
2442	0.066043
190	0.066024
524	0.065991
11129	0.065974
9024	0.065861
9023	0.065861
9022	0.065861
8949	0.065861
10330	0.065691
10943	0.065531
2979	0.065498
685	0.065425
2845	0.065362
9512	0.065351
5424	0.065351
4486	0.065278
684	0.065255
13467	0.065246
230	0.065124
9673	0.065033
2423	0.064963
354	0.064937
10286	0.064916
4497	0.064870
5423	0.064773
6557	0.064661
5582	0.064651
2041	0.064630
328	0.064629
6763	0.064600
14303	0.064543
14302	0.064543
14301	0.064543
14300	0.064543
14299	0.064543
7167	0.064513
13384	0.064499
7654	0.064481
8635	0.064401
13638	0.064293
8416	0.064290
6051	0.064223
5177	0.064194
7655	0.064179
6151	0.064061
4595	0.063985
1953	0.063984
1954	0.063984
7321	0.063920
8709	0.063902
9788	0.063837
7880	0.063769
3638	0.063760
1835	0.063700
1228	0.063673
392	0.063647
633	0.063396
5583	0.063337
14366	0.063271
14361	0.063271
14355	0.063271
8456	0.063271
6938	0.063267
14369	0.063260
10538	0.063244
8773	0.063191
6621	0.063191
1235	0.063188
3681	0.063171
1734	0.063154
2014	0.063126
6618	0.063080
9120	0.063054
414	0.062914
2827	0.062875
8891	0.062860
7782	0.062840
1785	0.062831
8530	0.062744
11638	0.062644
679	0.062626
9633	0.062545
9630	0.062545
9628	0.062545
9626	0.062545
9625	0.062545
9624	0.062545
9622	0.062545
9621	0.062545
9620	0.062545
9619	0.062545
9618	0.062545
9615	0.062545
9482	0.062545
3007	0.062527
22	0.062462
14219	0.062461
4778	0.062453
6447	0.062450
8793	0.062392
8771	0.062392
8770	0.062392
8769	0.062392
8746	0.062392
8745	0.062392
8396	0.062392
13303	0.062372
2821	0.062363
14290	0.062351
4051	0.062201
8090	0.062078
2847	0.062078
2843	0.062078
2839	0.062078
340	0.062077
8503	0.061867
2840	0.061841
8922	0.061671
3093	0.061488
4958	0.061449
10480	0.061443
14431	0.061307
8148	0.061307
251	0.061282
11903	0.061277
2092	0.061225
1402	0.061213
881	0.061016
2660	0.060991
11212	0.060913
9220	0.060831
3	0.060764
4088	0.060712
14360	0.060584
12198	0.060576
7328	0.060559
8636	0.060419
351	0.060394
8041	0.060356
12218	0.060348
2058	0.060348
9606	0.060316
2278	0.060221
2599	0.060172
2119	0.060002
12357	0.059947
7874	0.059852
2509	0.059825
4672	0.059816
1238	0.059787
315	0.059779
7642	0.059700
10361	0.059577
13346	0.059577
817	0.059534
11679	0.059394
14004	0.059350
4866	0.059350
823	0.059292
4485	0.059281
11689	0.059269
2510	0.059242
12242	0.059237
13657	0.059230
1719	0.059230
6340	0.059007
1837	0.058981
1656	0.058957
696	0.058908
4935	0.058904
9928	0.058885
14269	0.058871
1840	0.058865
1044	0.058823
6295	0.058785
1116	0.058754
1300	0.058753
12636	0.058721
2964	0.058612
13348	0.058593
2950	0.058566
9153	0.058516
10227	0.058473
13433	0.058458
4692	0.058406
14186	0.058375
8392	0.058331
35	0.058307
14335	0.058288
9883	0.058288
3388	0.058278
8910	0.058186
14003	0.058073
4998	0.058062
13442	0.057742
8710	0.057677
307	0.057644
8711	0.057611
10748	0.057546
9834	0.057546
8732	0.057542
13649	0.057542
9484	0.057530
9483	0.057530
215	0.057492
10664	0.057439
6725	0.057389
1707	0.057349
11298	0.057304
10994	0.057304
2458	0.057275
6101	0.057229
10025	0.057198
3371	0.057183
9706	0.057155
8171	0.057052
5829	0.057046
12214	0.057015
12089	0.056936
532	0.056897
10329	0.056881
2062	0.056830
1231	0.056805
13075	0.056772
4810	0.056770
6035	0.056766
6277	0.056764
5191	0.056746
5296	0.056590
13541	0.056539
2522	0.056534
9729	0.056524
12201	0.056511
3736	0.056486
9237	0.056439
7420	0.056424
3370	0.056396
6157	0.056366
13603	0.056263
13238	0.056263
9553	0.056263
2959	0.056263
12103	0.056263
14373	0.056227
14372	0.056227
14371	0.056227
14362	0.056227
14352	0.056227
14350	0.056227
8455	0.056227
7997	0.056227
7823	0.056227
1565	0.056145
10410	0.056120
5830	0.056068
8712	0.056067
8303	0.056067
8302	0.056067
7362	0.056067
6359	0.056067
297	0.056047
341	0.056037
9713	0.056004
6202	0.055996
9210	0.055960
14395	0.055896
7891	0.055896
7227	0.055839
5442	0.055837
6530	0.055827
6036	0.055772
8845	0.055762
2612	0.055717
792	0.055710
7866	0.055694
3423	0.055683
2182	0.055602
13334	0.055487
11425	0.055480
10379	0.055480
13687	0.055427
1979	0.055261
5958	0.055236
6528	0.055213
13462	0.055197
9338	0.055147
12069	0.055125
8464	0.055078
11733	0.054986
11611	0.054971
8894	0.054971
8893	0.054971
6339	0.054971
3439	0.054971
8895	0.054958
11624	0.054953
3714	0.054936
3654	0.054893
1731	0.054879
4541	0.054831
3415	0.054828
2542	0.054818
2960	0.054671
13167	0.054649
10122	0.054649
8197	0.054519
85	0.054508
4361	0.054414
14376	0.054363
14359	0.054363
7998	0.054363
3591	0.054335
12279	0.054332
11825	0.054332
6270	0.054332
6269	0.054332
7495	0.054328
9195	0.054317
5855	0.054301
3973	0.054297
3427	0.054185
5245	0.054151
1293	0.054108
1403	0.054088
6077	0.053973
8407	0.053968
10045	0.053964
3753	0.053903
7200	0.053860
3590	0.053759
1956	0.053732
5309	0.053689
8204	0.053618
1427	0.053550
9204	0.053461
8592	0.053461
338	0.053353
7089	0.053306
6078	0.053293
426	0.053240
129	0.053220
5696	0.053182
2121	0.053170
8740	0.053142
2605	0.053072
141	0.052987
8207	0.052981
187	0.052937
6034	0.052922
786	0.052908
9579	0.052892
113	0.052854
13994	0.052824
7931	0.052824
7888	0.052816
2275	0.052767
11389	0.052640
