4023	0.398838
1469	0.398779
6444	0.398654
4428	0.398648
4429	0.398648
12163	0.398648
4430	0.398648
7540	0.291568
4022	0.288837
2240	0.244988
9650	0.204214
5945	0.204155
9649	0.203150
6684	0.191837
11688	0.191808
6683	0.191800
11687	0.191665
6027	0.191604
9803	0.190239
5628	0.189523
5364	0.185384
5303	0.178507
4214	0.171803
6537	0.158242
523	0.145186
4264	0.141527
12766	0.139506
9937	0.132488
9936	0.132482
9399	0.132407
8353	0.132407
9398	0.132404
3648	0.131574
1794	0.130897
2234	0.129842
11602	0.124885
7512	0.122211
3512	0.121739
14313	0.120905
14296	0.120905
5939	0.120876
14154	0.120783
14152	0.120783
14150	0.120783
14145	0.120783
14131	0.120783
14062	0.120783
14058	0.120593
4167	0.120487
6028	0.119327
8155	0.119236
8154	0.119236
8153	0.119236
8151	0.119236
8150	0.119236
13877	0.117735
1552	0.116831
1449	0.116758
3725	0.116702
1560	0.116572
12051	0.115412
5938	0.114847
1553	0.111171
1450	0.107247
7592	0.105221
6440	0.102127
2101	0.101799
818	0.099930
9159	0.099420
6445	0.098980
3872	0.098017
5936	0.097976
6860	0.097824
1353	0.094913
4713	0.094151
6910	0.093115
7152	0.093026
13451	0.091514
13450	0.091514
13410	0.091514
4384	0.090517
6120	0.090018
1145	0.089327
1142	0.088987
2367	0.088863
8152	0.088492
12367	0.088144
1144	0.087635
3201	0.087412
6804	0.087310
13627	0.086119
12248	0.086034
14095	0.084312
10640	0.083502
5612	0.082957
4300	0.082664
5139	0.082122
12366	0.081347
6634	0.081347
6633	0.081347
12263	0.081271
4682	0.081271
247	0.080537
1147	0.080514
5028	0.080430
3760	0.079796
1150	0.078939
14035	0.078854
8149	0.078854
8888	0.078801
14130	0.078566
8485	0.078566
3402	0.078566
3354	0.078566
1821	0.078401
5635	0.078225
970	0.077888
10004	0.077321
3086	0.077054
1964	0.076797
1407	0.076777
8028	0.076226
13605	0.076204
13604	0.076156
14157	0.076008
6187	0.075615
1631	0.075175
1359	0.074810
4308	0.073682
134	0.073676
12897	0.073059
8007	0.072972
13375	0.072939
1825	0.072748
13246	0.072545
1945	0.072526
12213	0.072515
234	0.072094
1344	0.072018
13369	0.071902
8006	0.071717
6829	0.071439
8855	0.071409
12173	0.071280
4329	0.071061
3240	0.070972
3178	0.070144
8377	0.069469
1946	0.069405
3953	0.069250
7078	0.069241
1345	0.069142
11283	0.069000
9575	0.068648
3200	0.068394
14037	0.068303
5009	0.066617
6830	0.066423
4503	0.066397
204	0.066354
10024	0.066303
3815	0.066285
9727	0.066265
14274	0.066174
3064	0.066001
5785	0.065815
8832	0.065730
8821	0.065604
1082	0.065389
3331	0.064979
6861	0.064894
8704	0.064587
6544	0.064542
7418	0.064057
1554	0.064009
4064	0.063974
4063	0.063974
4061	0.063974
4058	0.063974
4057	0.063974
2644	0.063974
1943	0.063730
2506	0.063601
1188	0.063600
10655	0.063451
10654	0.063041
11790	0.062918
6451	0.062898
13598	0.062787
2753	0.062688
1342	0.062530
1278	0.062217
7419	0.061595
11148	0.061569
4059	0.061543
6340	0.061204
723	0.061188
2695	0.060874
1826	0.060766
6814	0.060718
8739	0.060621
13460	0.060563
3599	0.060408
4864	0.060057
12277	0.059993
8073	0.059993
6150	0.059993
5944	0.059993
5943	0.059993
10632	0.059962
7701	0.059730
10898	0.059680
13759	0.059612
11891	0.059606
8027	0.059460
3078	0.059419
55	0.059343
11439	0.059228
680	0.058774
11280	0.058748
2547	0.058740
555	0.058700
4504	0.058690
67	0.058598
3005	0.058556
10976	0.058546
10977	0.058469
9351	0.058443
9350	0.058443
7401	0.058443
6729	0.058387
6309	0.058248
724	0.058243
8137	0.058237
10899	0.058134
2548	0.058129
10624	0.058090
13422	0.058070
7209	0.057948
7615	0.057942
6205	0.057866
3066	0.057790
8896	0.057737
12066	0.057703
12127	0.057494
13329	0.057348
3690	0.057257
4889	0.057140
4856	0.057065
482	0.056416
4062	0.055762
9694	0.055731
8194	0.055542
7831	0.055542
7463	0.055361
6066	0.055361
2933	0.055056
10276	0.054917
12559	0.054620
7079	0.054613
5106	0.054563
5104	0.054563
796	0.054559
1167	0.054420
13613	0.054312
10239	0.054260
10680	0.054105
3901	0.053957
614	0.053852
10764	0.053833
10679	0.053833
10766	0.053793
10765	0.053793
6343	0.053713
1504	0.053713
450	0.053692
10361	0.053521
3614	0.053415
8836	0.053402
11728	0.053152
4505	0.052990
4501	0.052990
1503	0.052990
12537	0.052975
11685	0.052973
1408	0.052921
2341	0.052771
11729	0.052637
13778	0.052583
2635	0.052411
13294	0.052357
103	0.052356
4060	0.052222
12249	0.052020
5008	0.052020
3326	0.051987
3753	0.051961
2296	0.051887
10153	0.051886
23	0.051793
7662	0.051579
2536	0.051404
7321	0.051080
3068	0.051061
1885	0.050851
1884	0.050851
1883	0.050851
13303	0.050834
4873	0.050740
12806	0.050674
12341	0.050626
6308	0.050619
2930	0.050537
10626	0.050513
1436	0.050492
10886	0.050459
12419	0.050422
12507	0.050148
5141	0.050131
4141	0.050119
3634	0.050080
12247	0.050061
1707	0.049871
5007	0.049756
10585	0.049679
2410	0.049679
2409	0.049679
11711	0.049645
4439	0.049626
10647	0.049583
13697	0.049486
13364	0.049486
8623	0.049439
13657	0.049385
1719	0.049385
12108	0.049280
13365	0.049243
8800	0.049097
12286	0.049016
11208	0.048913
11209	0.048810
10409	0.048761
13654	0.048470
1528	0.048281
3637	0.048276
13649	0.048265
3899	0.048240
14431	0.048167
8148	0.048167
7236	0.048143
4826	0.048141
14066	0.048087
1967	0.048072
3135	0.048049
11894	0.048003
2747	0.048003
615	0.047996
13550	0.047913
1084	0.047907
4696	0.047874
12090	0.047743
3038	0.047679
5942	0.047569
747	0.047469
4330	0.047375
2343	0.047317
1141	0.047298
13094	0.047297
3111	0.047285
4193	0.047267
5813	0.047239
14165	0.047218
14321	0.047159
14311	0.047159
14307	0.047159
14114	0.047159
10393	0.047159
8406	0.047159
8368	0.047159
3158	0.047159
11796	0.047130
6031	0.047128
6030	0.047128
5992	0.047128
7855	0.047118
13597	0.047083
13596	0.047083
13595	0.047083
13583	0.047083
13554	0.047083
13402	0.047083
7990	0.047083
9830	0.046829
6822	0.046716
11743	0.046694
5775	0.046637
1655	0.046626
4410	0.046609
10394	0.046600
2524	0.046595
11154	0.046583
7681	0.046575
11628	0.046397
6907	0.046397
1779	0.046389
10877	0.046323
8652	0.046297
5320	0.046272
296	0.046258
7246	0.046231
8551	0.046230
2408	0.046041
4208	0.045988
6457	0.045969
1944	0.045953
4114	0.045936
8489	0.045920
8382	0.045791
8862	0.045662
8861	0.045662
8860	0.045662
8859	0.045662
8858	0.045662
8857	0.045662
8844	0.045662
8843	0.045662
8842	0.045662
8841	0.045662
8840	0.045662
8839	0.045662
8838	0.045662
8834	0.045662
8824	0.045662
8823	0.045662
8822	0.045662
8820	0.045662
8818	0.045662
8817	0.045662
8803	0.045662
8798	0.045662
8737	0.045662
8639	0.045662
7682	0.045662
7677	0.045662
7382	0.045662
7247	0.045662
14331	0.045624
14330	0.045624
5795	0.045554
13167	0.045541
10122	0.045541
13757	0.045503
5122	0.045503
5121	0.045503
690	0.045459
4000	0.045394
10681	0.045389
1555	0.045385
4497	0.045366
5582	0.045331
210	0.045267
4484	0.045238
13097	0.045226
3951	0.045132
1406	0.045039
3629	0.045008
3	0.044985
12100	0.044913
6947	0.044874
12786	0.044740
2272	0.044570
1020	0.044556
9084	0.044537
13416	0.044516
5539	0.044462
441	0.044395
10974	0.044333
2406	0.044002
13638	0.043995
6480	0.043976
12812	0.043813
4433	0.043773
3042	0.043680
1616	0.043637
7238	0.043535
14122	0.043498
8483	0.043498
12829	0.043416
13325	0.043284
9979	0.043267
5584	0.043182
11542	0.043150
6812	0.043126
14183	0.043045
6381	0.043036
202	0.042977
8409	0.042857
13785	0.042856
14197	0.042832
14194	0.042832
14190	0.042832
14189	0.042832
14188	0.042832
14182	0.042832
14181	0.042832
13790	0.042832
13786	0.042832
13780	0.042832
13779	0.042832
13700	0.042832
10116	0.042832
8411	0.042832
8410	0.042832
8408	0.042832
8315	0.042832
8799	0.042799
4506	0.042799
4502	0.042799
1947	0.042799
4293	0.042781
5940	0.042715
13771	0.042700
3134	0.042691
12259	0.042641
13133	0.042533
5515	0.042468
5129	0.042467
5585	0.042445
3077	0.042426
5484	0.042405
6335	0.042378
13784	0.042373
7	0.042353
577	0.042225
3040	0.042222
5120	0.042102
5903	0.042097
6245	0.042072
10993	0.041805
13317	0.041757
5843	0.041754
14198	0.041684
5529	0.041602
10234	0.041598
4802	0.041541
14326	0.041462
10489	0.041459
9904	0.041390
10815	0.041390
9932	0.041390
5660	0.041375
10408	0.041212
12681	0.041146
5744	0.041125
12730	0.041120
6984	0.041094
10673	0.041068
10490	0.041027
11780	0.040966
7001	0.040965
10814	0.040946
9933	0.040946
12737	0.040897
12038	0.040706
9331	0.040673
4601	0.040665
8397	0.040624
8837	0.040517
9684	0.040478
5583	0.040469
3191	0.040467
12558	0.040439
3094	0.040370
3001	0.040364
1352	0.040289
11667	0.040274
12197	0.040210
7811	0.040192
2344	0.040025
1258	0.040018
7810	0.039984
11536	0.039983
12535	0.039958
10025	0.039944
6145	0.039917
10941	0.039774
10767	0.039598
1913	0.039543
702	0.039522
6247	0.039468
3220	0.039420
14015	0.039389
4887	0.039313
12804	0.039283
10164	0.039251
2174	0.039223
678	0.039181
1599	0.039048
2295	0.039031
3998	0.038995
3095	0.038992
10454	0.038961
4898	0.038959
3074	0.038951
4172	0.038927
6769	0.038903
2175	0.038890
6762	0.038863
10117	0.038747
26	0.038727
12244	0.038698
9090	0.038675
6627	0.038667
57	0.038662
6852	0.038645
248	0.038610
1241	0.038609
12801	0.038588
735	0.038418
8134	0.038239
3738	0.038171
12358	0.038137
5112	0.038096
5946	0.038068
6810	0.038067
1427	0.038046
173	0.037992
6456	0.037989
5293	0.037964
6421	0.037946
7234	0.037916
4389	0.037915
6454	0.037910
12516	0.037834
6490	0.037827
5586	0.037821
11528	0.037785
5212	0.037751
703	0.037711
6903	0.037572
14067	0.037537
13776	0.037537
7650	0.037530
7096	0.037530
9835	0.037505
11818	0.037462
1605	0.037462
4328	0.037458
11500	0.037448
11124	0.037430
8281	0.037427
13781	0.037414
7273	0.037404
2686	0.037362
6321	0.037250
916	0.037240
12148	0.037198
7411	0.037198
6864	0.037172
6863	0.037172
1593	0.037047
1538	0.036964
3103	0.036950
808	0.036933
11262	0.036896
4030	0.036776
13960	0.036634
11922	0.036616
12522	0.036594
947	0.036589
4867	0.036315
10513	0.036273
2163	0.036253
7969	0.036245
12604	0.036206
4387	0.036187
4233	0.036146
3822	0.036094
10760	0.036019
6261	0.036014
7898	0.035980
3803	0.035964
6052	0.035938
11788	0.035920
12557	0.035912
8304	0.035901
9874	0.035827
11591	0.035812
373	0.035787
10568	0.035773
5205	0.035753
2362	0.035702
6690	0.035693
4078	0.035692
11423	0.035688
5069	0.035682
9828	0.035667
5068	0.035663
2177	0.035613
14119	0.035608
12513	0.035607
1244	0.035584
6283	0.035577
6067	0.035564
756	0.035557
8287	0.035556
3821	0.035530
4252	0.035520
13305	0.035503
12527	0.035421
9091	0.035396
11592	0.035309
10638	0.035308
2736	0.035269
10283	0.035256
6867	0.035232
12782	0.035172
12337	0.035166
11727	0.035166
13775	0.035146
4274	0.035108
3946	0.034940
3226	0.034904
10528	0.034881
956	0.034840
1558	0.034765
7818	0.034667
12314	0.034640
8749	0.034640
8748	0.034640
6556	0.034602
6555	0.034602
8162	0.034501
13878	0.034469
8106	0.034469
5493	0.034452
4031	0.034328
11156	0.034327
1413	0.034315
1367	0.034315
7979	0.034269
207	0.034256
9806	0.034169
9805	0.034169
9802	0.034169
9801	0.034169
7172	0.034107
5319	0.034074
3903	0.034003
3163	0.033897
9222	0.033894
4291	0.033844
1708	0.033831
13929	0.033815
2229	0.033811
13398	0.033781
7536	0.033780
7328	0.033713
1443	0.033704
3230	0.033689
4936	0.033685
2005	0.033646
10344	0.033601
5010	0.033547
14187	0.033485
10639	0.033477
7272	0.033426
11793	0.033415
11486	0.033329
6908	0.033299
27	0.033299
9872	0.033292
12638	0.033270
13359	0.033169
9800	0.033168
10254	0.033103
7690	0.033085
7348	0.033085
7349	0.033085
5292	0.032997
13777	0.032962
8364	0.032962
13222	0.032946
1242	0.032934
7166	0.032829
4051	0.032829
4828	0.032823
1053	0.032778
4376	0.032762
8307	0.032735
6643	0.032656
1803	0.032601
11543	0.032556
1422	0.032517
9082	0.032498
12542	0.032453
13687	0.032446
9643	0.032422
1557	0.032419
7317	0.032375
7316	0.032375
7174	0.032375
6338	0.032375
4361	0.032374
3617	0.032324
11520	0.032321
5786	0.032279
14277	0.032256
12538	0.032239
2674	0.032227
8897	0.032196
2155	0.032111
3919	0.032108
13137	0.032089
14043	0.032076
12109	0.032061
5948	0.032061
2162	0.032061
11752	0.032051
377	0.031993
4230	0.031987
854	0.031903
11595	0.031815
13652	0.031783
3156	0.031765
24	0.031744
3065	0.031725
8255	0.031523
8327	0.031512
13704	0.031508
13702	0.031508
5528	0.031502
8135	0.031497
13485	0.031488
13468	0.031488
28	0.031455
8295	0.031442
8242	0.031427
2489	0.031421
8502	0.031372
2440	0.031365
13756	0.031340
12342	0.031340
7684	0.031340
7717	0.031340
7718	0.031340
5124	0.031251
8476	0.031234
8044	0.031202
13762	0.031189
1778	0.031182
2337	0.031114
8141	0.031090
13628	0.031090
1189	0.031086
11753	0.031066
13250	0.031056
2634	0.031023
14006	0.030957
638	0.030956
13846	0.030923
8459	0.030923
12284	0.030893
13008	0.030798
6506	0.030790
8276	0.030783
11175	0.030771
8310	0.030756
12830	0.030750
12769	0.030739
5815	0.030736
14073	0.030734
12199	0.030693
5175	0.030629
6481	0.030600
13542	0.030595
895	0.030564
14339	0.030552
14338	0.030552
14312	0.030552
14272	0.030552
14259	0.030552
14160	0.030552
14159	0.030552
14158	0.030552
14156	0.030552
14144	0.030552
14133	0.030552
14123	0.030552
14110	0.030552
14102	0.030552
14053	0.030552
13501	0.030552
8311	0.030552
8309	0.030552
8308	0.030552
8306	0.030552
8288	0.030552
8286	0.030552
8285	0.030552
8283	0.030552
8282	0.030552
8280	0.030552
8278	0.030552
8277	0.030552
8046	0.030552
4603	0.030552
4367	0.030544
7626	0.030527
2995	0.030495
4355	0.030454
29	0.030445
12555	0.030443
12536	0.030409
246	0.030373
2382	0.030341
5858	0.030325
12548	0.030321
244	0.030311
1561	0.030308
6394	0.030262
13326	0.030224
1468	0.030191
693	0.030169
473	0.030168
13755	0.030153
2731	0.030137
4744	0.030115
11397	0.030074
7268	0.030055
3110	0.030005
12711	0.029974
13836	0.029939
1618	0.029934
14028	0.029880
14108	0.029790
4745	0.029790
3790	0.029790
2268	0.029761
9390	0.029751
2435	0.029690
7154	0.029590
14275	0.029585
14039	0.029585
14036	0.029585
14030	0.029585
14029	0.029585
14026	0.029585
8415	0.029585
8400	0.029585
8378	0.029585
8375	0.029585
8363	0.029585
8360	0.029585
8350	0.029585
8294	0.029585
8218	0.029585
13764	0.029585
4351	0.029585
10894	0.029578
5195	0.029566
22	0.029551
11202	0.029519
14033	0.029512
7977	0.029507
6256	0.029503
3783	0.029491
13858	0.029487
7802	0.029487
8376	0.029477
8241	0.029477
3489	0.029474
2797	0.029465
11916	0.029402
12214	0.029395
13376	0.029394
4425	0.029353
11351	0.029320
7513	0.029313
10195	0.029309
8706	0.029300
8705	0.029300
9900	0.029265
9165	0.029265
7387	0.029265
7875	0.029260
60	0.029198
1314	0.029176
9908	0.029172
9164	0.029172
13855	0.029123
9197	0.029068
2952	0.029057
5108	0.029019
6068	0.029012
11253	0.028835
386	0.028776
5831	0.028757
4539	0.028743
10044	0.028707
