9424	0.283892
9425	0.276868
1040	0.276803
1044	0.240969
1442	0.239539
2419	0.228846
571	0.214812
2168	0.213267
2710	0.209652
1052	0.207226
2530	0.203847
999	0.201273
4775	0.201071
11959	0.200422
1724	0.200392
9346	0.199592
4776	0.199100
4777	0.198830
2970	0.198123
2973	0.197354
2857	0.194957
4720	0.193009
3508	0.191149
2096	0.190365
11852	0.189664
2084	0.185563
11321	0.185160
2099	0.184310
3198	0.184243
6352	0.183585
11955	0.181761
1838	0.180444
484	0.180040
11915	0.179847
11940	0.178870
12045	0.178868
14237	0.178609
3027	0.178559
3118	0.177436
2668	0.176970
12287	0.176000
8515	0.176000
919	0.175449
488	0.175180
465	0.174689
3119	0.173944
9531	0.173056
630	0.172720
2164	0.172143
2572	0.170962
1412	0.166828
5745	0.166574
2132	0.166337
2206	0.165851
2208	0.165622
1236	0.165622
1728	0.165176
10506	0.165138
1045	0.165138
487	0.164582
6868	0.164012
2098	0.163198
7053	0.162878
11806	0.161404
4478	0.160955
9396	0.160921
4481	0.160921
1362	0.160921
1950	0.160744
9138	0.160223
11916	0.158490
13337	0.157625
5507	0.157625
2532	0.157619
473	0.156929
11877	0.156600
6250	0.155643
1169	0.154706
1376	0.154009
11879	0.152553
2842	0.152553
5304	0.151643
5301	0.150699
2671	0.150678
1095	0.150122
2207	0.149948
3298	0.149646
1046	0.147474
3607	0.146393
3615	0.146080
1835	0.144836
9442	0.143710
2241	0.142363
1363	0.142101
9641	0.140755
2153	0.140596
9893	0.140067
9892	0.140067
9888	0.140067
9887	0.140067
9841	0.140067
9821	0.140067
9768	0.140067
9300	0.140067
9294	0.140067
12146	0.139589
8582	0.139589
7599	0.139589
3695	0.139589
3694	0.139589
3616	0.139589
6007	0.138405
2670	0.138388
716	0.137910
1031	0.137687
2097	0.137642
3199	0.137424
6763	0.135507
14326	0.135037
2415	0.135011
3350	0.134607
496	0.134359
3919	0.134298
7286	0.134149
4714	0.133566
35	0.133426
3967	0.132691
4028	0.132301
1691	0.130830
1108	0.130331
7991	0.129269
9397	0.129249
7468	0.129140
2967	0.129140
1490	0.129012
1132	0.128526
3171	0.128501
866	0.128470
1000	0.128100
2667	0.127338
2828	0.127302
6915	0.127017
1373	0.126903
9890	0.126899
2600	0.126346
13097	0.126124
734	0.125713
3836	0.125159
2965	0.125017
2115	0.124945
2130	0.124799
907	0.124597
6878	0.124261
12099	0.124166
1388	0.124082
10727	0.122761
11215	0.122350
994	0.122204
6446	0.121911
11878	0.121885
6626	0.121778
497	0.121761
1482	0.121606
12004	0.121552
5578	0.121552
5577	0.121552
2662	0.121552
1857	0.121417
2981	0.121338
1234	0.121085
145	0.121067
301	0.120829
9395	0.120539
1933	0.119805
7261	0.119671
475	0.119217
102	0.118959
3691	0.118353
3075	0.118332
5515	0.117654
7512	0.117574
13234	0.117082
2840	0.116735
11979	0.116700
9726	0.116514
7190	0.116302
1148	0.116094
4601	0.116069
9261	0.115885
2268	0.115821
2040	0.115671
8090	0.115468
2847	0.115468
2843	0.115468
2839	0.115468
11989	0.115369
472	0.115154
8016	0.115088
1378	0.115006
6367	0.113451
876	0.113100
4778	0.113043
9582	0.112883
5473	0.112570
1439	0.112064
4236	0.111735
1488	0.111467
1043	0.111202
11708	0.110662
2775	0.110262
5501	0.110233
2225	0.110133
9198	0.109998
1810	0.109913
8845	0.109871
13275	0.109456
1387	0.109288
155	0.109060
4454	0.108619
4043	0.108592
14327	0.108383
14325	0.108383
14324	0.108383
14323	0.108383
14314	0.108383
14305	0.108383
14293	0.108383
14286	0.108383
14261	0.108383
14244	0.108383
14208	0.108383
14136	0.108383
14104	0.108383
14092	0.108383
14086	0.108383
14082	0.108383
14079	0.108383
13968	0.108383
13857	0.108383
10726	0.108383
3449	0.108302
1501	0.107682
1481	0.107630
13763	0.107624
499	0.107507
12301	0.106623
10590	0.106573
4715	0.106487
6020	0.106247
13969	0.106160
11028	0.106092
9897	0.106003
635	0.105884
394	0.105871
1870	0.105707
11656	0.105438
79	0.105373
11926	0.105265
1736	0.105254
3249	0.105091
1092	0.105086
238	0.105081
12958	0.104967
12870	0.104967
12846	0.104967
12159	0.104967
12158	0.104967
1484	0.104967
2478	0.104967
12838	0.104964
3692	0.104874
2116	0.104850
11138	0.104682
913	0.104462
1429	0.104149
6221	0.104085
11758	0.103929
3727	0.103773
12160	0.103713
1495	0.103713
6019	0.103607
5439	0.103375
9584	0.102955
9797	0.102626
1424	0.102493
9889	0.102349
11844	0.102343
1494	0.102043
3202	0.102023
494	0.101755
1492	0.101403
2263	0.101280
2166	0.100842
9238	0.100841
1493	0.100810
9585	0.100810
905	0.100585
4251	0.100580
12310	0.100407
5182	0.100347
8290	0.100288
10244	0.100216
14118	0.100059
7212	0.099742
6600	0.099691
2531	0.099673
11985	0.099632
8147	0.099632
8100	0.099632
8086	0.099632
8085	0.099632
8084	0.099632
4477	0.099553
3541	0.099544
12454	0.099533
9493	0.099462
3300	0.099330
2426	0.099232
2846	0.099201
10163	0.099178
3063	0.098856
6952	0.098615
6858	0.098580
7090	0.098570
12453	0.098488
2214	0.098215
2845	0.098171
2754	0.098149
128	0.098077
1333	0.098036
1386	0.098025
620	0.097725
3117	0.097711
6198	0.097698
13148	0.097688
13147	0.097688
7892	0.097688
6298	0.097688
6297	0.097688
6295	0.097680
9999	0.097669
6859	0.097662
3841	0.097651
7921	0.097377
8129	0.097019
9247	0.096915
1392	0.096854
3749	0.096820
14262	0.096763
3130	0.096735
882	0.096449
995	0.096383
6344	0.096164
2267	0.096099
12031	0.095999
5872	0.095903
12252	0.095797
9827	0.095789
7415	0.095738
256	0.095493
3101	0.095305
1764	0.095241
237	0.095147
3782	0.095104
2085	0.095038
6322	0.094957
5342	0.094859
5306	0.094859
5230	0.094605
9945	0.094264
8504	0.094199
6011	0.094168
2766	0.094168
997	0.093997
1263	0.093896
9298	0.093650
11655	0.093600
9695	0.093578
8540	0.093578
6752	0.093578
6751	0.093578
6750	0.093578
13720	0.093505
10058	0.093505
5232	0.093505
5231	0.093505
4386	0.093490
142	0.093454
13909	0.093389
7134	0.093258
9977	0.093255
5305	0.093152
2441	0.093116
3490	0.093075
1176	0.093057
12901	0.092911
395	0.092911
7398	0.092849
2006	0.092817
1742	0.092794
2882	0.092647
9637	0.092598
4316	0.092319
56	0.092286
9868	0.092199
6092	0.092074
7379	0.091997
12956	0.091918
1500	0.091890
12269	0.091879
9644	0.091850
9436	0.091842
2666	0.091647
613	0.091538
5300	0.091425
1739	0.091384
97	0.091230
2746	0.091214
11776	0.091113
6022	0.091113
1897	0.091006
10204	0.090867
1729	0.090857
10381	0.090743
6247	0.090601
9571	0.090539
11809	0.090536
9957	0.090514
1893	0.090429
1380	0.090422
5038	0.090386
467	0.090385
1450	0.090371
9965	0.090343
10206	0.090311
7290	0.090280
9740	0.090275
6554	0.090221
13954	0.090012
13953	0.090012
2883	0.089987
12863	0.089902
12060	0.089823
12865	0.089763
7980	0.089754
483	0.089664
9706	0.089642
14023	0.089561
12062	0.089515
9368	0.089246
9563	0.089241
2172	0.089056
2026	0.089054
5778	0.088887
5779	0.088774
758	0.088727
10380	0.088682
10142	0.088649
1922	0.088472
875	0.088415
3500	0.088377
11599	0.088290
2169	0.088290
2117	0.088206
6442	0.088169
8979	0.088119
3854	0.088095
13385	0.088082
3195	0.088074
4485	0.088063
13322	0.087877
307	0.087875
3301	0.087830
414	0.087775
6064	0.087627
1383	0.087614
9017	0.087590
309	0.087556
532	0.087320
881	0.087086
3273	0.086993
13132	0.086952
4868	0.086885
4460	0.086855
4231	0.086845
10246	0.086735
1166	0.086677
14255	0.086623
13153	0.086580
10171	0.086580
10170	0.086580
5782	0.086558
5387	0.086408
1078	0.086359
7697	0.086351
7254	0.086351
5429	0.086244
123	0.086212
6065	0.086095
3620	0.085978
9018	0.085897
12059	0.085700
3060	0.085691
5276	0.085502
9100	0.085484
1385	0.085436
4480	0.085430
9465	0.085426
12113	0.085260
10289	0.085184
10383	0.085175
2829	0.085118
1480	0.084978
10221	0.084929
7882	0.084718
1382	0.084640
9586	0.084614
74	0.084505
1265	0.084503
4237	0.084428
7142	0.084404
3179	0.084348
101	0.084267
8878	0.084206
2942	0.084206
1989	0.084130
233	0.084005
5183	0.083821
5302	0.083786
6618	0.083717
2758	0.083695
621	0.083662
4128	0.083607
2971	0.083552
11896	0.083516
10559	0.083417
2757	0.083280
5171	0.083218
6639	0.083057
4125	0.083024
6930	0.083022
6591	0.083001
1231	0.082994
2431	0.082952
6299	0.082848
3619	0.082715
2814	0.082662
3292	0.082629
5849	0.082489
513	0.082363
5067	0.082298
11848	0.082293
6592	0.082274
9444	0.082225
2378	0.082118
13643	0.082098
13642	0.082098
13590	0.082098
5780	0.082054
1895	0.082024
1755	0.082010
12305	0.082006
2118	0.081963
3577	0.081935
11899	0.081889
5169	0.081889
1508	0.081866
8773	0.081853
6621	0.081853
12365	0.081724
4039	0.081664
5272	0.081468
1754	0.081437
12304	0.081389
1143	0.081346
908	0.081292
6095	0.081224
1226	0.081185
3532	0.081160
1254	0.080937
319	0.080840
12273	0.080825
3891	0.080809
3447	0.080800
3336	0.080786
1370	0.080708
12034	0.080698
1434	0.080694
5330	0.080693
8712	0.080655
8303	0.080655
8302	0.080655
7362	0.080655
6359	0.080655
6202	0.080621
1551	0.080581
539	0.080555
11840	0.080552
2213	0.080481
3568	0.080458
1161	0.080437
1436	0.080427
9344	0.080427
9877	0.080390
2420	0.080256
4130	0.080255
3611	0.080211
1738	0.080196
8925	0.080144
8412	0.080141
106	0.080033
1502	0.080022
1679	0.080002
9157	0.079994
13050	0.079869
13488	0.079843
1377	0.079764
1179	0.079617
426	0.079607
11658	0.079596
5506	0.079590
8778	0.079575
1223	0.079558
5504	0.079542
12903	0.079533
7560	0.079505
977	0.079481
13918	0.079429
4230	0.079407
500	0.079384
6023	0.079382
10256	0.079342
2388	0.079334
12264	0.079293
1173	0.079265
9167	0.079230
9488	0.079195
3045	0.079189
1447	0.079179
1379	0.079175
583	0.079148
1168	0.079141
4571	0.079091
11385	0.079070
9710	0.079016
12439	0.078965
3610	0.078946
9871	0.078917
934	0.078895
5619	0.078758
5503	0.078750
1498	0.078651
2844	0.078606
6291	0.078598
8975	0.078555
633	0.078524
8779	0.078456
13276	0.078438
14247	0.078409
2789	0.078377
2405	0.078323
12939	0.078248
12084	0.078248
4286	0.078248
4283	0.078248
4220	0.078248
873	0.078246
11679	0.078157
9441	0.078066
2750	0.078056
2126	0.078026
8837	0.078018
2389	0.077940
5688	0.077876
5296	0.077777
12135	0.077745
4417	0.077686
3913	0.077685
5341	0.077637
104	0.077567
13265	0.077555
6081	0.077510
10015	0.077356
4483	0.077298
7868	0.077234
9338	0.077228
11907	0.077162
6094	0.077144
8661	0.077131
4488	0.077113
3705	0.077075
13711	0.077056
5560	0.077056
3842	0.077046
3049	0.076983
2055	0.076969
11699	0.076919
7417	0.076919
1316	0.076825
1371	0.076785
7378	0.076673
12793	0.076622
504	0.076594
3557	0.076591
1497	0.076507
12845	0.076497
3543	0.076487
4233	0.076454
9426	0.076447
435	0.076419
11710	0.076326
1013	0.076326
9484	0.076237
9483	0.076237
2752	0.076190
4716	0.076178
8732	0.076168
8711	0.076152
2062	0.076080
9324	0.076076
10790	0.076070
1735	0.076057
1048	0.076049
6873	0.076041
5590	0.076021
1903	0.075993
2403	0.075974
8710	0.075952
837	0.075940
12115	0.075875
2311	0.075863
4719	0.075843
13697	0.075837
13364	0.075837
13880	0.075817
193	0.075815
2015	0.075804
1180	0.075768
9287	0.075675
5406	0.075649
10327	0.075586
12123	0.075551
466	0.075465
525	0.075445
9875	0.075442
13239	0.075433
13242	0.075431
13241	0.075431
5595	0.075431
5594	0.075431
2306	0.075424
11925	0.075409
4491	0.075405
4301	0.075270
683	0.075249
1877	0.075214
1875	0.075214
10175	0.075117
13365	0.075111
2315	0.075091
1907	0.075078
1063	0.075065
10571	0.075062
5598	0.075045
4932	0.075038
3844	0.074949
7219	0.074913
2360	0.074891
6623	0.074872
589	0.074753
12071	0.074727
175	0.074727
5475	0.074715
7465	0.074446
7659	0.074408
11751	0.074392
423	0.074379
12916	0.074350
11978	0.074350
9447	0.074350
8005	0.074350
5340	0.074350
5339	0.074350
5337	0.074350
5335	0.074350
5329	0.074345
5331	0.074345
2464	0.074263
3446	0.074255
5286	0.074218
505	0.074188
14094	0.074183
5059	0.074150
8321	0.074113
2256	0.074036
12740	0.074018
1924	0.073999
559	0.073934
1652	0.073933
8320	0.073823
158	0.073802
5511	0.073702
5781	0.073698
9316	0.073571
2107	0.073549
6278	0.073450
1636	0.073438
5333	0.073421
9446	0.073409
5621	0.073409
2966	0.073342
11980	0.073329
13086	0.073320
13085	0.073320
14342	0.073238
989	0.073236
5334	0.073224
4487	0.073220
5295	0.073169
9246	0.073162
5727	0.073107
5592	0.073098
2872	0.073055
93	0.073020
671	0.072954
4869	0.072823
9685	0.072794
3916	0.072751
10569	0.072734
8709	0.072639
9623	0.072599
13482	0.072587
131	0.072558
2784	0.072544
2219	0.072461
12890	0.072406
581	0.072404
9757	0.072386
11902	0.072302
12871	0.072289
2119	0.072280
978	0.072266
3612	0.072256
87	0.072243
5332	0.072240
9265	0.072236
7420	0.072173
2362	0.072091
9631	0.072076
9445	0.072071
12128	0.072009
3279	0.071988
2755	0.071971
6557	0.071959
925	0.071951
631	0.071939
4144	0.071926
4576	0.071812
12912	0.071804
11246	0.071802
9288	0.071751
706	0.071699
1487	0.071692
6300	0.071670
6721	0.071669
9633	0.071531
9630	0.071531
9628	0.071531
9626	0.071531
9625	0.071531
9624	0.071531
9622	0.071531
9621	0.071531
9620	0.071531
9619	0.071531
9618	0.071531
9615	0.071531
9482	0.071531
1510	0.071522
9492	0.071499
4858	0.071393
517	0.071389
7553	0.071216
10713	0.071209
6847	0.071154
14266	0.070938
13282	0.070835
2974	0.070804
171	0.070782
486	0.070771
1444	0.070727
13281	0.070667
2941	0.070663
5771	0.070653
8600	0.070651
8438	0.070644
8439	0.070622
7435	0.070622
7180	0.070622
405	0.070595
2030	0.070555
13994	0.070499
7931	0.070499
2120	0.070417
5336	0.070411
6089	0.070386
6091	0.070339
6090	0.070339
6176	0.070260
12492	0.070222
1499	0.070215
3712	0.070208
13126	0.070201
12876	0.070170
5236	0.070135
6872	0.070101
6770	0.070085
1762	0.069923
9440	0.069859
61	0.069837
4781	0.069786
1905	0.069785
1093	0.069722
1266	0.069720
12524	0.069684
12911	0.069604
1648	0.069458
5287	0.069353
13096	0.069309
1760	0.069306
5152	0.069278
9347	0.069254
11817	0.069219
6990	0.069219
11781	0.069205
9188	0.069196
1199	0.069128
2018	0.069117
11474	0.069107
9543	0.069092
2454	0.069025
481	0.069022
13240	0.068994
5949	0.068990
8101	0.068933
5668	0.068888
519	0.068875
11214	0.068818
13196	0.068798
150	0.068772
1165	0.068695
1911	0.068592
5404	0.068530
13227	0.068489
3939	0.068393
1381	0.068384
3289	0.068381
14081	0.068379
5140	0.068379
2778	0.068375
2768	0.068334
6514	0.068278
9606	0.068267
11928	0.068259
8501	0.068259
2779	0.068259
2756	0.068259
13272	0.068240
2786	0.068240
2782	0.068240
1505	0.068240
4238	0.068239
9611	0.068229
5363	0.068215
9106	0.068210
10695	0.068176
11927	0.068172
2759	0.068172
2275	0.068171
12363	0.068057
10112	0.067986
4122	0.067954
8444	0.067935
10278	0.067934
3388	0.067925
10789	0.067924
13150	0.067888
9107	0.067883
11893	0.067809
7263	0.067796
13734	0.067782
13327	0.067753
1685	0.067753
6292	0.067666
10011	0.067662
9135	0.067653
4934	0.067622
11880	0.067597
648	0.067517
110	0.067500
