11132	0.167149
12543	0.162174
8040	0.158729
12544	0.156439
8622	0.156429
10537	0.156073
10073	0.152768
11935	0.150877
10435	0.150731
11533	0.149955
10907	0.149836
11490	0.149455
11507	0.148933
4134	0.148121
7233	0.146793
176	0.146378
10674	0.145242
12795	0.145238
5276	0.144721
14070	0.144342
10205	0.144065
14083	0.144063
11558	0.143941
2749	0.143743
878	0.143741
12763	0.143098
8051	0.142671
12382	0.141683
9537	0.141186
5037	0.141145
3669	0.140250
12564	0.140132
13798	0.139736
4786	0.139214
10461	0.138510
11510	0.138101
12555	0.137692
12711	0.137669
14315	0.137467
1612	0.136943
5266	0.136685
3668	0.136680
12525	0.136020
8929	0.135708
5264	0.134169
12332	0.133335
2777	0.131454
2251	0.130881
12755	0.130730
7161	0.130144
6784	0.130099
8357	0.130089
5667	0.130089
6326	0.129986
5512	0.129973
9676	0.129511
12792	0.129265
6928	0.129151
10583	0.128961
5174	0.128929
3671	0.128611
9188	0.128343
12791	0.128253
12788	0.128253
6110	0.127921
12565	0.127650
5067	0.126884
12551	0.126837
9187	0.126345
1078	0.125890
325	0.125822
633	0.125673
10369	0.125595
7029	0.125542
7118	0.125473
12383	0.125219
1936	0.125183
1937	0.125051
12719	0.124616
13912	0.124446
7716	0.124139
5887	0.124045
4678	0.123883
10852	0.123460
11104	0.123335
10142	0.123306
8222	0.123143
8656	0.122930
5991	0.122815
11145	0.122791
4327	0.122717
7337	0.122667
2971	0.122484
13153	0.122449
10171	0.122449
10170	0.122449
8003	0.122423
3662	0.122197
4238	0.121921
10526	0.121903
12570	0.121879
3732	0.121510
12117	0.121463
7345	0.121463
5465	0.121404
10017	0.121351
2790	0.121295
11511	0.121143
2820	0.121055
13423	0.121045
2864	0.121039
8052	0.120967
2100	0.120581
5514	0.120450
539	0.120407
11858	0.120330
9462	0.120298
9439	0.120215
12787	0.120208
8461	0.120174
11555	0.120040
2958	0.120013
2105	0.119977
6287	0.119936
14069	0.119832
4190	0.119794
8390	0.119686
11069	0.119220
1673	0.118860
5513	0.118786
9465	0.118535
12751	0.118264
1997	0.118227
1462	0.118074
1733	0.118042
10835	0.117939
5260	0.117939
7010	0.117842
5906	0.117759
7485	0.117469
7484	0.117469
2434	0.116986
4130	0.116608
10618	0.116453
12586	0.116414
11214	0.116387
12547	0.116260
5601	0.116210
3277	0.116151
6012	0.116117
8979	0.116091
3667	0.115952
9947	0.115865
4793	0.115860
10318	0.115720
5590	0.115719
10463	0.115594
7062	0.115586
2784	0.115513
3555	0.115489
2459	0.115432
1485	0.115416
12720	0.115403
7666	0.115403
11516	0.115340
4483	0.115232
7975	0.115193
1302	0.114959
14245	0.114945
2558	0.114898
5143	0.114780
974	0.114681
12590	0.114390
12571	0.114387
5592	0.114342
5249	0.114295
5155	0.114182
5433	0.114117
9097	0.114102
9096	0.114102
8926	0.114080
10597	0.113778
12871	0.113768
1822	0.113730
5213	0.113683
2306	0.113463
4491	0.113456
13242	0.113442
13241	0.113442
5595	0.113442
5594	0.113442
13240	0.113421
937	0.113413
13239	0.113399
4106	0.113164
7706	0.113136
5598	0.113135
13452	0.113132
13653	0.113107
13555	0.113107
13316	0.113107
10602	0.113107
8080	0.113087
4024	0.112992
4005	0.112905
131	0.112877
2555	0.112833
3390	0.112828
10535	0.112638
8352	0.112524
8351	0.112524
2957	0.112524
2956	0.112524
7872	0.112512
8731	0.112438
1419	0.112414
11755	0.112379
8337	0.112313
9739	0.112197
9375	0.112183
9811	0.112176
11315	0.111943
9500	0.111937
13114	0.111758
11759	0.111665
6226	0.111585
2559	0.111416
2707	0.111404
12736	0.111375
10603	0.111332
7707	0.111254
2651	0.110880
5665	0.110878
9329	0.110612
3368	0.110571
494	0.110485
4105	0.110400
4902	0.110362
11577	0.110271
2561	0.110264
6382	0.110217
2706	0.110202
8797	0.110152
2055	0.110145
5691	0.110092
13938	0.109975
6895	0.109887
9906	0.109841
5597	0.109835
4415	0.109803
11925	0.109802
12542	0.109530
5682	0.109441
6422	0.109342
2902	0.109034
9501	0.108956
3675	0.108946
12803	0.108831
1420	0.108704
6169	0.108690
9744	0.108581
10594	0.108567
823	0.108514
5452	0.108432
13092	0.108430
12808	0.108374
9487	0.108325
11854	0.108314
9502	0.108304
6268	0.108272
5600	0.108267
2551	0.108254
6655	0.108193
2560	0.108160
9769	0.108160
12496	0.108132
14008	0.108113
11469	0.108098
12231	0.108095
10919	0.108034
11936	0.108032
2862	0.108032
11221	0.108012
2553	0.108006
2752	0.107947
1370	0.107896
11269	0.107829
7331	0.107819
9898	0.107789
77	0.107782
14041	0.107706
5551	0.107686
6462	0.107619
1582	0.107583
9601	0.107570
7332	0.107538
6365	0.107538
5666	0.107511
9182	0.107508
6085	0.107460
7330	0.107444
11413	0.107438
2279	0.107432
11265	0.107396
5267	0.107385
4698	0.107381
2556	0.107373
2554	0.107333
6222	0.107307
897	0.107294
10303	0.107251
12063	0.107090
5251	0.107019
1567	0.107000
13161	0.106942
7415	0.106919
10836	0.106857
1588	0.106852
10057	0.106835
3976	0.106829
13160	0.106820
2552	0.106776
9827	0.106727
6224	0.106723
1855	0.106697
13708	0.106668
2703	0.106577
6013	0.106524
13876	0.106443
8061	0.106443
5256	0.106433
5459	0.106429
9373	0.106402
3646	0.106234
7726	0.106173
5603	0.106143
2952	0.105975
12536	0.105646
11196	0.105602
6334	0.105529
2433	0.105315
6223	0.105224
6896	0.105040
5840	0.105003
8348	0.104976
5550	0.104956
846	0.104953
7396	0.104943
5605	0.104706
13850	0.104654
7061	0.104651
7077	0.104583
3965	0.104364
3248	0.104364
12697	0.104327
8444	0.104246
5308	0.104243
2119	0.104178
11529	0.104158
13808	0.104121
13575	0.104006
11037	0.103923
2200	0.103779
11501	0.103712
7739	0.103592
8017	0.103559
4735	0.103441
4694	0.103368
10554	0.103343
3948	0.103330
2814	0.103211
2033	0.103206
2851	0.103175
7329	0.103172
13587	0.103129
13586	0.103129
13525	0.103129
4161	0.103129
11032	0.103120
5602	0.103106
1808	0.103067
5456	0.102899
13347	0.102862
11332	0.102770
2205	0.102559
6671	0.102328
13486	0.102155
13828	0.102147
4953	0.102123
1737	0.102101
7434	0.102063
5490	0.101962
11385	0.101833
11323	0.101824
4320	0.101824
6084	0.101756
10395	0.101703
10678	0.101636
8938	0.101607
9179	0.101568
5622	0.101518
2929	0.101488
7093	0.101464
9721	0.101448
7948	0.101448
7778	0.101448
7618	0.101448
7113	0.101448
1286	0.101332
1399	0.101266
450	0.101253
9982	0.101197
4581	0.101136
9983	0.101115
13352	0.101110
1275	0.101017
2557	0.100833
10851	0.100681
10351	0.100650
6582	0.100562
9835	0.100534
1865	0.100521
4787	0.100420
406	0.100399
12567	0.100377
6883	0.100323
11554	0.100291
12809	0.100277
582	0.100190
4859	0.100080
6532	0.100009
1336	0.099968
6283	0.099940
12433	0.099882
13607	0.099838
521	0.099771
5728	0.099722
10450	0.099708
2052	0.099634
7492	0.099539
11030	0.099439
11029	0.099439
9675	0.099431
10030	0.099315
1006	0.099294
12386	0.099292
8943	0.099270
5220	0.099268
11546	0.099152
2026	0.099017
9295	0.098998
4679	0.098968
8980	0.098784
8978	0.098784
8977	0.098784
8976	0.098784
8940	0.098784
12435	0.098781
6831	0.098591
1647	0.098458
6584	0.098261
6581	0.098261
9181	0.098258
9330	0.098229
4410	0.098059
7596	0.097945
6534	0.097932
6604	0.097909
777	0.097888
7631	0.097887
4744	0.097867
13644	0.097814
2199	0.097733
2705	0.097660
11422	0.097492
12781	0.097480
11648	0.097463
4942	0.097283
705	0.097274
10510	0.097238
7959	0.097090
5827	0.096982
10713	0.096982
2197	0.096948
6102	0.096845
9326	0.096738
2655	0.096690
3039	0.096668
9540	0.096631
2008	0.096595
13317	0.096548
3120	0.096546
11625	0.096533
12581	0.096525
6737	0.096450
14108	0.096192
4745	0.096192
2204	0.096068
6958	0.096042
3114	0.096004
12796	0.095968
7530	0.095956
2076	0.095936
13579	0.095924
11039	0.095924
10964	0.095870
11518	0.095854
977	0.095845
13719	0.095840
10588	0.095840
7547	0.095840
2869	0.095835
4606	0.095756
13328	0.095730
3115	0.095694
9946	0.095657
10518	0.095636
6614	0.095586
8380	0.095542
8957	0.095411
9903	0.095351
9882	0.095351
11257	0.095294
1282	0.095266
8763	0.095195
8761	0.095195
6704	0.095182
10941	0.095097
13340	0.095002
174	0.094964
8194	0.094907
7831	0.094907
2195	0.094880
10831	0.094875
10412	0.094781
8079	0.094779
11161	0.094741
5208	0.094682
2927	0.094653
6379	0.094626
975	0.094600
14232	0.094430
4435	0.094430
2202	0.094375
7809	0.094346
12804	0.094338
5257	0.094110
1764	0.094064
12561	0.093955
12582	0.093940
11807	0.093871
7572	0.093866
11816	0.093785
10432	0.093730
9642	0.093620
9857	0.093613
2460	0.093560
2711	0.093505
13083	0.093490
11815	0.093482
13084	0.093438
9184	0.093438
9180	0.093438
7293	0.093438
7292	0.093438
7291	0.093438
12670	0.093399
5884	0.093381
4919	0.093167
12637	0.093148
7032	0.092978
106	0.092921
12550	0.092885
11463	0.092768
7220	0.092741
3242	0.092706
9957	0.092691
11681	0.092625
9616	0.092589
2081	0.092540
11454	0.092538
3536	0.092505
9746	0.092268
2751	0.092213
4993	0.092157
13447	0.092078
13446	0.092078
13445	0.092078
9989	0.092046
2654	0.092042
1105	0.092037
12480	0.092022
12476	0.092022
12473	0.092022
12468	0.092022
12463	0.092022
9394	0.092022
2728	0.092022
2721	0.092022
1897	0.091995
12640	0.091991
2712	0.091969
12556	0.091853
10441	0.091780
10278	0.091658
2116	0.091620
11834	0.091562
11508	0.091533
11457	0.091527
13121	0.091478
4789	0.091478
4788	0.091478
11419	0.091438
11486	0.091395
583	0.091386
12474	0.091374
1648	0.091313
11215	0.091284
11655	0.091089
10252	0.091061
10610	0.091053
2117	0.091024
12530	0.090968
9183	0.090950
10350	0.090932
8300	0.090831
11400	0.090770
2634	0.090703
12479	0.090667
12478	0.090667
12477	0.090667
12475	0.090667
12472	0.090667
12471	0.090667
12469	0.090667
12467	0.090667
3442	0.090499
12610	0.090406
1779	0.090266
7031	0.090258
12380	0.090253
8081	0.090175
7327	0.090098
2713	0.090078
10951	0.090022
12470	0.090010
2015	0.089960
10040	0.089952
10682	0.089933
11575	0.089888
7973	0.089839
10844	0.089803
14178	0.089745
7935	0.089745
10492	0.089744
12446	0.089737
4350	0.089737
10023	0.089729
7206	0.089723
11500	0.089696
351	0.089672
266	0.089629
11479	0.089566
11571	0.089561
2816	0.089505
11556	0.089497
10151	0.089478
9830	0.089442
5798	0.089441
5567	0.089418
3232	0.089394
13136	0.089303
12353	0.089174
4318	0.088870
7033	0.088732
11089	0.088679
323	0.088632
4791	0.088616
1538	0.088566
12136	0.088561
11274	0.088539
11273	0.088539
11272	0.088539
11271	0.088539
8794	0.088465
1922	0.088374
9680	0.088370
7308	0.088370
7265	0.088370
5494	0.088370
6450	0.088275
6452	0.088267
5734	0.088257
11574	0.088174
3084	0.088118
11250	0.087984
2118	0.087964
10359	0.087937
2925	0.087936
12205	0.087908
5488	0.087872
10429	0.087756
8442	0.087750
7697	0.087738
7254	0.087738
8958	0.087737
10001	0.087710
12628	0.087630
12827	0.087611
4314	0.087567
5650	0.087552
4224	0.087525
4611	0.087510
7114	0.087480
10069	0.087400
9967	0.087352
7034	0.087350
4576	0.087261
11642	0.087243
2018	0.087148
7351	0.087111
12632	0.086994
5221	0.086946
13585	0.086896
10871	0.086836
578	0.086820
11213	0.086801
5534	0.086792
10833	0.086779
11099	0.086592
11876	0.086588
2715	0.086588
5105	0.086587
9158	0.086583
6853	0.086578
11810	0.086577
2649	0.086429
87	0.086417
9922	0.086379
4894	0.086327
13182	0.086323
2487	0.086291
9555	0.086252
2650	0.086198
10365	0.086087
2868	0.086085
11564	0.086058
12745	0.086037
2452	0.086020
6842	0.085974
3231	0.085928
12106	0.085889
2783	0.085833
2647	0.085814
8405	0.085786
13223	0.085781
9117	0.085766
4177	0.085709
12583	0.085678
4507	0.085673
6190	0.085666
6803	0.085641
2872	0.085628
2821	0.085579
12552	0.085540
12630	0.085520
9971	0.085498
13617	0.085481
13528	0.085481
7885	0.085481
6855	0.085481
10809	0.085393
7580	0.085393
129	0.085344
12113	0.085325
13529	0.085289
11493	0.085228
2114	0.085215
13588	0.085197
7581	0.085180
11809	0.085163
758	0.085129
3181	0.085124
4372	0.085064
9988	0.085008
10758	0.084989
10111	0.084930
4451	0.084781
2874	0.084649
12694	0.084621
1876	0.084610
14196	0.084593
10647	0.084586
11568	0.084580
10366	0.084560
4561	0.084559
1358	0.084489
10313	0.084463
7026	0.084409
9426	0.084383
7817	0.084320
4335	0.084287
570	0.084115
13652	0.083986
2485	0.083895
13398	0.083886
10948	0.083886
11565	0.083811
9420	0.083808
11497	0.083785
12609	0.083780
2803	0.083766
10771	0.083737
5241	0.083734
1507	0.083697
11578	0.083653
10037	0.083599
12573	0.083540
4479	0.083443
13678	0.083415
10860	0.083402
12698	0.083386
11169	0.083371
8936	0.083370
10094	0.083326
11330	0.083289
14222	0.083247
13866	0.083247
5347	0.083191
13584	0.083188
3461	0.083186
8935	0.083158
3470	0.083149
875	0.083057
4332	0.082933
5642	0.082926
7774	0.082918
5641	0.082918
5675	0.082757
5447	0.082728
7610	0.082701
14249	0.082653
13915	0.082644
5540	0.082644
9948	0.082634
11579	0.082597
12572	0.082579
6618	0.082546
515	0.082506
11464	0.082489
9337	0.082468
2296	0.082423
10636	0.082391
9252	0.082377
102	0.082350
565	0.082342
5435	0.082306
7139	0.082291
6535	0.082286
12898	0.082279
5599	0.082256
12517	0.082239
7766	0.082215
10598	0.082187
5346	0.082176
4962	0.082122
1318	0.082101
8773	0.081989
6621	0.081989
5387	0.081942
5752	0.081924
11048	0.081905
2889	0.081860
5753	0.081818
2718	0.081796
10891	0.081732
4681	0.081675
10599	0.081627
11485	0.081602
487	0.081596
2594	0.081556
3689	0.081555
13762	0.081547
916	0.081533
7982	0.081532
12629	0.081463
10127	0.081385
12722	0.081369
11494	0.081369
10511	0.081357
2329	0.081313
8130	0.081299
8326	0.081266
549	0.081220
13765	0.081208
7906	0.081208
10613	0.081175
4617	0.081156
2591	0.081114
10527	0.081113
2457	0.081110
10938	0.081071
10773	0.081005
11034	0.080965
535	0.080965
13493	0.080947
155	0.080886
2657	0.080731
6733	0.080665
8900	0.080614
12621	0.080582
12807	0.080575
12799	0.080497
10376	0.080495
6603	0.080467
2768	0.080448
7074	0.080355
11429	0.080315
11324	0.080315
3263	0.080308
4355	0.080286
11218	0.080263
12023	0.080234
2056	0.080220
13166	0.080216
8870	0.080211
10068	0.080210
14063	0.080148
12753	0.080127
10843	0.080065
2441	0.080033
10339	0.079993
12500	0.079958
9718	0.079950
10455	0.079928
1589	0.079911
5041	0.079868
5720	0.079864
2799	0.079858
1392	0.079843
5353	0.079799
1404	0.079766
12649	0.079643
978	0.079589
10890	0.079542
10881	0.079516
11107	0.079490
6168	0.079477
1168	0.079468
839	0.079415
10572	0.079414
12071	0.079412
175	0.079412
4541	0.079402
4790	0.079395
13773	0.079365
6181	0.079359
3676	0.079358
5234	0.079341
1087	0.079318
8972	0.079203
1963	0.079149
12426	0.079146
10614	0.079107
12789	0.079066
12546	0.079051
9848	0.079043
2778	0.078966
13280	0.078909
13279	0.078909
12166	0.078909
7873	0.078909
6248	0.078909
6246	0.078909
6522	0.078875
11167	0.078845
10832	0.078734
7416	0.078681
2450	0.078653
11515	0.078625
12497	0.078581
1397	0.078513
9876	0.078496
7628	0.078496
7627	0.078496
9952	0.078445
4542	0.078388
8146	0.078377
881	0.078359
8602	0.078325
11569	0.078274
12403	0.078228
3229	0.078210
12312	0.078158
7234	0.078078
2107	0.078076
2219	0.078073
2966	0.078072
13624	0.078053
13623	0.078053
