12252	0.155047
9623	0.148806
9135	0.144430
9710	0.144237
11858	0.141943
9462	0.141886
9439	0.141630
3741	0.139044
2952	0.136338
9711	0.136058
9708	0.136058
9707	0.136058
9705	0.136058
9703	0.136058
9699	0.135946
9706	0.135540
155	0.133699
9702	0.131705
4538	0.130528
6295	0.130479
14407	0.128004
2968	0.127797
5347	0.127557
5642	0.127383
7774	0.127381
5641	0.127381
14415	0.126300
9277	0.126300
7752	0.124913
8615	0.123883
9218	0.122484
2052	0.122403
6149	0.121762
13500	0.121319
9709	0.120265
2773	0.119905
51	0.119313
2105	0.118185
9704	0.118058
1673	0.117848
12909	0.116368
9413	0.116345
2958	0.116243
2820	0.116072
8625	0.115680
1419	0.115394
2064	0.115190
7659	0.114811
8531	0.113703
307	0.113402
9415	0.113389
8851	0.113389
8850	0.113389
79	0.113383
9177	0.112995
225	0.112796
5413	0.112280
8845	0.112032
4542	0.111467
6278	0.110318
9775	0.110054
8711	0.109849
8732	0.109769
8710	0.109688
13552	0.109395
13511	0.109395
13507	0.109395
5219	0.109335
8676	0.109202
8709	0.109099
5746	0.108815
14266	0.108748
8712	0.108186
8303	0.108186
8302	0.108186
7362	0.108186
6359	0.108186
1420	0.108154
5296	0.108097
6202	0.108082
2523	0.108033
12069	0.108018
3774	0.107572
2114	0.107449
8892	0.107405
9713	0.106976
9152	0.106678
8604	0.106379
12030	0.106358
6557	0.106167
5045	0.105883
3170	0.105613
4671	0.105458
4669	0.105458
2990	0.105427
9098	0.105260
235	0.105197
4667	0.104802
8611	0.104593
4670	0.104382
6081	0.103926
4672	0.103677
1030	0.103650
1232	0.103617
1229	0.103617
2971	0.103445
9794	0.103338
6102	0.103329
7955	0.103306
3837	0.103189
2522	0.103060
11806	0.103018
1458	0.102924
3773	0.102887
13517	0.102449
7263	0.102405
1905	0.102146
8792	0.102044
4294	0.102017
4111	0.101785
6896	0.101708
7526	0.101702
8864	0.101696
8863	0.101696
8583	0.101696
8124	0.101696
7904	0.101696
7903	0.101696
7902	0.101696
7901	0.101696
7900	0.101696
7899	0.101696
7897	0.101696
7896	0.101696
7895	0.101696
13850	0.101683
7288	0.101619
9145	0.101612
9347	0.101449
13148	0.101382
13147	0.101382
7892	0.101382
6298	0.101382
6297	0.101382
6742	0.101378
6198	0.101375
9999	0.101291
4301	0.101017
7453	0.100932
4383	0.100734
404	0.100486
5038	0.100430
6838	0.100250
7676	0.100167
2996	0.100028
1997	0.099865
9150	0.099853
5456	0.099784
9797	0.099734
11733	0.099581
1897	0.099195
1228	0.099127
12310	0.098974
5044	0.098699
7686	0.098599
224	0.098546
11989	0.098193
13545	0.098160
7240	0.097968
5235	0.097938
2097	0.097737
4128	0.097736
5591	0.097566
6501	0.097489
353	0.096966
4231	0.096904
1078	0.096895
4106	0.096836
7872	0.096623
8352	0.096622
8351	0.096622
2957	0.096622
2956	0.096622
370	0.096575
4668	0.096499
1400	0.096481
1889	0.096338
5546	0.096301
2621	0.096284
4105	0.096178
9307	0.095939
4485	0.095892
2278	0.095584
6895	0.095462
7239	0.095445
7856	0.095034
758	0.094717
6291	0.094677
8979	0.094664
4922	0.094326
876	0.094302
10226	0.094245
6127	0.094219
13439	0.094112
10518	0.094096
11739	0.094049
11655	0.093861
10694	0.093820
9957	0.093635
3507	0.093578
5779	0.093357
9700	0.093322
9192	0.093261
1265	0.093258
5778	0.093137
38	0.093126
9610	0.092432
6155	0.092266
426	0.092116
13945	0.091724
9512	0.091625
6299	0.091397
2902	0.091350
7379	0.091176
9480	0.091051
8533	0.091051
1656	0.091029
9633	0.091019
9630	0.091019
9628	0.091019
9626	0.091019
9625	0.091019
9624	0.091019
9622	0.091019
9621	0.091019
9620	0.091019
9619	0.091019
9618	0.091019
9615	0.091019
9482	0.091019
5062	0.090943
532	0.090829
8938	0.090801
5697	0.090609
8312	0.090455
9787	0.090346
9786	0.090346
9785	0.090346
9784	0.090346
9783	0.090346
9782	0.090346
9781	0.090346
9778	0.090346
9280	0.090346
8585	0.090346
8567	0.090346
8553	0.090346
6465	0.090339
1691	0.090230
10559	0.090203
879	0.090106
13626	0.089968
13425	0.089968
8714	0.089664
9780	0.089460
12093	0.089361
6913	0.089211
1231	0.089188
9248	0.089183
8076	0.089152
13265	0.089128
4163	0.089087
11646	0.089065
13320	0.089040
14418	0.089022
14417	0.089022
13284	0.089022
13152	0.089022
9795	0.089022
9793	0.089022
9792	0.089022
9791	0.089022
9789	0.089022
9745	0.089022
9163	0.089022
8614	0.089022
8613	0.089022
8177	0.089022
6806	0.088902
3539	0.088874
11658	0.088832
2954	0.088739
8451	0.088731
8980	0.088691
8978	0.088691
8977	0.088691
8976	0.088691
8940	0.088691
6044	0.088598
2817	0.088580
5305	0.088556
861	0.088556
469	0.088547
7913	0.088477
5968	0.088477
470	0.088477
5123	0.088474
13815	0.088451
9226	0.088448
9217	0.088448
8534	0.088448
2600	0.088416
7827	0.088411
7942	0.088269
14283	0.088149
3448	0.088121
13533	0.088084
13532	0.088084
13531	0.088084
5967	0.087907
6623	0.087835
2182	0.087780
2955	0.087738
2953	0.087738
9231	0.087707
8634	0.087700
14342	0.087659
5067	0.087565
14162	0.087499
2452	0.087455
7420	0.087375
2755	0.087247
11077	0.087185
6532	0.087167
9465	0.087140
12273	0.087085
3957	0.087083
6533	0.086903
5433	0.086776
8026	0.086745
6035	0.086493
35	0.086479
6277	0.086462
2775	0.086427
2845	0.086392
5302	0.086251
2274	0.086180
9913	0.086139
14416	0.086032
4130	0.086030
7101	0.086022
5598	0.086019
4537	0.085936
9539	0.085931
13519	0.085906
5451	0.085727
5354	0.085711
2542	0.085670
7767	0.085461
6034	0.085444
1346	0.085395
2055	0.085313
1893	0.085286
7954	0.085279
3712	0.085247
10661	0.085225
9726	0.085085
6292	0.084870
1979	0.084808
4491	0.084804
13242	0.084783
13241	0.084783
5595	0.084783
5594	0.084783
12462	0.084780
10685	0.084780
2306	0.084778
7295	0.084751
8090	0.084727
2847	0.084727
2843	0.084727
2839	0.084727
13239	0.084721
9840	0.084685
6889	0.084673
9460	0.084662
989	0.084660
3948	0.084535
6592	0.084515
4416	0.084475
2840	0.084384
5592	0.084332
4778	0.084312
2037	0.084311
6255	0.084283
1148	0.084211
11840	0.084206
6007	0.084184
4251	0.084016
9244	0.083995
4483	0.083932
6117	0.083890
8180	0.083866
3588	0.083780
9870	0.083633
7131	0.083578
9613	0.083492
4305	0.083442
4168	0.083339
1402	0.083320
2962	0.083244
6695	0.083241
5590	0.083133
503	0.083095
4262	0.083089
13449	0.082993
2752	0.082937
8412	0.082725
2809	0.082723
2453	0.082688
3604	0.082584
9143	0.082542
6242	0.082542
5442	0.082530
8661	0.082492
2282	0.082280
8584	0.082128
3960	0.082111
3956	0.082111
2275	0.081566
9673	0.081509
7207	0.081462
9204	0.081401
8592	0.081401
2424	0.081388
6482	0.081331
2188	0.081250
5780	0.081243
9612	0.081200
1300	0.081109
9503	0.081093
4709	0.081081
5734	0.081018
4781	0.080946
11926	0.080893
9438	0.080875
5272	0.080874
4848	0.080861
4094	0.080857
414	0.080778
6089	0.080773
9875	0.080732
6091	0.080626
6090	0.080626
268	0.080562
2783	0.080529
1330	0.080526
9578	0.080505
9839	0.080492
11607	0.080391
11925	0.080306
12871	0.080268
6322	0.080233
2964	0.080028
10286	0.079997
9174	0.079907
10097	0.079892
12136	0.079857
12873	0.079832
13680	0.079819
12010	0.079801
9942	0.079770
9931	0.079770
9930	0.079770
9921	0.079770
9901	0.079770
9899	0.079770
9895	0.079770
9866	0.079770
9836	0.079770
9832	0.079770
9810	0.079770
9698	0.079770
9636	0.079770
9570	0.079770
9299	0.079770
1809	0.079709
2950	0.079705
11212	0.079591
9606	0.079572
9188	0.079563
4511	0.079554
13319	0.079432
14358	0.079423
304	0.079403
406	0.079336
5287	0.079265
6587	0.079249
1285	0.079134
13689	0.079040
13489	0.079040
5777	0.078990
12915	0.078966
12914	0.078966
1097	0.078847
13326	0.078827
2380	0.078820
13435	0.078518
2059	0.078518
2046	0.078511
2067	0.078448
874	0.078433
4304	0.078362
4302	0.078362
11999	0.078359
9495	0.078333
9147	0.078333
2057	0.078263
7560	0.078257
2280	0.078198
82	0.078027
9176	0.077989
8809	0.077989
1812	0.077987
1811	0.077987
2784	0.077869
6065	0.077842
6064	0.077819
1777	0.077789
8565	0.077737
492	0.077720
13456	0.077718
13342	0.077718
2018	0.077645
4112	0.077640
1254	0.077577
2263	0.077488
1816	0.077451
9232	0.077425
9788	0.077383
13050	0.077358
12141	0.077264
8468	0.077137
2978	0.077137
2977	0.077137
456	0.076992
11681	0.076947
9436	0.076898
9201	0.076892
2814	0.076856
8439	0.076838
7435	0.076838
7180	0.076838
3389	0.076825
4053	0.076804
8438	0.076763
2602	0.076722
4450	0.076667
6603	0.076637
4377	0.076630
11998	0.076609
8207	0.076589
1166	0.076535
92	0.076463
13698	0.076341
13544	0.076341
1862	0.076341
7553	0.076173
4113	0.076134
2214	0.076117
10582	0.076085
9466	0.075989
2128	0.075840
9488	0.075832
5720	0.075810
12549	0.075783
7757	0.075773
11019	0.075668
2267	0.075493
12348	0.075449
5908	0.075387
11758	0.075267
10642	0.075073
1293	0.075012
9207	0.074947
9205	0.074947
8528	0.074947
9831	0.074919
9484	0.074869
9483	0.074869
7606	0.074824
9338	0.074769
2458	0.074755
7654	0.074711
5037	0.074709
4659	0.074606
9611	0.074483
1768	0.074475
9609	0.074472
9580	0.074472
3710	0.074436
1882	0.074268
86	0.074182
1039	0.074148
9686	0.074145
4361	0.074067
3700	0.074062
10045	0.073952
10748	0.073925
9834	0.073925
12530	0.073919
9108	0.073889
7202	0.073798
13687	0.073780
9520	0.073706
3736	0.073679
3279	0.073617
11234	0.073468
13076	0.073450
7306	0.073394
8000	0.073251
4977	0.073221
9109	0.073205
7655	0.073138
13497	0.073119
2469	0.073035
5059	0.073028
4348	0.072847
9269	0.072791
2765	0.072743
8503	0.072687
239	0.072658
2256	0.072617
9674	0.072544
13427	0.072537
7072	0.072533
10542	0.072511
9770	0.072463
3209	0.072259
5790	0.072182
2363	0.072182
11226	0.072155
5346	0.072084
6971	0.072058
9237	0.072020
4541	0.072020
11634	0.071988
586	0.071987
10227	0.071980
4976	0.071878
2461	0.071785
13321	0.071727
13600	0.071725
1173	0.071624
2286	0.071507
5500	0.071505
5289	0.071498
6395	0.071425
11987	0.071299
2279	0.071246
6294	0.071240
7073	0.071188
11678	0.071186
3144	0.071133
6317	0.071046
3336	0.071018
2666	0.071015
5033	0.070935
11982	0.070931
5414	0.070931
5412	0.070931
6300	0.070929
169	0.070905
145	0.070775
3666	0.070683
1952	0.070633
1635	0.070598
5182	0.070575
5909	0.070531
3314	0.070497
11737	0.070494
2868	0.070480
5177	0.070420
5566	0.070401
11147	0.070396
10838	0.070185
2426	0.070181
10098	0.070093
4831	0.070079
10232	0.070040
6426	0.070009
7458	0.070002
4281	0.069878
7090	0.069872
11798	0.069772
4160	0.069713
3311	0.069670
14247	0.069665
13240	0.069656
13918	0.069602
2054	0.069547
9170	0.069529
6915	0.069524
5476	0.069499
13665	0.069430
13569	0.069417
3952	0.069387
5243	0.069287
7981	0.069269
3739	0.069226
613	0.069201
6886	0.069145
13716	0.069064
3084	0.069015
10839	0.068998
1950	0.068934
5625	0.068929
5034	0.068857
9200	0.068809
3320	0.068765
6967	0.068725
6689	0.068725
14303	0.068686
14302	0.068686
14301	0.068686
14300	0.068686
14299	0.068686
730	0.068663
7167	0.068627
1648	0.068606
4476	0.068590
3000	0.068583
1780	0.068579
7749	0.068550
2979	0.068510
3934	0.068324
13498	0.068229
3423	0.068085
6191	0.068008
6016	0.068008
539	0.067791
2040	0.067790
3786	0.067786
4447	0.067778
13114	0.067724
3667	0.067645
11214	0.067547
243	0.067546
5622	0.067539
9741	0.067509
3310	0.067509
6267	0.067505
6302	0.067505
4624	0.067501
12275	0.067498
2015	0.067359
11996	0.067301
6704	0.067293
7203	0.067284
8204	0.067264
3270	0.067258
823	0.067237
1764	0.067199
12077	0.067189
6461	0.067189
3711	0.067189
10127	0.067145
2593	0.067125
9537	0.067107
599	0.067062
8972	0.067025
13235	0.066975
2110	0.066955
9909	0.066829
3745	0.066779
11715	0.066775
771	0.066763
5461	0.066739
12053	0.066733
1991	0.066697
9311	0.066584
8929	0.066567
2844	0.066564
11635	0.066497
5268	0.066466
5597	0.066460
9215	0.066444
2351	0.066423
2350	0.066423
2348	0.066423
2346	0.066423
4559	0.066396
12442	0.066338
13281	0.066325
13282	0.066308
2699	0.066293
4824	0.066270
2	0.066267
6663	0.066261
9631	0.066178
2365	0.066131
3557	0.066083
7258	0.066082
2812	0.066079
2109	0.066035
14406	0.065992
14405	0.065992
13396	0.065973
13338	0.065973
6671	0.065942
3884	0.065851
3613	0.065800
3128	0.065768
3121	0.065768
3048	0.065768
2624	0.065768
2303	0.065765
9761	0.065729
1457	0.065658
9796	0.065630
4721	0.065602
10511	0.065601
4838	0.065568
3288	0.065559
817	0.065523
2062	0.065468
3276	0.065467
12684	0.065437
2892	0.065428
4834	0.065420
12954	0.065405
12338	0.065399
10233	0.065282
9735	0.065233
8609	0.065027
7182	0.064936
2330	0.064873
3383	0.064846
11703	0.064829
3071	0.064808
6851	0.064803
7381	0.064792
6920	0.064792
12686	0.064766
13688	0.064749
7400	0.064723
3054	0.064678
5523	0.064516
6473	0.064389
1540	0.064322
6077	0.064299
2815	0.064254
352	0.064240
5913	0.064220
4306	0.064213
494	0.064134
7414	0.064070
2394	0.064044
2881	0.064034
6823	0.064024
2320	0.064006
468	0.063985
6731	0.063862
3841	0.063857
596	0.063804
3427	0.063797
5914	0.063797
13036	0.063785
5737	0.063767
3061	0.063766
13926	0.063748
4121	0.063713
3590	0.063696
9506	0.063641
1386	0.063639
5107	0.063638
633	0.063567
11964	0.063510
8444	0.063475
4291	0.063450
7245	0.063447
3505	0.063427
4238	0.063424
2521	0.063408
11322	0.063396
6781	0.063358
13560	0.063327
8535	0.063282
2049	0.063267
13314	0.063248
2980	0.063238
10648	0.063237
1377	0.063194
1906	0.063106
10538	0.063034
12868	0.063027
9242	0.063027
9241	0.063027
9240	0.063027
6696	0.063027
13847	0.063023
882	0.063009
10186	0.063006
11556	0.062999
2941	0.062928
1388	0.062924
1800	0.062906
4144	0.062802
1291	0.062766
4849	0.062764
12204	0.062729
1371	0.062662
3749	0.062590
4116	0.062586
6050	0.062576
13994	0.062554
7931	0.062554
4787	0.062498
7915	0.062480
7917	0.062450
11048	0.062419
2632	0.062409
10740	0.062356
13394	0.062281
7993	0.062278
9682	0.062245
1090	0.062222
9855	0.062189
8713	0.062189
4175	0.062166
524	0.062110
2189	0.062086
10916	0.062040
4296	0.061966
4581	0.061960
5788	0.061913
9099	0.061868
2455	0.061842
10278	0.061817
5299	0.061773
1118	0.061720
743	0.061650
74	0.061616
9102	0.061577
5963	0.061561
4176	0.061490
1133	0.061490
6217	0.061488
13580	0.061482
860	0.061470
4032	0.061441
4753	0.061430
12714	0.061422
71	0.061408
13234	0.061407
3654	0.061375
14263	0.061367
14002	0.061367
14001	0.061367
14000	0.061367
13998	0.061367
13996	0.061367
6666	0.061367
5064	0.061367
4854	0.061367
4852	0.061367
12276	0.061367
9308	0.061361
9616	0.061359
7888	0.061342
13374	0.061303
13373	0.061303
1989	0.061177
5257	0.061148
13694	0.061137
12414	0.061120
2107	0.061053
3193	0.061050
346	0.061050
781	0.060990
2347	0.060927
3839	0.060804
6252	0.060768
1332	0.060718
6866	0.060707
1854	0.060704
5221	0.060700
10809	0.060683
7580	0.060683
7581	0.060679
2014	0.060577
2411	0.060572
11803	0.060557
2751	0.060538
2010	0.060531
2863	0.060519
5599	0.060400
8928	0.060390
11679	0.060330
1119	0.060274
