1594	0.372253
4586	0.367424
12290	0.346524
6331	0.346524
2368	0.340147
11657	0.339858
2563	0.333370
3542	0.305818
1208	0.302397
5127	0.296300
7779	0.295429
9324	0.273507
1570	0.269499
9265	0.265734
5349	0.258951
2362	0.252457
2986	0.251495
10981	0.249472
6759	0.247351
10364	0.245637
2360	0.243646
12919	0.238183
3421	0.223858
134	0.213755
9401	0.212677
3861	0.202531
5764	0.202029
2878	0.200712
2877	0.196983
2361	0.196394
1712	0.196306
5765	0.193907
5766	0.191326
2776	0.190687
1577	0.189024
2734	0.188952
2736	0.187469
5733	0.187045
3401	0.184241
3399	0.184241
3393	0.184241
10596	0.183471
3392	0.182601
12574	0.180411
11787	0.177228
3400	0.175203
3403	0.174895
12057	0.174501
3859	0.174233
3201	0.173767
10595	0.172310
11891	0.171390
10063	0.171122
1401	0.170730
1617	0.170667
266	0.168604
2876	0.168188
1373	0.166293
4578	0.165667
1622	0.165532
3984	0.154023
5907	0.153721
3200	0.148778
3395	0.148628
12213	0.145466
11663	0.139980
2635	0.139779
4067	0.139394
4065	0.139394
4549	0.137370
4472	0.134407
910	0.130119
13264	0.129928
164	0.129891
2761	0.129350
12274	0.127397
8236	0.127397
8235	0.127397
6980	0.127397
6953	0.127397
298	0.127397
12955	0.127393
12188	0.126773
12311	0.126392
2578	0.125070
8471	0.124922
3621	0.124579
4756	0.124238
1860	0.124061
555	0.123936
74	0.123605
247	0.123405
10979	0.122145
8558	0.121936
3491	0.120425
12062	0.120350
3517	0.120219
3387	0.119596
5389	0.119039
11095	0.118763
3453	0.118647
5714	0.118533
10575	0.118413
526	0.118396
8563	0.118051
8562	0.118051
8561	0.118051
8559	0.118051
7582	0.118051
2989	0.118051
460	0.117999
4585	0.117896
10930	0.117869
4567	0.117754
4565	0.117754
2988	0.117419
8560	0.117084
12367	0.116350
3394	0.115536
7583	0.115513
7132	0.115504
7497	0.114756
12129	0.114426
5369	0.113962
3635	0.112641
8234	0.112411
5739	0.111924
12388	0.111361
5717	0.111272
8279	0.111082
1758	0.109586
13629	0.108904
5468	0.108904
7410	0.108875
5450	0.108563
7508	0.108189
1747	0.108172
10952	0.107704
8010	0.107437
2445	0.107198
103	0.107042
11669	0.106845
6375	0.106845
1827	0.105795
4827	0.105587
2517	0.105568
1082	0.105342
12156	0.104370
8201	0.104370
3501	0.104370
3502	0.104350
2987	0.103501
3413	0.103459
3086	0.103079
4233	0.103034
9186	0.103031
3386	0.102947
2935	0.102437
11894	0.102421
2747	0.102421
3551	0.101965
2529	0.101940
3903	0.101747
5370	0.101672
9146	0.101595
3516	0.101586
4935	0.101568
3426	0.101383
6677	0.100781
11966	0.099781
9681	0.099695
12095	0.099296
4230	0.098747
563	0.098727
3518	0.097782
2621	0.095247
13540	0.095056
3862	0.094658
545	0.094527
3901	0.094231
12263	0.094166
4682	0.094166
9701	0.093941
1354	0.093720
264	0.093320
1964	0.093117
1217	0.092734
5326	0.091794
679	0.091583
1214	0.091504
2751	0.091074
1470	0.090815
9440	0.090744
5078	0.090199
1215	0.089089
12071	0.088448
175	0.088448
3346	0.088145
4684	0.087997
549	0.087497
9727	0.087442
1159	0.086865
13257	0.086481
13221	0.086481
9648	0.086481
9647	0.086481
9340	0.086481
575	0.086479
530	0.086455
400	0.086455
9604	0.086399
172	0.086264
11521	0.085993
10861	0.085902
4615	0.085725
11696	0.084955
6207	0.084955
7819	0.084633
1752	0.084210
9405	0.084147
13222	0.084044
3557	0.084006
4471	0.083968
5884	0.083741
3748	0.083726
8028	0.083471
9418	0.083423
1753	0.083375
7524	0.083070
2864	0.082647
3446	0.082626
4942	0.082339
462	0.081922
10150	0.081911
7714	0.081866
1842	0.081836
10927	0.081736
126	0.081486
13351	0.081424
4148	0.081399
11807	0.081051
13134	0.081041
3630	0.080896
8168	0.080711
10867	0.080610
5750	0.080572
10866	0.080431
8734	0.080410
1211	0.080290
3345	0.079906
6095	0.079569
399	0.078900
3899	0.078715
3367	0.078463
2274	0.078367
13521	0.078231
1409	0.077788
9444	0.077681
1219	0.077232
1722	0.077167
1212	0.077065
180	0.076840
4145	0.076719
12657	0.076533
12232	0.076454
3373	0.076163
1216	0.075892
6137	0.075760
3331	0.075759
2762	0.075559
905	0.075189
299	0.074809
1762	0.074783
546	0.074323
1037	0.073910
948	0.073839
1213	0.073836
11721	0.073035
531	0.072913
11709	0.072864
6206	0.072864
75	0.072749
3137	0.072617
2464	0.072601
8708	0.072361
2655	0.072242
10929	0.072064
6526	0.071587
3499	0.071483
1906	0.071306
267	0.070815
6431	0.070753
11523	0.070572
13551	0.070552
3046	0.070340
815	0.070188
2378	0.070060
14180	0.069958
2065	0.069724
7011	0.069700
5790	0.069643
1578	0.069572
265	0.069559
6635	0.069520
9070	0.069460
6000	0.069085
738	0.069062
9054	0.069041
3500	0.068962
3950	0.068954
9392	0.068821
3349	0.068775
1033	0.068757
12227	0.068659
2767	0.068614
1580	0.068611
2743	0.068335
4146	0.067962
3604	0.067936
3983	0.067623
12186	0.067560
10404	0.067559
12627	0.067339
4786	0.067299
13732	0.066985
2448	0.066983
7012	0.066773
5619	0.066761
1788	0.066547
3613	0.066423
4738	0.066333
8974	0.066194
2261	0.066059
13628	0.065907
7979	0.065848
1011	0.065786
2380	0.065696
11650	0.065644
8564	0.065519
8070	0.065484
736	0.065484
5635	0.065174
9089	0.064881
1168	0.064852
3786	0.064753
6599	0.064734
1934	0.064649
11893	0.064555
9419	0.064540
1579	0.064308
6332	0.064257
2240	0.064110
12177	0.064069
11094	0.063735
5914	0.063310
1090	0.063288
10168	0.063171
10022	0.063171
8036	0.063171
4834	0.062921
1160	0.062821
2580	0.062805
173	0.062776
12162	0.062732
4833	0.062613
176	0.061812
2363	0.061578
4511	0.061485
521	0.061451
2774	0.061451
11924	0.061348
9907	0.061203
3666	0.061177
4624	0.061019
243	0.060894
9741	0.060893
3310	0.060893
12275	0.060847
12131	0.060671
2641	0.060671
2640	0.060671
231	0.060594
61	0.060512
3556	0.060466
544	0.060370
516	0.060268
2726	0.060204
3757	0.059991
20	0.059884
4599	0.059765
3265	0.059756
7674	0.059654
2863	0.059525
4566	0.059480
2694	0.059480
10637	0.059475
3311	0.059432
8043	0.059405
2639	0.059327
8045	0.059326
4444	0.059184
6317	0.059014
6851	0.058851
233	0.058779
755	0.058736
11963	0.058723
9950	0.058576
10291	0.058226
10290	0.058215
737	0.058189
3314	0.057887
9735	0.057768
2237	0.057763
3672	0.057718
3554	0.057696
9074	0.057675
1969	0.057596
12305	0.057469
5921	0.057370
1387	0.057061
92	0.056869
7022	0.056849
11421	0.056762
11345	0.056762
11335	0.056762
10842	0.056762
12022	0.056711
765	0.056711
10090	0.056623
8089	0.056584
1732	0.056578
9788	0.056541
3260	0.056287
3420	0.056279
2636	0.056116
2598	0.056098
4978	0.056070
4160	0.055961
1218	0.055819
567	0.055779
3388	0.055657
562	0.055635
2390	0.055516
10451	0.055260
10064	0.055169
6047	0.055162
1871	0.055031
4883	0.055028
80	0.054988
5913	0.054985
1872	0.054969
5442	0.054711
6490	0.054562
4573	0.054293
13937	0.054291
1205	0.054155
3497	0.054030
7549	0.054018
12409	0.053997
9417	0.053981
1563	0.053972
3746	0.053938
9734	0.053867
9732	0.053867
9730	0.053867
8868	0.053867
8866	0.053867
8514	0.053850
8505	0.053850
13834	0.053789
3591	0.053607
741	0.053574
4159	0.053496
1210	0.053459
11720	0.053350
3372	0.053061
1302	0.052999
2880	0.052993
13097	0.052981
87	0.052925
5502	0.052785
12349	0.052664
12350	0.052653
3519	0.052560
10574	0.052513
9008	0.052457
10573	0.052436
2657	0.052432
11724	0.052407
7158	0.052395
12253	0.052012
8369	0.051974
10820	0.051951
4873	0.051926
402	0.051880
5911	0.051716
4732	0.051690
7673	0.051635
1507	0.051607
4588	0.051499
1352	0.051494
7531	0.051429
3418	0.051364
2866	0.051337
137	0.051310
1905	0.051224
186	0.051202
12642	0.050906
5567	0.050860
2311	0.050816
1089	0.050588
11661	0.050536
16	0.050535
1281	0.050495
5061	0.050479
538	0.050468
9702	0.050440
10870	0.050346
8899	0.050338
775	0.050290
11777	0.050154
2894	0.050145
10432	0.049945
6178	0.049935
11986	0.049925
5445	0.049925
7825	0.049817
13902	0.049691
11337	0.049673
10658	0.049673
11923	0.049598
4434	0.049589
501	0.049521
9847	0.049476
3396	0.049472
6660	0.049467
5114	0.049442
4470	0.049384
7024	0.049362
162	0.049251
8433	0.049229
7314	0.049144
10047	0.049131
2737	0.049112
10911	0.049074
4458	0.049074
9733	0.049066
1806	0.049060
11453	0.049049
11452	0.049049
11451	0.049049
11449	0.049049
11445	0.049049
11427	0.049049
11391	0.049049
11388	0.049049
11331	0.049049
11327	0.049049
11268	0.049049
11088	0.049049
10741	0.048983
13566	0.048915
10657	0.048820
8477	0.048795
4032	0.048738
520	0.048686
13613	0.048647
379	0.048614
3092	0.048541
12175	0.048513
9729	0.048497
9787	0.048462
9786	0.048462
9785	0.048462
9784	0.048462
9783	0.048462
9782	0.048462
9781	0.048462
9778	0.048462
9280	0.048462
8585	0.048462
8567	0.048462
8553	0.048462
4109	0.048382
6465	0.048316
5912	0.048295
9259	0.048270
2920	0.048187
14407	0.048180
12386	0.048048
12445	0.047971
4229	0.047898
12506	0.047844
1092	0.047814
13237	0.047759
12444	0.047749
2355	0.047746
1458	0.047711
3338	0.047675
9316	0.047632
14247	0.047628
8884	0.047580
5931	0.047548
11929	0.047479
14252	0.047397
3718	0.047397
3304	0.047384
12052	0.047384
3768	0.047126
2811	0.047057
7906	0.047054
4473	0.047017
3589	0.046932
2424	0.046930
5608	0.046909
5910	0.046847
9780	0.046664
10486	0.046493
6278	0.046458
8193	0.046423
1067	0.046423
5283	0.046277
7752	0.046262
9244	0.046229
14266	0.046095
1166	0.046091
5223	0.046052
7594	0.046047
12027	0.045993
5289	0.045967
2447	0.045924
417	0.045903
2778	0.045897
3496	0.045895
6849	0.045812
1221	0.045720
6638	0.045671
10703	0.045669
6649	0.045493
6647	0.045493
6646	0.045493
5610	0.045493
8487	0.045447
7409	0.045430
2895	0.045385
8297	0.045385
2643	0.045335
13082	0.045292
9133	0.045292
9129	0.045292
239	0.045256
2411	0.045249
3120	0.045099
8962	0.045077
8961	0.045077
3309	0.045077
6271	0.045038
4550	0.045029
11419	0.044976
2984	0.044916
1432	0.044911
5149	0.044848
6228	0.044808
7954	0.044802
6370	0.044798
12142	0.044796
733	0.044717
13383	0.044471
12493	0.044455
2793	0.044438
5562	0.044384
5737	0.044300
1222	0.044235
2589	0.044172
6425	0.044172
558	0.044159
2630	0.044148
12374	0.044128
3366	0.044096
485	0.044048
14415	0.044020
9277	0.044020
10802	0.043958
4185	0.043949
5869	0.043940
13765	0.043914
3054	0.043901
2394	0.043834
6866	0.043811
5322	0.043727
7584	0.043668
7004	0.043648
2303	0.043613
3128	0.043608
3121	0.043608
3048	0.043608
2624	0.043608
5570	0.043588
5350	0.043579
10719	0.043566
6016	0.043558
6247	0.043509
13832	0.043481
8180	0.043425
12541	0.043409
3588	0.043258
12552	0.043258
4818	0.043190
5041	0.043157
2209	0.043154
5796	0.043144
5713	0.043072
543	0.043024
13326	0.043004
12381	0.042929
13844	0.042871
5388	0.042843
12028	0.042791
9673	0.042767
12025	0.042766
2893	0.042766
2632	0.042739
1093	0.042738
9913	0.042718
1378	0.042718
5860	0.042648
12727	0.042614
5144	0.042611
5224	0.042585
12404	0.042539
6479	0.042533
12821	0.042533
7803	0.042497
2896	0.042473
7513	0.042455
9689	0.042407
3323	0.042390
13859	0.042383
1165	0.042357
5963	0.042267
3324	0.042252
3371	0.042214
2891	0.042207
10600	0.042183
11689	0.042116
10292	0.042098
13151	0.042081
12628	0.042046
11996	0.041974
11909	0.041961
4385	0.041958
605	0.041923
13249	0.041910
13248	0.041910
4403	0.041910
9126	0.041820
960	0.041803
3832	0.041780
3071	0.041762
4405	0.041713
2725	0.041710
12622	0.041699
12779	0.041689
3925	0.041660
7452	0.041567
12644	0.041537
13034	0.041534
7006	0.041534
7005	0.041470
9972	0.041461
1422	0.041460
4763	0.041454
11141	0.041445
9948	0.041410
6274	0.041393
11175	0.041382
13166	0.041357
1854	0.041315
4397	0.041310
2365	0.041288
8451	0.041260
13944	0.041185
7659	0.041155
3344	0.041131
3288	0.041105
7694	0.041031
6428	0.040988
6427	0.040988
2372	0.040985
6769	0.040962
5832	0.040941
7159	0.040923
886	0.040885
9195	0.040883
933	0.040837
11626	0.040819
2625	0.040796
10601	0.040777
10299	0.040777
10298	0.040777
12149	0.040747
12803	0.040741
3370	0.040713
5782	0.040712
4420	0.040689
911	0.040668
1918	0.040624
2746	0.040554
1102	0.040544
170	0.040478
2983	0.040380
1850	0.040376
12012	0.040354
8513	0.040352
11504	0.040332
2870	0.040320
4417	0.040219
6275	0.040214
10903	0.040212
11312	0.040186
2319	0.040156
6439	0.040155
5908	0.040150
7655	0.040135
10128	0.040115
1636	0.040087
10297	0.040067
7654	0.040050
11556	0.040034
5357	0.040021
4551	0.040008
10882	0.040006
11443	0.039892
11369	0.039892
3424	0.039852
9268	0.039851
13174	0.039793
10692	0.039790
2593	0.039747
3009	0.039696
11199	0.039620
182	0.039553
3171	0.039440
4300	0.039407
12585	0.039402
5243	0.039393
4167	0.039368
261	0.039320
3512	0.039313
5994	0.039312
5803	0.039311
12795	0.039290
5989	0.039233
10141	0.039208
10035	0.039208
12551	0.039205
6078	0.039173
6195	0.039161
12571	0.039149
14406	0.039129
14405	0.039129
1259	0.039013
14416	0.038978
7051	0.038966
1807	0.038941
5470	0.038832
1778	0.038826
12630	0.038717
357	0.038703
12717	0.038645
9824	0.038638
4087	0.038608
3010	0.038479
5116	0.038466
1431	0.038439
4082	0.038405
11513	0.038384
895	0.038373
2077	0.038323
10389	0.038315
2745	0.038241
2801	0.038227
8885	0.038221
4581	0.038208
9988	0.038204
3381	0.038172
7025	0.038158
12180	0.038136
4407	0.038102
12082	0.038091
2816	0.038003
6166	0.037998
5471	0.037998
6453	0.037977
6012	0.037974
11173	0.037963
5859	0.037920
6029	0.037917
10479	0.037915
12500	0.037883
3784	0.037853
8622	0.037803
150	0.037798
2366	0.037792
7730	0.037709
7445	0.037709
7444	0.037709
7175	0.037709
7080	0.037709
3012	0.037693
6915	0.037681
4213	0.037679
167	0.037657
9678	0.037597
7109	0.037594
9480	0.037554
8533	0.037554
4825	0.037548
6374	0.037521
12594	0.037520
1584	0.037496
5671	0.037494
1021	0.037444
12174	0.037439
12421	0.037435
10269	0.037435
10266	0.037435
10262	0.037435
10261	0.037435
3369	0.037435
12408	0.037390
10259	0.037388
10267	0.037375
11885	0.037372
3776	0.037350
10198	0.037330
7826	0.037286
10499	0.037263
10720	0.037258
11510	0.037234
11731	0.037217
7975	0.037214
5394	0.037205
8133	0.037194
2296	0.037190
5321	0.037107
9953	0.037100
3151	0.037081
10268	0.037017
8144	0.037016
5672	0.037004
2829	0.037003
12768	0.036989
10598	0.036974
10995	0.036956
3350	0.036913
6138	0.036891
10465	0.036836
9761	0.036831
3568	0.036803
10192	0.036773
10184	0.036773
7898	0.036770
1713	0.036725
4324	0.036720
11725	0.036714
3729	0.036691
4862	0.036653
7312	0.036631
678	0.036613
8064	0.036613
5250	0.036600
5995	0.036600
12741	0.036597
5833	0.036561
7306	0.036552
5444	0.036539
12791	0.036537
12788	0.036537
7554	0.036519
2656	0.036499
7407	0.036498
3853	0.036498
10561	0.036481
12792	0.036474
12672	0.036467
4580	0.036436
11315	0.036426
2196	0.036421
728	0.036417
3287	0.036368
6290	0.036306
11477	0.036304
1593	0.036288
11128	0.036233
5649	0.036229
3196	0.036229
12787	0.036204
6809	0.036196
1992	0.036193
