138	0.214455
2329	0.201330
11848	0.191369
864	0.188834
844	0.183084
3530	0.182640
3535	0.181521
4313	0.181080
9715	0.179915
4317	0.178054
4315	0.178054
4311	0.178054
4310	0.178006
7946	0.177082
137	0.175700
867	0.175603
1391	0.174999
3339	0.174232
157	0.173474
2910	0.172976
11642	0.172316
2859	0.172090
3021	0.169355
152	0.167341
2680	0.166297
968	0.165509
8132	0.164546
3291	0.164503
1390	0.164463
2719	0.162712
2285	0.161231
3568	0.159900
1370	0.159784
3521	0.159741
1261	0.159540
3691	0.158904
1940	0.158865
12097	0.158549
9008	0.158450
422	0.158412
3519	0.158406
1289	0.158374
7190	0.157448
9332	0.157102
11603	0.156330
12350	0.155738
12071	0.155414
175	0.155414
12349	0.155371
2789	0.154376
8944	0.153717
3126	0.153511
1268	0.153246
3920	0.153207
1251	0.153060
2226	0.152890
1035	0.151591
4570	0.151538
11604	0.151534
627	0.150302
6577	0.149795
11984	0.149625
10437	0.149523
2630	0.149475
1196	0.149061
11740	0.148770
9548	0.148704
3131	0.148414
6469	0.148304
358	0.148299
9550	0.148074
2137	0.147377
10400	0.147120
834	0.146909
3172	0.146468
2048	0.146429
178	0.146369
140	0.146130
2597	0.145921
7639	0.145661
2681	0.145650
11774	0.145604
3572	0.145587
11975	0.145122
102	0.144357
6460	0.143918
126	0.143567
1744	0.142941
935	0.142712
12193	0.142155
11676	0.141826
2919	0.141825
5050	0.141651
11819	0.141327
8970	0.141259
1328	0.141184
5782	0.140925
551	0.140759
181	0.140597
3049	0.140524
2040	0.140521
4036	0.140426
9316	0.140249
11600	0.140115
6524	0.139859
2328	0.139820
2713	0.139483
2356	0.139375
9443	0.139220
11775	0.139194
3525	0.139194
692	0.139147
2904	0.138842
5552	0.138583
1376	0.138569
3488	0.138278
3351	0.138202
4808	0.137916
2063	0.137758
4255	0.137622
1441	0.137598
12417	0.137328
4034	0.137328
13020	0.137041
3384	0.136909
233	0.136386
11619	0.136383
2860	0.135883
3327	0.135769
13735	0.135750
13728	0.135750
13726	0.135750
1075	0.135743
4181	0.135573
784	0.135250
2905	0.135209
3529	0.135207
3297	0.134911
1065	0.134901
2209	0.134507
1079	0.134489
171	0.134379
5985	0.133952
9726	0.133806
12407	0.133536
2741	0.133452
2778	0.133102
3141	0.132918
3155	0.132878
3522	0.132044
1445	0.132017
8956	0.131512
8955	0.131512
3584	0.131426
9437	0.131394
11995	0.131374
846	0.131112
2858	0.130817
9281	0.130490
1155	0.130329
1389	0.130324
3683	0.129775
3167	0.129539
11719	0.129441
2907	0.129268
14205	0.129200
2252	0.129138
744	0.128908
1068	0.128792
978	0.128700
5627	0.128499
6360	0.128493
1163	0.128458
843	0.128432
183	0.128054
12394	0.127950
147	0.127946
8251	0.127895
5974	0.127803
1264	0.127765
3526	0.127505
2520	0.127475
4526	0.127167
2722	0.127115
12854	0.126966
3020	0.126838
1071	0.126636
3475	0.126568
7451	0.126533
1728	0.126454
182	0.126188
7481	0.126169
11769	0.126074
5017	0.125988
5783	0.125822
11994	0.125790
2826	0.125790
4546	0.125684
12107	0.125550
158	0.125540
2656	0.125538
3754	0.125323
1793	0.125266
9639	0.125213
5018	0.125203
154	0.125171
9827	0.124918
173	0.124869
495	0.124674
9614	0.124579
594	0.124418
9325	0.124412
12850	0.124217
2912	0.124182
3523	0.124168
3709	0.124070
142	0.124059
728	0.123995
750	0.123889
9661	0.123817
1259	0.123688
9268	0.123676
11893	0.123550
11974	0.123155
2851	0.123151
3707	0.123128
1444	0.123093
525	0.123061
5814	0.123034
6788	0.122988
928	0.122964
9671	0.122726
2293	0.122705
10879	0.122664
13255	0.122630
5643	0.122538
3528	0.122261
1722	0.122257
4115	0.122240
3608	0.122217
12294	0.122018
135	0.121997
9088	0.121783
12874	0.121757
721	0.121745
4571	0.121696
1301	0.121659
3601	0.121655
13278	0.121121
1275	0.121112
1639	0.120961
2333	0.120862
146	0.120784
180	0.120756
10880	0.120675
6991	0.120549
3195	0.120507
5842	0.120461
3470	0.120310
3026	0.120233
1099	0.120115
12146	0.120086
8582	0.120086
7599	0.120086
3695	0.120086
3694	0.120086
3616	0.120086
12859	0.119994
12860	0.119991
3618	0.119968
2909	0.119915
11965	0.119625
717	0.119400
11257	0.119366
11047	0.119186
1385	0.119165
11997	0.119016
2290	0.118976
988	0.118705
7280	0.118691
12852	0.118654
9558	0.118596
4813	0.118596
6076	0.118394
2005	0.117869
5020	0.117675
5904	0.117639
139	0.117609
7327	0.117581
3340	0.117492
8478	0.117323
3757	0.117320
9590	0.117304
3910	0.117218
1502	0.117107
10828	0.117070
8945	0.117051
5311	0.117046
7045	0.116979
176	0.116728
9731	0.116614
13112	0.116488
3670	0.116428
6602	0.116200
9127	0.115997
11597	0.115805
8990	0.115749
8989	0.115749
8987	0.115749
8986	0.115749
8984	0.115749
5548	0.115614
3794	0.115454
12929	0.115421
1729	0.115342
5089	0.115337
3761	0.115285
12937	0.115102
4478	0.115094
9252	0.115084
1362	0.115022
9396	0.115022
4481	0.115022
12615	0.114971
3157	0.114675
2038	0.114571
12164	0.114391
7922	0.114391
309	0.114316
833	0.114213
1087	0.114153
12588	0.113968
4477	0.113880
12411	0.113692
7867	0.113634
1645	0.113623
919	0.113569
12614	0.113514
890	0.113492
9734	0.113457
9732	0.113457
9730	0.113457
8868	0.113457
8866	0.113457
13385	0.113403
132	0.113362
8228	0.113338
9685	0.113309
8425	0.113300
8988	0.113243
9160	0.113220
3765	0.113186
13230	0.113169
13229	0.113169
3766	0.113169
3762	0.113169
3769	0.113169
1274	0.113116
1250	0.113055
371	0.112974
734	0.112852
2213	0.112830
1077	0.112766
10285	0.112746
5986	0.112629
3474	0.112561
1576	0.112457
962	0.112398
4704	0.112154
10163	0.112150
9456	0.112079
3847	0.112079
862	0.112072
1480	0.111877
9279	0.111857
2288	0.111763
1103	0.111674
12931	0.111658
3771	0.111597
3983	0.111448
7617	0.111256
869	0.111134
5559	0.111101
4710	0.111003
4179	0.111000
729	0.110963
3292	0.110943
595	0.110789
2219	0.110760
9238	0.110671
1488	0.110649
355	0.110646
11670	0.110620
12080	0.110459
106	0.110413
6661	0.110384
6094	0.110370
1070	0.110341
10918	0.110199
156	0.109773
3031	0.109771
502	0.109668
9554	0.109547
8200	0.109547
1564	0.109509
483	0.109325
365	0.109322
11911	0.109299
10406	0.109292
3378	0.109219
8706	0.109181
8705	0.109181
1028	0.109174
11723	0.109035
9584	0.108970
9422	0.108791
3759	0.108773
484	0.108737
209	0.108679
1363	0.108630
2214	0.108557
12876	0.108519
12793	0.108214
774	0.108180
3926	0.108158
6005	0.108120
9395	0.108001
4196	0.107980
6433	0.107979
6109	0.107966
7081	0.107936
1487	0.107885
3294	0.107789
8952	0.107781
718	0.107738
3615	0.107645
534	0.107627
821	0.107537
10107	0.107466
826	0.107307
9976	0.107285
8991	0.107144
5872	0.107109
11773	0.107058
7820	0.106875
5072	0.106725
412	0.106669
84	0.106621
4017	0.106608
1312	0.106410
603	0.106407
2317	0.106357
2425	0.106338
9149	0.106285
11036	0.106250
11880	0.106242
642	0.106203
10407	0.106124
11972	0.106113
2854	0.106113
1995	0.106041
1638	0.105913
4754	0.105901
6686	0.105882
1464	0.105815
2769	0.105786
4545	0.105669
159	0.105621
4825	0.105587
1492	0.105495
3703	0.105494
8853	0.105472
5639	0.105392
4548	0.105377
1379	0.105352
12803	0.105304
1095	0.105281
7161	0.105277
9041	0.105230
7030	0.105156
8357	0.105123
5458	0.105016
12938	0.104930
10142	0.104749
933	0.104730
976	0.104722
8934	0.104708
2911	0.104704
4629	0.104686
9009	0.104678
8260	0.104678
8734	0.104623
12160	0.104526
1495	0.104526
4630	0.104497
936	0.104357
608	0.104348
1852	0.104322
4579	0.104313
6410	0.104205
5751	0.104155
2916	0.104143
4019	0.104111
934	0.103990
11741	0.103978
9073	0.103978
3671	0.103968
8261	0.103884
3102	0.103869
3540	0.103844
9897	0.103798
12031	0.103764
1381	0.103693
13403	0.103624
9582	0.103402
9808	0.103316
3267	0.103311
12079	0.103283
1298	0.103267
3500	0.103247
1494	0.103218
12926	0.103160
8931	0.103154
8805	0.103029
8765	0.103029
12439	0.103004
940	0.102985
11623	0.102963
13964	0.102955
5021	0.102930
5019	0.102930
8918	0.102924
12845	0.102915
2415	0.102873
5981	0.102842
12014	0.102829
13153	0.102789
10171	0.102789
10170	0.102789
999	0.102759
7360	0.102750
9522	0.102745
3377	0.102734
4909	0.102725
681	0.102651
2311	0.102648
56	0.102643
8804	0.102611
8767	0.102611
8766	0.102611
8764	0.102611
8743	0.102611
8742	0.102611
8741	0.102611
7685	0.102611
7476	0.102611
6637	0.102611
6606	0.102611
3701	0.102595
4035	0.102575
6594	0.102541
7679	0.102517
4455	0.102512
1072	0.102470
13142	0.102426
7430	0.102426
12316	0.102313
12939	0.102290
12084	0.102290
4286	0.102290
4283	0.102290
4220	0.102290
5793	0.102253
192	0.102219
3527	0.102181
8954	0.102148
5794	0.102087
3249	0.102002
1501	0.101999
11656	0.101980
1483	0.101834
4005	0.101768
12130	0.101712
9563	0.101701
207	0.101677
9391	0.101673
1941	0.101567
11398	0.101564
10807	0.101548
6757	0.101506
12935	0.101482
13254	0.101482
12934	0.101482
12933	0.101482
12932	0.101482
12081	0.101482
8996	0.101482
8994	0.101482
8992	0.101482
6354	0.101456
3611	0.101365
5023	0.101334
12113	0.101285
9499	0.101271
4318	0.101240
5439	0.101229
401	0.101147
1078	0.101144
12864	0.101137
36	0.101112
2339	0.101085
12653	0.101055
3408	0.101031
5499	0.100947
5792	0.100932
11261	0.100910
8199	0.100910
7869	0.100910
3047	0.100811
6626	0.100800
1851	0.100776
4822	0.100722
1321	0.100673
3682	0.100448
165	0.100383
4441	0.100362
1574	0.100350
1895	0.100312
3509	0.100271
12499	0.100214
12078	0.100195
9540	0.100164
11851	0.100149
6927	0.100149
1226	0.100086
5201	0.100002
5083	0.099999
2853	0.099985
2357	0.099984
4159	0.099930
2478	0.099891
12958	0.099891
12870	0.099891
12846	0.099891
12159	0.099891
12158	0.099891
1484	0.099891
12838	0.099885
11492	0.099865
1154	0.099823
4582	0.099802
10983	0.099661
3865	0.099609
841	0.099463
13878	0.099330
8106	0.099330
480	0.099315
842	0.099312
2872	0.099297
7528	0.099259
3567	0.099207
2596	0.099160
11962	0.099030
2903	0.098996
3980	0.098933
5619	0.098917
7619	0.098889
1223	0.098842
992	0.098614
1500	0.098584
8355	0.098403
5801	0.098365
10722	0.098286
3138	0.098153
1374	0.098080
4261	0.098067
13261	0.098035
581	0.098024
2416	0.097984
929	0.097959
387	0.097835
11706	0.097826
9645	0.097791
10939	0.097780
2257	0.097709
12406	0.097696
12488	0.097680
7146	0.097671
12930	0.097661
12928	0.097661
2007	0.097559
5817	0.097523
9881	0.097418
6199	0.097406
12132	0.097382
6227	0.097367
3171	0.097341
13223	0.097252
9029	0.097175
8381	0.097173
12487	0.097051
4642	0.097051
5391	0.096994
13909	0.096976
471	0.096953
2918	0.096944
3272	0.096934
5638	0.096888
4254	0.096851
2587	0.096819
4697	0.096752
5644	0.096743
7385	0.096661
9837	0.096661
2167	0.096657
12702	0.096589
1446	0.096496
6344	0.096481
12524	0.096417
2714	0.096385
2488	0.096352
131	0.096288
12927	0.096240
3819	0.096223
6080	0.096221
1105	0.096192
1482	0.096191
12064	0.096138
5086	0.096127
602	0.096123
7687	0.096122
10284	0.096086
780	0.096039
2923	0.096030
12968	0.096030
6219	0.096030
5874	0.096030
4256	0.096028
11502	0.095802
9962	0.095787
5073	0.095748
410	0.095666
1996	0.095656
7337	0.095648
9714	0.095579
6436	0.095501
7440	0.095443
8981	0.095439
2857	0.095436
1901	0.095433
10278	0.095421
11871	0.095415
5498	0.095415
3602	0.095415
12122	0.095332
2684	0.095332
1266	0.095289
5646	0.095237
11979	0.095227
10506	0.095199
1045	0.095199
4379	0.095184
11474	0.095142
5611	0.095052
10313	0.095035
10015	0.094986
4285	0.094953
4280	0.094953
2922	0.094777
13016	0.094777
10021	0.094721
5645	0.094655
12891	0.094636
4433	0.094609
2924	0.094606
2921	0.094606
13175	0.094416
13828	0.094414
4953	0.094407
1922	0.094390
13140	0.094343
2754	0.094320
5542	0.094318
1642	0.094197
1686	0.094195
13959	0.094182
5404	0.094137
3350	0.094101
2029	0.094092
4226	0.094083
6543	0.094074
6074	0.093976
3674	0.093823
6130	0.093762
3335	0.093735
7028	0.093536
3640	0.093469
2855	0.093434
11907	0.093423
3843	0.093416
2687	0.093380
884	0.093337
12740	0.093305
2153	0.093264
7053	0.093230
3139	0.093166
9255	0.093154
6873	0.093136
2428	0.093031
9629	0.093013
12139	0.092993
9301	0.092985
4594	0.092972
1371	0.092942
10139	0.092925
153	0.092898
10948	0.092842
3317	0.092775
845	0.092750
5230	0.092711
1004	0.092596
1003	0.092596
996	0.092596
757	0.092596
863	0.092594
9733	0.092592
12415	0.092465
5687	0.092457
585	0.092434
3125	0.092413
12646	0.092386
12047	0.092277
8731	0.092253
8423	0.092104
3173	0.092072
13636	0.092053
3702	0.091988
3571	0.091980
4041	0.091963
1296	0.091943
1318	0.091910
9040	0.091854
9189	0.091830
8022	0.091811
6025	0.091787
9939	0.091776
9599	0.091657
2623	0.091616
1499	0.091567
1169	0.091552
2145	0.091549
11610	0.091529
12133	0.091497
6020	0.091422
10873	0.091349
2166	0.091347
10713	0.091337
3511	0.091333
938	0.091260
1870	0.091216
5102	0.091205
12412	0.091176
3692	0.091136
8211	0.091061
7393	0.091061
622	0.091058
2220	0.091054
7961	0.091018
14255	0.090978
5840	0.090976
12853	0.090959
10436	0.090948
7425	0.090905
3275	0.090892
12115	0.090888
278	0.090856
5727	0.090803
14213	0.090783
13543	0.090783
6424	0.090690
1377	0.090619
1753	0.090601
2499	0.090585
10374	0.090545
5492	0.090527
995	0.090508
174	0.090505
5861	0.090482
1388	0.090470
3109	0.090466
12083	0.090459
13276	0.090402
11671	0.090381
1648	0.090381
5836	0.090371
1902	0.090369
10263	0.090359
5980	0.090235
1383	0.090233
965	0.090227
3705	0.090148
2026	0.090143
521	0.090121
1965	0.090089
13035	0.090059
9077	0.090042
12784	0.090022
6021	0.089983
11151	0.089906
12257	0.089879
13021	0.089876
5405	0.089876
11627	0.089868
12858	0.089868
237	0.089806
1650	0.089792
12485	0.089782
12484	0.089782
12466	0.089782
3661	0.089742
1046	0.089740
2758	0.089712
6872	0.089666
787	0.089578
5065	0.089567
2238	0.089544
7252	0.089487
11400	0.089465
2865	0.089432
12776	0.089161
1311	0.089134
5328	0.088948
4222	0.088916
1800	0.088828
12305	0.088803
11368	0.088801
8019	0.088737
8930	0.088722
3160	0.088696
5655	0.088660
5234	0.088642
4182	0.088603
4717	0.088523
1491	0.088491
5459	0.088487
2392	0.088473
1382	0.088472
12094	0.088450
3570	0.088450
6411	0.088432
708	0.088432
3490	0.088381
8229	0.088367
96	0.088320
1047	0.088257
4052	0.088219
3806	0.088205
2024	0.088134
1658	0.088074
1454	0.088065
14009	0.088005
8946	0.087966
2391	0.087930
10859	0.087881
185	0.087826
990	0.087809
1061	0.087805
12890	0.087790
128	0.087785
236	0.087765
10140	0.087722
467	0.087693
12401	0.087661
11181	0.087591
1970	0.087580
8243	0.087546
14220	0.087542
849	0.087540
12940	0.087417
4640	0.087362
6604	0.087354
9344	0.087274
3679	0.087271
3312	0.087264
3305	0.087264
3302	0.087264
4229	0.087234
1735	0.087190
8993	0.087188
3334	0.087174
10083	0.087152
4488	0.087104
6915	0.087096
12785	0.087081
6247	0.087053
11908	0.087018
14167	0.087013
7378	0.086944
151	0.086898
4199	0.086893
