1518	0.225337
10193	0.212865
10194	0.212495
2146	0.209958
11888	0.209613
618	0.209599
951	0.206326
952	0.204414
955	0.200698
9777	0.185680
9776	0.185680
6106	0.185680
6107	0.185680
2682	0.153511
2162	0.151395
2155	0.150497
12306	0.146679
6369	0.146679
6368	0.146679
1778	0.143809
894	0.142334
1515	0.139508
953	0.138868
10882	0.138072
3243	0.135018
6680	0.133661
2317	0.127837
9028	0.123481
9081	0.122429
9078	0.122429
1125	0.120845
6074	0.120116
1101	0.119265
1100	0.119265
2145	0.119122
1010	0.118759
5147	0.118549
137	0.117692
5947	0.117691
10823	0.116922
11677	0.116276
4494	0.116276
4493	0.116276
892	0.115516
2136	0.115386
2904	0.114832
2150	0.114763
9687	0.112098
5769	0.111639
139	0.111455
3519	0.110514
9008	0.110463
9972	0.110017
7670	0.109808
4087	0.109656
12350	0.109326
12349	0.109161
4204	0.108299
3825	0.108187
1510	0.108081
2860	0.107996
10267	0.107704
12421	0.107570
10269	0.107570
10266	0.107570
10262	0.107570
10261	0.107570
10259	0.107516
10268	0.107023
728	0.106171
3548	0.106050
1099	0.105692
3499	0.105204
1717	0.104989
2810	0.104863
7894	0.104373
3933	0.103473
2329	0.103465
9437	0.103348
12906	0.102954
12905	0.102807
4322	0.102242
11146	0.101341
12850	0.100645
2137	0.100406
2616	0.100362
880	0.100318
2597	0.099994
1327	0.099854
6413	0.099045
9715	0.099045
9115	0.098850
7966	0.098701
12854	0.098491
6147	0.098478
2228	0.097908
10881	0.097746
9341	0.097397
578	0.097348
2293	0.097199
5042	0.097131
1245	0.096797
13444	0.096729
12925	0.096449
5089	0.096266
9986	0.096197
11231	0.096024
9881	0.095760
11232	0.095546
11230	0.095546
11229	0.095546
11228	0.095546
3826	0.095457
4656	0.095422
5183	0.095093
9348	0.094969
581	0.094436
7385	0.094405
9198	0.094308
3515	0.094106
6032	0.094033
10203	0.093750
1509	0.093675
12623	0.093293
10671	0.093045
12270	0.092970
12107	0.092844
8549	0.092587
9614	0.092581
12893	0.092545
13058	0.092512
7945	0.092512
3568	0.092490
12041	0.092185
609	0.092052
12913	0.092018
1511	0.091997
12922	0.091974
7450	0.091939
9044	0.091739
13089	0.091720
14072	0.091460
893	0.091301
1433	0.091259
11848	0.091171
9569	0.090966
9421	0.090966
13253	0.090837
9566	0.090837
11683	0.090804
12322	0.090705
3530	0.090399
521	0.090385
10589	0.090357
2226	0.090214
1564	0.090067
2630	0.090066
12874	0.089993
6	0.089959
6094	0.089892
3535	0.089840
3306	0.089839
1011	0.089739
9486	0.089494
5910	0.089456
3710	0.089393
170	0.089326
12015	0.089218
9886	0.089171
1128	0.089092
12411	0.089057
4255	0.088988
8102	0.088982
10939	0.088815
10028	0.088738
81	0.088532
3259	0.088478
9550	0.088420
840	0.088308
12692	0.088229
3561	0.087820
4808	0.087691
10163	0.087566
14239	0.087385
936	0.087311
12097	0.087151
530	0.087131
400	0.087131
4657	0.087069
8907	0.086993
3398	0.086915
777	0.086888
11398	0.086528
1800	0.086496
8944	0.086396
412	0.086305
11603	0.086053
5259	0.086006
5066	0.085995
716	0.085863
5287	0.085539
12156	0.085447
8201	0.085447
3501	0.085447
3502	0.085425
12071	0.085380
175	0.085380
2680	0.085288
3291	0.085282
12860	0.085271
12859	0.085256
80	0.084944
3564	0.084927
869	0.084901
722	0.084883
422	0.084782
399	0.084770
1253	0.084663
1131	0.084556
7468	0.084529
2967	0.084529
2191	0.084524
11207	0.084283
11358	0.084128
9316	0.084103
4495	0.083837
9645	0.083738
5745	0.083588
2210	0.083546
827	0.083507
6992	0.083401
8954	0.083212
1997	0.082851
11047	0.082546
4570	0.082462
11604	0.082457
3446	0.082189
3351	0.082098
2047	0.082059
712	0.081932
1034	0.081770
3822	0.081702
9548	0.081526
8207	0.081352
11096	0.081325
730	0.081298
2965	0.081133
7556	0.081119
6434	0.081119
5072	0.081108
3204	0.081027
171	0.080727
1940	0.080697
2783	0.080606
2197	0.080505
233	0.080365
11027	0.080351
5407	0.080184
1541	0.080072
140	0.080059
138	0.080009
1328	0.079895
1562	0.079801
559	0.079604
3155	0.079518
147	0.079489
10666	0.079434
13330	0.079406
1132	0.078745
1102	0.078696
10915	0.078676
11740	0.078673
2097	0.078615
8956	0.078607
8955	0.078607
2828	0.078575
2681	0.078484
1726	0.078359
1941	0.078273
9333	0.078270
2622	0.078136
2355	0.078054
1249	0.078017
4909	0.077938
13235	0.077844
12077	0.077789
6461	0.077789
3711	0.077789
719	0.077706
11593	0.077699
10879	0.077621
2080	0.077611
5117	0.077421
9608	0.077357
6436	0.077330
12459	0.077296
7427	0.077274
11769	0.077228
1744	0.077176
727	0.077138
4126	0.077115
3434	0.077113
10284	0.076977
10880	0.076918
784	0.076915
7318	0.076888
3562	0.076821
997	0.076757
10802	0.076709
5050	0.076691
11669	0.076651
6375	0.076651
6577	0.076617
2116	0.076597
4579	0.076578
179	0.076530
11600	0.076522
1788	0.076356
876	0.076275
11989	0.076216
534	0.076126
1535	0.076110
6172	0.076061
342	0.076027
3709	0.075919
2079	0.075883
1006	0.075668
3292	0.075461
2898	0.075411
8425	0.075189
2096	0.075029
2988	0.075010
2204	0.074983
4612	0.074908
11852	0.074902
10682	0.074759
6411	0.074711
5470	0.074683
11676	0.074479
1658	0.074474
774	0.074460
4921	0.074417
2214	0.074386
1376	0.074324
988	0.074277
2909	0.074245
1251	0.074233
531	0.074147
12080	0.074116
12927	0.074098
13237	0.074076
1129	0.074023
1785	0.073991
2199	0.073946
2195	0.073943
96	0.073918
3388	0.073902
2569	0.073892
823	0.073870
3573	0.073849
1838	0.073822
11761	0.073789
6097	0.073789
5547	0.073789
3595	0.073789
10871	0.073770
11671	0.073707
3540	0.073680
2425	0.073676
10294	0.073631
3635	0.073521
1391	0.073496
4179	0.073410
780	0.073393
159	0.073349
11719	0.073338
5073	0.073315
8928	0.073295
6134	0.073279
3518	0.073245
875	0.073208
1226	0.073102
1321	0.073089
11851	0.072970
6927	0.072970
1223	0.072935
4222	0.072917
11653	0.072877
3589	0.072785
1578	0.072720
5343	0.072638
12853	0.072597
863	0.072592
7933	0.072583
347	0.072583
1516	0.072515
5739	0.072416
2311	0.072394
7491	0.072278
787	0.072195
3607	0.072151
522	0.072129
989	0.072106
2202	0.072088
2722	0.072053
5111	0.071951
5456	0.071926
9522	0.071897
4273	0.071724
13142	0.071689
7430	0.071689
6631	0.071649
5370	0.071617
13427	0.071587
12070	0.071586
9980	0.071545
4230	0.071503
12129	0.071427
9016	0.071422
4571	0.071328
1521	0.071220
5639	0.071196
13965	0.071144
3195	0.071092
2532	0.071058
3823	0.070937
7132	0.070934
1308	0.070920
837	0.070868
13028	0.070742
7200	0.070741
1827	0.070731
10822	0.070725
10501	0.070694
2905	0.070693
9856	0.070676
4233	0.070579
6991	0.070575
13796	0.070548
2098	0.070536
9790	0.070507
3824	0.070481
5323	0.070459
2452	0.070287
3567	0.070282
7394	0.070172
918	0.070122
6281	0.070091
2730	0.070085
1852	0.070065
2812	0.070048
11910	0.070032
1483	0.070013
9029	0.070003
6602	0.069945
2151	0.069932
5369	0.069897
7986	0.069889
133	0.069889
3934	0.069824
13639	0.069789
2485	0.069751
1247	0.069737
14222	0.069718
13866	0.069718
2910	0.069663
127	0.069555
3536	0.069523
5999	0.069466
5998	0.069466
6460	0.069462
8140	0.069404
6199	0.069400
6354	0.069370
11625	0.069368
13254	0.069358
12934	0.069358
12933	0.069358
12932	0.069358
12081	0.069358
8996	0.069358
8994	0.069358
8992	0.069358
12935	0.069326
10693	0.069324
2637	0.069317
9733	0.069316
12208	0.069260
11884	0.069246
13430	0.069218
12687	0.069172
6279	0.069169
8132	0.069164
11407	0.069157
11164	0.069130
619	0.069117
582	0.069045
3572	0.069039
259	0.069018
2127	0.068966
1973	0.068872
934	0.068787
7583	0.068771
3712	0.068689
10518	0.068611
2859	0.068581
11909	0.068561
2132	0.068551
12271	0.068503
5712	0.068466
5711	0.068466
5710	0.068466
8439	0.068421
7435	0.068421
7180	0.068421
8438	0.068378
7745	0.068330
12027	0.068308
2816	0.068267
13222	0.068181
12064	0.068177
9640	0.068130
13438	0.068120
5020	0.068086
2125	0.067999
406	0.067973
2729	0.067936
1835	0.067918
1307	0.067897
526	0.067876
4261	0.067854
2451	0.067844
3841	0.067830
2901	0.067801
9611	0.067782
1075	0.067735
2487	0.067702
12114	0.067673
3691	0.067615
7105	0.067604
5087	0.067555
12025	0.067542
2893	0.067542
12028	0.067539
11758	0.067439
8232	0.067410
9076	0.067387
4710	0.067370
14068	0.067248
2446	0.067228
9995	0.067198
7007	0.067162
2891	0.067088
4888	0.067085
5114	0.067084
12917	0.066989
3295	0.066989
3293	0.066989
12950	0.066970
9859	0.066965
2613	0.066917
720	0.066905
8563	0.066860
8562	0.066860
8561	0.066860
8559	0.066860
7582	0.066860
2989	0.066860
7190	0.066747
4455	0.066715
10912	0.066711
565	0.066674
463	0.066672
5768	0.066659
4809	0.066651
12952	0.066634
12951	0.066634
1334	0.066593
5088	0.066587
11442	0.066537
11396	0.066537
10983	0.066446
3284	0.066429
6076	0.066382
13077	0.066368
12895	0.066368
2896	0.066341
11663	0.066178
13019	0.066170
8558	0.066157
3285	0.066142
12852	0.066100
464	0.066037
10162	0.066028
7619	0.065949
12165	0.065941
3516	0.065931
9146	0.065928
8560	0.065825
911	0.065784
11893	0.065777
1889	0.065630
8921	0.065623
3410	0.065541
9402	0.065457
257	0.065388
2600	0.065292
4704	0.065285
13388	0.065260
13387	0.065260
12079	0.065248
4128	0.065182
12223	0.065102
8432	0.065096
8431	0.065096
6599	0.065094
11837	0.065052
898	0.065052
899	0.065050
9578	0.064895
1752	0.064872
1922	0.064864
9041	0.064860
4630	0.064829
4241	0.064821
12146	0.064728
8582	0.064728
7599	0.064728
3695	0.064728
3694	0.064728
3616	0.064728
465	0.064707
6819	0.064689
2972	0.064674
3551	0.064604
11992	0.064518
9073	0.064470
3991	0.064463
7287	0.064440
1693	0.064428
13852	0.064418
13081	0.064370
13080	0.064370
13079	0.064370
13078	0.064370
13074	0.064370
13071	0.064370
13057	0.064370
13049	0.064370
13047	0.064370
13045	0.064370
13043	0.064370
13017	0.064370
12959	0.064370
12904	0.064370
7936	0.064370
2915	0.064264
7426	0.064246
1461	0.064228
1234	0.064217
6360	0.064168
10722	0.064166
3615	0.064146
2135	0.064062
8000	0.064047
4229	0.064013
1187	0.064002
12858	0.063987
8924	0.063968
3290	0.063926
1464	0.063890
5047	0.063883
6717	0.063816
839	0.063757
6136	0.063642
2332	0.063574
182	0.063566
8993	0.063558
9726	0.063535
56	0.063535
4077	0.063502
4827	0.063499
11957	0.063426
3575	0.063426
812	0.063414
11984	0.063374
8056	0.063368
12899	0.063339
7560	0.063333
9627	0.063315
1444	0.063287
4119	0.063270
12940	0.063199
990	0.063185
2209	0.063167
3903	0.063147
2935	0.063132
1371	0.063069
833	0.063039
1163	0.063026
562	0.063017
12930	0.062998
12928	0.062998
7146	0.062986
847	0.062982
12406	0.062981
1497	0.062974
2001	0.062963
3657	0.062927
3138	0.062853
10240	0.062850
4093	0.062738
2931	0.062735
2073	0.062696
10092	0.062640
6330	0.062636
6029	0.062634
6034	0.062611
1186	0.062548
9288	0.062544
2932	0.062448
8946	0.062437
9436	0.062422
3748	0.062385
2285	0.062362
1958	0.062317
12733	0.062310
3952	0.062295
12941	0.062271
8923	0.062218
1454	0.062183
503	0.062127
12253	0.062098
8279	0.062052
2855	0.061994
4122	0.061993
2206	0.061984
814	0.061928
1514	0.061923
12235	0.061873
2853	0.061835
10016	0.061801
3747	0.061799
1303	0.061751
12785	0.061717
1354	0.061714
2208	0.061711
1236	0.061711
6653	0.061709
11724	0.061694
153	0.061648
9440	0.061625
9116	0.061614
1370	0.061611
10293	0.061568
8423	0.061565
1051	0.061555
2974	0.061534
12784	0.061494
3581	0.061477
8234	0.061448
2139	0.061435
9957	0.061417
4781	0.061387
90	0.061382
6467	0.061330
11048	0.061327
1231	0.061286
6652	0.061258
994	0.061254
9492	0.061235
8918	0.061222
4256	0.061198
922	0.061124
13116	0.061118
4270	0.061118
4269	0.061118
2157	0.061111
4374	0.061085
1372	0.061056
4917	0.061048
10200	0.061045
6355	0.061042
6021	0.061019
540	0.060989
11915	0.060972
2040	0.060967
1563	0.060967
13255	0.060738
13163	0.060706
10169	0.060706
4858	0.060649
12793	0.060642
13040	0.060565
12075	0.060429
813	0.060429
157	0.060389
1068	0.060367
12329	0.060313
12343	0.060312
7589	0.060312
4585	0.060289
2266	0.060270
2172	0.060255
7405	0.060237
11873	0.060212
12006	0.060141
13448	0.060138
6563	0.060124
12136	0.060105
2192	0.060090
11930	0.060086
10263	0.060034
4599	0.060016
4378	0.060002
9508	0.059922
2619	0.059904
1309	0.059864
2963	0.059839
10572	0.059813
6594	0.059796
126	0.059792
3554	0.059745
9923	0.059725
10778	0.059719
12238	0.059717
1833	0.059674
9503	0.059669
12169	0.059668
8917	0.059668
440	0.059631
3984	0.059627
9343	0.059624
8661	0.059564
9251	0.059548
3611	0.059543
3475	0.059531
12919	0.059481
152	0.059421
12740	0.059391
9613	0.059338
11849	0.059322
12872	0.059265
5564	0.059253
1480	0.059244
7620	0.059239
13341	0.059223
6313	0.059185
597	0.059125
881	0.059101
12776	0.059065
1092	0.059054
8919	0.059046
8246	0.059024
2449	0.058972
5455	0.058952
2212	0.058942
1897	0.058918
822	0.058866
841	0.058850
6592	0.058847
7594	0.058790
1774	0.058768
1259	0.058765
1905	0.058704
9797	0.058597
6251	0.058553
6249	0.058553
560	0.058532
834	0.058532
794	0.058520
10084	0.058406
2973	0.058292
6227	0.058192
209	0.058182
6035	0.058151
7830	0.058147
6277	0.058121
12026	0.058108
9610	0.058065
5518	0.058061
2333	0.058049
2117	0.058036
1077	0.057943
6317	0.057937
9334	0.057921
11972	0.057917
2854	0.057917
6739	0.057827
6738	0.057827
12926	0.057804
883	0.057795
5618	0.057792
5617	0.057792
4511	0.057780
423	0.057764
12237	0.057758
13676	0.057755
1777	0.057748
6418	0.057731
4321	0.057713
9612	0.057709
6886	0.057708
10378	0.057705
10377	0.057696
164	0.057689
2265	0.057686
12646	0.057662
5359	0.057642
425	0.057617
9872	0.057606
13060	0.057594
13055	0.057594
13048	0.057594
13014	0.057594
13009	0.057594
12892	0.057594
8379	0.057594
11861	0.057580
6318	0.057580
1079	0.057575
12458	0.057550
12600	0.057549
5633	0.057544
555	0.057480
3140	0.057478
11670	0.057467
1759	0.057465
12310	0.057415
7207	0.057397
9734	0.057371
9732	0.057371
9730	0.057371
8868	0.057371
8866	0.057371
2259	0.057342
2531	0.057336
3241	0.057331
4170	0.057299
7153	0.057294
1291	0.057293
5619	0.057263
2589	0.057261
849	0.057253
11475	0.057224
365	0.057122
8726	0.057111
2726	0.057089
462	0.057060
3757	0.056980
717	0.056968
1432	0.056954
9907	0.056944
977	0.056934
79	0.056931
3504	0.056924
826	0.056902
12581	0.056855
2143	0.056824
11916	0.056806
2655	0.056771
13664	0.056749
12530	0.056732
4240	0.056718
2765	0.056711
2020	0.056688
12931	0.056682
183	0.056671
588	0.056661
6650	0.056633
4588	0.056615
9417	0.056594
11894	0.056584
2747	0.056584
930	0.056571
5800	0.056536
864	0.056535
5659	0.056449
5542	0.056433
8223	0.056423
6095	0.056402
1768	0.056391
9582	0.056386
11684	0.056383
2267	0.056382
2460	0.056363
4469	0.056355
8945	0.056334
12138	0.056332
12137	0.056332
12068	0.056332
11864	0.056332
5311	0.056329
3613	0.056316
1798	0.056297
9724	0.056293
9922	0.056288
101	0.056239
5754	0.056151
3592	0.056137
