2916	0.268327
359	0.252882
3139	0.247943
7728	0.246856
4054	0.244136
356	0.235381
3881	0.213199
7528	0.197607
9837	0.195886
13465	0.194477
14251	0.193849
6265	0.193849
12185	0.193570
15	0.184508
11874	0.184338
8757	0.175287
8756	0.175287
8550	0.175287
11736	0.175277
2583	0.174415
1239	0.174126
1246	0.174043
7407	0.173364
3853	0.173364
1518	0.169736
360	0.168869
2584	0.167653
8571	0.161488
11888	0.160484
618	0.160471
2146	0.160221
951	0.153110
3026	0.152159
952	0.151373
5060	0.151314
955	0.148027
2338	0.147784
9853	0.147272
138	0.146190
10043	0.144549
10044	0.143397
4432	0.142035
953	0.141955
4431	0.141916
3920	0.141882
1061	0.141371
11819	0.135206
4055	0.134355
1060	0.134049
9777	0.132405
9776	0.132405
6106	0.132405
6107	0.132405
3297	0.132033
7493	0.131806
3104	0.131013
413	0.130438
3233	0.129865
1103	0.129275
8181	0.128765
9554	0.128175
8200	0.128175
13943	0.126730
692	0.126484
7451	0.126134
7481	0.125972
559	0.124533
1099	0.123928
2162	0.122448
7709	0.121871
9820	0.121445
8735	0.121445
11994	0.121317
2826	0.121317
3521	0.119826
12347	0.119611
2137	0.119208
13	0.118785
8945	0.118651
2597	0.118388
8111	0.117989
2145	0.117813
4966	0.117786
2288	0.117426
784	0.117417
894	0.117146
864	0.116681
1098	0.116494
11600	0.115773
7280	0.115746
2155	0.115712
8469	0.114940
1096	0.114591
9127	0.114539
2741	0.114047
654	0.113589
1240	0.112237
1391	0.111533
183	0.111477
137	0.111231
821	0.110774
560	0.110537
1251	0.110425
8132	0.110291
3384	0.109558
3291	0.109246
1040	0.108729
2317	0.108638
826	0.108546
5769	0.108418
3584	0.107444
3351	0.107392
11995	0.107317
4492	0.107098
5182	0.106487
10027	0.106458
7090	0.106427
11848	0.106259
867	0.104913
2136	0.104903
2150	0.104571
1261	0.104298
3519	0.104008
9008	0.103910
557	0.103794
11884	0.103733
1101	0.102993
1100	0.102993
1515	0.102842
12350	0.102826
2680	0.102667
12349	0.102663
139	0.102535
2328	0.102180
4273	0.101994
191	0.101910
12193	0.101745
140	0.101603
13796	0.101561
11984	0.101285
6577	0.100966
919	0.100566
3981	0.100487
1363	0.100479
9138	0.100444
2859	0.100318
1196	0.100006
2911	0.099954
12071	0.099648
175	0.099648
990	0.099410
147	0.099368
3572	0.099082
8956	0.098905
8955	0.098905
355	0.098305
208	0.098192
783	0.097788
4310	0.097587
4317	0.097545
4315	0.097545
4311	0.097545
9829	0.097485
7946	0.097416
936	0.097390
844	0.097334
152	0.097247
2855	0.096995
587	0.096812
1068	0.096800
1961	0.096751
2311	0.096684
5947	0.096271
6959	0.096228
365	0.096014
935	0.095384
2907	0.095227
9685	0.095204
10193	0.094983
10194	0.094934
892	0.094875
2910	0.094862
5072	0.094594
842	0.094375
7286	0.094261
10823	0.094159
4478	0.094151
1362	0.094120
9396	0.094120
4481	0.094120
1728	0.093942
2329	0.093591
9715	0.093454
999	0.093439
1564	0.093347
3339	0.093283
9858	0.093261
6724	0.093198
1328	0.093173
5803	0.093094
11642	0.092978
2285	0.092949
9403	0.092574
11974	0.092549
1095	0.092487
11851	0.092389
6927	0.092389
11719	0.092324
12294	0.092265
3527	0.092124
2226	0.091822
2709	0.091797
9687	0.091704
3126	0.091363
6122	0.091256
6915	0.090870
880	0.090863
2972	0.090729
14276	0.090703
13428	0.090703
9641	0.090408
9893	0.090368
9892	0.090368
9888	0.090368
9887	0.090368
9841	0.090368
9821	0.090368
9768	0.090368
9300	0.090368
9294	0.090368
869	0.090324
2585	0.090146
159	0.090107
1268	0.090051
2369	0.089904
8954	0.089863
2210	0.089842
4313	0.089738
9278	0.089726
564	0.089726
2294	0.089541
2713	0.089244
2630	0.088902
2135	0.088842
11676	0.088726
890	0.088709
301	0.088700
13255	0.088642
6367	0.088576
5974	0.088530
9522	0.088513
1056	0.088382
12097	0.088363
12080	0.088306
1438	0.088251
11774	0.088106
6416	0.087953
13389	0.087941
2903	0.087926
906	0.087881
4255	0.087767
581	0.087555
11890	0.087272
11889	0.087272
8139	0.087272
2149	0.087272
2148	0.087272
2147	0.087272
8944	0.087258
2904	0.087068
3939	0.087017
11603	0.086987
422	0.086971
3530	0.086912
2740	0.086829
157	0.086684
1820	0.086540
3535	0.086539
2209	0.086434
12316	0.086382
5073	0.085855
483	0.085501
9344	0.085416
161	0.085310
11775	0.085307
3525	0.085307
6131	0.084822
14239	0.084812
3540	0.084717
3131	0.084318
12876	0.084289
9424	0.084082
4546	0.083898
6992	0.083842
4570	0.083769
11604	0.083767
9551	0.083753
2158	0.083708
833	0.083622
4548	0.083525
4182	0.083519
13573	0.083509
4545	0.083475
13662	0.083413
3398	0.083237
9425	0.083205
5020	0.083198
13118	0.083187
3653	0.083187
1055	0.083187
2166	0.083122
5639	0.083017
2909	0.082983
11740	0.082881
1079	0.082655
11630	0.082608
630	0.082606
728	0.082428
695	0.082416
9141	0.082302
1058	0.082302
5552	0.082268
5801	0.082158
3072	0.082154
1390	0.082042
158	0.081974
6524	0.081968
4737	0.081901
5654	0.081750
3488	0.081631
2919	0.081499
351	0.081455
8320	0.081440
12935	0.081352
13254	0.081345
12934	0.081345
12933	0.081345
12932	0.081345
12081	0.081345
8996	0.081345
8994	0.081345
8992	0.081345
6354	0.081294
8321	0.081227
3561	0.081041
9238	0.080844
1924	0.080536
7162	0.080474
3509	0.080375
12306	0.080283
6369	0.080283
6368	0.080283
9548	0.080275
876	0.080065
3657	0.079846
729	0.079637
1274	0.079611
156	0.079479
4455	0.079432
3568	0.079391
4965	0.079364
9890	0.079192
4261	0.079096
1062	0.079086
3522	0.079033
3523	0.078874
4704	0.078810
133	0.078711
883	0.078694
3897	0.078590
135	0.078564
9341	0.078522
10983	0.078426
884	0.078379
1063	0.078379
484	0.078376
843	0.078134
2682	0.078030
12079	0.077968
6250	0.077905
934	0.077881
13223	0.077502
2115	0.077482
7556	0.077470
6434	0.077470
3636	0.077445
3683	0.077369
13343	0.077279
2080	0.077245
2860	0.077066
2047	0.076987
5548	0.076855
2853	0.076787
9033	0.076590
994	0.076472
4825	0.076457
1424	0.076446
6130	0.076199
7619	0.076093
1044	0.076054
1923	0.076043
8983	0.076030
5183	0.076015
8425	0.075976
1389	0.075965
6	0.075804
12927	0.075781
1516	0.075718
3722	0.075718
5328	0.075679
4630	0.075614
181	0.075507
8102	0.075452
3515	0.075431
2153	0.075322
9797	0.075239
5017	0.075216
9552	0.075159
1102	0.075139
734	0.074983
7820	0.074980
11898	0.074942
7184	0.074913
1075	0.074908
6109	0.074877
126	0.074823
13503	0.074807
5018	0.074767
4222	0.074683
12406	0.074626
12930	0.074619
12928	0.074619
7146	0.074608
11619	0.074572
12310	0.074548
10923	0.074537
9550	0.074495
822	0.074490
11653	0.074489
9599	0.074434
12852	0.074432
9437	0.074417
6410	0.074371
11593	0.074213
4256	0.074152
997	0.074151
2116	0.074146
6360	0.074100
8251	0.074080
275	0.074079
9061	0.073934
9060	0.073934
5715	0.073934
2565	0.073934
130	0.073926
939	0.073823
211	0.073820
2905	0.073747
10163	0.073695
9734	0.073586
9732	0.073586
9730	0.073586
8868	0.073586
8866	0.073586
371	0.073579
3841	0.073521
10975	0.073477
3138	0.073457
1259	0.073451
12078	0.073296
3327	0.073289
1744	0.073272
9316	0.073271
1721	0.073261
1348	0.073129
7760	0.073086
9332	0.072929
2915	0.072900
10883	0.072894
3529	0.072883
2293	0.072877
611	0.072858
4808	0.072852
9614	0.072761
1250	0.072708
1283	0.072654
1224	0.072649
5050	0.072638
3895	0.072598
562	0.072512
5760	0.072413
1247	0.072359
3292	0.072339
5117	0.072109
9889	0.072101
5904	0.072077
178	0.071976
56	0.071864
12000	0.071787
4593	0.071787
4592	0.071787
2139	0.071775
2789	0.071771
1658	0.071719
10662	0.071683
12913	0.071508
1046	0.071500
12922	0.071464
1726	0.071444
171	0.071312
9456	0.071307
3847	0.071307
7524	0.071254
12164	0.071244
7922	0.071244
4822	0.071230
2858	0.071218
8918	0.071215
6172	0.071208
9395	0.071204
3259	0.071152
12271	0.071032
9019	0.071012
2355	0.071007
2688	0.070872
12614	0.070845
5440	0.070828
14255	0.070757
594	0.070751
5814	0.070736
2949	0.070733
3062	0.070697
3747	0.070644
278	0.070571
2912	0.070554
1717	0.070497
9348	0.070452
8951	0.070436
6788	0.070403
10892	0.070384
2292	0.070382
12917	0.070366
3295	0.070366
3293	0.070366
4754	0.070303
12518	0.070221
10719	0.070127
12850	0.070108
2125	0.070032
563	0.070005
2127	0.069931
5638	0.069886
579	0.069874
4956	0.069584
2685	0.069554
2678	0.069554
555	0.069445
8228	0.069389
6074	0.069253
13403	0.069250
4241	0.069161
7325	0.069134
7324	0.069134
2689	0.069131
3492	0.069060
11443	0.069017
11369	0.069017
12891	0.068991
4251	0.068962
8988	0.068958
513	0.068821
12926	0.068794
7694	0.068777
3848	0.068742
5089	0.068663
1442	0.068643
551	0.068641
12785	0.068638
12102	0.068610
2310	0.068607
2691	0.068599
12345	0.068561
12344	0.068561
8095	0.068561
2313	0.068561
5470	0.068538
3021	0.068500
14167	0.068418
2314	0.068328
2312	0.068328
7558	0.068323
7557	0.068323
5065	0.068277
6460	0.068276
9390	0.068255
2316	0.068204
11908	0.068195
12874	0.068190
12931	0.068148
9284	0.068107
13705	0.068101
12339	0.068027
11975	0.068001
2436	0.068000
6083	0.067994
127	0.067973
12854	0.067946
12784	0.067874
750	0.067864
7041	0.067777
873	0.067711
6423	0.067647
11660	0.067618
717	0.067528
209	0.067527
11897	0.067521
8115	0.067511
9886	0.067494
1010	0.067491
11336	0.067458
714	0.067435
3571	0.067429
3562	0.067406
1576	0.067393
1446	0.067371
940	0.067273
9044	0.067267
7398	0.067258
4590	0.067213
6648	0.067213
8993	0.067147
6439	0.067114
12210	0.067095
1812	0.067055
1811	0.067055
12864	0.066997
9531	0.066978
4229	0.066918
3526	0.066903
11849	0.066871
12107	0.066850
10294	0.066831
12488	0.066771
12094	0.066734
3570	0.066734
5021	0.066724
5019	0.066724
1809	0.066715
10362	0.066714
3124	0.066598
5817	0.066592
3691	0.066586
358	0.066584
2719	0.066577
4579	0.066563
4571	0.066560
3601	0.066549
12487	0.066539
4642	0.066539
13253	0.066487
9566	0.066487
3709	0.066455
5986	0.066449
7614	0.066444
7613	0.066444
11363	0.066438
9569	0.066438
9421	0.066438
13035	0.066435
2107	0.066321
1004	0.066306
1003	0.066306
996	0.066306
757	0.066306
13680	0.066275
4888	0.066180
1312	0.066130
8853	0.066062
7190	0.066034
2228	0.066024
4312	0.066003
619	0.065999
13689	0.065968
13489	0.065968
5655	0.065933
6531	0.065886
1727	0.065881
12253	0.065862
9723	0.065857
12929	0.065841
13058	0.065806
7945	0.065806
13319	0.065763
993	0.065735
1037	0.065707
1301	0.065678
6929	0.065663
4056	0.065572
5114	0.065569
2675	0.065536
11231	0.065523
12130	0.065521
11232	0.065502
11230	0.065502
11229	0.065502
11228	0.065502
1510	0.065488
4226	0.065443
12906	0.065424
642	0.065405
13522	0.065379
12893	0.065376
6076	0.065370
11724	0.065328
153	0.065263
4909	0.065256
9671	0.065161
1381	0.065116
9057	0.065060
154	0.065020
2572	0.064996
11623	0.064995
8778	0.064936
13237	0.064911
3589	0.064878
3377	0.064853
6878	0.064829
4594	0.064808
1464	0.064758
2132	0.064729
4980	0.064727
5042	0.064695
12072	0.064684
8203	0.064684
932	0.064684
931	0.064684
2040	0.064633
5800	0.064607
834	0.064501
10028	0.064490
11842	0.064444
6486	0.064444
11843	0.064419
6998	0.064419
1723	0.064409
917	0.064329
9563	0.064325
3639	0.064291
5745	0.064270
1751	0.064217
3586	0.064199
3528	0.064197
12905	0.064148
12411	0.064029
4115	0.063996
3117	0.063941
11038	0.063917
4271	0.063915
11877	0.063904
6436	0.063902
8779	0.063893
5023	0.063826
9339	0.063824
908	0.063814
1303	0.063812
10506	0.063661
1045	0.063661
2897	0.063660
12647	0.063620
718	0.063589
79	0.063581
1645	0.063572
881	0.063539
2321	0.063531
6467	0.063519
2097	0.063466
8707	0.063463
13439	0.063448
5235	0.063443
5783	0.063405
2157	0.063399
5634	0.063398
2172	0.063368
3141	0.063323
180	0.063276
1563	0.063263
5619	0.063241
352	0.063239
12860	0.063165
5381	0.063163
12859	0.063150
4121	0.063056
2681	0.063052
2220	0.062990
136	0.062961
1827	0.062946
4194	0.062942
6247	0.062912
920	0.062845
862	0.062827
1454	0.062784
3705	0.062783
2096	0.062768
1309	0.062752
3898	0.062704
3443	0.062664
6355	0.062606
9645	0.062587
6198	0.062586
9999	0.062577
4254	0.062573
12329	0.062565
13148	0.062526
13147	0.062526
7892	0.062526
6298	0.062526
6297	0.062526
10579	0.062521
4243	0.062513
830	0.062503
12343	0.062487
7589	0.062487
11094	0.062465
7745	0.062465
3155	0.062415
11911	0.062405
12615	0.062394
2908	0.062357
1383	0.062337
4122	0.062215
1304	0.062152
3608	0.062094
7674	0.062061
4052	0.062054
6136	0.062019
4244	0.061936
7883	0.061930
4249	0.061930
4247	0.061930
4246	0.061930
4242	0.061930
4248	0.061929
3475	0.061925
4245	0.061920
11047	0.061823
12925	0.061812
2109	0.061769
13404	0.061729
196	0.061723
1940	0.061717
8056	0.061712
6399	0.061660
6025	0.061649
8923	0.061577
13330	0.061567
7053	0.061564
2118	0.061531
10644	0.061518
12169	0.061510
8917	0.061510
1000	0.061489
10578	0.061486
719	0.061475
918	0.061470
1289	0.061377
6029	0.061325
1308	0.061200
6112	0.061117
14428	0.061105
14421	0.061105
14420	0.061105
12122	0.061067
2684	0.061067
4239	0.061017
11784	0.061015
8991	0.061006
182	0.060993
620	0.060860
1298	0.060684
7153	0.060641
9586	0.060615
627	0.060471
1187	0.060463
3894	0.060425
9288	0.060391
2710	0.060356
1445	0.060335
2143	0.060330
893	0.060322
6132	0.060287
4077	0.060242
10828	0.060218
2623	0.060156
992	0.060144
8990	0.060125
8989	0.060125
8987	0.060125
8986	0.060125
8984	0.060125
6133	0.060124
7045	0.060118
102	0.060013
3916	0.059965
5659	0.059962
534	0.059918
2591	0.059906
9492	0.059877
7620	0.059848
11878	0.059823
2318	0.059818
8478	0.059816
3756	0.059814
1725	0.059787
2687	0.059784
2891	0.059746
173	0.059725
911	0.059711
6495	0.059702
8919	0.059692
863	0.059625
9661	0.059614
13635	0.059606
13548	0.059606
10293	0.059586
2165	0.059553
7560	0.059553
938	0.059530
1169	0.059522
8924	0.059519
8750	0.059514
2086	0.059503
2532	0.059491
5407	0.059475
9969	0.059393
11398	0.059365
3985	0.059339
3102	0.059217
3593	0.059181
12793	0.059175
634	0.059163
12138	0.059149
12137	0.059149
12068	0.059149
11864	0.059149
10802	0.059146
814	0.059134
6227	0.059100
1065	0.059018
9493	0.058959
1297	0.058899
1444	0.058890
3294	0.058862
10730	0.058734
3564	0.058725
13274	0.058688
13269	0.058592
1007	0.058592
6781	0.058555
2138	0.058530
9443	0.058520
5056	0.058446
2963	0.058445
3020	0.058445
1730	0.058390
4240	0.058390
3495	0.058378
2693	0.058354
3877	0.058294
11358	0.058274
1432	0.058256
272	0.058149
1852	0.058109
14204	0.058100
11910	0.058094
3569	0.058073
188	0.058024
12040	0.058024
11207	0.058020
185	0.058015
9573	0.057991
7405	0.057980
3470	0.057960
841	0.057939
2242	0.057934
3537	0.057883
3412	0.057843
2571	0.057823
681	0.057778
11976	0.057775
2214	0.057741
1777	0.057738
4228	0.057699
4223	0.057699
3816	0.057699
9356	0.057692
7768	0.057670
7870	0.057667
11844	0.057643
1311	0.057623
5451	0.057491
