1976	0.208448
2933	0.146737
7463	0.144584
6066	0.144584
1552	0.140025
1554	0.138225
1967	0.135362
9452	0.131391
7236	0.131362
7318	0.128393
1158	0.126764
1408	0.126589
889	0.125612
1560	0.124835
244	0.124308
11100	0.123168
3822	0.123067
1353	0.120815
1605	0.119153
7238	0.118820
1561	0.118767
2159	0.118668
6499	0.118272
11283	0.117864
11491	0.117239
2320	0.116599
5936	0.114595
1599	0.114317
10083	0.113210
8524	0.113134
1349	0.113134
10489	0.113094
9790	0.113091
10490	0.112597
10717	0.112040
8888	0.111906
7166	0.111722
5529	0.110873
10024	0.109776
7523	0.109753
1150	0.109470
7806	0.108983
12710	0.108677
12897	0.108567
7055	0.108420
13375	0.108172
1149	0.107347
723	0.107326
6903	0.107089
3838	0.106922
12773	0.106900
11551	0.106558
13416	0.106554
756	0.106511
10069	0.106260
10450	0.105961
7894	0.103606
11529	0.102892
4819	0.102065
11139	0.102006
1943	0.101903
1936	0.101804
11016	0.101749
1937	0.101607
7575	0.101373
11010	0.101177
5491	0.100978
12692	0.100535
9026	0.100474
5528	0.100444
11379	0.100375
1375	0.100339
11554	0.100246
7135	0.099981
8270	0.099901
10101	0.099591
3250	0.099460
2422	0.099360
1680	0.099272
3473	0.099159
13716	0.098786
4842	0.098657
11053	0.098467
1779	0.098457
6775	0.098410
12832	0.098241
9016	0.098235
5692	0.098061
9830	0.098045
5690	0.098029
13133	0.098022
4038	0.097978
5980	0.097697
8947	0.097592
10531	0.097446
13329	0.097410
8274	0.097271
8271	0.097271
5694	0.097271
5982	0.097265
12638	0.096861
10467	0.096772
5693	0.096715
2770	0.096489
1258	0.096477
9094	0.096458
9093	0.096458
9092	0.096458
9065	0.096458
5483	0.096343
2408	0.096325
10466	0.096292
1669	0.096198
12586	0.096032
3889	0.095664
12292	0.095168
11218	0.095093
3821	0.095059
3163	0.095023
12500	0.094899
12567	0.094765
3611	0.094615
10640	0.093700
5492	0.093637
9587	0.093575
12801	0.093479
11608	0.093468
9194	0.093370
5148	0.093336
5359	0.093236
9089	0.093219
11755	0.092942
1683	0.092928
6650	0.092895
12508	0.092883
5979	0.092881
921	0.092840
6245	0.092658
11759	0.092088
3217	0.091982
5660	0.091887
12725	0.091789
1637	0.091770
440	0.091608
8794	0.091210
4945	0.091094
1278	0.091031
13911	0.090990
11556	0.090971
12410	0.090809
8907	0.090532
724	0.090469
479	0.090376
3740	0.090306
9938	0.090202
7551	0.090202
7550	0.090202
7539	0.090202
7538	0.090202
10318	0.090090
9536	0.089783
2536	0.089757
12813	0.089654
5366	0.089250
478	0.089228
10042	0.089095
2404	0.088995
9835	0.088954
12502	0.088941
10949	0.088857
9964	0.088787
8256	0.088726
1687	0.088694
4951	0.088687
929	0.088641
4064	0.088584
4063	0.088584
4061	0.088584
4058	0.088584
4057	0.088584
2644	0.088584
12426	0.088581
418	0.088439
12774	0.088367
4612	0.088305
8051	0.088266
11455	0.088201
11426	0.088201
1625	0.087832
11201	0.087824
8166	0.087716
7365	0.087716
7186	0.087716
13877	0.087681
1653	0.087593
2499	0.087406
323	0.087380
11477	0.087350
3764	0.087343
10195	0.087226
482	0.087135
5886	0.087054
10681	0.086925
9635	0.086761
10738	0.086731
1945	0.086708
4059	0.086596
11501	0.086423
477	0.086290
9989	0.086131
4712	0.086115
202	0.086086
10939	0.085999
11179	0.085927
7653	0.085892
110	0.085866
7592	0.085856
11086	0.085841
6451	0.085840
11790	0.085790
12148	0.085775
7411	0.085775
11530	0.085730
747	0.085714
9856	0.085646
2796	0.085554
6028	0.085542
3825	0.085476
11439	0.085194
10152	0.085116
12623	0.085008
10119	0.084976
11102	0.084858
366	0.084858
2817	0.084804
3204	0.084754
4322	0.084610
5928	0.084517
7010	0.084441
11186	0.084421
3230	0.084370
2322	0.084332
13430	0.084249
10693	0.084144
11351	0.084058
10843	0.084044
5957	0.083913
11132	0.083861
9634	0.083855
1633	0.083765
12405	0.083697
1944	0.083495
9872	0.083392
12704	0.083314
1768	0.083213
11544	0.083159
11337	0.082996
4279	0.082963
3742	0.082902
7875	0.082832
2515	0.082813
7973	0.082800
13002	0.082712
13001	0.082712
13000	0.082712
12998	0.082712
12997	0.082712
12996	0.082712
12995	0.082712
12994	0.082712
12993	0.082712
12992	0.082712
12991	0.082712
12990	0.082712
12989	0.082712
12988	0.082712
12987	0.082712
12986	0.082712
12985	0.082712
12984	0.082712
12983	0.082712
12982	0.082712
12981	0.082712
12980	0.082712
12978	0.082712
12976	0.082712
12975	0.082712
12974	0.082712
12973	0.082712
12894	0.082712
12883	0.082712
11791	0.082685
9645	0.082620
12145	0.082489
10515	0.082489
5956	0.082489
10530	0.082487
10313	0.082451
12173	0.082416
6098	0.082264
5938	0.082176
9950	0.081964
10671	0.081837
14154	0.081755
14152	0.081755
14150	0.081755
14145	0.081755
14131	0.081755
14062	0.081755
8155	0.081635
8154	0.081635
8153	0.081635
8151	0.081635
8150	0.081635
12551	0.081605
441	0.081439
2020	0.081344
5754	0.081314
6810	0.081105
10468	0.081051
9322	0.081045
10714	0.080935
9864	0.080924
4686	0.080878
13451	0.080870
13450	0.080870
13410	0.080870
14313	0.080748
14296	0.080748
14157	0.080743
6187	0.080735
4611	0.080663
1985	0.080620
5398	0.080619
5939	0.080610
10203	0.080537
9843	0.080395
14058	0.080384
1893	0.080157
9946	0.080125
3168	0.079914
10655	0.079910
8152	0.079815
5106	0.079670
5104	0.079670
2039	0.079660
1946	0.079534
13185	0.079527
420	0.079485
11474	0.079403
6120	0.079282
10969	0.079259
11153	0.079222
10845	0.079222
3754	0.079204
10111	0.079177
11553	0.079049
2799	0.079021
11104	0.078998
5259	0.078929
10263	0.078902
4132	0.078825
9827	0.078801
3815	0.078767
9392	0.078725
5041	0.078696
6105	0.078657
5558	0.078436
12409	0.078349
13598	0.078343
6512	0.078328
615	0.078190
11561	0.078172
12432	0.078171
10654	0.078140
12401	0.078075
7229	0.078068
12590	0.078064
3650	0.078058
5474	0.078046
6822	0.078044
6643	0.078022
10388	0.077790
11463	0.077622
1684	0.077598
5567	0.077591
11174	0.077589
11173	0.077532
1454	0.077513
12923	0.077512
9491	0.077512
2325	0.077512
2324	0.077512
4060	0.077417
13165	0.077385
5805	0.077376
11628	0.077370
6907	0.077370
11917	0.077342
8299	0.077335
11486	0.077304
3678	0.077251
3673	0.077251
2809	0.077213
3826	0.077083
1990	0.077065
10212	0.077025
11487	0.077008
4062	0.076974
11514	0.076940
14043	0.076935
95	0.076921
5456	0.076920
10737	0.076913
255	0.076890
10585	0.076831
2410	0.076831
2409	0.076831
245	0.076828
10090	0.076817
10842	0.076815
11421	0.076815
11345	0.076815
11335	0.076815
10139	0.076785
7406	0.076720
9084	0.076720
3738	0.076706
12547	0.076682
8089	0.076668
1960	0.076656
6326	0.076597
11062	0.076537
10626	0.076533
11107	0.076507
11381	0.076492
12776	0.076325
10068	0.076310
12516	0.076282
6520	0.076257
10903	0.076254
10784	0.076203
9351	0.076083
9350	0.076083
7401	0.076083
1606	0.076017
9595	0.075976
12146	0.075965
8582	0.075965
7599	0.075965
3695	0.075965
3694	0.075965
3616	0.075965
12806	0.075946
12548	0.075901
9319	0.075876
11419	0.075831
10339	0.075772
125	0.075679
1607	0.075677
1433	0.075643
6799	0.075630
6135	0.075605
13260	0.075596
13259	0.075596
12167	0.075596
8573	0.075596
9986	0.075596
4189	0.075559
10846	0.075549
14277	0.075546
13154	0.075522
1642	0.075499
12352	0.075456
12340	0.075421
263	0.075373
3277	0.075367
12015	0.075339
542	0.075333
271	0.075285
10886	0.075275
9422	0.075245
854	0.075244
491	0.075229
8053	0.075217
12720	0.075216
7666	0.075216
12090	0.075174
13137	0.075153
5969	0.075114
12200	0.074932
9691	0.074906
2452	0.074865
8484	0.074748
8040	0.074748
8929	0.074688
12136	0.074656
10534	0.074624
3674	0.074608
5864	0.074550
11962	0.074534
6705	0.074532
12654	0.074504
10860	0.074482
12262	0.074414
12238	0.074404
3239	0.074378
9694	0.074357
1618	0.074274
12628	0.074119
7733	0.074023
5937	0.073996
8390	0.073857
9486	0.073768
6387	0.073746
8338	0.073640
9747	0.073574
1406	0.073554
7206	0.073424
14017	0.073418
7914	0.073418
11542	0.073365
5254	0.073322
2043	0.073274
2163	0.073259
11094	0.073098
9718	0.073038
4410	0.072925
9840	0.072914
2485	0.072876
1568	0.072830
10172	0.072751
1767	0.072711
1670	0.072687
2815	0.072598
2474	0.072579
11582	0.072556
12462	0.072477
10685	0.072477
416	0.072444
13117	0.072434
1980	0.072422
7340	0.072420
10822	0.072340
5728	0.072295
12719	0.072277
1104	0.072276
10722	0.072241
6877	0.072235
5643	0.072077
13562	0.072052
10422	0.072052
12662	0.071997
11520	0.071994
5276	0.071899
11512	0.071892
2223	0.071883
10844	0.071879
8373	0.071865
8240	0.071865
10394	0.071817
7072	0.071815
4295	0.071760
703	0.071755
11555	0.071731
2914	0.071708
9222	0.071563
725	0.071550
4349	0.071543
3342	0.071517
11464	0.071446
12256	0.071400
5842	0.071378
1659	0.071365
9961	0.071262
3723	0.071178
12055	0.071142
5010	0.071138
13491	0.071101
1528	0.071066
5970	0.071059
11061	0.071045
3693	0.071039
4970	0.071031
8971	0.071006
5983	0.070982
350	0.070968
6418	0.070920
3232	0.070914
9973	0.070870
7555	0.070863
12270	0.070855
2461	0.070782
13654	0.070754
11497	0.070708
2071	0.070668
3231	0.070660
389	0.070638
9170	0.070625
10583	0.070540
11081	0.070533
10104	0.070515
7403	0.070497
12580	0.070456
10240	0.070404
13359	0.070342
12972	0.070335
5650	0.070329
9812	0.070312
9870	0.070242
12753	0.070228
11343	0.070215
13186	0.070210
13413	0.070178
12093	0.070132
11494	0.070124
6784	0.070122
11532	0.070078
5249	0.070065
63	0.070034
3480	0.070034
4804	0.069992
7073	0.069982
12248	0.069963
14243	0.069904
11695	0.069763
14072	0.069722
12675	0.069700
5894	0.069664
10074	0.069636
13677	0.069613
3363	0.069613
10037	0.069505
4209	0.069496
8336	0.069477
5897	0.069453
10597	0.069408
10796	0.069407
3669	0.069389
9082	0.069378
8054	0.069344
6887	0.069327
3862	0.069314
6417	0.069310
1928	0.069286
6988	0.069282
13089	0.069275
10992	0.069251
1376	0.069233
1036	0.069227
12322	0.069152
11543	0.069090
14165	0.069041
11496	0.069035
13529	0.068824
1619	0.068754
3668	0.068704
9485	0.068704
3675	0.068693
11729	0.068650
5768	0.068617
9944	0.068587
1770	0.068476
10859	0.068437
7567	0.068415
12505	0.068409
14321	0.068299
14311	0.068299
14307	0.068299
14114	0.068299
10393	0.068299
8406	0.068299
8368	0.068299
3158	0.068299
6058	0.068278
8328	0.068244
13563	0.068211
2383	0.068208
11245	0.068196
8273	0.068173
7563	0.068173
2229	0.068164
12621	0.068124
9598	0.068124
6363	0.068092
7438	0.068079
7123	0.068079
12382	0.068043
6381	0.067974
13405	0.067899
13972	0.067869
8579	0.067862
1963	0.067805
2707	0.067751
2497	0.067709
4588	0.067636
12687	0.067623
9867	0.067602
12607	0.067590
11247	0.067585
1978	0.067577
13607	0.067571
8799	0.067556
4506	0.067556
4502	0.067556
1947	0.067556
13164	0.067548
9828	0.067480
11728	0.067473
11528	0.067343
13526	0.067307
12494	0.067286
1997	0.067281
13822	0.067279
11568	0.067275
6325	0.067262
10075	0.067257
11163	0.067223
9382	0.067216
6899	0.067196
3664	0.067176
1223	0.067126
6782	0.067084
10433	0.067062
800	0.067049
1692	0.067048
364	0.067040
7179	0.066921
7449	0.066918
3312	0.066891
12597	0.066815
5542	0.066742
1558	0.066632
9990	0.066631
13560	0.066548
11580	0.066546
5490	0.066450
2993	0.066420
78	0.066407
1226	0.066402
7645	0.066344
7764	0.066258
9721	0.066257
7948	0.066257
7778	0.066257
7618	0.066257
7113	0.066257
6067	0.066240
1790	0.066185
1681	0.066137
7363	0.066126
6450	0.066062
1688	0.066050
6034	0.066012
3110	0.065992
1677	0.065991
11581	0.065950
1204	0.065950
6993	0.065917
8493	0.065900
1203	0.065844
11565	0.065826
3195	0.065817
6314	0.065813
4766	0.065812
1507	0.065781
10669	0.065776
801	0.065741
7330	0.065714
8656	0.065709
1647	0.065688
4975	0.065682
10572	0.065642
603	0.065633
6571	0.065596
1885	0.065549
1884	0.065549
1883	0.065549
5687	0.065546
10235	0.065542
3726	0.065494
4177	0.065483
10647	0.065385
5181	0.065354
1632	0.065324
6994	0.065310
11839	0.065232
12646	0.065227
12203	0.065225
8580	0.065225
8575	0.065225
8546	0.065225
7122	0.065225
5343	0.065207
10874	0.065169
11788	0.065115
10304	0.065098
2812	0.065040
4337	0.064974
13652	0.064959
9596	0.064953
10254	0.064914
596	0.064884
8313	0.064828
2487	0.064808
5865	0.064770
4006	0.064761
24	0.064760
8606	0.064751
8333	0.064724
7505	0.064716
8429	0.064716
8428	0.064716
8427	0.064716
8426	0.064716
8424	0.064716
8404	0.064716
8403	0.064716
8332	0.064716
8331	0.064716
8275	0.064716
7608	0.064716
7605	0.064716
7573	0.064716
7570	0.064716
7566	0.064716
7565	0.064716
7564	0.064716
7562	0.064716
6276	0.064716
257	0.064706
9204	0.064690
8592	0.064690
7603	0.064685
4723	0.064684
13624	0.064661
13623	0.064661
4168	0.064629
12312	0.064575
9972	0.064529
798	0.064526
7561	0.064519
11352	0.064511
7884	0.064501
10885	0.064499
9227	0.064441
5129	0.064406
14100	0.064379
11515	0.064330
3952	0.064324
12777	0.064263
3263	0.064251
3617	0.064250
8068	0.064249
10306	0.064233
5802	0.064220
12751	0.064216
5131	0.064180
3376	0.064163
1863	0.064138
6362	0.064088
5978	0.064012
11495	0.063949
1355	0.063886
3451	0.063879
11576	0.063855
1977	0.063846
1660	0.063816
4816	0.063762
11063	0.063756
1858	0.063742
12209	0.063735
5875	0.063735
2816	0.063709
12809	0.063706
11570	0.063704
12336	0.063689
4456	0.063669
1538	0.063637
3316	0.063605
6986	0.063546
918	0.063500
566	0.063493
11262	0.063484
7553	0.063409
10924	0.063338
3229	0.063314
6698	0.063283
7337	0.063282
11783	0.063232
6500	0.063203
12509	0.063113
7458	0.063079
1350	0.063074
10799	0.063061
8441	0.063052
8440	0.063052
2928	0.063028
3067	0.063009
1580	0.063005
235	0.063004
10276	0.062993
11348	0.062966
11347	0.062966
10942	0.062966
10196	0.062966
12543	0.062962
1604	0.062957
1053	0.062875
490	0.062869
232	0.062845
3962	0.062795
10078	0.062794
6323	0.062754
3103	0.062753
12513	0.062743
10452	0.062743
1486	0.062690
5532	0.062659
5344	0.062616
12636	0.062583
5645	0.062583
12630	0.062556
8654	0.062550
8653	0.062550
2730	0.062540
11726	0.062499
6900	0.062499
9980	0.062497
1141	0.062469
10336	0.062452
11507	0.062439
2475	0.062437
3689	0.062386
6627	0.062322
4767	0.062306
13530	0.062305
1174	0.062261
11180	0.062253
11307	0.062246
14222	0.062236
13866	0.062236
8461	0.062227
14291	0.062163
690	0.062152
3888	0.062146
5174	0.062143
12833	0.062133
12413	0.062131
3505	0.062128
2609	0.062125
2406	0.062120
7014	0.062119
950	0.062107
12573	0.062088
1737	0.062081
8250	0.062031
5449	0.062029
9857	0.062020
1086	0.061925
10884	0.061795
11160	0.061744
11115	0.061691
12414	0.061636
9611	0.061628
10486	0.061617
4425	0.061549
434	0.061528
1880	0.061522
10296	0.061506
9282	0.061471
11441	0.061444
10033	0.061421
12803	0.061421
10140	0.061418
6312	0.061407
3615	0.061342
3066	0.061331
5495	0.061325
12650	0.061304
1661	0.061285
5457	0.061277
8835	0.061252
11816	0.061228
8577	0.061210
8576	0.061210
8574	0.061210
8556	0.061210
1555	0.061184
13841	0.061137
6494	0.061109
8401	0.061033
10921	0.061024
2886	0.061018
5861	0.060988
1243	0.060987
12729	0.060962
6726	0.060933
12837	0.060902
4206	0.060897
