7371	0.280782
3964	0.275017
3652	0.252482
219	0.243718
5238	0.240394
13059	0.238290
12334	0.238290
6549	0.238290
9541	0.238200
3099	0.238162
46	0.235040
5237	0.233903
12360	0.231950
7711	0.231950
206	0.227544
5320	0.222384
41	0.214445
12862	0.212185
806	0.211558
12359	0.210293
6468	0.210293
2620	0.209458
665	0.208708
274	0.203714
12381	0.202648
4797	0.201108
1579	0.197574
11702	0.195099
5708	0.194854
294	0.193039
11701	0.192894
5239	0.190500
5709	0.189231
697	0.188450
12191	0.187513
5844	0.184729
5240	0.184715
98	0.182301
2547	0.182091
3879	0.181307
4453	0.180012
12585	0.179846
2548	0.179703
12184	0.179664
7536	0.179662
3809	0.177286
50	0.177008
5318	0.176148
2549	0.175918
858	0.175804
6370	0.174338
12541	0.173720
4764	0.173181
2696	0.171936
680	0.171359
2628	0.170835
2627	0.170835
3828	0.169408
8963	0.166588
286	0.163898
10617	0.161676
8208	0.160694
39	0.159879
4001	0.159055
9130	0.159037
9113	0.159037
6676	0.158617
11432	0.158562
10616	0.158562
3078	0.158326
4308	0.156922
3743	0.154346
3827	0.153692
7024	0.153623
3805	0.151435
188	0.151359
3708	0.148761
276	0.147815
4191	0.146914
12834	0.146163
12828	0.146163
1009	0.145798
9725	0.145639
10474	0.145613
12655	0.145410
12073	0.145316
3746	0.144701
270	0.142609
2614	0.141655
11920	0.140983
3927	0.140983
3868	0.140983
6449	0.140792
5317	0.140199
9190	0.139971
10830	0.139737
8886	0.139519
293	0.139162
292	0.139162
291	0.139162
290	0.139162
287	0.139162
7022	0.138960
282	0.138598
1447	0.136865
11293	0.136737
11919	0.136557
2550	0.135676
12178	0.135196
13252	0.135078
13251	0.135078
12428	0.134742
12058	0.134476
3929	0.134346
3928	0.134346
641	0.134297
7864	0.132949
13721	0.132223
13709	0.132223
5319	0.132100
6550	0.132059
5905	0.131857
4796	0.130805
686	0.130601
199	0.130411
288	0.130075
4832	0.129970
6208	0.129944
1014	0.129453
261	0.129063
272	0.128851
13827	0.128659
13108	0.128659
13107	0.128659
12882	0.128659
10121	0.128659
8458	0.128659
1829	0.128520
4910	0.127816
2613	0.127524
1341	0.127179
10862	0.127016
10965	0.126622
10863	0.126506
820	0.125999
11264	0.125644
3600	0.125548
43	0.125362
5061	0.124798
66	0.124746
280	0.124668
3491	0.124055
205	0.123853
203	0.123853
1913	0.123762
11847	0.123281
606	0.123089
4800	0.122839
13277	0.122729
285	0.122146
3943	0.121955
12245	0.121889
11860	0.121651
3643	0.121612
11918	0.121428
57	0.120741
9992	0.120578
5684	0.120573
2642	0.120492
194	0.120067
289	0.119987
11830	0.119139
4639	0.119139
4635	0.119139
4634	0.119139
3082	0.119139
11256	0.119039
1551	0.118795
269	0.118389
6126	0.118010
6125	0.118010
3784	0.117536
7947	0.117265
1439	0.117249
12228	0.115891
14230	0.115561
14229	0.115561
13886	0.115561
2472	0.115339
3649	0.115336
30	0.114401
6926	0.114254
13524	0.114246
2991	0.113961
6600	0.113957
11985	0.113956
8147	0.113956
8100	0.113956
8086	0.113956
8085	0.113956
8084	0.113956
699	0.113899
13580	0.113531
2838	0.113339
12910	0.113248
13314	0.113014
25	0.113003
3074	0.112821
3053	0.112515
10018	0.112308
3867	0.112056
6454	0.111963
4389	0.111957
9664	0.111936
6456	0.111850
11537	0.111632
7807	0.111544
11026	0.111457
5946	0.110455
3213	0.110129
2489	0.109753
12844	0.109214
12843	0.109214
12841	0.109214
12840	0.109214
891	0.109142
2615	0.109100
65	0.109067
629	0.108452
363	0.108316
4393	0.108011
5261	0.107922
1781	0.107806
4031	0.107697
279	0.107452
10956	0.107280
5717	0.107192
12388	0.107192
12314	0.107099
8749	0.107098
8748	0.107098
10496	0.105673
34	0.105564
9505	0.105269
7825	0.104779
6264	0.104521
9503	0.104154
10458	0.103920
7957	0.103536
10459	0.103494
13313	0.103489
8507	0.103489
12154	0.103485
11371	0.103043
11370	0.103043
10955	0.103043
208	0.102932
5014	0.101873
195	0.101777
68	0.101748
44	0.101409
1892	0.100975
3579	0.100648
2546	0.100588
819	0.100483
9034	0.100416
6435	0.100341
7397	0.100325
13025	0.100225
13024	0.100225
13022	0.100225
8486	0.100225
2144	0.100206
7709	0.100180
1344	0.099510
12560	0.099120
6117	0.098823
12038	0.098686
1190	0.098652
9820	0.098618
8735	0.098618
59	0.098378
9039	0.098216
6316	0.097727
11711	0.097683
1260	0.097521
12948	0.097449
6479	0.097272
1201	0.097007
785	0.096955
6506	0.096713
1520	0.096687
3059	0.096344
3804	0.096287
1414	0.096216
283	0.096099
204	0.095864
7213	0.095826
3812	0.095444
3813	0.095246
3238	0.095214
12313	0.095092
8167	0.095092
3621	0.095031
6458	0.094629
8618	0.094610
5119	0.094397
5497	0.094028
9119	0.093909
5533	0.093909
2051	0.093857
9358	0.093763
638	0.093657
10473	0.092775
4368	0.092589
5725	0.092456
1549	0.092428
49	0.092280
10580	0.091490
5930	0.091490
4025	0.091320
4932	0.091153
12856	0.091049
8816	0.090907
8815	0.090907
8814	0.090907
8812	0.090907
8796	0.090907
8795	0.090907
8777	0.090907
7923	0.090907
791	0.090819
3052	0.090805
671	0.090642
732	0.090566
3296	0.090486
13570	0.090483
13228	0.090483
731	0.090483
4795	0.090269
3721	0.090225
5217	0.090209
438	0.090151
2343	0.090026
6043	0.089761
1629	0.089703
9302	0.089619
12247	0.089193
10375	0.089082
2238	0.088707
7433	0.088348
13072	0.088203
13069	0.088203
12857	0.088203
6816	0.087983
9212	0.087671
9804	0.087633
429	0.087608
6702	0.087342
14096	0.087213
8463	0.087188
4114	0.087183
2518	0.087141
12880	0.087094
1345	0.086973
1557	0.086460
4929	0.086237
3504	0.086125
8489	0.086031
3549	0.085791
2997	0.085689
7898	0.085560
13638	0.085548
8324	0.085511
11535	0.085477
4213	0.085449
13018	0.085122
11631	0.085122
11633	0.085107
11632	0.085107
7534	0.085106
14167	0.084923
10110	0.084676
4143	0.084615
10800	0.084577
31	0.084522
4154	0.084286
278	0.084283
1581	0.084274
13567	0.084187
5731	0.084187
5730	0.084187
5726	0.084187
5723	0.084187
5722	0.084187
5721	0.084187
5681	0.084187
1081	0.083909
5799	0.083796
13606	0.083779
13766	0.083732
13668	0.083591
13466	0.083564
11148	0.083533
4482	0.083469
2503	0.083333
2094	0.083303
13952	0.083254
5670	0.082855
141	0.082841
9599	0.082719
10472	0.082565
11639	0.082553
12299	0.082335
12298	0.082335
3583	0.082335
382	0.082271
13434	0.082054
1472	0.082030
4398	0.081911
4818	0.081497
9269	0.081443
6729	0.081365
4180	0.081261
3751	0.080296
3750	0.080296
5546	0.080180
12297	0.080165
8098	0.080165
1471	0.080086
5112	0.079827
3902	0.079771
9942	0.079714
9931	0.079714
9930	0.079714
9921	0.079714
9901	0.079714
9899	0.079714
9895	0.079714
9866	0.079714
9836	0.079714
9832	0.079714
9810	0.079714
9698	0.079714
9636	0.079714
9570	0.079714
9299	0.079714
986	0.079698
11667	0.079606
7100	0.079470
33	0.079424
10632	0.079183
3645	0.079080
37	0.078906
4144	0.078866
10864	0.078815
11313	0.078536
13994	0.078523
7931	0.078523
3486	0.078491
12597	0.078304
5736	0.078244
13363	0.078228
10901	0.077968
3485	0.077956
8169	0.077812
5198	0.077812
6638	0.077583
6922	0.077445
5011	0.077426
13039	0.077246
11846	0.077205
5784	0.077205
5977	0.076925
10026	0.076594
3558	0.076530
655	0.076519
1621	0.076498
277	0.076166
10950	0.076137
1634	0.075901
7828	0.075767
11710	0.075643
1013	0.075643
3849	0.075440
6822	0.075112
5354	0.075007
610	0.074986
11628	0.074815
6907	0.074815
1417	0.074809
7420	0.074775
9072	0.074124
7928	0.074080
6971	0.073834
2250	0.073773
649	0.073723
11893	0.073351
6960	0.073154
674	0.073154
673	0.073154
664	0.073154
657	0.073154
652	0.073154
646	0.073154
189	0.073154
3066	0.072909
2045	0.072901
644	0.072684
3763	0.072551
7704	0.072514
1332	0.072458
507	0.072301
1747	0.072190
4378	0.072118
12249	0.072056
5008	0.072056
1415	0.072008
3326	0.071965
647	0.071900
8395	0.071870
5208	0.071820
3582	0.071769
11161	0.071767
666	0.071758
1243	0.071619
1678	0.071575
13052	0.071156
13010	0.071156
12879	0.071156
1384	0.071034
55	0.070941
2322	0.070903
7553	0.070796
2753	0.070784
6697	0.070680
2999	0.070626
12749	0.070367
12748	0.070367
218	0.070275
2618	0.070234
4318	0.070118
4523	0.070067
7526	0.069972
8661	0.069911
6509	0.069880
8864	0.069861
8863	0.069861
8583	0.069861
8124	0.069861
7904	0.069861
7903	0.069861
7902	0.069861
7901	0.069861
7900	0.069861
7899	0.069861
7897	0.069861
7896	0.069861
7895	0.069861
13523	0.069827
6814	0.069778
5942	0.069704
9534	0.069691
9533	0.069691
9529	0.069691
9509	0.069691
5940	0.069677
13362	0.069660
13837	0.069601
634	0.069341
3644	0.069256
6908	0.069252
5928	0.069226
3757	0.069192
3841	0.069143
8361	0.069074
5688	0.068851
653	0.068327
42	0.068116
5525	0.068058
11374	0.067966
10350	0.067839
11824	0.067807
10253	0.067786
11873	0.067491
5916	0.067465
643	0.067423
888	0.067308
9121	0.067015
9112	0.067015
9436	0.066646
12277	0.066604
8073	0.066604
6150	0.066604
5944	0.066604
5943	0.066604
10023	0.066392
4252	0.066278
4000	0.066124
9928	0.066061
13847	0.066012
12924	0.065975
3899	0.065935
14153	0.065776
12109	0.065739
5948	0.065739
10432	0.065719
658	0.065673
346	0.065665
4167	0.065451
2725	0.065347
852	0.065181
5068	0.065163
408	0.065155
3135	0.065099
8832	0.065081
5069	0.065010
13011	0.064980
6457	0.064898
661	0.064878
4965	0.064568
4028	0.064558
8707	0.064415
695	0.064290
9497	0.064270
12192	0.064259
8855	0.064220
14115	0.064013
3253	0.064009
663	0.063909
6829	0.063810
339	0.063727
6999	0.063652
11175	0.063650
3753	0.063625
660	0.063552
3512	0.063446
3077	0.063330
3064	0.063103
13003	0.063063
12869	0.063063
9416	0.062910
8598	0.062825
8597	0.062825
493	0.062772
3456	0.062571
8800	0.062451
637	0.062368
632	0.062262
190	0.062123
3412	0.062027
1861	0.061900
7162	0.061729
9613	0.061681
2998	0.061428
6838	0.061418
196	0.061403
4155	0.061303
9612	0.061233
10249	0.061221
12956	0.060954
8932	0.060938
13222	0.060793
1207	0.060685
6830	0.060680
1918	0.060255
12066	0.060021
2975	0.059945
273	0.059919
5109	0.059896
13006	0.059785
6129	0.059680
1138	0.059462
4233	0.059272
4734	0.059213
383	0.058859
11143	0.058791
341	0.058531
10277	0.058311
1359	0.058254
3903	0.058125
4292	0.058119
2414	0.058060
9075	0.057939
3996	0.057837
668	0.057811
32	0.057691
1929	0.057690
8247	0.057685
7826	0.057613
13812	0.057599
8265	0.057599
1456	0.057503
5446	0.057274
5482	0.057168
9519	0.057093
11795	0.057062
1455	0.056998
3806	0.056953
6527	0.056927
2466	0.056727
2584	0.056538
5622	0.056529
4408	0.056516
3106	0.056400
64	0.056241
1798	0.056105
1597	0.055945
5572	0.055884
7267	0.055732
2182	0.055694
191	0.055670
1231	0.055610
3859	0.055594
12140	0.055552
9633	0.055474
9630	0.055474
9628	0.055474
9626	0.055474
9625	0.055474
9624	0.055474
9622	0.055474
9621	0.055474
9620	0.055474
9619	0.055474
9618	0.055474
9615	0.055474
9482	0.055474
5007	0.055469
672	0.055425
211	0.055382
8898	0.055368
6882	0.055305
3247	0.055305
9535	0.055267
9530	0.055267
9527	0.055267
9526	0.055267
9525	0.055267
9524	0.055267
9523	0.055267
9521	0.055267
9517	0.055267
9516	0.055267
9515	0.055267
9513	0.055267
9511	0.055267
9510	0.055267
9243	0.055267
9161	0.055267
6099	0.055267
7368	0.055254
7295	0.055237
9532	0.055227
11498	0.055059
3460	0.055050
9080	0.055025
1421	0.055014
13482	0.054967
868	0.054915
4230	0.054905
281	0.054883
6944	0.054853
3973	0.054738
220	0.054645
3985	0.054638
4417	0.054503
4955	0.054442
2535	0.054411
9968	0.054370
7095	0.054330
2626	0.054233
10102	0.054162
1368	0.054115
13494	0.054107
3995	0.054060
13502	0.053973
10668	0.053973
10494	0.053973
5783	0.053905
13170	0.053873
10209	0.053870
8897	0.053735
1082	0.053618
6865	0.053580
4856	0.053568
6843	0.053374
275	0.053314
3427	0.053272
5009	0.053188
6100	0.053089
12842	0.052793
12124	0.052765
12408	0.052757
2709	0.052692
9531	0.052691
13012	0.052584
13004	0.052584
8233	0.052521
10927	0.052486
822	0.052465
1178	0.052407
12342	0.052382
7684	0.052382
7717	0.052382
7718	0.052382
2926	0.052232
4980	0.052124
9991	0.052116
11907	0.052090
12794	0.052062
10834	0.051973
2267	0.051943
630	0.051927
6056	0.051897
5915	0.051885
9504	0.051858
12747	0.051806
611	0.051790
7673	0.051648
12757	0.051624
636	0.051551
2181	0.051489
13269	0.051428
1807	0.051381
5811	0.051319
8264	0.051238
2435	0.051168
6176	0.051039
11661	0.050829
4476	0.050793
12953	0.050788
4375	0.050788
8508	0.050665
5573	0.050602
8502	0.050590
1021	0.050562
9191	0.050555
1792	0.050513
60	0.050495
3705	0.050426
9307	0.050372
11312	0.050278
7370	0.050210
4847	0.050210
7154	0.050210
3018	0.050172
3203	0.050165
9679	0.050091
10894	0.050080
6482	0.049730
13023	0.049537
8714	0.049391
394	0.049382
1935	0.049300
9196	0.049300
9919	0.049282
12734	0.049239
1606	0.049171
1856	0.049142
2326	0.048955
7984	0.048940
6199	0.048543
7040	0.048484
3567	0.048460
48	0.048134
1030	0.048032
3266	0.047964
4934	0.047955
7114	0.047733
9440	0.047703
5	0.047586
10386	0.047570
6162	0.047560
5781	0.047541
12918	0.047503
1519	0.047290
1529	0.047245
4373	0.047174
3068	0.047167
2944	0.047163
12999	0.047125
4401	0.047091
9155	0.047087
9154	0.047087
9151	0.047087
890	0.047047
8923	0.046976
1797	0.046926
2623	0.046854
10385	0.046757
9336	0.046641
12901	0.046637
395	0.046637
76	0.046534
9606	0.046474
10675	0.046337
5188	0.046257
537	0.046194
4588	0.046154
11212	0.046144
10938	0.046007
7989	0.045991
9005	0.045905
13020	0.045901
2575	0.045854
1342	0.045765
13007	0.045730
12460	0.045574
1440	0.045537
4920	0.045529
2938	0.045529
2934	0.045529
13735	0.045437
13728	0.045437
13726	0.045437
9338	0.045404
13904	0.045392
8223	0.045379
331	0.045312
11282	0.045232
2273	0.045205
9943	0.045171
6856	0.045161
3342	0.045094
12622	0.044905
215	0.044903
622	0.044898
10866	0.044898
319	0.044866
7158	0.044863
12430	0.044840
5750	0.044794
4651	0.044781
9148	0.044778
13032	0.044766
13031	0.044766
12429	0.044766
4404	0.044754
2995	0.044685
8087	0.044674
2788	0.044597
11242	0.044574
3161	0.044550
12821	0.044536
9616	0.044514
2544	0.044488
11410	0.044483
10923	0.044416
1640	0.044345
10867	0.044325
6440	0.044311
10168	0.044179
10022	0.044179
8036	0.044179
662	0.044131
5234	0.044121
4326	0.044045
13270	0.044044
1817	0.043981
3586	0.043938
12961	0.043813
4554	0.043813
13607	0.043758
1126	0.043696
271	0.043687
9564	0.043673
3566	0.043673
5512	0.043659
5059	0.043510
12848	0.043332
882	0.043276
9053	0.043254
9052	0.043254
9051	0.043254
13467	0.043244
640	0.043114
10223	0.043078
2249	0.043048
7929	0.043019
6253	0.042868
11590	0.042828
10198	0.042786
10301	0.042761
201	0.042725
5964	0.042682
3062	0.042627
3065	0.042499
4918	0.042367
11906	0.042366
1197	0.042257
3650	0.042251
8792	0.042083
1978	0.041932
2579	0.041795
10628	0.041782
5186	0.041724
4838	0.041680
12338	0.041639
4508	0.041620
