9237	0.152081
11964	0.140223
11556	0.115625
4569	0.097777
9170	0.097377
11019	0.093057
10658	0.092750
13716	0.092405
7166	0.092268
10657	0.091901
9218	0.090447
9964	0.088772
10186	0.088033
5650	0.087220
2594	0.086871
5957	0.086802
3654	0.086649
10441	0.086232
12145	0.085757
10515	0.085757
5956	0.085757
5697	0.085664
11007	0.085125
10130	0.084685
11178	0.083752
11895	0.083713
3764	0.083390
10511	0.081868
12707	0.081842
6361	0.081834
10542	0.081555
7207	0.081077
4349	0.081008
11534	0.079439
6758	0.079430
10534	0.079040
5413	0.078869
6201	0.078549
12238	0.077911
5623	0.077754
12502	0.077739
11502	0.077672
2817	0.077650
12400	0.077445
11586	0.077445
5958	0.076943
12636	0.076766
9950	0.076610
13265	0.076517
490	0.076434
13838	0.075768
11658	0.075722
3664	0.075387
10739	0.075328
10788	0.075328
10777	0.075328
10759	0.075328
5188	0.075078
12530	0.075018
4863	0.074654
12237	0.074642
12797	0.074602
10389	0.074549
9840	0.074497
5649	0.074381
9927	0.074310
9896	0.074310
7208	0.074310
12462	0.074157
10685	0.074157
11626	0.073942
9989	0.073843
9865	0.073581
9870	0.073166
4857	0.072705
13372	0.072657
10921	0.072654
11477	0.072643
8336	0.072517
7101	0.072207
4520	0.071989
10920	0.071866
9520	0.071763
13820	0.071690
5488	0.071511
13449	0.071033
323	0.070831
6987	0.070731
10432	0.070008
9135	0.069930
9839	0.069906
2315	0.069761
13087	0.069738
10376	0.069669
5346	0.069516
13164	0.069464
3678	0.068892
3673	0.068892
2889	0.068836
10648	0.068751
11463	0.068741
10048	0.068732
2947	0.068605
3303	0.068604
12525	0.068505
13396	0.068392
13338	0.068392
6134	0.068374
6730	0.068266
10556	0.067981
12666	0.067976
1897	0.067935
6138	0.067901
9917	0.067876
4946	0.067846
1572	0.067818
11447	0.067799
494	0.067776
78	0.067746
10042	0.067672
1078	0.067648
7028	0.067602
12262	0.067543
6482	0.067530
6252	0.067450
10475	0.067350
8531	0.067124
2698	0.067038
13622	0.067019
2809	0.066960
3699	0.066935
14111	0.066866
14080	0.066866
3451	0.066816
6366	0.066692
11637	0.066686
5514	0.066631
2605	0.066591
9682	0.066551
7284	0.066538
11838	0.066511
7283	0.066511
5954	0.066457
6323	0.066445
7961	0.066321
10005	0.066258
3004	0.066203
4611	0.066148
3341	0.066137
7014	0.066124
8250	0.066078
9426	0.066001
10111	0.065962
4169	0.065935
8671	0.065931
9235	0.065901
9230	0.065901
9228	0.065901
9225	0.065901
9224	0.065901
9221	0.065901
9219	0.065901
9214	0.065901
9213	0.065901
9211	0.065901
9209	0.065901
9208	0.065901
9206	0.065901
9193	0.065901
8807	0.065901
8679	0.065901
8677	0.065901
8675	0.065901
8674	0.065901
8673	0.065901
8670	0.065901
8637	0.065901
8633	0.065901
8631	0.065901
8610	0.065901
8591	0.065901
8539	0.065901
8538	0.065901
8537	0.065901
8536	0.065901
8529	0.065901
8526	0.065901
8525	0.065901
8632	0.065901
5953	0.065858
2699	0.065820
11982	0.065794
5414	0.065794
5412	0.065794
6443	0.065791
13569	0.065760
12710	0.065680
14250	0.065677
10558	0.065677
10555	0.065677
6968	0.065677
8042	0.065668
570	0.065546
5719	0.065517
12357	0.065481
12637	0.065442
2595	0.065419
8636	0.065375
9200	0.065335
3313	0.065307
14291	0.065305
10024	0.065199
5491	0.065044
11091	0.065011
6737	0.064893
14249	0.064880
9711	0.064842
9708	0.064842
9707	0.064842
9705	0.064842
9703	0.064842
11394	0.064805
9699	0.064775
13749	0.064759
4521	0.064706
2284	0.064678
1018	0.064568
12773	0.064547
4324	0.064361
889	0.064341
11467	0.064333
2453	0.064218
6047	0.064142
8635	0.064137
4522	0.064137
2260	0.064119
8852	0.064116
6325	0.064050
2	0.063998
10264	0.063987
12444	0.063945
12445	0.063917
3023	0.063914
10609	0.063904
6946	0.063883
10554	0.063712
1925	0.063692
4434	0.063676
1608	0.063556
7260	0.063489
7072	0.063450
1654	0.063386
9700	0.063345
11691	0.063319
1209	0.063268
4664	0.063073
6871	0.063053
6710	0.063053
805	0.063039
10212	0.062989
3037	0.062978
3587	0.062968
10557	0.062939
1039	0.062935
7981	0.062845
9016	0.062844
8024	0.062838
12832	0.062798
11491	0.062789
155	0.062738
6824	0.062731
12896	0.062664
4513	0.062664
10049	0.062629
4964	0.062600
3668	0.062430
3057	0.062420
2278	0.062419
12508	0.062378
6415	0.062338
7073	0.062268
11547	0.062264
12799	0.062264
5038	0.062254
14290	0.062169
9222	0.062111
11817	0.062052
6990	0.062052
8530	0.062032
13165	0.061999
8794	0.061998
5870	0.061993
8887	0.061945
9994	0.061909
10559	0.061900
5419	0.061895
7114	0.061790
10033	0.061731
5039	0.061635
11033	0.061522
4530	0.061362
10677	0.061304
4514	0.061300
7642	0.061290
13500	0.061250
10723	0.061114
11539	0.061096
4787	0.060949
2327	0.060944
2461	0.060944
6709	0.060842
9909	0.060758
8622	0.060751
8314	0.060739
4295	0.060597
13560	0.060595
2612	0.060547
11211	0.060434
10713	0.060406
11501	0.060378
9958	0.060351
364	0.060270
11472	0.060255
5707	0.060219
8901	0.060168
9689	0.060063
10127	0.060052
11283	0.060025
10852	0.059998
9094	0.059984
9093	0.059984
9092	0.059984
9065	0.059984
8329	0.059981
3363	0.059852
12431	0.059837
13095	0.059799
6969	0.059799
105	0.059788
6838	0.059742
12897	0.059685
14071	0.059663
12063	0.059469
11853	0.059430
12795	0.059332
8081	0.059289
5418	0.059284
8947	0.059255
1507	0.059241
9220	0.059221
13375	0.059210
10838	0.059190
5040	0.059122
227	0.059117
2700	0.059114
10676	0.059025
11419	0.058980
2114	0.058976
10226	0.058954
5006	0.058775
6592	0.058696
14342	0.058671
6623	0.058548
991	0.058451
9462	0.058411
8864	0.058399
8863	0.058399
8583	0.058399
8124	0.058399
7904	0.058399
7903	0.058399
7902	0.058399
7901	0.058399
7900	0.058399
7899	0.058399
7897	0.058399
7896	0.058399
7895	0.058399
7526	0.058397
11474	0.058316
10443	0.058301
7875	0.058213
9202	0.058208
10972	0.058173
1733	0.058139
6114	0.058114
9610	0.058103
10523	0.058064
3940	0.058057
3210	0.058008
10356	0.057742
10839	0.057638
9436	0.057636
11237	0.057506
13609	0.057484
853	0.057475
8656	0.057435
513	0.057379
10011	0.057362
9623	0.057362
13626	0.057343
13425	0.057343
11415	0.057236
10383	0.057203
12426	0.057199
5245	0.057154
7203	0.057069
2773	0.057064
5116	0.057033
1649	0.056988
5459	0.056985
5355	0.056928
3175	0.056920
4824	0.056920
9215	0.056859
12716	0.056835
11675	0.056824
9704	0.056656
13608	0.056573
13409	0.056573
13408	0.056573
8444	0.056570
12679	0.056558
12442	0.056532
5221	0.056434
8405	0.056306
13427	0.056216
11564	0.056196
1889	0.056182
6945	0.056180
4238	0.056149
2526	0.056114
3505	0.056113
12414	0.056080
10809	0.056058
7580	0.056058
3959	0.056021
10430	0.056012
7581	0.056005
12136	0.056002
5751	0.055905
5849	0.055859
7202	0.055837
6155	0.055837
5674	0.055826
11550	0.055791
10841	0.055788
11522	0.055779
2770	0.055737
12701	0.055730
13810	0.055712
268	0.055669
11551	0.055566
3207	0.055565
6294	0.055518
13384	0.055489
10674	0.055462
3205	0.055425
5546	0.055273
9223	0.055271
5673	0.055233
7218	0.055136
11226	0.055131
12734	0.055114
1008	0.055104
9089	0.055072
6564	0.055064
2237	0.055023
5651	0.055003
7342	0.054988
10352	0.054934
9706	0.054876
9021	0.054872
9026	0.054826
2964	0.054796
9152	0.054796
8678	0.054790
12098	0.054780
3958	0.054780
4193	0.054754
2263	0.054754
7165	0.054740
12521	0.054693
12818	0.054682
11766	0.054608
11858	0.054590
6913	0.054563
7343	0.054557
11809	0.054552
2447	0.054519
13533	0.054470
13532	0.054470
13531	0.054470
12403	0.054422
10428	0.054421
9439	0.054378
10694	0.054339
6124	0.054252
3822	0.054230
6915	0.054178
11052	0.054165
604	0.054158
5075	0.054081
690	0.054056
12798	0.054051
10447	0.053985
10446	0.053985
10445	0.053985
10442	0.053985
8135	0.053974
3957	0.053973
11057	0.053939
12549	0.053876
14073	0.053848
10967	0.053844
2442	0.053832
11424	0.053806
4646	0.053766
5512	0.053759
8676	0.053756
7973	0.053709
2107	0.053702
9231	0.053619
8634	0.053617
2781	0.053600
4947	0.053587
7506	0.053570
5420	0.053511
398	0.053434
4723	0.053430
11145	0.053381
7070	0.053345
4647	0.053344
10968	0.053310
6866	0.053275
2326	0.053241
12573	0.053216
2952	0.053200
10707	0.053123
7584	0.053095
14126	0.053070
14125	0.053070
10278	0.053016
3630	0.053003
9674	0.052965
10419	0.052888
6603	0.052855
12542	0.052853
8040	0.052824
8465	0.052823
12807	0.052812
4437	0.052805
2251	0.052799
2052	0.052774
12732	0.052743
10926	0.052694
5596	0.052676
6418	0.052633
2812	0.052598
13374	0.052486
13373	0.052486
11439	0.052486
11322	0.052484
477	0.052459
2411	0.052420
11818	0.052398
10740	0.052387
4744	0.052362
10840	0.052357
11509	0.052351
8092	0.052306
2985	0.052271
9194	0.052234
13675	0.052213
10567	0.052213
566	0.052192
11385	0.052173
14334	0.052169
7730	0.052165
7445	0.052165
7444	0.052165
7175	0.052165
7080	0.052165
4873	0.052133
4068	0.052096
12175	0.052073
2639	0.052066
7400	0.052066
7645	0.052026
12654	0.051870
10189	0.051857
10548	0.051836
3631	0.051795
803	0.051789
14199	0.051780
9769	0.051780
9192	0.051711
5343	0.051669
12898	0.051646
9210	0.051612
6700	0.051595
11587	0.051592
743	0.051588
2087	0.051584
5350	0.051562
4297	0.051522
4109	0.051514
11565	0.051472
11548	0.051438
6322	0.051421
4655	0.051415
1885	0.051414
1884	0.051414
1883	0.051414
10761	0.051399
14108	0.051306
4745	0.051306
7306	0.051301
331	0.051240
5648	0.051233
9654	0.051205
12794	0.051166
12438	0.051161
7686	0.051157
5989	0.051156
3163	0.051153
5291	0.051105
5608	0.051093
12757	0.051091
2279	0.051050
14162	0.050942
12747	0.050928
3591	0.050910
3748	0.050863
10762	0.050835
2968	0.050806
3754	0.050772
10177	0.050749
12500	0.050712
9207	0.050693
9205	0.050693
8528	0.050693
6728	0.050692
10844	0.050673
7650	0.050661
7096	0.050661
4007	0.050622
13947	0.050619
5579	0.050616
5607	0.050608
13483	0.050603
2884	0.050575
4804	0.050550
10073	0.050549
2529	0.050537
5041	0.050525
13146	0.050511
10949	0.050507
2452	0.050452
10834	0.050430
3908	0.050419
51	0.050410
2282	0.050322
10373	0.050298
13323	0.050297
2283	0.050261
13144	0.050247
13598	0.050237
13473	0.050230
3825	0.050213
14004	0.050200
4866	0.050200
5492	0.050200
5609	0.050187
6934	0.050184
11455	0.050180
11426	0.050180
12593	0.050137
14238	0.050105
14175	0.050105
14044	0.050105
14254	0.050103
6102	0.050097
12595	0.050035
3984	0.050034
14045	0.050025
13121	0.050001
4789	0.050001
4788	0.050001
10451	0.049972
10158	0.049958
7977	0.049946
5037	0.049943
11576	0.049941
11475	0.049923
12817	0.049918
770	0.049911
9353	0.049905
9713	0.049877
13685	0.049859
13684	0.049859
13683	0.049859
13565	0.049859
13471	0.049852
11579	0.049816
10311	0.049798
568	0.049773
11634	0.049760
12252	0.049736
2507	0.049727
5513	0.049710
10514	0.049704
5672	0.049697
10670	0.049673
808	0.049671
12496	0.049665
12944	0.049658
11963	0.049653
5671	0.049646
1050	0.049641
7676	0.049632
13633	0.049595
2227	0.049595
13490	0.049573
13632	0.049573
13631	0.049573
7453	0.049562
10943	0.049559
11728	0.049536
1041	0.049515
4531	0.049473
4831	0.049468
1882	0.049467
5434	0.049461
2320	0.049443
5580	0.049437
9123	0.049409
10497	0.049407
11437	0.049369
12170	0.049368
11121	0.049298
5030	0.049290
11729	0.049280
7182	0.049268
9536	0.049254
9375	0.049235
7289	0.049178
11512	0.049170
12713	0.049156
12624	0.049023
3406	0.049005
4758	0.048993
12698	0.048943
3982	0.048881
1555	0.048862
4557	0.048856
12690	0.048854
561	0.048851
8001	0.048829
13910	0.048829
2386	0.048819
2387	0.048819
12504	0.048818
10375	0.048798
5778	0.048797
11510	0.048795
11129	0.048792
9826	0.048772
9960	0.048746
9926	0.048721
9925	0.048721
9924	0.048721
9852	0.048721
7773	0.048721
7447	0.048721
13111	0.048717
13109	0.048717
9959	0.048717
8217	0.048705
7578	0.048705
1888	0.048699
8238	0.048666
5779	0.048637
11172	0.048635
9825	0.048635
6380	0.048625
12715	0.048610
6499	0.048608
10125	0.048585
2971	0.048575
3152	0.048544
3277	0.048535
5074	0.048526
4945	0.048525
3907	0.048518
10037	0.048500
12613	0.048469
11469	0.048416
10358	0.048413
9828	0.048406
2521	0.048396
3370	0.048377
9710	0.048364
3418	0.048350
12720	0.048326
7666	0.048326
14332	0.048311
14320	0.048311
14257	0.048311
14235	0.048311
14231	0.048311
14217	0.048311
14143	0.048311
12633	0.048304
6007	0.048293
2625	0.048266
4536	0.048181
3741	0.048171
5430	0.048166
1419	0.048102
5421	0.048102
6127	0.048102
6220	0.048080
13679	0.048062
3633	0.048025
569	0.047999
10939	0.047948
5456	0.047898
11941	0.047877
14091	0.047823
6055	0.047799
1400	0.047783
4933	0.047781
6050	0.047745
6048	0.047744
426	0.047733
4188	0.047727
4842	0.047725
13401	0.047718
12533	0.047713
6313	0.047700
13131	0.047695
12577	0.047634
12200	0.047630
12548	0.047618
12623	0.047542
3939	0.047524
10456	0.047501
11616	0.047500
4648	0.047500
4643	0.047500
1816	0.047497
10483	0.047482
13497	0.047479
10217	0.047449
10180	0.047449
10161	0.047449
5593	0.047423
9177	0.047423
6806	0.047380
4948	0.047357
9460	0.047319
12514	0.047315
4728	0.047312
6234	0.047306
1632	0.047295
3625	0.047288
4670	0.047285
5433	0.047285
5272	0.047283
9790	0.047278
8373	0.047268
8240	0.047268
3883	0.047239
4722	0.047237
10885	0.047226
4807	0.047215
10970	0.047208
1141	0.047199
4671	0.047138
4669	0.047138
7881	0.047120
2990	0.047112
1923	0.047107
11157	0.047002
5565	0.046985
611	0.046985
11989	0.046956
4192	0.046934
13537	0.046927
1741	0.046924
2813	0.046918
13498	0.046905
598	0.046901
5345	0.046897
11617	0.046829
11217	0.046823
228	0.046818
13558	0.046814
4121	0.046777
4721	0.046773
3094	0.046768
10833	0.046767
4363	0.046719
8401	0.046686
14407	0.046664
12618	0.046649
2172	0.046640
688	0.046631
381	0.046554
10776	0.046537
13693	0.046535
6485	0.046529
10499	0.046509
9835	0.046495
9589	0.046492
5522	0.046481
7295	0.046431
5321	0.046430
10452	0.046426
3454	0.046426
11811	0.046421
5352	0.046390
3371	0.046382
12516	0.046368
4117	0.046335
3095	0.046299
4875	0.046297
5168	0.046293
12741	0.046247
2381	0.046213
6649	0.046210
6647	0.046210
6646	0.046210
5610	0.046210
3111	0.046198
13597	0.046195
13596	0.046195
13595	0.046195
13583	0.046195
13554	0.046195
13402	0.046195
7990	0.046195
10884	0.046183
10213	0.046180
5270	0.046155
13155	0.046142
7855	0.046107
7082	0.046043
9986	0.046032
10222	0.046030
2996	0.046009
2522	0.045996
8907	0.045936
6426	0.045927
61	0.045873
13094	0.045871
10961	0.045864
12792	0.045852
333	0.045848
876	0.045807
12437	0.045798
4348	0.045790
10453	0.045764
4296	0.045671
3791	0.045664
11065	0.045663
4534	0.045644
12096	0.045595
10722	0.045561
1140	0.045561
5142	0.045557
1686	0.045542
5744	0.045538
12628	0.045517
10391	0.045511
5761	0.045493
10683	0.045490
13292	0.045490
11651	0.045487
5575	0.045487
2401	0.045468
3170	0.045463
6332	0.045462
6889	0.045461
8402	0.045454
3496	0.045447
6935	0.045439
13805	0.045433
5132	0.045433
2477	0.045424
12141	0.045408
12647	0.045407
11334	0.045400
11461	0.045370
4118	0.045368
9587	0.045358
3787	0.045325
12177	0.045323
10250	0.045299
