1053	0.180423
1418	0.173446
4841	0.153456
5615	0.148095
5937	0.143193
2519	0.138790
2497	0.124007
5936	0.118523
10674	0.110130
3319	0.109724
11486	0.108267
13911	0.107351
10069	0.102746
8622	0.101773
3316	0.101057
13530	0.100604
11554	0.098515
1054	0.097502
5567	0.097246
3315	0.096825
11510	0.096268
9835	0.095925
479	0.095152
1124	0.094339
478	0.094135
7268	0.093813
6660	0.093617
3313	0.092910
12804	0.091551
1538	0.090818
11539	0.090806
3342	0.090490
3753	0.089821
2508	0.089726
10195	0.088776
10647	0.088711
263	0.088168
12340	0.088146
11502	0.087853
6877	0.087621
12638	0.087543
12551	0.087495
255	0.087290
10531	0.087285
12787	0.087263
11917	0.087230
14157	0.087117
6187	0.086907
11136	0.086377
3318	0.085826
11218	0.085754
12704	0.085382
6578	0.085366
10949	0.085341
11455	0.085326
11426	0.085326
4819	0.083873
4279	0.083117
12795	0.082809
9090	0.082477
7238	0.082189
3764	0.082052
10492	0.082000
323	0.081946
8003	0.081683
6614	0.081331
14119	0.080451
7817	0.080147
11518	0.080143
2933	0.080089
7529	0.079790
12637	0.079755
12636	0.079719
477	0.079706
4786	0.079520
256	0.079391
11575	0.079369
5041	0.079301
9091	0.079300
13167	0.079043
10122	0.079043
24	0.079012
12536	0.078915
12792	0.078866
10033	0.078319
7236	0.078291
11491	0.078200
13598	0.078092
10852	0.077878
12791	0.077738
12788	0.077738
11351	0.077693
10836	0.077595
7463	0.077385
6066	0.077385
14291	0.077218
10530	0.076819
7530	0.076687
10714	0.076495
570	0.076476
3038	0.076433
12525	0.076388
10441	0.076069
11007	0.076003
3617	0.076003
11495	0.075992
756	0.075897
8794	0.075717
2983	0.075465
10490	0.075418
6334	0.074866
2096	0.074721
1605	0.074711
9948	0.074450
11494	0.074395
12812	0.074371
10489	0.074304
10074	0.074197
13166	0.074050
8065	0.074015
2084	0.074002
1967	0.073995
12607	0.073980
12552	0.073803
13619	0.073594
10772	0.073551
10526	0.073325
5529	0.073301
12710	0.073245
5188	0.073146
7273	0.072875
12621	0.072834
12773	0.072697
1554	0.072636
8066	0.072518
7037	0.072518
12711	0.072493
8797	0.072310
11793	0.072221
7272	0.072212
10075	0.072068
8656	0.071927
11497	0.071815
12633	0.071772
2526	0.071720
14254	0.071697
10025	0.071671
12803	0.071565
10722	0.071483
6418	0.071290
14017	0.071246
7914	0.071246
2099	0.071037
5116	0.071015
9123	0.070739
7114	0.070533
9596	0.070521
5168	0.070501
10042	0.070473
10527	0.070462
8040	0.070135
4155	0.069882
12286	0.069666
6903	0.069571
3996	0.069545
2536	0.069371
7337	0.069044
6499	0.069008
6733	0.068931
12500	0.068926
11082	0.068911
6728	0.068886
11419	0.068709
12542	0.068656
6613	0.068602
1234	0.068485
7745	0.068424
12595	0.068420
8094	0.068388
2984	0.068272
10339	0.068242
4367	0.068181
11617	0.068099
10476	0.068076
12650	0.067850
12426	0.067720
10188	0.067668
11431	0.067663
12897	0.067598
3320	0.067577
12571	0.067556
12579	0.067491
13375	0.067476
14073	0.067447
5957	0.067417
4206	0.067414
14006	0.067328
4295	0.067229
5582	0.067200
8310	0.067173
10024	0.067078
7166	0.066865
8276	0.066858
14339	0.066841
14338	0.066841
14312	0.066841
14272	0.066841
14259	0.066841
14160	0.066841
14159	0.066841
14158	0.066841
14156	0.066841
14144	0.066841
14133	0.066841
14123	0.066841
14110	0.066841
14102	0.066841
14053	0.066841
13501	0.066841
8311	0.066841
8309	0.066841
8308	0.066841
8306	0.066841
8288	0.066841
8286	0.066841
8285	0.066841
8283	0.066841
8282	0.066841
8280	0.066841
8278	0.066841
8277	0.066841
8046	0.066841
4603	0.066841
9395	0.066773
13542	0.066767
6254	0.066749
12145	0.066688
10515	0.066688
5956	0.066688
11915	0.066685
12732	0.066636
5491	0.066619
1363	0.066560
753	0.066549
8255	0.066479
3451	0.066465
1362	0.066437
9396	0.066437
4481	0.066437
4478	0.066412
11556	0.066362
10684	0.066336
13383	0.066213
12836	0.066212
12824	0.066212
3810	0.066170
4905	0.066165
2132	0.066056
10921	0.065939
10612	0.065866
12567	0.065834
1408	0.065813
1552	0.065783
12555	0.065710
11283	0.065514
10212	0.065418
10525	0.065406
6935	0.065220
13805	0.065218
5132	0.065218
11551	0.065172
8307	0.065151
5938	0.065029
244	0.064917
12698	0.064833
919	0.064813
13133	0.064806
11533	0.064802
13609	0.064800
13087	0.064786
8080	0.064667
12832	0.064590
5650	0.064536
9967	0.064514
14317	0.064509
1507	0.064414
13685	0.064410
13684	0.064410
13683	0.064410
13565	0.064410
7553	0.064321
14313	0.064278
14296	0.064278
10860	0.064265
6763	0.064264
5939	0.064249
14154	0.064177
14152	0.064177
14150	0.064177
14145	0.064177
14131	0.064177
14062	0.064177
9485	0.064154
10898	0.064144
12575	0.064119
11516	0.063979
14058	0.063940
5270	0.063919
3633	0.063859
7991	0.063838
1560	0.063835
3135	0.063600
12726	0.063594
10048	0.063588
5583	0.063572
13165	0.063566
11818	0.063557
7729	0.063547
3644	0.063475
13471	0.063444
5834	0.063359
6810	0.063331
11485	0.063330
12109	0.063282
5948	0.063282
12508	0.063282
12538	0.063241
9879	0.063187
2206	0.063153
5269	0.063056
9519	0.063005
2208	0.062969
1236	0.062969
8654	0.062929
8653	0.062929
12610	0.062909
13473	0.062867
7943	0.062823
5579	0.062806
10068	0.062802
14063	0.062789
13154	0.062730
3005	0.062713
4889	0.062689
9944	0.062656
693	0.062510
9830	0.062479
1779	0.062413
6690	0.062369
7055	0.062285
7505	0.062267
13877	0.062141
6626	0.062133
11447	0.062048
12597	0.061988
12527	0.061895
10428	0.061851
1728	0.061843
8155	0.061841
8154	0.061841
8153	0.061841
8151	0.061841
8150	0.061841
10638	0.061833
10095	0.061817
2207	0.061680
10609	0.061544
12604	0.061490
9989	0.061486
4497	0.061480
9461	0.061440
6010	0.061403
12587	0.061301
11439	0.061279
9971	0.061269
11496	0.061250
277	0.061158
6028	0.061138
12502	0.061132
3207	0.061061
4193	0.061030
11186	0.061015
6340	0.060975
12609	0.060881
9179	0.060597
8137	0.060555
11444	0.060540
11417	0.060540
12697	0.060522
3117	0.060411
10941	0.060316
11025	0.060313
12630	0.060274
11961	0.060157
11019	0.060108
4744	0.060089
14243	0.060083
12550	0.060075
13608	0.060072
13409	0.060072
13408	0.060072
11574	0.059974
7984	0.059930
12715	0.059907
11960	0.059828
7094	0.059827
10658	0.059819
561	0.059714
2031	0.059661
5586	0.059650
2674	0.059621
10657	0.059613
4376	0.059572
10816	0.059556
12833	0.059485
10977	0.059483
712	0.059471
720	0.059422
10899	0.059363
11280	0.059358
6440	0.059339
11213	0.059314
11463	0.059297
2586	0.059259
2521	0.059134
10976	0.059128
8141	0.059100
6700	0.059083
9961	0.059061
7615	0.059042
465	0.058987
6498	0.058943
12524	0.058920
9169	0.058833
11215	0.058833
9915	0.058658
13384	0.058655
10859	0.058604
11037	0.058548
7139	0.058478
11290	0.058464
11069	0.058460
12535	0.058367
10974	0.058313
10349	0.058212
8152	0.058198
5569	0.058194
13638	0.058183
6205	0.058139
8397	0.058107
10153	0.058096
11053	0.058072
690	0.057991
12734	0.057883
11173	0.057841
10427	0.057796
14108	0.057790
4745	0.057790
10624	0.057786
7535	0.057726
4895	0.057712
12238	0.057678
12366	0.057640
6634	0.057640
6633	0.057640
11685	0.057549
3163	0.057544
10037	0.057544
11374	0.057525
11534	0.057522
12561	0.057433
7010	0.057397
12512	0.057291
4221	0.057210
13841	0.057208
10011	0.057188
12409	0.057070
10470	0.056995
9857	0.056957
1555	0.056936
8103	0.056934
13094	0.056916
13137	0.056907
9349	0.056883
10361	0.056870
5584	0.056858
12594	0.056791
12494	0.056786
13441	0.056784
9916	0.056782
9880	0.056782
9842	0.056782
9838	0.056782
9822	0.056782
9372	0.056782
8791	0.056782
8790	0.056782
8768	0.056782
5139	0.056772
4451	0.056755
3725	0.056739
12666	0.056700
5568	0.056689
7875	0.056687
13547	0.056679
13546	0.056679
13368	0.056679
5887	0.056646
6988	0.056634
9763	0.056620
9759	0.056620
9758	0.056620
8717	0.056620
8716	0.056620
8715	0.056620
12617	0.056618
11808	0.056538
9764	0.056528
10784	0.056473
23	0.056464
567	0.056458
7855	0.056432
1739	0.056428
13597	0.056383
13596	0.056383
13595	0.056383
13583	0.056383
13554	0.056383
13402	0.056383
7990	0.056383
1108	0.056381
3111	0.056369
10751	0.056337
2269	0.056270
778	0.056118
11511	0.056059
13737	0.056056
14322	0.055975
14135	0.055975
5585	0.055959
5346	0.055956
3576	0.055954
1182	0.055930
9089	0.055817
11852	0.055765
3368	0.055744
10283	0.055683
10134	0.055627
3630	0.055575
617	0.055493
8186	0.055488
1405	0.055445
12628	0.055435
12556	0.055392
12292	0.055390
10920	0.055381
3995	0.055345
13472	0.055325
13361	0.055315
13856	0.055315
11354	0.055307
473	0.055291
12649	0.055289
13329	0.055285
11423	0.055272
2381	0.055256
1188	0.055252
5751	0.055251
11753	0.055234
1963	0.055161
1838	0.055147
967	0.055128
11564	0.055097
9946	0.055077
11500	0.055069
1104	0.055017
12745	0.055004
11675	0.054991
296	0.054970
11916	0.054949
2695	0.054929
4289	0.054897
5175	0.054863
13449	0.054746
12408	0.054617
6974	0.054586
7523	0.054582
1593	0.054418
10353	0.054391
11143	0.054356
11565	0.054269
8883	0.054258
12660	0.054212
11301	0.054193
3030	0.054170
5528	0.054151
5441	0.054109
504	0.054082
11010	0.054059
11450	0.053977
6114	0.053960
3844	0.053914
11312	0.053884
3987	0.053843
6121	0.053841
2251	0.053832
5969	0.053826
7289	0.053826
10857	0.053730
2098	0.053716
9497	0.053687
12747	0.053681
13333	0.053659
6809	0.053649
12557	0.053633
12794	0.053603
11752	0.053536
706	0.053427
12701	0.053416
4842	0.053337
11135	0.053313
6842	0.053304
958	0.053294
12658	0.053243
11116	0.053243
2795	0.053243
2794	0.053243
5276	0.053233
11487	0.053215
232	0.053211
3668	0.053183
12949	0.053151
12947	0.053151
12946	0.053151
12945	0.053151
12943	0.053151
12942	0.053151
7762	0.053137
7818	0.053136
12608	0.053063
9870	0.053061
2800	0.053059
4880	0.052955
5864	0.052840
9840	0.052802
7388	0.052794
12757	0.052763
5970	0.052722
11033	0.052709
6808	0.052690
167	0.052689
10641	0.052649
1669	0.052646
11492	0.052600
7165	0.052582
7403	0.052563
10702	0.052471
12462	0.052438
10685	0.052438
9434	0.052414
711	0.052414
710	0.052414
518	0.052414
3623	0.052408
9844	0.052390
12576	0.052384
5863	0.052358
12602	0.052283
8947	0.052194
8405	0.052132
6123	0.052116
512	0.052116
5430	0.052000
5747	0.051980
6361	0.051951
12727	0.051951
7413	0.051944
10834	0.051930
9021	0.051799
10636	0.051771
8476	0.051733
12799	0.051715
4226	0.051594
3553	0.051558
8877	0.051558
8465	0.051552
13023	0.051467
4568	0.051408
9111	0.051408
12760	0.051407
3298	0.051384
959	0.051345
10135	0.051324
12807	0.051311
511	0.051284
9943	0.051251
6963	0.051248
12496	0.051216
9747	0.051169
6497	0.051070
12148	0.051057
7411	0.051057
13404	0.051027
1608	0.050822
12537	0.050763
12593	0.050762
10373	0.050742
12601	0.050710
13164	0.050702
4327	0.050684
2770	0.050680
5254	0.050586
1018	0.050583
1185	0.050582
10560	0.050580
366	0.050568
4933	0.050540
338	0.050518
12202	0.050505
3988	0.050505
11477	0.050494
8	0.050486
7819	0.050453
10136	0.050409
6283	0.050318
10304	0.050315
913	0.050282
12829	0.050278
12237	0.050269
11519	0.050198
12499	0.050158
10508	0.050155
4662	0.050149
11576	0.050143
6062	0.050130
14431	0.050117
8148	0.050117
7070	0.050116
12667	0.050105
9945	0.050101
12796	0.050069
11729	0.050057
13657	0.049994
1719	0.049994
11754	0.049983
11542	0.049978
13649	0.049914
6414	0.049894
12573	0.049842
12801	0.049830
9346	0.049771
6535	0.049755
13398	0.049674
11728	0.049659
8401	0.049653
897	0.049642
9909	0.049620
6124	0.049604
11068	0.049589
10005	0.049555
1857	0.049538
10031	0.049438
517	0.049430
6625	0.049426
598	0.049420
1353	0.049327
8237	0.049324
3280	0.049200
12707	0.049186
12539	0.049174
779	0.049138
11878	0.049133
13303	0.049101
638	0.049070
10182	0.049059
12403	0.048990
10903	0.048868
7091	0.048824
8461	0.048800
5323	0.048796
5383	0.048783
10758	0.048767
12401	0.048767
2475	0.048744
10318	0.048742
519	0.048674
3120	0.048621
9094	0.048572
9093	0.048572
9092	0.048572
9065	0.048572
11343	0.048539
3217	0.048539
6664	0.048490
1453	0.048486
11121	0.048471
10389	0.048443
2168	0.048440
7321	0.048393
12808	0.048387
2594	0.048382
2612	0.048369
6333	0.048368
10388	0.048324
6911	0.048322
1943	0.048318
2710	0.048317
1587	0.048311
5112	0.048303
11467	0.048270
12729	0.048248
12400	0.048232
11586	0.048232
499	0.048207
10717	0.048186
6496	0.048164
5432	0.048164
12625	0.048122
12505	0.048065
10683	0.048046
722	0.047984
11394	0.047914
1737	0.047893
9632	0.047884
11522	0.047824
4728	0.047794
10462	0.047754
11352	0.047745
9865	0.047647
3534	0.047628
4655	0.047590
12528	0.047524
7542	0.047479
6688	0.047479
8900	0.047467
6220	0.047455
4823	0.047429
10547	0.047343
11433	0.047296
10510	0.047283
8259	0.047266
6052	0.047233
5613	0.047213
4349	0.047204
10783	0.047200
8802	0.047183
9605	0.047165
11626	0.047091
7359	0.047077
213	0.047053
13534	0.047039
9555	0.046994
2408	0.046994
10424	0.046901
10186	0.046899
10875	0.046866
529	0.046808
11508	0.046791
10552	0.046770
2798	0.046737
8775	0.046683
8888	0.046676
10026	0.046658
12668	0.046612
13322	0.046602
10780	0.046580
9716	0.046545
12654	0.046518
2739	0.046515
13155	0.046478
2778	0.046472
13129	0.046450
6061	0.046450
3033	0.046415
13068	0.046383
13067	0.046383
13066	0.046383
13065	0.046383
13064	0.046383
13063	0.046383
13062	0.046383
13056	0.046383
13053	0.046383
13046	0.046383
13044	0.046383
12971	0.046383
12921	0.046383
8057	0.046382
5129	0.046320
5670	0.046282
8069	0.046263
12548	0.046259
4482	0.046225
10856	0.046220
5843	0.046218
13794	0.046183
10358	0.046152
3541	0.046111
9828	0.046110
3672	0.046053
12336	0.046047
12560	0.045933
12063	0.045919
5040	0.045896
1707	0.045860
887	0.045840
2970	0.045814
2817	0.045809
13838	0.045787
11528	0.045783
2738	0.045707
12709	0.045687
4508	0.045676
12302	0.045675
4773	0.045675
4772	0.045675
10904	0.045643
6601	0.045640
6727	0.045636
8513	0.045603
11334	0.045561
3505	0.045534
1599	0.045526
5293	0.045506
4686	0.045447
9142	0.045436
11154	0.045411
6012	0.045410
6098	0.045409
13426	0.045364
11493	0.045363
7626	0.045324
319	0.045314
6096	0.045300
11959	0.045289
3242	0.045277
7975	0.045265
12774	0.045263
4775	0.045240
13339	0.045228
6045	0.045214
12689	0.045198
3862	0.045188
4117	0.045161
5649	0.045145
10174	0.045141
1826	0.045106
12783	0.045105
10215	0.045105
4646	0.045067
4490	0.045061
13369	0.045051
6934	0.045043
10450	0.045026
10606	0.044981
4489	0.044969
12713	0.044958
12756	0.044938
14245	0.044936
5143	0.044881
11512	0.044857
10520	0.044845
700	0.044823
4776	0.044818
4777	0.044759
13716	0.044735
6234	0.044724
10253	0.044715
10382	0.044701
11163	0.044699
604	0.044692
3845	0.044674
7592	0.044651
12358	0.044646
12730	0.044620
5418	0.044620
705	0.044619
4366	0.044603
4771	0.044597
1258	0.044586
506	0.044557
12742	0.044546
7137	0.044539
12613	0.044525
10060	0.044466
4365	0.044466
8134	0.044388
2823	0.044381
1828	0.044372
10330	0.044367
12712	0.044350
5903	0.044337
7645	0.044333
12514	0.044247
607	0.044243
5190	0.044238
12554	0.044215
2386	0.044202
2387	0.044202
383	0.044193
