10898	0.186693
2695	0.184460
3005	0.178070
8137	0.177959
12286	0.177282
11280	0.177262
6205	0.177032
10624	0.176314
10899	0.175367
7615	0.174182
2174	0.173839
10976	0.172235
10977	0.171988
5582	0.165049
5583	0.164021
23	0.161981
6340	0.160129
4497	0.159613
5584	0.155211
5585	0.154813
13303	0.152883
2175	0.152512
7321	0.152477
13167	0.148586
10122	0.148586
7273	0.146265
10025	0.142133
14431	0.140675
8148	0.140675
296	0.140489
4367	0.137971
3001	0.136942
7272	0.135933
11793	0.135933
6187	0.134558
10361	0.134457
13657	0.134389
1719	0.134389
14157	0.134132
6254	0.133494
5586	0.133453
13649	0.132978
11136	0.132755
8255	0.131581
7943	0.131395
14006	0.131019
8310	0.130459
14339	0.130446
14338	0.130446
14312	0.130446
14272	0.130446
14259	0.130446
14160	0.130446
14159	0.130446
14158	0.130446
14156	0.130446
14144	0.130446
14133	0.130446
14123	0.130446
14110	0.130446
14102	0.130446
14053	0.130446
13501	0.130446
8311	0.130446
8309	0.130446
8308	0.130446
8306	0.130446
8288	0.130446
8286	0.130446
8285	0.130446
8283	0.130446
8282	0.130446
8280	0.130446
8278	0.130446
8277	0.130446
8046	0.130446
4603	0.130446
13542	0.130436
8276	0.130393
1707	0.128622
3753	0.127609
26	0.127136
8307	0.127128
12244	0.127126
2173	0.126481
14291	0.123571
8134	0.123551
11818	0.123292
14073	0.122490
13638	0.120934
9197	0.120061
29	0.118384
3617	0.117370
3576	0.117220
14254	0.116843
13598	0.116556
7348	0.115392
7690	0.115392
7349	0.115392
10182	0.115165
2382	0.113856
24	0.112882
28	0.112164
27	0.110456
1405	0.110160
7729	0.109659
10641	0.108515
4180	0.106888
10135	0.106075
14335	0.105885
9883	0.105885
4662	0.105008
4784	0.104357
4783	0.103926
8259	0.103598
12676	0.103448
5392	0.103204
4	0.103168
3256	0.102820
11587	0.101717
6498	0.100886
4782	0.100536
13778	0.100301
11352	0.100023
3714	0.099398
5	0.098770
8304	0.098659
3810	0.098342
693	0.097831
5747	0.097482
22	0.096757
6421	0.096135
638	0.095690
1685	0.095678
8775	0.095253
9716	0.094915
13126	0.094786
13068	0.094724
13067	0.094724
13066	0.094724
13065	0.094724
13064	0.094724
13063	0.094724
13062	0.094724
13056	0.094724
13053	0.094724
13046	0.094724
13044	0.094724
12971	0.094724
12921	0.094724
8057	0.094703
4482	0.094514
14243	0.094250
6664	0.093723
11022	0.092950
9909	0.092439
12636	0.092272
5212	0.092267
245	0.091882
6147	0.091530
11423	0.090966
10283	0.090764
11677	0.090707
4494	0.090707
4493	0.090707
13369	0.090602
13613	0.089622
1838	0.089325
10625	0.088057
9528	0.087535
5270	0.087214
689	0.087110
1189	0.086931
11915	0.086893
12675	0.086776
8595	0.086598
14034	0.086425
10462	0.086362
7857	0.086353
8305	0.086317
12682	0.086261
11137	0.086100
12949	0.085781
12947	0.085781
12946	0.085781
12945	0.085781
12943	0.085781
12942	0.085781
8289	0.085767
11852	0.085526
14322	0.085398
14135	0.085398
7328	0.085299
5269	0.085206
1427	0.084985
12801	0.084858
7544	0.084625
3	0.084512
9196	0.083828
8836	0.083519
11922	0.083481
13490	0.083132
13632	0.083132
13631	0.083132
377	0.083057
7984	0.083009
13633	0.082968
11023	0.082757
11024	0.082757
7268	0.082576
1708	0.082509
3505	0.082494
8327	0.082306
11043	0.082089
2206	0.082049
2208	0.081807
1236	0.081807
6763	0.081663
473	0.081517
10731	0.081385
10732	0.081285
2479	0.081007
2207	0.080741
3553	0.080723
13023	0.080516
1115	0.080500
11916	0.080364
10702	0.080348
2521	0.080344
2099	0.080326
12861	0.080281
9083	0.080278
10060	0.080248
4365	0.080248
10605	0.080116
6176	0.080097
4366	0.079885
9596	0.079715
7209	0.079635
13090	0.079599
11266	0.079550
13704	0.079497
13702	0.079497
5704	0.079445
1603	0.079407
13091	0.079243
8407	0.079138
4622	0.079135
10848	0.078910
10704	0.078910
4623	0.078853
6309	0.078806
11606	0.078732
11605	0.078732
2041	0.078596
7745	0.078565
10705	0.078371
4823	0.078335
12674	0.078031
10481	0.077840
7300	0.077840
14297	0.077477
14004	0.077370
4866	0.077370
10751	0.077110
9806	0.077026
9805	0.077026
9802	0.077026
9801	0.077026
5110	0.076913
7317	0.076859
7316	0.076859
7174	0.076859
6338	0.076859
7172	0.076842
12198	0.076837
2484	0.076743
4204	0.076575
14198	0.076551
12700	0.076431
67	0.076400
13449	0.076380
5863	0.075991
465	0.075921
12681	0.075716
5705	0.075553
8197	0.075125
13875	0.075077
4608	0.074894
1083	0.074769
19	0.074755
8827	0.074669
12044	0.074394
3680	0.074301
11553	0.073367
10650	0.073246
13685	0.073043
13684	0.073043
13683	0.073043
13565	0.073043
11255	0.072999
11785	0.072916
9497	0.072825
13033	0.072472
2084	0.072469
9764	0.072373
6974	0.072195
9763	0.072184
9759	0.072184
9758	0.072184
8717	0.072184
8716	0.072184
8715	0.072184
10038	0.072073
9916	0.072067
9880	0.072067
9842	0.072067
9838	0.072067
9822	0.072067
9372	0.072067
8791	0.072067
8790	0.072067
8768	0.072067
10471	0.072003
3871	0.071944
4051	0.071911
5679	0.071818
12680	0.071764
8059	0.071756
5151	0.071691
9123	0.071638
13534	0.071509
9	0.071479
12214	0.071456
10214	0.071397
8287	0.071370
9030	0.071220
13806	0.071141
1773	0.071121
13609	0.070777
14037	0.070750
10768	0.070719
1408	0.070495
2269	0.070476
12089	0.070451
1593	0.070316
5191	0.070206
14207	0.070113
14206	0.070113
13824	0.070113
5157	0.069709
10308	0.069032
8416	0.069007
5294	0.068940
297	0.068722
5176	0.068707
10984	0.068704
1835	0.068400
230	0.068370
11112	0.068327
13011	0.068273
3419	0.068252
8149	0.068230
14035	0.068230
9796	0.068090
4696	0.068019
6728	0.067997
11402	0.067824
10307	0.067824
13697	0.067767
13364	0.067767
13365	0.067716
2098	0.067668
2096	0.067560
7418	0.067392
1436	0.067167
14067	0.067019
13776	0.067019
8186	0.066998
1234	0.066869
13781	0.066856
3819	0.066823
1053	0.066756
3079	0.066298
13910	0.066202
3806	0.066093
8233	0.066062
3220	0.066041
8281	0.065916
12855	0.065753
8704	0.065290
10242	0.065172
25	0.065039
2822	0.064914
190	0.064586
13052	0.064465
13010	0.064465
12879	0.064465
7543	0.064426
1139	0.064082
5493	0.063944
4274	0.063935
14337	0.063606
13990	0.063606
8266	0.063594
14054	0.063588
8267	0.063566
12074	0.063470
9383	0.063399
5729	0.063310
9830	0.063310
13551	0.063257
13557	0.063218
13556	0.063218
1952	0.063059
6100	0.063054
11551	0.063023
9385	0.062929
13384	0.062923
1779	0.062884
14298	0.062700
9844	0.062506
11983	0.062333
4752	0.062235
9532	0.062231
1335	0.062225
9535	0.062180
9530	0.062180
9527	0.062180
9526	0.062180
9525	0.062180
9524	0.062180
9523	0.062180
9521	0.062180
9517	0.062180
9516	0.062180
9515	0.062180
9513	0.062180
9511	0.062180
9510	0.062180
9243	0.062180
9161	0.062180
6099	0.062180
9331	0.062111
1928	0.062036
7368	0.061928
4740	0.061728
14187	0.061637
9080	0.061599
3066	0.061598
6414	0.061348
9036	0.061319
11528	0.061191
9168	0.061166
5487	0.060851
6128	0.060849
573	0.060832
1418	0.060821
5399	0.060794
7419	0.060784
4536	0.060759
9850	0.060542
11218	0.060460
4158	0.060420
13666	0.060415
13424	0.060414
6378	0.060356
11502	0.060256
8295	0.060233
8242	0.060204
11069	0.060202
119	0.060193
4517	0.060151
12082	0.060095
9519	0.059907
11987	0.059900
6333	0.059762
11372	0.059628
13247	0.059612
8138	0.059572
1120	0.059510
7811	0.059450
11505	0.059424
8373	0.059405
8240	0.059405
4508	0.059383
13966	0.059317
7810	0.059313
10856	0.059225
1119	0.059165
1133	0.059115
9943	0.059058
10174	0.059044
4534	0.058975
8871	0.058920
244	0.058907
10117	0.058884
8114	0.058823
7306	0.058785
13087	0.058766
11989	0.058749
4463	0.058747
13858	0.058693
7802	0.058693
3058	0.058691
14140	0.058687
12182	0.058634
4464	0.058634
11129	0.058631
9840	0.058611
9870	0.058596
14275	0.058540
14039	0.058540
14036	0.058540
14030	0.058540
14029	0.058540
14026	0.058540
8415	0.058540
8400	0.058540
8378	0.058540
8375	0.058540
8363	0.058540
8360	0.058540
8350	0.058540
8294	0.058540
8218	0.058540
13764	0.058540
4351	0.058540
7065	0.058526
14033	0.058498
10031	0.058363
10943	0.058338
8376	0.058330
8241	0.058330
7176	0.058290
13836	0.058154
5009	0.058131
12462	0.058100
10685	0.058100
14028	0.058095
12576	0.058037
2268	0.057973
3813	0.057963
8325	0.057930
6733	0.057880
13775	0.057837
4841	0.057826
3812	0.057823
13129	0.057679
6061	0.057679
10634	0.057672
5192	0.057603
8810	0.057509
5351	0.057449
10259	0.057333
10460	0.057288
12421	0.057230
10269	0.057230
10266	0.057230
10262	0.057230
10261	0.057230
1611	0.057227
10974	0.057176
3038	0.057148
14122	0.057141
8483	0.057141
10267	0.057102
9362	0.057031
12956	0.056990
9229	0.056848
3591	0.056800
6320	0.056418
876	0.056391
10193	0.056352
3955	0.056333
221	0.056303
5936	0.056186
12558	0.056143
9504	0.056083
4250	0.056080
13929	0.055994
9222	0.055845
10920	0.055838
13855	0.055796
6935	0.055772
13805	0.055766
5132	0.055766
2925	0.055766
10857	0.055709
5613	0.055664
12525	0.055624
11240	0.055608
7415	0.055607
5108	0.055543
10560	0.055538
10	0.055537
12578	0.055525
14317	0.055440
8	0.055299
1191	0.055223
5495	0.055173
10194	0.055079
338	0.055063
14183	0.054947
6335	0.054917
2132	0.054850
4193	0.054797
9498	0.054782
14224	0.054726
13391	0.054726
11110	0.054726
13785	0.054679
8409	0.054621
14197	0.054595
14194	0.054595
14190	0.054595
14189	0.054595
14188	0.054595
14182	0.054595
14181	0.054595
13790	0.054595
13786	0.054595
13780	0.054595
13779	0.054595
13700	0.054595
10116	0.054595
8411	0.054595
8410	0.054595
8408	0.054595
8315	0.054595
3370	0.054540
3821	0.054535
13771	0.054516
5749	0.054472
3134	0.054449
634	0.054404
306	0.054389
2170	0.054320
246	0.054183
12823	0.054054
12638	0.054048
13784	0.054019
13094	0.053864
4978	0.053761
11064	0.053757
7855	0.053735
5478	0.053732
3111	0.053614
13597	0.053592
13596	0.053592
13595	0.053592
13583	0.053592
13554	0.053592
13402	0.053592
7990	0.053592
12944	0.053437
6838	0.053409
1403	0.053406
10330	0.053389
4503	0.053119
5112	0.053107
323	0.053097
322	0.053084
6121	0.053006
3623	0.053001
314	0.052970
12625	0.052945
10701	0.052805
3986	0.052767
10640	0.052726
5937	0.052638
13292	0.052599
9534	0.052572
9533	0.052572
9529	0.052572
9509	0.052572
7611	0.052558
11689	0.052535
3320	0.052483
7991	0.052445
8178	0.052383
315	0.052359
1104	0.052338
690	0.052289
11033	0.052288
8190	0.052171
8116	0.052162
2817	0.052144
4166	0.052122
11215	0.052016
6938	0.051965
5650	0.051950
7388	0.051941
13475	0.051917
13777	0.051917
8364	0.051917
12302	0.051811
4773	0.051811
4772	0.051811
7785	0.051747
8044	0.051681
12265	0.051622
2519	0.051592
7466	0.051509
7385	0.051494
12699	0.051480
11939	0.051473
700	0.051401
8322	0.051363
683	0.051357
329	0.051354
330	0.051282
6496	0.051262
5432	0.051262
1558	0.051244
328	0.051239
12856	0.051202
8430	0.051172
3371	0.051138
7110	0.051103
12650	0.051022
887	0.051010
10069	0.050996
13132	0.050983
6534	0.050976
12251	0.050967
8897	0.050949
4771	0.050916
12621	0.050899
9972	0.050898
332	0.050871
8225	0.050785
8933	0.050597
10921	0.050322
7238	0.050316
10531	0.050285
7364	0.050249
6256	0.050201
1885	0.050183
1884	0.050183
1883	0.050183
14032	0.050143
3638	0.050107
4896	0.050107
5193	0.050101
14017	0.050068
7914	0.050068
11808	0.050068
10597	0.050042
477	0.050018
854	0.050013
12222	0.049991
335	0.049887
334	0.049887
327	0.049887
305	0.049887
302	0.049887
6031	0.049779
6030	0.049779
5992	0.049779
1821	0.049715
12557	0.049634
3661	0.049547
10541	0.049538
3808	0.049469
11178	0.049455
4355	0.049382
2612	0.049334
5249	0.049320
7220	0.049269
1398	0.049252
13949	0.049235
8776	0.049235
8399	0.049235
6988	0.049203
10530	0.049149
13639	0.049075
9388	0.049060
12730	0.049025
3678	0.048986
3673	0.048986
210	0.048916
7504	0.048894
8066	0.048854
5797	0.048845
9961	0.048833
5431	0.048802
3594	0.048795
3792	0.048775
10887	0.048684
4810	0.048673
10663	0.048633
311	0.048605
10416	0.048575
8065	0.048308
3814	0.048282
5116	0.048248
11447	0.048207
4974	0.048180
12502	0.048155
10714	0.048146
6984	0.048051
5428	0.048022
696	0.047993
9286	0.047955
3917	0.047883
11634	0.047769
3428	0.047769
4279	0.047713
2381	0.047699
684	0.047679
8833	0.047643
10415	0.047561
6780	0.047549
1194	0.047546
6741	0.047527
6841	0.047525
5346	0.047465
4535	0.047434
4295	0.047417
4495	0.047403
11236	0.047343
11638	0.047305
13741	0.047297
3629	0.047253
6835	0.047211
10877	0.047199
6934	0.047176
5830	0.047154
8865	0.047145
12309	0.047135
6779	0.047135
13285	0.047071
13716	0.047045
6530	0.047015
303	0.046943
10888	0.046797
5851	0.046797
12710	0.046747
10782	0.046722
10480	0.046711
13823	0.046699
6101	0.046598
4721	0.046584
5829	0.046562
12773	0.046548
8864	0.046483
8863	0.046483
8583	0.046483
8124	0.046483
7904	0.046483
7903	0.046483
7902	0.046483
7901	0.046483
7900	0.046483
7899	0.046483
7897	0.046483
7896	0.046483
7895	0.046483
7526	0.046474
2525	0.046448
393	0.046443
5484	0.046369
312	0.046366
14040	0.046360
1882	0.046359
11511	0.046342
13742	0.046292
5413	0.046166
2536	0.046148
4770	0.046102
1951	0.046034
2526	0.046010
341	0.046005
11988	0.045955
13498	0.045953
10933	0.045927
1110	0.045874
11685	0.045837
4860	0.045827
10904	0.045817
5227	0.045799
2133	0.045776
6996	0.045754
12734	0.045662
11635	0.045653
4879	0.045650
472	0.045570
13497	0.045548
6588	0.045546
10268	0.045527
3728	0.045496
6528	0.045494
8432	0.045461
8431	0.045461
1613	0.045456
10546	0.045445
4872	0.045435
6586	0.045377
10875	0.045361
13789	0.045331
9920	0.045331
6301	0.045328
6157	0.045240
10433	0.045173
6337	0.045146
9885	0.045146
9851	0.045146
8828	0.045146
8826	0.045146
8825	0.045146
8811	0.045146
7781	0.045146
523	0.045141
415	0.045126
12510	0.045126
4673	0.045125
10680	0.045110
7275	0.045096
1141	0.044984
10600	0.044965
13695	0.044953
4886	0.044935
3418	0.044892
5888	0.044872
1734	0.044856
3999	0.044852
6361	0.044816
11982	0.044759
5414	0.044759
5412	0.044759
5078	0.044759
7094	0.044756
12109	0.044751
5948	0.044751
8284	0.044707
5630	0.044701
4898	0.044688
7530	0.044679
702	0.044644
12794	0.044617
12747	0.044608
8272	0.044575
14015	0.044545
7529	0.044529
10543	0.044491
220	0.044428
12757	0.044388
13075	0.044386
2097	0.044360
10450	0.044347
12267	0.044344
5126	0.044344
9605	0.044265
2134	0.044261
1182	0.044215
10834	0.044153
2291	0.044146
10349	0.044140
11082	0.044126
5362	0.044120
5361	0.044120
5360	0.044120
9034	0.044086
310	0.044079
6484	0.044002
2600	0.043983
3822	0.043923
10684	0.043910
10764	0.043891
10679	0.043891
13942	0.043885
12512	0.043830
4178	0.043809
6482	0.043804
11487	0.043773
366	0.043772
10766	0.043722
10765	0.043722
11585	0.043719
5680	0.043705
11561	0.043702
5043	0.043647
13813	0.043622
213	0.043564
4967	0.043530
1587	0.043506
3107	0.043479
3888	0.043462
3075	0.043449
9202	0.043427
13360	0.043426
1605	0.043424
669	0.043423
5129	0.043379
1604	0.043377
4653	0.043372
11544	0.043371
13307	0.043346
6026	0.043329
