7664	0.247782
7663	0.247782
6122	0.187169
783	0.185236
6724	0.179970
4196	0.176302
1264	0.172442
1071	0.170927
11600	0.170261
157	0.169285
784	0.168496
2680	0.167215
6577	0.161424
4086	0.160988
5229	0.160986
11597	0.160241
137	0.158382
1074	0.158345
2789	0.157732
4256	0.156038
3335	0.153732
3531	0.153436
1459	0.153273
2329	0.152331
3519	0.150605
9008	0.150564
1574	0.149951
6360	0.149467
12350	0.149265
12349	0.149078
135	0.149022
1075	0.148271
5627	0.147023
623	0.146525
9715	0.146096
8419	0.143590
4630	0.143340
1077	0.143017
1941	0.142449
11610	0.141988
11670	0.141453
2851	0.140851
864	0.140478
869	0.140230
8418	0.139070
903	0.138780
5201	0.138377
371	0.137800
5020	0.137202
6203	0.137000
1274	0.136660
8421	0.135783
2167	0.135520
2425	0.135142
3494	0.134372
11723	0.134134
2166	0.133789
3623	0.133433
2860	0.132577
3492	0.132454
12046	0.132402
11908	0.132378
6303	0.132002
9047	0.131578
9550	0.131330
9043	0.130965
13027	0.130961
9049	0.130961
9048	0.130961
9046	0.130961
8420	0.130961
7027	0.130961
5216	0.130961
2910	0.130691
8953	0.130678
4598	0.130663
8956	0.130560
8955	0.130560
4255	0.130350
140	0.130270
717	0.130207
3351	0.130190
2681	0.129470
4808	0.129320
862	0.128989
3408	0.128790
5021	0.128728
5019	0.128728
834	0.128162
12130	0.127673
9042	0.127610
2630	0.127298
3608	0.126944
1425	0.126885
9050	0.126636
5659	0.126350
3569	0.125987
5023	0.125967
12122	0.125720
2684	0.125720
3572	0.125255
138	0.125154
6673	0.125067
3378	0.124816
5072	0.124181
1070	0.123940
1939	0.123701
10918	0.123366
2357	0.123320
6130	0.123225
1370	0.122465
1277	0.122212
1391	0.122092
2137	0.121996
11848	0.121995
2597	0.121957
12272	0.121495
6991	0.121360
13724	0.121197
154	0.121077
2907	0.121013
11676	0.120860
6674	0.120624
6929	0.120511
5215	0.120327
8132	0.119935
7710	0.119611
7609	0.119390
6879	0.119390
622	0.119346
1094	0.119066
6880	0.118790
928	0.118161
3521	0.118140
849	0.118046
3343	0.118025
1196	0.117319
10163	0.117014
11911	0.116698
1079	0.116474
11719	0.116099
2596	0.116022
1298	0.115720
3493	0.115332
890	0.114992
3568	0.114325
411	0.114323
8678	0.114139
780	0.113893
4754	0.113406
8231	0.113074
1645	0.112753
13255	0.112574
7156	0.112404
3487	0.112394
867	0.112373
781	0.111732
2285	0.111714
3339	0.111612
12891	0.111430
9375	0.110750
12189	0.110717
171	0.110430
12071	0.110364
175	0.110364
2449	0.110132
8942	0.110124
3379	0.109639
1068	0.109122
9552	0.109092
884	0.108907
5200	0.108832
5199	0.108726
9027	0.108168
5202	0.108168
3581	0.107969
1426	0.107955
1247	0.107772
5459	0.107685
5228	0.107679
12107	0.107486
844	0.107470
8229	0.107463
5017	0.107148
9844	0.107006
3530	0.106823
1072	0.106761
4981	0.106752
5018	0.106722
3535	0.106696
3407	0.106621
3883	0.106116
13035	0.106061
4921	0.106042
4317	0.105849
4315	0.105849
4311	0.105849
4310	0.105798
9149	0.105795
2040	0.105480
7946	0.105453
4710	0.105165
11257	0.105062
4040	0.104812
9189	0.104762
3843	0.104633
4983	0.104611
5655	0.104551
10362	0.104471
3475	0.104413
10284	0.104385
2252	0.103869
5049	0.103852
9128	0.103842
12854	0.103796
412	0.103788
5698	0.103631
13181	0.103446
6436	0.103263
3920	0.103075
12850	0.102890
2462	0.102642
2339	0.102393
9316	0.102368
9021	0.102363
2961	0.102251
183	0.101781
9045	0.101568
1480	0.101536
4072	0.101237
9020	0.101050
11047	0.100786
2859	0.100649
4179	0.100618
6076	0.100495
3560	0.100371
9437	0.100172
1686	0.100163
6529	0.100089
12194	0.100078
525	0.100077
8206	0.100063
8205	0.100063
2919	0.100059
5325	0.100030
5271	0.099930
976	0.099860
863	0.099703
5087	0.099594
902	0.099445
11740	0.099331
1446	0.099116
3482	0.099045
9614	0.098766
12874	0.098720
5089	0.098608
1576	0.098548
13717	0.098397
9332	0.098302
4052	0.098256
2904	0.097996
9881	0.097976
13788	0.097973
11671	0.097930
9455	0.097687
9859	0.097654
534	0.097525
2311	0.097338
6389	0.097243
5203	0.097237
11252	0.097220
5196	0.097004
6302	0.096982
6267	0.096982
6191	0.096883
2356	0.096657
4017	0.096644
7820	0.096485
4313	0.096401
13826	0.096330
6689	0.096247
6967	0.096247
12089	0.096149
11502	0.096077
5656	0.096039
11737	0.096025
12008	0.096006
3937	0.096006
5191	0.095991
1445	0.095935
3047	0.095920
11792	0.095833
7951	0.095653
6305	0.095611
13030	0.095542
7214	0.095528
12853	0.095372
1735	0.095278
4982	0.095156
11938	0.094928
130	0.094797
12784	0.094749
12785	0.094607
1487	0.094422
3411	0.094337
5975	0.094243
872	0.094059
9044	0.093988
2038	0.093860
13647	0.093821
8251	0.093590
1163	0.093562
11609	0.093356
1389	0.093346
6411	0.093323
4268	0.093276
11984	0.093248
2257	0.093221
935	0.093177
6304	0.093155
11819	0.093113
5699	0.093050
7639	0.093010
11720	0.092891
3935	0.092805
1914	0.092768
6074	0.092691
13261	0.092667
968	0.092516
11642	0.092453
4594	0.092427
9542	0.092342
6460	0.092331
3021	0.092126
5328	0.092117
10437	0.092049
4979	0.092013
12858	0.091798
5542	0.091725
12860	0.091513
12859	0.091504
2857	0.091486
6717	0.091460
8881	0.091427
1289	0.091400
627	0.091164
2653	0.091094
126	0.091078
12411	0.090988
3526	0.090971
1073	0.090923
6805	0.090643
3291	0.090626
6021	0.090455
1491	0.090434
1650	0.090409
6131	0.090333
4118	0.090231
2263	0.090138
2719	0.090047
782	0.089997
1033	0.089901
5391	0.089870
2293	0.089788
2778	0.089561
7252	0.089524
4056	0.089520
158	0.089396
1251	0.089384
3155	0.089282
5058	0.089237
3361	0.089237
12872	0.089235
6523	0.089103
9019	0.089100
12435	0.089061
5455	0.089049
2915	0.089038
9404	0.088992
11786	0.088992
5517	0.088981
9076	0.088917
8019	0.088849
2063	0.088744
12950	0.088743
4036	0.088697
12899	0.088667
391	0.088594
387	0.088534
12940	0.088344
9726	0.088312
8983	0.088223
12457	0.088136
12456	0.088136
12450	0.088136
12443	0.088136
9798	0.088136
13019	0.088079
168	0.088024
10892	0.088008
12097	0.087890
4917	0.087871
12417	0.087869
4034	0.087869
2139	0.087868
3865	0.087794
11769	0.087744
4691	0.087594
7617	0.087463
7385	0.087384
4976	0.087376
1095	0.087241
3297	0.087170
2214	0.087055
2255	0.087039
5740	0.087026
4165	0.087009
6788	0.086993
12941	0.086900
2912	0.086890
12208	0.086785
2138	0.086754
3355	0.086739
5836	0.086692
4977	0.086688
6539	0.086576
13081	0.086564
13080	0.086564
13079	0.086564
13078	0.086564
13074	0.086564
13071	0.086564
13057	0.086564
13049	0.086564
13047	0.086564
13045	0.086564
13043	0.086564
13017	0.086564
12959	0.086564
12904	0.086564
7936	0.086564
6469	0.086540
5500	0.086488
11398	0.086456
10323	0.086382
5088	0.086366
8490	0.086363
3640	0.086295
10928	0.086279
10322	0.086279
8599	0.086239
136	0.086207
3384	0.086195
2714	0.086130
13003	0.086129
12869	0.086129
13040	0.085986
5086	0.085951
8945	0.085820
6392	0.085766
873	0.085685
11942	0.085679
3362	0.085679
3758	0.085650
6915	0.085593
4262	0.085559
7372	0.085510
9561	0.085406
6217	0.085274
1793	0.085270
1666	0.085252
12276	0.085203
14263	0.085203
14002	0.085203
14001	0.085203
14000	0.085203
13998	0.085203
13996	0.085203
6666	0.085203
5064	0.085203
4854	0.085203
4852	0.085203
2318	0.085173
163	0.085173
2713	0.085147
6957	0.085143
14162	0.085133
4176	0.085128
146	0.085119
11013	0.085076
1800	0.085073
7425	0.085063
275	0.085060
4690	0.084918
6412	0.084834
3509	0.084809
3349	0.084809
2456	0.084791
5904	0.084779
12889	0.084774
10779	0.084774
9132	0.084774
9110	0.084774
9101	0.084774
8512	0.084774
6388	0.084774
6992	0.084678
6390	0.084666
11400	0.084641
5700	0.084631
12952	0.084560
12951	0.084560
10855	0.084513
9079	0.084422
6767	0.084332
6765	0.084332
6764	0.084332
9540	0.084327
9661	0.084319
4175	0.084306
2541	0.084201
988	0.084190
2892	0.084148
3050	0.084110
1301	0.084097
8944	0.084075
13060	0.083899
13055	0.083899
13048	0.083899
13014	0.083899
13009	0.083899
12892	0.083899
8379	0.083899
8232	0.083735
6072	0.083701
6510	0.083701
3754	0.083699
12371	0.083686
7612	0.083686
7008	0.083686
6342	0.083679
343	0.083678
10718	0.083672
4374	0.083656
933	0.083572
8207	0.083549
6563	0.083540
8552	0.083529
11321	0.083478
11226	0.083468
3126	0.083460
12852	0.083419
12164	0.083358
7922	0.083358
5548	0.083319
5782	0.083311
10939	0.083308
14068	0.083227
8228	0.083065
10900	0.083053
3382	0.083032
13999	0.082976
5005	0.082976
4042	0.082930
12143	0.082856
2079	0.082850
585	0.082817
12219	0.082701
152	0.082624
3222	0.082492
8423	0.082402
12287	0.082400
8515	0.082400
178	0.082282
1078	0.082148
5311	0.082132
3759	0.082104
6599	0.082091
5872	0.082072
12524	0.081969
11027	0.081937
4582	0.081936
13388	0.081931
13387	0.081931
185	0.081912
6391	0.081895
3008	0.081891
10516	0.081808
2909	0.081772
372	0.081746
10722	0.081696
181	0.081663
2973	0.081663
8381	0.081633
165	0.081609
8954	0.081590
1550	0.081552
3523	0.081390
12394	0.081330
9559	0.081328
10186	0.081257
3983	0.081242
8931	0.081218
2209	0.081115
1312	0.081035
13997	0.081015
7817	0.080904
12165	0.080887
3131	0.080858
13438	0.080827
992	0.080795
12391	0.080712
12407	0.080687
8970	0.080616
11603	0.080611
11975	0.080502
6281	0.080387
7451	0.080379
6109	0.080349
7390	0.080220
7481	0.080165
6373	0.080160
6525	0.080139
170	0.080138
12938	0.080134
8312	0.080091
3027	0.080029
2722	0.079992
8934	0.079938
10040	0.079909
3819	0.079888
11992	0.079815
9185	0.079566
4932	0.079381
12434	0.079330
12390	0.079330
13135	0.079296
13664	0.079231
2858	0.079197
367	0.079171
2428	0.079121
9608	0.079108
6296	0.079036
774	0.079019
2288	0.078974
3277	0.078902
3257	0.078790
4597	0.078756
13116	0.078720
594	0.078704
1744	0.078663
5050	0.078603
13676	0.078541
1483	0.078377
12720	0.078361
7666	0.078361
6974	0.078359
2143	0.078294
6049	0.078285
6410	0.078068
1069	0.078048
3761	0.078047
1268	0.077988
3939	0.077797
2145	0.077743
3730	0.077735
692	0.077731
6079	0.077595
5118	0.077591
4855	0.077486
2853	0.077453
176	0.077424
12912	0.077398
11730	0.077385
3915	0.077300
6768	0.077202
6399	0.077138
9029	0.077106
1461	0.076893
2165	0.076846
1255	0.076829
13593	0.076797
6825	0.076763
551	0.076753
1186	0.076683
10114	0.076626
9763	0.076595
9759	0.076595
9758	0.076595
8717	0.076595
8716	0.076595
8715	0.076595
9916	0.076573
9880	0.076573
9842	0.076573
9838	0.076573
9822	0.076573
9372	0.076573
8791	0.076573
8790	0.076573
8768	0.076573
9764	0.076562
13142	0.076541
7430	0.076541
4850	0.076531
5006	0.076517
5288	0.076500
2881	0.076453
7981	0.076432
3709	0.076279
11126	0.076261
5814	0.076242
3639	0.076219
12749	0.076130
12748	0.076130
2317	0.076109
1099	0.076067
14071	0.076030
6512	0.075985
4563	0.075948
10076	0.075938
5652	0.075935
6361	0.075914
3877	0.075879
10077	0.075840
9055	0.075838
2911	0.075831
11837	0.075807
898	0.075807
5083	0.075800
2741	0.075675
899	0.075578
12907	0.075518
9410	0.075518
9409	0.075518
9408	0.075518
9407	0.075518
9406	0.075518
1515	0.075487
6922	0.075462
12141	0.075454
642	0.075426
13965	0.075411
3364	0.075348
6803	0.075340
1442	0.075320
3357	0.075282
12929	0.075256
940	0.075154
8990	0.075100
8989	0.075100
8987	0.075100
8986	0.075100
8984	0.075100
12588	0.075085
11072	0.075077
180	0.075042
7129	0.074865
5847	0.074865
5038	0.074819
802	0.074784
5751	0.074758
4561	0.074682
14213	0.074658
13543	0.074658
3763	0.074608
2168	0.074554
5697	0.074545
10657	0.074481
13330	0.074365
11210	0.074314
6448	0.074234
718	0.074207
6025	0.074175
13038	0.074174
13037	0.074174
10140	0.074141
787	0.074120
3356	0.074063
9567	0.073976
9281	0.073934
10495	0.073908
3528	0.073871
10658	0.073777
6	0.073761
2685	0.073679
2678	0.073679
14205	0.073603
13926	0.073526
3869	0.073514
6616	0.073474
13636	0.073453
3561	0.073448
7028	0.073362
13226	0.073344
365	0.073292
12042	0.073279
3481	0.073279
13767	0.073207
6798	0.073138
3254	0.073135
10751	0.073069
7488	0.073065
8928	0.073061
619	0.072989
5111	0.072987
4557	0.072956
14085	0.072889
5778	0.072834
3172	0.072771
11974	0.072676
10807	0.072657
7130	0.072649
12415	0.072597
7987	0.072572
12294	0.072529
11547	0.072527
13928	0.072438
13061	0.072423
9010	0.072399
3484	0.072368
5779	0.072365
11994	0.072361
2826	0.072361
7456	0.072279
1311	0.072204
6007	0.072189
7455	0.072181
2931	0.072103
2903	0.072022
6794	0.072007
10780	0.071998
96	0.071910
10392	0.071898
13825	0.071881
12615	0.071865
939	0.071830
7961	0.071813
1096	0.071800
5780	0.071768
9103	0.071763
1638	0.071750
9245	0.071695
5437	0.071695
5436	0.071694
12412	0.071683
9599	0.071656
13389	0.071646
422	0.071633
5895	0.071588
3483	0.071583
9333	0.071492
5769	0.071469
11682	0.071453
7030	0.071447
139	0.071388
3026	0.071350
4604	0.071271
4602	0.071271
7988	0.071244
2226	0.071237
5732	0.071223
5022	0.071161
12064	0.071134
12653	0.071114
4222	0.071100
2932	0.071097
6755	0.071056
4285	0.071047
4280	0.071047
13020	0.071042
13290	0.071007
13128	0.071007
9012	0.071007
2266	0.071003
7722	0.070967
5426	0.070952
9590	0.070947
2702	0.070838
10003	0.070815
13140	0.070807
11741	0.070798
2972	0.070727
13735	0.070704
13728	0.070704
13726	0.070704
9734	0.070702
9732	0.070702
9730	0.070702
8868	0.070702
8866	0.070702
3980	0.070571
11775	0.070541
3525	0.070541
13750	0.070509
10092	0.070468
13959	0.070467
133	0.070383
7081	0.070347
722	0.070332
368	0.070314
9115	0.070259
13895	0.070257
13274	0.070234
4126	0.070219
3079	0.070135
1321	0.070110
6649	0.070057
6647	0.070057
6646	0.070057
5610	0.070057
6413	0.070056
13379	0.070030
11779	0.069967
5536	0.069967
936	0.069875
1211	0.069713
7337	0.069704
1722	0.069671
8988	0.069670
10982	0.069666
10200	0.069660
5135	0.069635
11550	0.069570
11774	0.069438
2520	0.069380
4570	0.069370
11604	0.069366
10028	0.069348
5134	0.069287
2416	0.069278
4848	0.069106
10476	0.069072
4229	0.069031
11431	0.069020
6472	0.068946
12957	0.068873
1259	0.068858
5985	0.068831
9499	0.068792
2321	0.068743
3510	0.068724
5299	0.068711
14246	0.068705
12960	0.068705
8050	0.068705
4545	0.068690
336	0.068680
2062	0.068674
4548	0.068673
7949	0.068648
12000	0.068639
4593	0.068639
4592	0.068639
5469	0.068593
12079	0.068528
5608	0.068501
5865	0.068426
5552	0.068287
12235	0.068266
5259	0.068195
12977	0.068181
3967	0.068153
3294	0.068134
7280	0.068111
11619	0.068106
1392	0.068039
990	0.068023
6433	0.067966
13058	0.067902
7945	0.067902
12741	0.067892
10505	0.067851
10969	0.067804
9088	0.067768
11913	0.067757
11301	0.067742
5654	0.067728
3470	0.067714
10226	0.067713
12917	0.067702
3295	0.067702
3293	0.067702
6631	0.067662
11851	0.067642
6927	0.067642
6632	0.067522
3790	0.067483
4830	0.067454
4829	0.067454
754	0.067368
4115	0.067324
7041	0.067265
11151	0.067256
6686	0.067243
14167	0.067240
94	0.067118
2048	0.067094
11623	0.067072
3488	0.067069
