12355	0.268639
11862	0.266759
111	0.264542
5935	0.234882
2201	0.221124
2622	0.205983
11761	0.202813
6097	0.202813
5547	0.202813
3595	0.202813
2569	0.202605
1541	0.181428
9028	0.176823
9081	0.176038
9078	0.176038
2613	0.173942
5878	0.173661
1542	0.166352
3306	0.161916
3933	0.148987
1034	0.146870
5375	0.142821
2616	0.141508
9402	0.141433
3854	0.130270
7966	0.125564
2682	0.123912
3934	0.122956
780	0.122636
1509	0.118482
6761	0.116587
1798	0.115262
3548	0.114689
2614	0.110759
12306	0.108784
6369	0.108784
6368	0.108784
2476	0.108200
1714	0.107606
9645	0.106229
2841	0.104752
4093	0.104240
1783	0.103504
12070	0.101708
7939	0.100425
1511	0.098419
7450	0.097857
2755	0.097509
200	0.096818
1454	0.096762
13358	0.094896
4719	0.094115
9627	0.093227
11873	0.093088
1514	0.093036
9881	0.092314
11836	0.091258
7522	0.091170
10871	0.090927
13060	0.090384
13055	0.090384
13048	0.090384
13014	0.090384
13009	0.090384
12892	0.090384
8379	0.090384
12058	0.088310
3825	0.088309
2714	0.088025
13897	0.087542
13036	0.087445
13252	0.087325
13251	0.087325
3739	0.087294
12053	0.087278
3745	0.087254
645	0.087183
6695	0.086468
12041	0.086152
3921	0.085514
11877	0.085407
609	0.085210
2174	0.085197
1151	0.084593
13076	0.084414
12741	0.083344
6026	0.083301
1483	0.083021
1186	0.083010
5832	0.082914
3504	0.082750
12267	0.082593
5126	0.082593
4349	0.082356
10739	0.081939
10788	0.081939
10777	0.081939
10759	0.081939
10982	0.081919
7394	0.081876
578	0.081591
12623	0.081412
5934	0.081400
5933	0.081400
5880	0.081344
5220	0.081300
6631	0.081261
12281	0.081077
6619	0.081077
5883	0.080576
9358	0.080481
2175	0.080423
9986	0.080173
3594	0.079569
4358	0.079403
13061	0.079345
8552	0.079064
521	0.078820
639	0.078592
2680	0.078551
13495	0.078551
1129	0.078342
1131	0.078165
782	0.077919
1125	0.077743
3081	0.077709
11400	0.077256
13914	0.076889
8296	0.076889
9343	0.076673
10666	0.076661
1959	0.076621
9726	0.076617
781	0.076598
12854	0.076543
530	0.076542
400	0.076542
2931	0.076540
9923	0.076515
13602	0.076460
8247	0.076206
11466	0.076151
11478	0.075987
1370	0.075795
11207	0.075697
6702	0.075641
13298	0.075608
3772	0.075594
12502	0.075586
7491	0.075574
11358	0.075465
3826	0.075405
2932	0.075240
12850	0.075155
10203	0.075026
11089	0.074917
1513	0.074909
12784	0.074659
14310	0.074440
10671	0.074382
3549	0.074305
832	0.074249
10226	0.074225
5299	0.074214
13089	0.074155
6305	0.074153
13030	0.074150
6942	0.073818
2329	0.073766
12785	0.073756
1433	0.073624
10722	0.073552
14072	0.073456
10392	0.073156
8726	0.073149
14162	0.073129
12270	0.073053
5637	0.072910
2623	0.072882
11191	0.072873
13874	0.072784
12651	0.072759
12322	0.072751
13295	0.072671
13581	0.072568
1534	0.072558
6656	0.072534
2598	0.072499
10694	0.072406
13582	0.072365
5410	0.072365
5409	0.072365
5408	0.072365
5356	0.072365
11415	0.072311
10163	0.072277
12354	0.072207
7630	0.072143
1264	0.072093
2904	0.072087
9371	0.071910
4619	0.071884
12631	0.071798
11226	0.071768
9354	0.071647
1175	0.071608
10859	0.071607
412	0.071328
13006	0.071315
8907	0.071284
12767	0.071263
569	0.071176
10264	0.071086
1094	0.070577
2973	0.070507
13012	0.070470
13004	0.070470
12015	0.070387
10523	0.070378
4322	0.070377
2982	0.070331
10511	0.070297
10455	0.070224
2619	0.070205
5500	0.070050
6583	0.069844
6580	0.069844
9486	0.069821
13493	0.069735
14253	0.069732
11599	0.069708
2169	0.069708
13005	0.069654
5201	0.069643
4179	0.069622
6579	0.069545
11019	0.069504
8131	0.069248
2881	0.069231
12778	0.069222
399	0.069213
13913	0.069193
8298	0.069193
6303	0.069126
4118	0.069018
11338	0.068992
13894	0.068990
11231	0.068983
182	0.068976
5125	0.068932
1327	0.068890
11737	0.068880
11096	0.068810
9469	0.068666
1361	0.068661
13444	0.068645
8312	0.068600
11232	0.068546
11230	0.068546
11229	0.068546
11228	0.068546
5650	0.068498
7860	0.068360
14236	0.068323
13901	0.068323
13601	0.068323
7863	0.068323
7862	0.068323
7859	0.068323
13356	0.068312
11992	0.068279
6217	0.068224
12276	0.068220
14263	0.068220
14002	0.068220
14001	0.068220
14000	0.068220
13998	0.068220
13996	0.068220
6666	0.068220
5064	0.068220
4854	0.068220
4852	0.068220
6191	0.068218
5042	0.068212
4176	0.068200
6267	0.068174
6302	0.068174
9342	0.068153
3737	0.068142
496	0.068060
5876	0.068051
7909	0.067723
10369	0.067672
304	0.067637
2040	0.067599
9917	0.067455
4808	0.067437
13589	0.067391
11559	0.067369
1376	0.067334
12238	0.067333
6967	0.067316
6689	0.067316
1745	0.067294
9437	0.067270
13315	0.067135
12967	0.067102
891	0.067092
6649	0.067006
6647	0.067006
6646	0.067006
5610	0.067006
1941	0.066919
534	0.066909
4314	0.066858
2228	0.066835
4175	0.066696
12530	0.066679
565	0.066669
831	0.066600
12803	0.066578
11481	0.066562
13611	0.066508
12146	0.066493
8582	0.066493
7599	0.066493
3695	0.066493
3694	0.066493
3616	0.066493
12046	0.066480
2976	0.066468
11479	0.066458
6577	0.066398
2917	0.066323
11484	0.066295
4787	0.066285
10939	0.066157
2502	0.066110
4774	0.066044
3026	0.066038
12853	0.066037
4855	0.065988
6371	0.065878
7119	0.065862
10557	0.065855
1017	0.065811
4042	0.065738
1028	0.065733
137	0.065730
10212	0.065728
12143	0.065710
6922	0.065694
5608	0.065693
3763	0.065636
10879	0.065635
12364	0.065579
3155	0.065506
12519	0.065501
2892	0.065474
8450	0.065366
12936	0.065351
10761	0.065229
3258	0.065178
2152	0.065172
10657	0.065144
10880	0.065042
3544	0.065026
9715	0.064991
13003	0.064892
12869	0.064892
11315	0.064857
11036	0.064838
11503	0.064827
10572	0.064827
6025	0.064813
12237	0.064753
1396	0.064744
12107	0.064676
3764	0.064532
3677	0.064522
10658	0.064510
5627	0.064454
10762	0.064369
13157	0.064296
5089	0.064246
3359	0.064157
13110	0.064139
7264	0.064121
11483	0.064120
1223	0.064056
3519	0.063959
6400	0.063899
11408	0.063855
1226	0.063851
1128	0.063813
9008	0.063798
640	0.063676
12061	0.063612
12350	0.063603
10376	0.063599
12349	0.063552
13928	0.063499
11257	0.063448
1675	0.063445
12653	0.063387
4582	0.063291
5179	0.063278
5180	0.063190
7120	0.063161
5824	0.063126
5691	0.063055
10556	0.063054
11504	0.063019
1163	0.062917
3545	0.062884
7817	0.062845
9401	0.062804
4998	0.062660
14003	0.062633
12208	0.062553
5482	0.062541
1781	0.062523
3494	0.062519
13013	0.062519
12962	0.062519
10162	0.062497
13	0.062488
3822	0.062384
12411	0.062364
13997	0.062327
2594	0.062302
4976	0.062272
525	0.062196
4097	0.062153
11746	0.062149
12219	0.062141
11473	0.062019
6252	0.061998
11569	0.061986
12749	0.061971
12748	0.061971
4255	0.061846
2425	0.061798
7488	0.061779
4262	0.061756
13088	0.061721
10284	0.061693
13926	0.061673
3408	0.061639
13025	0.061592
13024	0.061592
13022	0.061592
8486	0.061592
11573	0.061570
11671	0.061555
5343	0.061554
8202	0.061476
2293	0.061450
2318	0.061437
9016	0.061401
4977	0.061381
12435	0.061241
7081	0.061232
6074	0.061211
11474	0.061133
9122	0.060988
11723	0.060932
1686	0.060891
3949	0.060887
12101	0.060879
5196	0.060775
11027	0.060721
12851	0.060670
10831	0.060646
8130	0.060487
10042	0.060478
9922	0.060451
11332	0.060334
14250	0.060247
10558	0.060247
10555	0.060247
6968	0.060247
8042	0.060247
5491	0.060204
13007	0.060055
2595	0.060023
1459	0.059873
2778	0.059867
6436	0.059818
3661	0.059791
7617	0.059765
12832	0.059759
12089	0.059745
10682	0.059725
10700	0.059671
11211	0.059637
13184	0.059630
5191	0.059615
8230	0.059507
11237	0.059441
6281	0.059421
4850	0.059388
9884	0.059386
12431	0.059382
11527	0.059347
11308	0.059331
13767	0.059263
520	0.059203
1800	0.059165
4818	0.059118
12818	0.059117
13095	0.059095
6969	0.059095
3518	0.059074
3378	0.059066
11489	0.059046
1002	0.058961
5221	0.058951
11491	0.058909
11227	0.058836
13301	0.058815
4154	0.058799
13826	0.058756
12874	0.058744
10992	0.058676
273	0.058675
12141	0.058586
12912	0.058556
5910	0.058552
2332	0.058533
1096	0.058460
7951	0.058440
936	0.058436
13299	0.058408
7893	0.058398
13900	0.058341
7861	0.058341
7968	0.058339
774	0.058290
6616	0.058151
7635	0.058130
7633	0.058130
11303	0.058120
10228	0.058092
10318	0.058084
7972	0.058069
8229	0.058054
2860	0.058002
1510	0.057982
14127	0.057931
10809	0.057925
7580	0.057925
11563	0.057906
3241	0.057844
10351	0.057842
6674	0.057842
7581	0.057785
6655	0.057782
7425	0.057755
9809	0.057732
13656	0.057676
13655	0.057676
13378	0.057676
9071	0.057676
371	0.057628
8132	0.057623
7858	0.057622
4886	0.057612
3447	0.057603
11107	0.057569
6134	0.057555
11250	0.057545
4158	0.057537
14085	0.057523
14249	0.057521
5518	0.057344
12872	0.057277
6032	0.057268
3915	0.057235
3967	0.057161
11047	0.057155
11545	0.057074
13165	0.056988
2263	0.056975
2214	0.056937
5118	0.056773
13599	0.056766
5006	0.056736
10926	0.056711
5485	0.056696
2116	0.056614
4153	0.056606
7028	0.056540
2626	0.056531
10250	0.056516
12800	0.056512
13932	0.056484
2226	0.056450
2596	0.056449
7967	0.056375
7070	0.056345
7961	0.056334
6652	0.056331
13899	0.056311
13892	0.056311
7965	0.056311
9087	0.056236
14071	0.056072
5697	0.056019
6076	0.055997
8135	0.055950
6837	0.055910
142	0.055908
1940	0.055897
8065	0.055884
7279	0.055867
3473	0.055819
11551	0.055818
10554	0.055786
6950	0.055757
13121	0.055732
4789	0.055732
4788	0.055732
2648	0.055704
9384	0.055680
3246	0.055680
4128	0.055668
7894	0.055666
5259	0.055657
1173	0.055657
12780	0.055624
9614	0.055598
9503	0.055584
4612	0.055533
4746	0.055484
11099	0.055482
11366	0.055433
13574	0.055433
3287	0.055417
12287	0.055375
8515	0.055375
1740	0.055354
7744	0.055283
5391	0.055277
2726	0.055254
8293	0.055248
9512	0.055233
1428	0.055199
7433	0.055096
11321	0.055071
4710	0.055062
12007	0.055041
12031	0.055015
5962	0.054995
13028	0.054989
1346	0.054988
3930	0.054966
1520	0.054938
6737	0.054928
2461	0.054883
2951	0.054860
4232	0.054841
11143	0.054837
2618	0.054792
9608	0.054778
9724	0.054702
1391	0.054699
11468	0.054695
7958	0.054639
10278	0.054639
5087	0.054605
1245	0.054590
11467	0.054450
1793	0.054403
12546	0.054368
13788	0.054343
2789	0.054326
2038	0.054305
8207	0.054267
1929	0.054221
6263	0.054191
5649	0.054185
5418	0.054179
9375	0.054132
9859	0.054106
13449	0.054101
10505	0.054095
2079	0.054074
6653	0.054051
11075	0.054027
1563	0.054018
4272	0.053996
12714	0.053990
5323	0.053953
531	0.053947
5021	0.053929
5019	0.053929
10040	0.053895
3379	0.053873
10247	0.053866
2165	0.053847
528	0.053833
12130	0.053812
11394	0.053790
5407	0.053726
8066	0.053688
9927	0.053687
9896	0.053687
7208	0.053687
2681	0.053683
875	0.053680
12415	0.053626
522	0.053615
5182	0.053597
9769	0.053568
12412	0.053547
5459	0.053534
8916	0.053378
8915	0.053378
8914	0.053378
8913	0.053378
8912	0.053378
8911	0.053378
7634	0.053378
6568	0.053378
10581	0.053373
1574	0.053341
13019	0.053337
10297	0.053301
749	0.053288
96	0.053273
5999	0.053222
5998	0.053222
12940	0.053181
7372	0.053179
962	0.053161
13815	0.053114
1285	0.053064
4848	0.053050
12122	0.053043
2684	0.053043
7090	0.053031
10076	0.053004
9128	0.052980
12534	0.052939
1583	0.052891
6018	0.052891
2011	0.052820
9958	0.052812
4165	0.052811
8339	0.052810
10077	0.052797
784	0.052711
10108	0.052653
11242	0.052641
13676	0.052635
2017	0.052575
5047	0.052565
2073	0.052555
12497	0.052552
12629	0.052524
1195	0.052511
6042	0.052510
6041	0.052510
6040	0.052510
6039	0.052510
6072	0.052443
3730	0.052403
11600	0.052394
13181	0.052377
5581	0.052329
10601	0.052314
10299	0.052314
10298	0.052314
3487	0.052310
10912	0.052274
6038	0.052239
13496	0.052206
2414	0.052196
6392	0.052178
13615	0.052176
13614	0.052176
2915	0.052175
13664	0.052153
1161	0.052133
8921	0.052093
12368	0.052083
7163	0.052083
4119	0.052061
3260	0.052042
3358	0.052042
1075	0.051952
7301	0.051934
1077	0.051919
11575	0.051917
12795	0.051917
7164	0.051915
5882	0.051911
11609	0.051905
3884	0.051897
9540	0.051884
10589	0.051785
13945	0.051766
14283	0.051739
6304	0.051703
11540	0.051699
10389	0.051669
6389	0.051646
4171	0.051606
3551	0.051591
8932	0.051577
3493	0.051569
2503	0.051562
10263	0.051527
5023	0.051475
5020	0.051435
12042	0.051406
3481	0.051406
11367	0.051336
6260	0.051323
6563	0.051308
9960	0.051281
5359	0.051274
10302	0.051262
9079	0.051254
11072	0.051240
3484	0.051201
10127	0.051194
13111	0.051178
13109	0.051178
9959	0.051178
4921	0.051137
10362	0.051137
4343	0.051116
10125	0.051112
9980	0.051070
10551	0.051051
1130	0.051037
13898	0.051014
1446	0.051014
794	0.050985
12391	0.050980
11516	0.050898
11848	0.050876
9149	0.050871
1901	0.050869
11670	0.050856
1726	0.050840
8232	0.050801
11626	0.050793
11127	0.050714
13116	0.050691
6650	0.050682
12859	0.050645
12860	0.050630
10227	0.050602
3923	0.050591
3516	0.050586
9146	0.050570
11601	0.050560
4932	0.050538
7661	0.050480
12521	0.050445
4466	0.050435
1010	0.050426
12165	0.050413
11094	0.050412
10855	0.050412
6021	0.050370
11146	0.050347
9610	0.050338
6694	0.050314
12889	0.050314
10779	0.050314
9132	0.050314
9110	0.050314
9101	0.050314
8512	0.050314
6388	0.050314
12776	0.050298
3492	0.050291
9170	0.050291
7964	0.050287
9076	0.050215
11548	0.050214
12371	0.050205
7612	0.050205
7008	0.050205
6360	0.050196
10718	0.050183
1073	0.050182
6390	0.050148
12950	0.050113
6525	0.050071
11252	0.050012
7981	0.049999
4754	0.049959
13374	0.049944
13373	0.049944
13536	0.049917
12304	0.049897
3615	0.049870
12891	0.049864
13135	0.049852
3736	0.049739
13341	0.049730
2166	0.049724
10678	0.049667
11908	0.049660
3027	0.049630
11556	0.049600
12518	0.049587
7820	0.049570
4196	0.049531
12426	0.049527
14068	0.049485
13999	0.049459
5005	0.049459
5455	0.049427
4468	0.049417
12434	0.049393
12390	0.049393
3811	0.049383
3883	0.049378
9514	0.049326
1371	0.049311
5654	0.049269
5305	0.049268
11970	0.049264
11578	0.049191
1480	0.049183
2974	0.049156
10333	0.049146
10921	0.049099
12077	0.049087
6461	0.049087
3711	0.049087
6992	0.049044
2961	0.049031
438	0.049024
13235	0.049018
6172	0.049018
2541	0.049017
6313	0.049012
12654	0.049007
8794	0.049006
3991	0.048986
11767	0.048982
3483	0.048888
968	0.048863
3193	0.048834
12952	0.048802
12951	0.048802
13438	0.048784
10240	0.048765
11547	0.048759
12670	0.048676
11593	0.048676
4110	0.048669
1958	0.048661
6632	0.048637
1169	0.048610
787	0.048572
2045	0.048555
7830	0.048514
406	0.048500
12692	0.048500
2145	0.048492
4426	0.048490
11398	0.048480
9550	0.048445
7337	0.048423
1007	0.048410
3437	0.048382
3713	0.048381
1445	0.048340
5373	0.048333
11683	0.048327
7980	0.048320
13218	0.048304
1550	0.048279
10270	0.048277
13035	0.048251
5200	0.048245
7141	0.048244
12455	0.048229
11537	0.048200
6138	0.048149
423	0.048144
2251	0.048143
5199	0.048142
5517	0.048127
13822	0.048121
6706	0.048103
3554	0.048094
2655	0.048079
12071	0.048007
175	0.048007
12858	0.047981
