1552	0.274001
5936	0.266662
1560	0.264949
1353	0.254893
1554	0.252252
6028	0.244887
14154	0.243451
14152	0.243451
14150	0.243451
14145	0.243451
14131	0.243451
14062	0.243451
14313	0.243051
14296	0.243051
5939	0.242945
14058	0.242665
2933	0.242655
13877	0.241919
8155	0.241643
8154	0.241643
8153	0.241643
8151	0.241643
8150	0.241643
7463	0.240479
6066	0.240479
5938	0.237153
7592	0.226065
7236	0.209439
8152	0.203488
1553	0.195726
7238	0.192285
12051	0.187701
14095	0.184294
12248	0.184075
11283	0.173433
12897	0.171387
13375	0.171055
10024	0.167926
2536	0.167585
13416	0.166300
1605	0.162218
14157	0.156747
6187	0.155821
13329	0.155720
818	0.155215
6903	0.148542
10489	0.147083
1408	0.144668
10490	0.144572
5529	0.144099
1599	0.143983
756	0.142047
11439	0.140388
1053	0.137936
1967	0.137417
13133	0.133960
5528	0.133578
2497	0.131945
6245	0.125122
5937	0.124615
5660	0.124534
10069	0.124347
1669	0.123817
5615	0.123618
13598	0.122635
9684	0.122280
1561	0.120190
13451	0.118250
13450	0.118250
13410	0.118250
10090	0.117234
10842	0.117218
11421	0.117218
11345	0.117218
11335	0.117218
8089	0.116830
2404	0.116128
6120	0.115349
4410	0.114619
4193	0.112974
3678	0.112604
3673	0.112604
9392	0.112128
10531	0.111442
9830	0.111342
1779	0.110978
11554	0.110457
9835	0.110328
11337	0.109953
13560	0.108115
10796	0.108025
8338	0.107663
11695	0.107654
12292	0.107361
690	0.106424
7438	0.106378
7123	0.106378
6499	0.105617
9867	0.105203
13137	0.105148
4819	0.105091
5041	0.104900
3723	0.104705
3363	0.104602
13094	0.104452
8328	0.104421
3111	0.104365
7166	0.104284
6363	0.104211
13972	0.104110
13597	0.104051
13596	0.104051
13595	0.104051
13583	0.104051
13554	0.104051
13402	0.104051
7990	0.104051
7855	0.104001
10717	0.103550
4723	0.103499
8373	0.103356
8240	0.103356
9026	0.103070
4279	0.102330
8579	0.102301
12704	0.102077
6314	0.101990
8888	0.101824
4975	0.101623
9089	0.101555
11218	0.101443
12203	0.101353
8580	0.101353
8575	0.101353
8546	0.101353
7122	0.101353
723	0.100715
5284	0.100307
4816	0.100306
8493	0.099714
7055	0.099615
3163	0.099441
477	0.099257
6578	0.098800
4611	0.098210
3668	0.098208
2408	0.097904
10111	0.097899
8577	0.097857
8576	0.097857
8574	0.097857
8556	0.097857
10530	0.097822
1258	0.097716
11186	0.097501
6643	0.097477
482	0.097372
13911	0.097306
1538	0.097268
10714	0.097021
9094	0.096630
9093	0.096630
9092	0.096630
9065	0.096630
4064	0.096512
4063	0.096512
4061	0.096512
4058	0.096512
4057	0.096512
2644	0.096512
5864	0.096474
12710	0.096254
12409	0.096222
11351	0.096124
11486	0.096023
3316	0.096004
1150	0.095949
10033	0.095861
12148	0.095664
7411	0.095664
12773	0.095514
11839	0.095498
9485	0.095172
13530	0.095093
12801	0.094930
8040	0.094894
11685	0.094811
3815	0.094690
12551	0.094481
10647	0.094394
8947	0.094199
3230	0.094138
12567	0.094077
4059	0.093862
11582	0.093812
9828	0.093795
244	0.093713
10195	0.093647
7523	0.093623
3178	0.093421
6067	0.093287
8835	0.093210
7259	0.093107
8149	0.093077
14035	0.093077
6451	0.093011
6258	0.092984
11790	0.092780
8377	0.092703
1188	0.092631
7078	0.092529
1557	0.092476
7575	0.092358
9595	0.092206
2401	0.092099
1632	0.091801
10450	0.091425
11788	0.091300
11062	0.091248
8557	0.091145
8555	0.091145
8547	0.091145
1943	0.090955
3650	0.090637
6810	0.090525
1990	0.090518
8252	0.090504
9694	0.090106
5701	0.090065
10654	0.090030
4289	0.089970
14017	0.089953
7914	0.089953
10655	0.089807
724	0.089723
3217	0.089603
11010	0.089204
479	0.089035
2406	0.088791
7229	0.088740
12340	0.088652
263	0.088643
478	0.088634
12607	0.088543
2224	0.088438
1625	0.088322
4189	0.088313
3888	0.088301
1204	0.088182
5558	0.087886
5567	0.087427
11674	0.087359
12508	0.086785
364	0.086777
11455	0.086233
11426	0.086233
11917	0.086194
255	0.086080
6988	0.085749
10949	0.085692
13305	0.085592
6004	0.085544
13526	0.085386
11037	0.085364
12536	0.085304
9865	0.085297
1604	0.085028
12650	0.084821
8461	0.084793
10886	0.084601
9950	0.084544
6001	0.084358
1593	0.084327
11963	0.084297
7311	0.084171
6362	0.083938
9084	0.083769
9951	0.083601
4060	0.083489
8003	0.083351
10585	0.083319
2410	0.083319
2409	0.083319
7884	0.083299
5663	0.083263
1278	0.083258
8794	0.083256
1945	0.083211
12638	0.083182
13460	0.083116
13294	0.082855
12621	0.082849
2039	0.082755
6877	0.082671
4425	0.082552
12774	0.082546
11491	0.082511
11933	0.082435
11932	0.082381
7875	0.082306
3862	0.082211
13562	0.082108
10422	0.082108
10674	0.082104
2780	0.082010
12595	0.081957
3168	0.081913
1715	0.081896
11553	0.081176
11728	0.081158
11729	0.081144
1406	0.081132
506	0.081113
12548	0.081018
4898	0.080899
798	0.080885
373	0.080837
11213	0.080742
2984	0.080426
5491	0.080416
538	0.080371
10640	0.080094
13652	0.079870
441	0.079805
1203	0.079587
688	0.079566
3822	0.079436
13941	0.079405
7010	0.079359
8336	0.079346
11333	0.079329
11556	0.079292
8656	0.079292
3109	0.079240
1418	0.079239
9016	0.079213
9718	0.079158
1613	0.079107
8243	0.078983
12516	0.078941
10304	0.078907
11433	0.078826
9351	0.078598
9350	0.078598
7401	0.078598
5828	0.078578
1555	0.078560
12173	0.078376
2739	0.078294
10702	0.078251
12832	0.078192
2383	0.078111
11102	0.078082
12804	0.078059
12500	0.078035
1610	0.078021
4341	0.077972
11528	0.077934
13654	0.077588
3617	0.077510
6050	0.077424
707	0.077303
11542	0.077262
11735	0.077119
2738	0.077114
8401	0.077060
2475	0.076911
11437	0.076905
24	0.076904
12170	0.076899
7135	0.076802
6048	0.076786
10874	0.076525
1224	0.076509
323	0.076457
10042	0.076316
3838	0.076256
14165	0.076249
12038	0.076092
4686	0.075981
10181	0.075789
5139	0.075678
1946	0.075655
7364	0.075601
2983	0.075554
10074	0.075550
4807	0.075547
14321	0.075482
14311	0.075482
14307	0.075482
14114	0.075482
10393	0.075482
8406	0.075482
8368	0.075482
3158	0.075482
8255	0.075477
14291	0.075433
13841	0.075416
5080	0.075354
12366	0.075323
6634	0.075323
6633	0.075323
6381	0.075285
4062	0.075275
4206	0.075263
8121	0.075211
12628	0.074950
12302	0.074901
4773	0.074901
4772	0.074901
7079	0.074817
6098	0.074760
4842	0.074690
12426	0.074581
491	0.074500
2770	0.074471
11419	0.074415
12633	0.074385
11053	0.074265
8799	0.074235
4506	0.074235
4502	0.074235
1947	0.074235
5290	0.074162
10940	0.074074
542	0.073949
1963	0.073879
12557	0.073851
2914	0.073716
10394	0.073688
615	0.073676
13461	0.073671
434	0.073592
418	0.073506
366	0.073484
13716	0.073476
7645	0.073445
4771	0.073396
7418	0.073393
1466	0.073257
13405	0.073176
1944	0.073161
1568	0.073148
5250	0.073083
12510	0.072976
10075	0.072973
12587	0.072704
4647	0.072677
1607	0.072617
13392	0.072601
7943	0.072597
11555	0.072529
3713	0.072513
7248	0.072449
9989	0.072433
7058	0.072428
7059	0.072425
11217	0.072425
9222	0.072339
202	0.072312
10844	0.072287
854	0.072172
6919	0.072159
13529	0.072042
703	0.071976
1815	0.071837
6556	0.071809
6555	0.071809
9961	0.071621
11539	0.071610
12579	0.071609
2053	0.071437
5728	0.071281
13359	0.071116
12262	0.071027
12711	0.071013
13624	0.070939
13623	0.070939
12625	0.070934
12312	0.070849
13165	0.070787
3764	0.070741
7529	0.070707
6800	0.070696
12554	0.070681
10119	0.070394
12675	0.070389
11551	0.070384
12505	0.070329
2796	0.070126
10857	0.069966
11780	0.069909
4474	0.069902
7595	0.069871
13383	0.069779
5982	0.069732
4038	0.069687
11173	0.069665
6588	0.069617
443	0.069594
13361	0.069578
10104	0.069415
12526	0.069175
12729	0.069092
7118	0.069049
9944	0.069007
5613	0.068997
5979	0.068980
6189	0.068941
10875	0.068933
1600	0.068861
1595	0.068861
1590	0.068861
6733	0.068861
8053	0.068813
12666	0.068758
8484	0.068724
10742	0.068684
12181	0.068672
6627	0.068651
13550	0.068558
7071	0.068477
12797	0.068467
11518	0.068412
11502	0.068373
490	0.068345
3728	0.068206
10037	0.068205
3232	0.068189
13317	0.067914
5858	0.067903
9082	0.067894
3250	0.067893
8797	0.067893
4330	0.067892
3963	0.067839
10784	0.067821
11565	0.067811
6121	0.067780
12708	0.067723
3961	0.067687
6589	0.067667
13956	0.067631
4628	0.067631
14073	0.067619
13563	0.067580
13292	0.067553
10314	0.067505
5129	0.067423
3229	0.067415
10164	0.067403
8209	0.067376
10054	0.067370
13549	0.067273
12730	0.067213
1618	0.067210
10315	0.067183
3605	0.067172
9904	0.067134
1585	0.067068
10816	0.067056
12812	0.066961
10856	0.066946
6254	0.066943
4751	0.066881
9790	0.066830
3342	0.066784
11063	0.066775
7340	0.066756
10903	0.066746
14077	0.066721
7419	0.066627
7505	0.066568
12552	0.066567
11061	0.066560
10174	0.066555
8654	0.066537
8653	0.066537
5519	0.066534
2519	0.066494
12145	0.066488
10515	0.066488
5956	0.066488
10851	0.066486
5957	0.066416
693	0.066394
5495	0.066340
4804	0.066325
8310	0.066278
12597	0.066241
3606	0.066207
12837	0.066189
5856	0.066135
6899	0.066124
453	0.066099
3795	0.066005
13504	0.065988
3962	0.065972
11511	0.065894
14339	0.065865
14338	0.065865
14312	0.065865
14272	0.065865
14259	0.065865
14160	0.065865
14159	0.065865
14158	0.065865
14156	0.065865
14144	0.065865
14133	0.065865
14123	0.065865
14110	0.065865
14102	0.065865
14053	0.065865
13501	0.065865
8311	0.065865
8309	0.065865
8308	0.065865
8306	0.065865
8288	0.065865
8286	0.065865
8285	0.065865
8283	0.065865
8282	0.065865
8280	0.065865
8278	0.065865
8277	0.065865
8046	0.065865
4603	0.065865
9691	0.065852
8276	0.065847
13129	0.065822
6061	0.065822
14006	0.065763
12513	0.065751
10904	0.065737
13542	0.065701
9677	0.065686
6516	0.065660
12610	0.065616
10212	0.065526
7809	0.065493
10687	0.065463
10365	0.065445
9964	0.065442
12662	0.065415
12630	0.065415
5966	0.065273
5514	0.065215
11583	0.065151
8900	0.065126
8081	0.065116
897	0.065114
12753	0.065104
5112	0.065102
5181	0.065075
11262	0.065033
12401	0.064963
3825	0.064933
2407	0.064792
3872	0.064768
3103	0.064744
245	0.064733
570	0.064723
5692	0.064668
11245	0.064662
5690	0.064618
511	0.064557
12623	0.064544
1394	0.064507
377	0.064426
11463	0.064414
10068	0.064335
12336	0.064264
2586	0.064263
10388	0.064198
3451	0.064079
512	0.064004
445	0.064000
13154	0.063981
8513	0.063957
1057	0.063862
6334	0.063781
10671	0.063759
448	0.063718
1507	0.063716
11082	0.063709
10153	0.063665
446	0.063646
447	0.063646
7806	0.063601
5917	0.063585
6503	0.063570
7813	0.063508
7805	0.063508
7812	0.063414
2163	0.063399
7094	0.063329
13431	0.063297
10686	0.063295
1885	0.063261
1884	0.063261
1883	0.063261
9938	0.063168
7551	0.063168
7550	0.063168
7539	0.063168
7538	0.063168
4951	0.063117
5512	0.063085
12410	0.062978
12608	0.062971
10583	0.062969
8307	0.062927
1821	0.062909
5513	0.062865
439	0.062850
9872	0.062850
4945	0.062805
5366	0.062790
14043	0.062769
11352	0.062720
1124	0.062702
10203	0.062607
10941	0.062532
5707	0.062486
11343	0.062463
5897	0.062405
10860	0.062371
11487	0.062305
11069	0.062290
11564	0.062280
4712	0.062273
3664	0.062201
1858	0.062145
14277	0.062128
3656	0.062117
4227	0.062102
1558	0.062016
13619	0.061952
11145	0.061846
5131	0.061817
12637	0.061796
12502	0.061792
4688	0.061762
8704	0.061721
10328	0.061669
6613	0.061651
420	0.061637
1653	0.061586
7672	0.061530
11544	0.061517
13793	0.061445
8136	0.061445
3312	0.061416
6052	0.061352
11628	0.061317
6907	0.061317
6822	0.061264
13737	0.061263
10349	0.061243
3231	0.061218
6994	0.061206
5565	0.061196
10412	0.061112
7337	0.061003
11086	0.060994
527	0.060931
4361	0.060912
10486	0.060860
12609	0.060852
11530	0.060834
2798	0.060826
8943	0.060818
10684	0.060758
5894	0.060747
9967	0.060694
5521	0.060604
13687	0.060532
5522	0.060451
9617	0.060450
8852	0.060438
12537	0.060421
10843	0.060385
9971	0.060349
1433	0.060314
2474	0.060313
9948	0.060303
5449	0.060268
3740	0.060199
6809	0.060078
6993	0.060043
12200	0.060009
12573	0.059959
14100	0.059933
9596	0.059915
13491	0.059827
2485	0.059774
416	0.059725
6266	0.059718
12636	0.059693
4780	0.059628
10636	0.059619
6062	0.059590
10858	0.059505
13138	0.059436
7139	0.059429
1991	0.059322
6312	0.059266
10468	0.059253
4085	0.059241
1036	0.059229
11404	0.059207
10922	0.059207
8622	0.059191
6660	0.059175
10492	0.059095
1279	0.059079
4293	0.059057
1141	0.059036
13166	0.058983
1713	0.058958
8054	0.058935
442	0.058934
5040	0.058928
6887	0.058890
5661	0.058890
12512	0.058882
11290	0.058869
14037	0.058863
11179	0.058858
7985	0.058850
1350	0.058821
11450	0.058742
12015	0.058741
421	0.058674
12654	0.058643
13404	0.058632
1355	0.058626
6500	0.058609
1104	0.058605
4192	0.058589
10083	0.058533
12707	0.058518
13185	0.058486
7319	0.058484
4295	0.058349
3630	0.058331
12660	0.058317
10435	0.058285
1559	0.058278
13613	0.058256
345	0.058230
3669	0.058206
4841	0.058160
5802	0.058135
2043	0.058070
4622	0.058054
11496	0.058027
2159	0.057979
5254	0.057945
12589	0.057909
10188	0.057884
1183	0.057883
9587	0.057879
4623	0.057809
6808	0.057778
12827	0.057757
2537	0.057756
9747	0.057714
11135	0.057711
725	0.057640
4805	0.057595
10993	0.057587
1882	0.057584
5703	0.057537
7555	0.057535
9929	0.057530
3826	0.057510
10141	0.057479
10035	0.057479
10799	0.057467
10366	0.057389
11348	0.057383
11347	0.057383
10942	0.057383
10196	0.057383
9486	0.057377
5109	0.057362
2223	0.057324
5579	0.057321
1140	0.057283
12590	0.057225
13182	0.057171
12171	0.057146
2343	0.057079
720	0.057056
9564	0.057040
3566	0.057040
1683	0.056989
10276	0.056984
11342	0.056943
10746	0.056943
12649	0.056895
12525	0.056888
14072	0.056867
12676	0.056859
1410	0.056856
11726	0.056848
6900	0.056848
3240	0.056790
6911	0.056764
10306	0.056740
10402	0.056729
5969	0.056726
12322	0.056687
10907	0.056670
3406	0.056650
12712	0.056622
6812	0.056556
11163	0.056514
10401	0.056511
2400	0.056508
9857	0.056476
915	0.056474
3726	0.056455
6326	0.056442
12270	0.056420
12756	0.056415
10626	0.056404
9293	0.056346
9292	0.056346
9291	0.056346
13759	0.056344
9289	0.056326
10836	0.056290
5355	0.056217
11536	0.056208
11543	0.056192
11405	0.056163
10534	0.056133
9966	0.056129
13219	0.056115
9290	0.056115
13155	0.056073
5151	0.056066
12799	0.056051
2487	0.056043
232	0.056028
13089	0.056021
14243	0.055999
2484	0.055982
3727	0.055969
11132	0.055955
3576	0.055931
6058	0.055918
10669	0.055892
2799	0.055866
256	0.055807
10339	0.055795
11533	0.055792
14066	0.055765
11634	0.055757
8488	0.055733
8259	0.055683
12542	0.055679
5039	0.055654
9507	0.055629
13794	0.055616
7318	0.055565
8051	0.055557
12806	0.055539
8059	0.055516
3742	0.055483
10768	0.055455
1633	0.055394
6700	0.055357
9720	0.055337
13686	0.055270
13670	0.055270
7975	0.055259
10597	0.055245
4083	0.055238
4134	0.055216
9864	0.055198
1405	0.055198
1680	0.055173
12109	0.055173
5948	0.055173
9450	0.055165
5307	0.055161
5374	0.055131
13333	0.055130
9015	0.055052
6012	0.055040
9227	0.055028
12833	0.054987
11456	0.054932
543	0.054923
10358	0.054902
