3680	0.335035
5176	0.316295
1427	0.280475
10410	0.226558
10411	0.226299
11389	0.226267
4731	0.204668
4675	0.204668
2567	0.202317
3954	0.199571
8114	0.195569
7065	0.195448
4452	0.194120
3821	0.193396
2566	0.188110
3955	0.187278
13421	0.160883
7217	0.143674
6476	0.143674
4499	0.142453
1847	0.141118
13807	0.138710
923	0.138497
5941	0.137461
8377	0.136242
7078	0.135959
14107	0.134886
7223	0.134224
5153	0.134030
14148	0.133719
3091	0.133685
3089	0.133685
3088	0.133685
14147	0.133684
3090	0.133684
14146	0.133631
2500	0.130788
13460	0.129360
3414	0.128655
4836	0.126978
3178	0.126450
13538	0.126210
6745	0.126088
10607	0.122672
3953	0.119478
13652	0.118431
14179	0.115819
13550	0.115211
4330	0.114373
2173	0.112978
2573	0.112019
776	0.111885
3213	0.111316
6031	0.111209
6030	0.111209
5992	0.111209
4896	0.109827
11939	0.109783
6976	0.109199
13404	0.107717
11419	0.106993
210	0.106656
34	0.105374
4748	0.105026
9597	0.104177
9355	0.104177
6748	0.104177
13294	0.103524
3834	0.102996
8618	0.101779
1358	0.101664
13398	0.100971
12628	0.100767
458	0.100734
11648	0.100617
699	0.100405
7079	0.100368
5734	0.100347
3669	0.100271
4679	0.099762
4293	0.099739
7709	0.099505
9820	0.099068
8735	0.099068
6582	0.097074
6733	0.097068
12561	0.096632
459	0.096371
457	0.096268
7492	0.096247
3469	0.095951
9811	0.095814
9330	0.095788
6584	0.095769
6581	0.095769
9739	0.095757
12501	0.095752
7631	0.095347
1507	0.095293
11299	0.095172
2929	0.095160
3240	0.094886
199	0.094383
5728	0.093521
5695	0.092657
10583	0.092391
12630	0.092345
11649	0.091982
10919	0.091814
7077	0.091792
7807	0.091786
7397	0.091784
8886	0.091684
9295	0.091677
11920	0.091586
3927	0.091586
3868	0.091586
6449	0.091382
2033	0.091193
1041	0.091028
12096	0.090995
12317	0.090983
2724	0.090821
4078	0.090480
2546	0.090422
3929	0.090158
3928	0.090158
11500	0.090134
11507	0.089853
12736	0.089642
4713	0.089084
12544	0.089046
5155	0.088923
205	0.088876
203	0.088876
7959	0.088872
686	0.088197
3646	0.088002
13277	0.087934
7500	0.087626
4484	0.087611
5905	0.087540
7864	0.087441
2927	0.087290
6208	0.087184
2559	0.086911
13721	0.086883
13709	0.086883
11216	0.086724
11386	0.086667
5550	0.086445
13830	0.086312
11919	0.086233
10672	0.086216
14069	0.086062
8810	0.086053
2287	0.086013
10461	0.085866
2479	0.085722
6534	0.085592
5344	0.085517
10563	0.085448
11922	0.085421
9830	0.085292
5602	0.085130
7809	0.084968
9904	0.084643
7433	0.084639
1779	0.084618
11511	0.084565
9331	0.084494
10863	0.084374
10862	0.084334
2555	0.084239
9616	0.084188
7152	0.084134
6910	0.084102
31	0.083940
9500	0.083906
9362	0.083887
5682	0.083861
9598	0.083712
7012	0.083671
6867	0.083669
5666	0.083528
269	0.083391
9487	0.083390
7947	0.083329
12751	0.083307
10756	0.083245
11508	0.083204
11413	0.083096
2552	0.082880
5600	0.082804
5551	0.082702
7332	0.082676
6365	0.082676
4024	0.082640
2797	0.082603
9898	0.082593
2560	0.082584
7331	0.082549
2551	0.082535
11221	0.082522
8304	0.082494
11918	0.082465
3976	0.082462
13708	0.082457
10876	0.082343
9806	0.082288
9805	0.082288
9802	0.082288
9801	0.082288
13876	0.082185
8061	0.082185
11265	0.082182
1588	0.082154
10580	0.082095
5930	0.082095
6222	0.082084
13704	0.082041
13702	0.082041
3678	0.082019
3673	0.082019
6224	0.082017
2554	0.081970
7172	0.081935
5251	0.081846
5267	0.081826
7317	0.081784
7316	0.081784
7174	0.081784
6338	0.081784
9501	0.081755
9502	0.081656
2558	0.081650
12231	0.081488
5174	0.081335
13305	0.081247
1555	0.081200
3230	0.081146
2553	0.081136
3803	0.081124
286	0.081091
14061	0.081091
10057	0.081087
14041	0.081014
573	0.080968
9767	0.080901
7739	0.080897
8816	0.080876
8815	0.080876
8814	0.080876
8812	0.080876
8796	0.080876
8795	0.080876
8777	0.080876
7923	0.080876
7220	0.080823
5603	0.080690
11471	0.080462
13491	0.080427
13938	0.080375
6715	0.080205
12383	0.080119
1817	0.079933
695	0.079715
12186	0.079696
2703	0.079664
9182	0.079641
11256	0.079635
6085	0.079614
2434	0.079276
3732	0.079256
4902	0.079232
2556	0.079195
12535	0.079073
10923	0.079051
7011	0.078977
6223	0.078875
12117	0.078833
7345	0.078833
3965	0.078783
1582	0.078743
819	0.078717
5605	0.078627
13452	0.078599
9187	0.078420
6268	0.078413
13653	0.078378
13555	0.078378
13316	0.078378
10602	0.078378
4698	0.078294
12382	0.078247
3084	0.078138
4678	0.077969
3888	0.077771
8116	0.077690
1485	0.077674
3784	0.077426
325	0.077395
9876	0.077388
7628	0.077388
7627	0.077388
2076	0.077370
13325	0.077349
12565	0.077291
3662	0.077241
7818	0.077176
4790	0.077138
4793	0.077044
1399	0.076705
40	0.076560
12039	0.076551
12642	0.076412
2100	0.076331
1613	0.076317
9675	0.076194
11325	0.076168
1963	0.076131
3363	0.076058
5906	0.076052
249	0.075994
8763	0.075938
8761	0.075938
12433	0.075923
5308	0.075862
7485	0.075836
7484	0.075836
9373	0.075800
628	0.075724
9766	0.075647
9765	0.075647
2377	0.075641
7329	0.075625
5465	0.075441
9118	0.075276
3232	0.075146
3822	0.075092
13808	0.074915
13624	0.074744
13623	0.074744
8052	0.074650
12312	0.074648
13405	0.074566
3858	0.074553
12418	0.074537
4735	0.074536
13092	0.074508
13588	0.074413
7330	0.074301
5858	0.074145
1892	0.074144
9181	0.073978
12538	0.073883
6928	0.073873
3220	0.073781
1655	0.073760
2557	0.073721
1822	0.073670
1462	0.073612
6452	0.073568
10835	0.073557
5260	0.073557
4410	0.073542
3555	0.073435
7726	0.073289
3229	0.073215
7706	0.073158
13423	0.073093
6958	0.072836
5684	0.072797
4832	0.072795
5749	0.072794
12536	0.072585
3879	0.072532
1829	0.072421
13361	0.072349
6320	0.072310
6784	0.072203
6287	0.072149
12707	0.072101
3242	0.072075
10647	0.071977
7234	0.071931
5665	0.071919
14097	0.071915
13529	0.071863
1286	0.071843
6728	0.071786
9718	0.071769
10941	0.071742
3867	0.071566
13504	0.071368
3630	0.071334
9652	0.071239
12570	0.071187
1193	0.071019
5346	0.071005
5240	0.071004
5844	0.070960
9835	0.070941
5276	0.070912
6162	0.070865
4213	0.070863
4425	0.070859
10315	0.070769
4224	0.070679
13748	0.070662
10314	0.070640
206	0.070473
11490	0.070382
4143	0.070375
1164	0.070324
6226	0.070278
2561	0.070256
5227	0.070172
11323	0.070054
10603	0.069997
11269	0.069905
9676	0.069591
8617	0.069547
6462	0.069534
12558	0.069479
1189	0.069406
12719	0.069405
820	0.069318
13161	0.069233
11208	0.069166
6283	0.069147
13160	0.069141
9329	0.069030
11209	0.069013
8141	0.068996
2586	0.068952
9564	0.068861
3566	0.068861
6286	0.068830
10359	0.068766
5601	0.068639
6422	0.068519
10782	0.068493
3208	0.068375
7176	0.068367
4393	0.068348
1878	0.068301
2706	0.068255
13083	0.068034
13084	0.067927
9184	0.067927
9180	0.067927
7293	0.067927
7292	0.067927
7291	0.067927
208	0.067921
9885	0.067832
9851	0.067832
8828	0.067832
8826	0.067832
8825	0.067832
8811	0.067832
7781	0.067832
9920	0.067719
6586	0.067624
8441	0.067614
8440	0.067614
3391	0.067329
9183	0.067310
250	0.067296
12564	0.067220
11213	0.067167
6382	0.067144
3796	0.067076
6698	0.067057
5181	0.067047
2588	0.066972
9906	0.066879
13682	0.066663
13487	0.066663
13345	0.066663
10435	0.066600
12402	0.066528
4051	0.066446
9002	0.066419
5991	0.066414
6955	0.066379
10842	0.066284
11421	0.066284
11345	0.066284
11335	0.066284
8089	0.066279
7534	0.066228
10090	0.066180
4453	0.066083
4763	0.065992
6956	0.065914
1260	0.065901
8889	0.065847
8128	0.065746
3263	0.065690
3504	0.065670
7341	0.065630
1336	0.065617
10234	0.065441
9579	0.065349
11470	0.065315
9179	0.065283
5193	0.065228
1600	0.064993
1595	0.064993
1590	0.064993
9696	0.064942
10907	0.064926
1538	0.064862
10023	0.064823
198	0.064786
12640	0.064782
6638	0.064780
11518	0.064777
12265	0.064687
8080	0.064662
3675	0.064596
11255	0.064519
13685	0.064461
13684	0.064461
13683	0.064461
13565	0.064461
11166	0.064386
7641	0.064189
6341	0.064189
7553	0.064160
9392	0.064133
8064	0.064081
2948	0.064065
2946	0.064065
1621	0.064030
4016	0.063837
13607	0.063811
4962	0.063693
11534	0.063575
4332	0.063441
8087	0.063428
9222	0.063289
3039	0.063180
3801	0.063152
8833	0.063101
11454	0.063101
4762	0.063043
3549	0.062913
10604	0.062824
3676	0.062804
12547	0.062727
656	0.062667
11337	0.062663
11014	0.062609
11193	0.062607
11192	0.062607
7364	0.062588
7160	0.062514
9721	0.062491
7948	0.062491
7778	0.062491
7618	0.062491
7113	0.062491
8638	0.062411
1593	0.062337
961	0.062325
10733	0.062297
5851	0.062277
3231	0.062182
10153	0.062127
11528	0.062054
6328	0.062003
262	0.061953
10813	0.061919
5490	0.061908
2094	0.061888
7662	0.061862
11148	0.061857
4968	0.061808
7554	0.061800
11315	0.061743
1022	0.061729
3486	0.061675
6816	0.061655
12753	0.061561
9005	0.061549
30	0.061535
2869	0.061526
8898	0.061523
43	0.061522
13521	0.061518
13904	0.061452
13394	0.061445
12372	0.061439
419	0.061437
12537	0.061424
7050	0.061382
6121	0.061328
4507	0.061302
650	0.061272
10844	0.061253
393	0.061085
10001	0.061030
8827	0.061006
6316	0.060935
11460	0.060911
11288	0.060911
9006	0.060898
9004	0.060898
9003	0.060898
9001	0.060898
9000	0.060898
8999	0.060898
8941	0.060898
10331	0.060849
11332	0.060798
1597	0.060708
8543	0.060673
11011	0.060566
10431	0.060543
5266	0.060468
1568	0.060428
3485	0.060202
4320	0.060186
12782	0.060186
6938	0.060130
3857	0.060104
11290	0.060061
10528	0.059987
8998	0.059966
4307	0.059954
1891	0.059946
6334	0.059842
11104	0.059748
6479	0.059674
13302	0.059536
2540	0.059413
14315	0.059384
13766	0.059304
3599	0.059244
3805	0.059112
2701	0.059106
39	0.059082
11921	0.059071
5264	0.059047
7049	0.059033
3168	0.058947
1545	0.058879
42	0.058717
9377	0.058678
9416	0.058641
13449	0.058630
5624	0.058513
10119	0.058298
5716	0.058118
10650	0.057970
4791	0.057944
9680	0.057940
7308	0.057940
7265	0.057940
5494	0.057940
5192	0.057826
10497	0.057764
11034	0.057742
8324	0.057658
11429	0.057643
11324	0.057643
13883	0.057641
858	0.057606
11982	0.057566
5414	0.057566
5412	0.057566
1612	0.057560
12507	0.057485
245	0.057243
253	0.057193
5237	0.057138
1463	0.056986
9609	0.056890
9580	0.056890
5413	0.056885
5976	0.056846
5186	0.056791
9322	0.056619
12862	0.056558
8253	0.056551
13666	0.056549
13424	0.056549
13363	0.056547
5675	0.056530
5187	0.056452
1937	0.056442
13567	0.056437
5731	0.056437
5730	0.056437
5726	0.056437
5723	0.056437
5722	0.056437
5721	0.056437
5681	0.056437
13798	0.056384
14349	0.056174
14344	0.056174
14316	0.056174
14309	0.056174
14306	0.056174
14260	0.056174
14240	0.056174
14216	0.056174
14168	0.056174
2008	0.056151
357	0.056144
8871	0.056136
2417	0.056129
5165	0.056097
376	0.056058
11191	0.056036
5887	0.055873
4190	0.055816
5667	0.055723
13246	0.055669
7819	0.055633
1936	0.055490
1647	0.055444
2545	0.055430
11584	0.055330
12515	0.055295
1337	0.055269
4533	0.055237
10640	0.055143
6516	0.055142
8051	0.055103
12801	0.055102
7396	0.055047
8476	0.054995
12297	0.054977
8098	0.054977
3085	0.054963
3650	0.054838
44	0.054836
12360	0.054800
7711	0.054800
70	0.054759
12424	0.054747
10492	0.054664
11574	0.054655
11133	0.054608
629	0.054600
3191	0.054593
10541	0.054553
3185	0.054500
5484	0.054408
4508	0.054339
12829	0.054337
632	0.054299
12426	0.054274
3716	0.054187
9263	0.054142
12400	0.054137
11586	0.054137
9587	0.053725
2027	0.053674
5256	0.053628
10463	0.053599
7530	0.053515
13008	0.053496
3835	0.053428
4033	0.053417
4535	0.053359
9212	0.053349
5164	0.053255
5163	0.053255
11523	0.053228
1976	0.053115
11544	0.053082
1397	0.053061
5718	0.053049
5326	0.053043
3689	0.053011
10618	0.053007
2466	0.052971
6403	0.052939
6643	0.052864
322	0.052821
1273	0.052796
375	0.052757
11501	0.052672
13486	0.052668
13609	0.052636
5238	0.052561
6624	0.052521
12654	0.052470
13146	0.052424
6908	0.052414
4645	0.052359
11553	0.052358
11701	0.052352
3890	0.052300
11007	0.052218
852	0.052204
2123	0.052204
11935	0.052150
3254	0.052138
11536	0.052106
14083	0.051849
5961	0.051820
14070	0.051685
6043	0.051635
12812	0.051596
429	0.051550
3637	0.051544
8700	0.051541
7610	0.051526
254	0.051464
11482	0.051432
11465	0.051431
46	0.051418
8222	0.051319
5752	0.051307
5753	0.051277
5888	0.051257
9039	0.051239
12380	0.051178
7056	0.051129
4879	0.051117
1190	0.051097
4795	0.051072
542	0.050925
8017	0.050917
7716	0.050825
8657	0.050766
12516	0.050739
8466	0.050725
10597	0.050712
3461	0.050669
13912	0.050647
8959	0.050594
6671	0.050527
220	0.050524
5520	0.050523
853	0.050481
5249	0.050453
5239	0.050404
7815	0.050371
64	0.050287
6871	0.050141
6710	0.050141
10450	0.050119
7676	0.050079
65	0.050040
4761	0.050026
3490	0.049904
13648	0.049865
13527	0.049865
13518	0.049865
9915	0.049840
9169	0.049821
12658	0.049765
11116	0.049765
2795	0.049765
2794	0.049765
8829	0.049738
11834	0.049727
12038	0.049712
1357	0.049710
3664	0.049686
5044	0.049643
2800	0.049574
1421	0.049544
10044	0.049455
698	0.049426
8703	0.049425
12542	0.049418
7453	0.049370
7979	0.049369
11169	0.049346
11526	0.049338
7095	0.049298
12508	0.049278
5261	0.049274
232	0.049191
4859	0.049138
3489	0.049132
9442	0.049122
4840	0.049117
13762	0.049104
5011	0.049094
8314	0.049082
5606	0.049058
13039	0.049014
2777	0.048988
11791	0.048981
13613	0.048951
8960	0.048945
13002	0.048920
13001	0.048920
13000	0.048920
12998	0.048920
12997	0.048920
12996	0.048920
12995	0.048920
12994	0.048920
12993	0.048920
12992	0.048920
12991	0.048920
12990	0.048920
12989	0.048920
12988	0.048920
12987	0.048920
12986	0.048920
12985	0.048920
12984	0.048920
12983	0.048920
12982	0.048920
12981	0.048920
12980	0.048920
12978	0.048920
12976	0.048920
12975	0.048920
12974	0.048920
12973	0.048920
12894	0.048920
12883	0.048920
2543	0.048918
4964	0.048915
420	0.048862
12657	0.048844
5112	0.048842
13137	0.048834
9370	0.048828
5059	0.048809
8397	0.048803
12065	0.048786
5195	0.048762
13846	0.048707
8459	0.048707
2844	0.048614
4894	0.048493
8357	0.048478
7161	0.048420
1680	0.048355
10600	0.048324
2790	0.048316
8718	0.048246
10043	0.048241
319	0.048238
3743	0.048175
11422	0.048129
4727	0.048096
8079	0.048071
11691	0.048064
13686	0.047946
13670	0.047946
7093	0.047939
12631	0.047930
7985	0.047773
12730	0.047766
1571	0.047665
10468	0.047649
5222	0.047639
1021	0.047619
13620	0.047598
703	0.047596
7926	0.047579
5241	0.047473
2286	0.047298
13399	0.047259
10667	0.047231
12820	0.047209
33	0.047187
8272	0.047148
11132	0.047106
10649	0.047104
9857	0.047101
2174	0.047087
12698	0.047074
2435	0.047067
5213	0.047063
10836	0.047026
5324	0.047002
2472	0.046982
13644	0.046930
6756	0.046900
12410	0.046895
1138	0.046877
10183	0.046858
7154	0.046836
7326	0.046810
10894	0.046806
12389	0.046793
4639	0.046793
4635	0.046793
4634	0.046793
3082	0.046793
11830	0.046793
13475	0.046751
10252	0.046739
3182	0.046587
