2105	0.208142
6151	0.202570
221	0.181432
2108	0.176347
1119	0.175942
1836	0.175666
1120	0.175543
13247	0.174893
5347	0.164801
2110	0.164148
5642	0.164116
7774	0.164107
5641	0.164107
1109	0.164058
2107	0.161629
2104	0.159774
2128	0.157268
1840	0.152662
11914	0.151111
2103	0.149176
1839	0.144747
13265	0.143923
11658	0.143695
114	0.143096
2121	0.142518
9462	0.142247
11858	0.142139
9439	0.141835
1118	0.141359
13707	0.136384
13706	0.136141
13738	0.136141
13731	0.136141
121	0.134902
5433	0.131967
1117	0.130435
1121	0.129384
9623	0.129287
2102	0.129251
2954	0.129089
879	0.129078
8352	0.126072
8351	0.126072
2957	0.126072
2956	0.126072
7872	0.126071
2111	0.125886
2955	0.125827
2953	0.125827
4106	0.125539
2092	0.125417
115	0.125207
2097	0.124585
498	0.124360
4105	0.124324
13850	0.124323
14233	0.124202
1136	0.124202
6896	0.123929
1001	0.123681
6895	0.123672
1132	0.123036
2820	0.122970
877	0.122407
295	0.122355
2828	0.122193
2958	0.122007
1673	0.121421
7510	0.121008
2902	0.120406
2113	0.119587
1135	0.119546
713	0.118726
5268	0.118243
2192	0.118107
11930	0.118102
9413	0.117236
12909	0.117179
14365	0.117107
6430	0.116882
1123	0.116882
9177	0.116785
7917	0.116735
14364	0.116561
6618	0.116300
8773	0.116180
6621	0.116180
633	0.115449
14367	0.115385
2190	0.115328
4538	0.115273
8625	0.115230
1419	0.115172
10403	0.115103
9258	0.115091
12243	0.114679
2522	0.114535
2600	0.114251
1930	0.114003
1837	0.113192
7020	0.111812
2188	0.111740
13970	0.111460
11733	0.111299
11989	0.111170
8604	0.111083
5745	0.111057
14375	0.110926
12229	0.110679
8864	0.110577
8863	0.110577
8583	0.110577
8124	0.110577
7904	0.110577
7903	0.110577
7902	0.110577
7901	0.110577
7900	0.110577
7899	0.110577
7897	0.110577
7896	0.110577
7895	0.110577
2106	0.110568
14370	0.110547
7526	0.110495
10760	0.110032
1114	0.109984
10795	0.109948
14357	0.109894
7787	0.109894
8453	0.109876
5403	0.109699
6838	0.109188
7692	0.109139
7676	0.109109
14368	0.108698
7782	0.108601
3778	0.108532
7453	0.108156
6501	0.107843
6532	0.107662
7918	0.107483
14351	0.107328
4021	0.107209
12979	0.107058
876	0.107017
1133	0.106750
2114	0.106746
7880	0.106120
9218	0.105807
222	0.105584
3681	0.105473
1116	0.104716
5546	0.104246
12010	0.104199
129	0.103748
3431	0.103644
7999	0.103514
2981	0.103442
7479	0.103235
7261	0.103219
2109	0.102992
4596	0.102732
6102	0.102576
8531	0.102429
14374	0.102151
14363	0.102151
6472	0.101786
13739	0.101734
10085	0.101401
4542	0.101317
7783	0.101256
14369	0.101251
14366	0.101195
14361	0.101195
14355	0.101195
8456	0.101195
13394	0.100906
6806	0.100740
9248	0.100671
6725	0.100611
3116	0.100559
9201	0.100476
12242	0.100471
1115	0.100212
12036	0.100179
6447	0.099879
13156	0.099854
10176	0.099854
10087	0.099854
10086	0.099854
2052	0.099791
2952	0.099637
4231	0.098769
14219	0.098708
716	0.098704
9480	0.098471
8533	0.098471
2112	0.098449
10191	0.098289
4294	0.098268
12201	0.098252
1420	0.098164
11850	0.097900
9702	0.097831
13485	0.097709
13468	0.097709
13442	0.097692
14376	0.097469
14359	0.097469
7998	0.097469
9226	0.097433
9217	0.097433
8534	0.097433
7827	0.097407
2124	0.097343
6482	0.097306
13603	0.096979
13238	0.096979
9553	0.096979
2959	0.096979
12103	0.096979
3283	0.096939
13541	0.096939
2965	0.096842
2827	0.096836
9135	0.096733
5855	0.096638
8464	0.096560
2014	0.096394
10664	0.096331
6395	0.096194
7866	0.096045
3093	0.095998
113	0.095922
2960	0.095501
12218	0.095455
2058	0.095455
1111	0.095164
14415	0.095151
9277	0.095151
1113	0.094629
7752	0.094591
14407	0.094198
7295	0.094193
9711	0.094161
9708	0.094161
9707	0.094161
9705	0.094161
9703	0.094161
9699	0.094102
7468	0.094080
2967	0.094080
9775	0.093958
13334	0.093839
792	0.093615
8221	0.093556
9152	0.093203
981	0.093115
13621	0.093102
13293	0.092990
8813	0.092948
14360	0.092863
3706	0.092844
7767	0.092826
10553	0.092072
8676	0.091960
5510	0.091702
12721	0.091679
2968	0.091605
823	0.091585
3948	0.091389
4595	0.091126
1122	0.090598
8892	0.090331
8565	0.090328
1025	0.090258
6149	0.090014
9062	0.089944
2064	0.089940
14373	0.089642
14372	0.089642
14371	0.089642
14362	0.089642
14352	0.089642
14350	0.089642
8455	0.089642
7997	0.089642
7823	0.089642
1565	0.089607
4537	0.089449
1235	0.089423
9709	0.089391
3636	0.088851
12050	0.088790
9414	0.088695
2523	0.088632
8535	0.088442
6228	0.088434
7288	0.088261
9710	0.088169
9199	0.088165
2117	0.087993
9794	0.087800
1024	0.087786
8709	0.087675
8874	0.087662
414	0.087559
3837	0.087096
8392	0.086823
578	0.086731
2979	0.086728
7002	0.086659
6557	0.086606
5862	0.086601
4485	0.086558
2119	0.086310
9207	0.086305
9205	0.086305
8528	0.086305
4868	0.086301
2659	0.086231
997	0.086016
6587	0.085860
3619	0.085749
8447	0.085657
11355	0.085576
586	0.085534
13456	0.085287
13342	0.085287
8634	0.085226
9231	0.085205
13417	0.085165
2060	0.085057
2542	0.084504
7495	0.084418
5183	0.084216
5696	0.084119
3934	0.083653
225	0.083469
4865	0.083084
2286	0.082892
9168	0.082862
2093	0.082826
7715	0.082710
10236	0.082653
7772	0.082594
7195	0.082558
7193	0.082558
3506	0.082326
6465	0.082149
9787	0.082138
9786	0.082138
9785	0.082138
9784	0.082138
9783	0.082138
9782	0.082138
9781	0.082138
9778	0.082138
9280	0.082138
8585	0.082138
8567	0.082138
8553	0.082138
2118	0.081857
6393	0.081816
5296	0.081482
3741	0.081461
9780	0.081410
881	0.081338
224	0.081309
8041	0.081289
1044	0.081213
4163	0.081001
14418	0.080984
14417	0.080984
13284	0.080984
13152	0.080984
9795	0.080984
9793	0.080984
9792	0.080984
9791	0.080984
9789	0.080984
9745	0.080984
9163	0.080984
8614	0.080984
8613	0.080984
8177	0.080984
10661	0.080898
8451	0.080893
10329	0.080835
119	0.080785
11646	0.080485
8076	0.080459
3590	0.080373
1458	0.080347
6473	0.080255
8628	0.080063
9176	0.080012
8809	0.080012
6376	0.079844
9913	0.079742
187	0.079673
9415	0.079499
8851	0.079499
8850	0.079499
2423	0.079345
2442	0.079300
7400	0.079189
5746	0.079178
9347	0.079128
9174	0.078937
492	0.078688
4111	0.078642
2532	0.078594
7089	0.078529
8792	0.078472
7228	0.078180
12252	0.078138
2660	0.077929
4520	0.077911
14416	0.077781
14395	0.077772
7891	0.077772
11607	0.077594
8180	0.077539
6889	0.077460
8615	0.077397
8584	0.077392
1589	0.077375
6351	0.076900
8711	0.076684
8732	0.076633
8710	0.076592
3389	0.076547
118	0.076538
1656	0.076519
6623	0.076355
14342	0.076298
9145	0.076297
5309	0.076137
13326	0.076055
6742	0.076024
9477	0.075973
8712	0.075944
8303	0.075944
8302	0.075944
7362	0.075944
6359	0.075944
304	0.075944
9481	0.075910
9479	0.075910
9478	0.075910
9476	0.075910
9475	0.075910
9473	0.075910
9472	0.075910
9471	0.075910
9470	0.075910
9468	0.075910
9345	0.075910
8667	0.075910
8665	0.075910
8664	0.075910
8663	0.075910
8662	0.075910
8630	0.075910
8629	0.075910
8627	0.075910
8626	0.075910
8845	0.075907
235	0.075898
6202	0.075882
8468	0.075801
2978	0.075801
2977	0.075801
5591	0.075326
11999	0.075260
4304	0.075253
4302	0.075253
9244	0.075247
3446	0.075194
7659	0.075138
307	0.075097
352	0.074926
2708	0.074732
3588	0.074629
1097	0.074573
7888	0.074520
12030	0.074505
1030	0.074402
7954	0.074379
11679	0.074352
758	0.074230
2	0.074113
793	0.074086
6081	0.074059
12348	0.073855
3166	0.073802
683	0.073734
2966	0.073729
11806	0.073721
4281	0.073548
4848	0.073480
12915	0.073440
12914	0.073440
882	0.073369
5796	0.073198
12670	0.072904
9195	0.072893
10045	0.072832
3604	0.072792
8487	0.072764
13050	0.072684
122	0.072610
5442	0.072505
9200	0.072482
1254	0.072467
13418	0.072457
5413	0.072294
5346	0.072244
10286	0.071812
404	0.071789
4559	0.071782
14379	0.071708
8312	0.071649
8609	0.071594
7830	0.071556
2450	0.071405
14358	0.071396
9713	0.071396
9610	0.071395
2123	0.071178
6533	0.071130
9311	0.070969
7915	0.070752
2116	0.070638
699	0.070408
1019	0.070407
1265	0.070257
13698	0.069903
13544	0.069903
10582	0.069863
8329	0.069599
9474	0.069595
6961	0.069595
11903	0.069553
977	0.069547
7263	0.069494
2773	0.069160
7758	0.069155
7606	0.069105
6278	0.069093
9633	0.069067
9630	0.069067
9628	0.069067
9626	0.069067
9625	0.069067
9624	0.069067
9622	0.069067
9621	0.069067
9620	0.069067
9619	0.069067
9618	0.069067
9615	0.069067
9482	0.069067
14266	0.069034
2612	0.069000
8611	0.068926
3463	0.068858
6913	0.068776
13508	0.068736
13533	0.068480
13532	0.068480
13531	0.068480
3423	0.068352
2182	0.067999
13325	0.067989
12873	0.067983
9237	0.067938
370	0.067901
532	0.067874
6295	0.067846
2962	0.067830
7889	0.067826
4671	0.067676
4669	0.067676
1231	0.067667
2990	0.067639
1022	0.067153
7115	0.067126
13449	0.067081
6904	0.067059
3333	0.066998
9024	0.066977
9023	0.066977
9022	0.066977
8949	0.066977
4670	0.066970
861	0.066958
469	0.066957
7913	0.066953
5968	0.066953
470	0.066953
5967	0.066880
14433	0.066699
14410	0.066599
14409	0.066599
14408	0.066599
7919	0.066599
5123	0.066567
2170	0.066404
6704	0.066019
5756	0.065798
9578	0.065670
2510	0.065482
1110	0.065478
8207	0.065406
4667	0.065290
13712	0.065189
35	0.065133
6443	0.065122
1232	0.065084
1229	0.065084
8671	0.065064
4169	0.065060
9235	0.065053
9230	0.065053
9228	0.065053
9225	0.065053
9224	0.065053
9221	0.065053
9219	0.065053
9214	0.065053
9213	0.065053
9211	0.065053
9209	0.065053
9208	0.065053
9206	0.065053
9193	0.065053
8807	0.065053
8679	0.065053
8677	0.065053
8675	0.065053
8674	0.065053
8673	0.065053
8670	0.065053
8637	0.065053
8633	0.065053
8631	0.065053
8610	0.065053
8591	0.065053
8539	0.065053
8538	0.065053
8537	0.065053
8536	0.065053
8529	0.065053
8526	0.065053
8525	0.065053
8632	0.065053
3227	0.065044
2509	0.065012
2621	0.065003
2821	0.064934
10050	0.064871
5186	0.064861
11616	0.064674
4648	0.064674
4643	0.064674
8635	0.064653
4922	0.064642
10410	0.064498
9232	0.064405
7131	0.064341
4646	0.064230
6695	0.064188
11988	0.064185
8779	0.064107
4416	0.064024
8530	0.063986
426	0.063880
8778	0.063865
3448	0.063859
8335	0.063839
9121	0.063798
9112	0.063798
7276	0.063734
4668	0.063688
7890	0.063665
2203	0.063621
6044	0.063505
8334	0.063494
9818	0.063459
9693	0.063459
888	0.063433
4334	0.063421
9613	0.063406
11389	0.063391
9788	0.063362
2275	0.063323
5461	0.063264
117	0.063227
2199	0.063188
51	0.063173
13509	0.063069
1228	0.063042
3592	0.062999
1457	0.062925
9673	0.062901
11669	0.062884
6375	0.062884
8910	0.062807
14290	0.062773
9612	0.062711
13578	0.062707
13576	0.062707
13390	0.062707
4533	0.062668
2280	0.062652
5739	0.062587
9220	0.062477
6671	0.062431
2996	0.062431
123	0.062414
8891	0.062398
1006	0.062393
10411	0.062361
9150	0.062361
2204	0.062356
9704	0.062282
38	0.062212
4878	0.062169
9729	0.062070
316	0.062018
1835	0.061996
353	0.061911
7887	0.061777
14393	0.061749
14377	0.061749
1400	0.061652
3940	0.061644
6519	0.061537
2283	0.061486
10800	0.061385
10110	0.061341
5033	0.061316
8636	0.061310
3635	0.061162
5734	0.061146
3279	0.061039
9706	0.061020
7960	0.060928
4200	0.060904
11212	0.060903
9606	0.060845
14398	0.060824
14383	0.060824
8454	0.060824
7916	0.060824
7083	0.060824
7784	0.060808
7211	0.060768
5790	0.060687
786	0.060627
13075	0.060619
4383	0.060403
2248	0.060400
9210	0.060380
4511	0.060379
10156	0.060376
351	0.060355
10088	0.060337
155	0.060284
2195	0.060280
9609	0.060196
9580	0.060196
11681	0.060168
12129	0.060003
611	0.059999
875	0.059966
13665	0.059956
686	0.059941
3667	0.059870
12357	0.059845
5476	0.059783
13400	0.059723
7420	0.059697
4112	0.059678
9488	0.059619
7686	0.059612
2247	0.059573
5571	0.059473
1011	0.059400
3206	0.059371
14406	0.059364
14405	0.059364
3084	0.059350
5034	0.059321
6771	0.059275
9675	0.059201
4672	0.059112
8793	0.058987
8771	0.058987
8770	0.058987
8769	0.058987
8746	0.058987
8745	0.058987
8396	0.058987
2351	0.058952
2350	0.058952
2348	0.058952
2346	0.058952
11325	0.058896
4342	0.058853
8558	0.058849
13320	0.058834
3536	0.058780
3613	0.058763
10566	0.058733
5500	0.058584
7583	0.058558
4113	0.058557
4168	0.058491
4961	0.058412
5187	0.058333
11715	0.058291
8560	0.058290
7642	0.058272
3427	0.058267
524	0.058187
2892	0.058177
1817	0.057827
3430	0.057814
4977	0.057789
9198	0.057771
825	0.057688
2764	0.057607
13545	0.057447
9700	0.057381
2894	0.057333
2197	0.057317
3700	0.057233
13613	0.057220
5604	0.057206
3539	0.057025
2844	0.056992
7132	0.056990
7622	0.056976
5302	0.056908
8090	0.056787
2847	0.056787
2843	0.056787
2839	0.056787
8563	0.056733
8562	0.056733
8561	0.056733
8559	0.056733
7582	0.056733
2989	0.056733
588	0.056710
2605	0.056704
2845	0.056642
2866	0.056640
5059	0.056609
1354	0.056574
2840	0.056533
9181	0.056520
9253	0.056512
7655	0.056500
9512	0.056476
10404	0.056432
11625	0.056387
6255	0.056306
7654	0.056272
8661	0.056192
11902	0.056150
2658	0.056065
8412	0.056010
3320	0.055992
4976	0.055988
7258	0.055976
5523	0.055933
8928	0.055921
3974	0.055855
1260	0.055849
339	0.055789
3598	0.055786
11964	0.055748
6117	0.055746
2661	0.055715
2186	0.055671
4175	0.055630
5496	0.055616
6307	0.055599
8279	0.055524
4778	0.055514
9222	0.055412
3654	0.055378
4142	0.055354
5369	0.055327
11429	0.055295
11324	0.055295
2278	0.055239
13997	0.055203
1691	0.055146
11562	0.055101
11034	0.055081
3906	0.055052
4154	0.055048
3973	0.055036
3498	0.055036
2598	0.054970
2521	0.054887
7379	0.054874
4486	0.054845
5789	0.054688
5245	0.054641
6006	0.054628
11678	0.054626
9357	0.054619
2980	0.054571
13448	0.054567
488	0.054478
4176	0.054442
9616	0.054428
648	0.054402
13521	0.054333
8348	0.054309
3318	0.054299
4857	0.054274
8708	0.054271
6217	0.054124
9338	0.054123
9796	0.054097
4619	0.054083
14263	0.054073
14002	0.054073
14001	0.054073
14000	0.054073
13998	0.054073
13996	0.054073
6666	0.054073
5064	0.054073
4854	0.054073
4852	0.054073
12276	0.054073
5062	0.053943
12041	0.053923
9503	0.053880
8895	0.053873
8666	0.053836
4096	0.053753
12310	0.053659
9058	0.053589
6701	0.053589
2464	0.053579
9797	0.053547
10097	0.053473
777	0.053444
11611	0.053417
8894	0.053417
8893	0.053417
6339	0.053417
3439	0.053417
11737	0.053380
571	0.053296
6971	0.053123
1800	0.053055
4305	0.053046
11012	0.052981
1300	0.052943
609	0.052921
8600	0.052848
11712	0.052766
6197	0.052756
14003	0.052707
8772	0.052654
9861	0.052652
9819	0.052652
4998	0.052628
4447	0.052619
3817	0.052582
10549	0.052580
6967	0.052569
6689	0.052569
9460	0.052555
1636	0.052535
1039	0.052423
11566	0.052386
3507	0.052378
13421	0.052376
7508	0.052207
5450	0.052085
13629	0.052081
5468	0.052081
2881	0.052069
2202	0.052040
14162	0.051956
7410	0.051955
10321	0.051902
13423	0.051898
