4093	0.204489
2616	0.166175
2622	0.164105
11761	0.161142
6097	0.161142
5547	0.161142
3595	0.161142
2569	0.161024
3306	0.158666
1125	0.151844
578	0.148913
2613	0.146979
9081	0.145381
9078	0.145381
9028	0.145044
5375	0.141027
3548	0.136582
7966	0.134685
13444	0.133632
2614	0.129957
1327	0.129083
12041	0.128504
1245	0.128453
609	0.127951
1798	0.125776
3504	0.125637
1509	0.125541
2841	0.124455
6032	0.122782
1541	0.121945
1128	0.121020
3934	0.117934
6695	0.116464
1131	0.115967
4153	0.115731
12070	0.115458
12101	0.112524
1534	0.112512
3549	0.105188
9980	0.104370
3933	0.104027
13076	0.103926
6761	0.103130
5347	0.102576
1511	0.102339
7774	0.102252
5641	0.102252
5642	0.102249
7450	0.101544
13036	0.101175
1129	0.100936
7939	0.100489
3739	0.100379
4097	0.100342
304	0.099603
3745	0.099375
12053	0.099342
259	0.098698
2976	0.098296
875	0.096699
1542	0.094774
13341	0.094502
2982	0.094493
8312	0.093959
4154	0.093467
2682	0.093327
1132	0.092860
2828	0.092534
9354	0.092501
997	0.092415
6579	0.091965
6583	0.091936
6580	0.091936
6731	0.091336
3921	0.090718
10337	0.090567
2619	0.089775
12058	0.089405
5183	0.089164
13252	0.088864
13251	0.088864
2755	0.088535
2014	0.088071
2174	0.088019
2105	0.087719
12778	0.087475
4463	0.087152
14236	0.086864
13901	0.086864
13601	0.086864
7863	0.086864
7862	0.086864
7859	0.086864
13356	0.086853
7264	0.086755
13589	0.086252
6018	0.085828
12182	0.085592
4464	0.085592
114	0.085424
8726	0.085118
5012	0.085020
8628	0.084868
1675	0.084654
3287	0.084233
2941	0.084051
13897	0.083695
12306	0.083553
6369	0.083553
6368	0.083553
14253	0.083188
823	0.083172
5745	0.082725
14162	0.082639
7860	0.082556
9469	0.082464
5125	0.082336
11677	0.082009
4494	0.082009
4493	0.082009
1743	0.081641
10589	0.081390
1034	0.081360
13602	0.080752
2197	0.080452
6351	0.080176
9477	0.079973
9481	0.079830
9479	0.079830
9478	0.079830
9476	0.079830
9475	0.079830
9473	0.079830
9472	0.079830
9471	0.079830
9470	0.079830
9468	0.079830
9345	0.079830
8667	0.079830
8665	0.079830
8664	0.079830
8663	0.079830
8662	0.079830
8630	0.079830
8629	0.079830
8627	0.079830
8626	0.079830
200	0.079706
2107	0.079564
2114	0.079471
2199	0.079372
4619	0.079160
12281	0.079132
6619	0.079132
12310	0.078722
7400	0.078663
4087	0.078429
9797	0.078201
716	0.078081
7394	0.078077
9402	0.077968
3737	0.077913
2195	0.077887
2204	0.077750
12252	0.077621
7630	0.077601
9200	0.077489
2281	0.077298
13900	0.077232
7861	0.077232
3209	0.077216
7491	0.077139
121	0.077117
13300	0.077025
13874	0.076878
6631	0.076663
8625	0.076628
7468	0.076556
2967	0.076556
1006	0.076503
4848	0.076238
633	0.076186
1175	0.075996
1778	0.075974
13599	0.075817
2175	0.075581
4262	0.075262
2116	0.075179
2965	0.075166
13060	0.074949
13055	0.074949
13048	0.074949
13014	0.074949
13009	0.074949
12892	0.074949
8379	0.074949
3544	0.074913
3438	0.074647
12670	0.074643
11625	0.074637
12354	0.074587
645	0.074377
1714	0.074248
9177	0.073760
7858	0.073671
13265	0.073347
9371	0.073335
11658	0.073247
582	0.073065
8531	0.072750
3854	0.072727
6395	0.072702
9503	0.072411
1535	0.072316
2202	0.072257
1285	0.072120
2531	0.071982
9881	0.071939
9610	0.071742
13061	0.071496
14003	0.071388
4998	0.071366
8140	0.071226
10908	0.071076
10309	0.071074
5637	0.071059
10310	0.071054
11382	0.071048
10631	0.070908
10630	0.070908
9358	0.070896
13054	0.070865
4204	0.070827
2097	0.070786
3212	0.070760
2192	0.070747
6322	0.070747
11930	0.070746
3388	0.070726
7972	0.070691
6260	0.070608
13148	0.070409
13147	0.070409
7892	0.070409
6298	0.070409
6297	0.070409
6198	0.070397
9999	0.070284
2117	0.070282
13898	0.070115
777	0.070066
13574	0.069982
1346	0.069927
11383	0.069779
11295	0.069779
10629	0.069779
9218	0.069735
2110	0.069646
5712	0.069539
5711	0.069539
5710	0.069539
2201	0.069507
9210	0.069494
5299	0.069487
1117	0.069484
8604	0.069435
4496	0.069422
13581	0.069366
6938	0.069200
8432	0.068828
8431	0.068828
11873	0.068704
9578	0.068492
6680	0.068412
11367	0.068356
7261	0.068240
9623	0.068011
2981	0.067959
2186	0.067948
2618	0.067822
9201	0.067804
3434	0.067728
5500	0.067669
1094	0.067505
9912	0.067177
9911	0.067177
891	0.067062
1483	0.067015
79	0.066936
10302	0.066893
3949	0.066882
6707	0.066760
6263	0.066743
13448	0.066734
1837	0.066711
4358	0.066696
2118	0.066428
1361	0.066295
2191	0.066284
5918	0.065964
7007	0.065917
6501	0.065893
6147	0.065830
14233	0.065814
1136	0.065814
3545	0.065806
10100	0.065613
7782	0.065491
8535	0.065419
115	0.065322
6400	0.065272
9512	0.065235
8773	0.064990
6621	0.064990
9311	0.064970
4977	0.064945
6618	0.064940
5179	0.064894
2190	0.064845
5180	0.064839
118	0.064763
1135	0.064623
2188	0.064476
7433	0.064450
3436	0.064372
2	0.064359
4101	0.064337
4100	0.064337
4092	0.064337
4091	0.064337
1785	0.064225
9612	0.064210
2881	0.064143
9613	0.064003
6967	0.063953
6689	0.063953
11737	0.063888
781	0.063869
4175	0.063822
9198	0.063797
4976	0.063734
122	0.063643
11989	0.063566
2600	0.063487
7692	0.063482
4176	0.063444
6217	0.063406
12276	0.063357
14263	0.063357
14002	0.063357
14001	0.063357
14000	0.063357
13998	0.063357
13996	0.063357
6666	0.063357
5064	0.063357
4854	0.063357
4852	0.063357
12229	0.063315
6587	0.063202
13456	0.063178
13342	0.063178
14370	0.063125
12141	0.063119
221	0.063065
7020	0.062930
1930	0.062910
6191	0.062863
6267	0.062825
6302	0.062825
5403	0.062699
8453	0.062624
14357	0.062612
7787	0.062612
10795	0.062584
977	0.062511
13914	0.062492
8296	0.062492
1119	0.062466
1120	0.062337
12010	0.062258
5591	0.061970
13247	0.061924
13611	0.061860
10236	0.061852
111	0.061831
10749	0.061813
12242	0.061738
3081	0.061724
6305	0.061632
13030	0.061584
1833	0.061575
10403	0.061557
9627	0.061531
14367	0.061346
13997	0.061340
6295	0.061296
7889	0.061251
12243	0.061173
14410	0.061074
14409	0.061074
14408	0.061074
7919	0.061074
9304	0.061048
14433	0.060999
7207	0.060965
14224	0.060953
13391	0.060953
11110	0.060953
2803	0.060904
2892	0.060793
1419	0.060747
2203	0.060694
13293	0.060677
9248	0.060611
13582	0.060607
5410	0.060607
5409	0.060607
5408	0.060607
5356	0.060607
7893	0.060599
1403	0.060478
9152	0.060387
5305	0.060325
7909	0.060156
7932	0.060144
876	0.059780
13942	0.059735
2827	0.059733
3738	0.059718
9474	0.059713
6961	0.059713
4824	0.059617
12355	0.059587
9215	0.059556
14248	0.059404
8047	0.059404
12979	0.059303
10559	0.059262
10980	0.059153
2648	0.058883
782	0.058829
6204	0.058815
6377	0.058713
13676	0.058584
11679	0.058458
4469	0.058397
13819	0.058394
14366	0.058383
14361	0.058383
14355	0.058383
8456	0.058383
14369	0.058359
8676	0.058335
7115	0.058301
53	0.058299
1396	0.058284
1030	0.058141
11992	0.058106
6533	0.058017
9775	0.057995
7917	0.057992
11862	0.057947
1750	0.057900
2714	0.057841
13664	0.057755
5026	0.057611
5027	0.057611
3948	0.057598
12061	0.057595
10666	0.057575
9608	0.057465
8864	0.057419
8863	0.057419
8583	0.057419
8124	0.057419
7904	0.057419
7903	0.057419
7902	0.057419
7901	0.057419
7900	0.057419
7899	0.057419
7897	0.057419
7896	0.057419
7895	0.057419
7526	0.057411
13894	0.057346
4617	0.057261
461	0.057078
1114	0.056799
11840	0.056764
1905	0.056699
222	0.056690
780	0.056438
498	0.056429
2821	0.056422
11358	0.056252
6838	0.056231
1897	0.056200
7200	0.056105
13899	0.056104
13892	0.056104
7965	0.056104
13295	0.056103
831	0.056101
11803	0.056037
3598	0.056011
7967	0.056009
6292	0.055978
4595	0.055873
6117	0.055839
11112	0.055812
11207	0.055761
14310	0.055743
9168	0.055714
14151	0.055618
13851	0.055593
13025	0.055530
13024	0.055530
13022	0.055530
8486	0.055530
3772	0.055495
13298	0.055488
5235	0.055463
257	0.055454
2532	0.055371
2617	0.055362
2952	0.055262
6228	0.055207
96	0.055056
2615	0.054955
3706	0.054952
4746	0.054950
6592	0.054922
4672	0.054904
13439	0.054792
586	0.054701
2119	0.054665
6443	0.054660
113	0.054550
1235	0.054524
8671	0.054499
9235	0.054498
9230	0.054498
9228	0.054498
9225	0.054498
9224	0.054498
9221	0.054498
9219	0.054498
9214	0.054498
9213	0.054498
9211	0.054498
9209	0.054498
9208	0.054498
9206	0.054498
9193	0.054498
8807	0.054498
8679	0.054498
8677	0.054498
8675	0.054498
8674	0.054498
8673	0.054498
8670	0.054498
8637	0.054498
8633	0.054498
8631	0.054498
8610	0.054498
8591	0.054498
8539	0.054498
8538	0.054498
8537	0.054498
8536	0.054498
8529	0.054498
8526	0.054498
8525	0.054498
8632	0.054498
4169	0.054486
1781	0.054462
3536	0.054442
6252	0.054391
12208	0.054355
11712	0.054306
4596	0.054296
80	0.054262
8635	0.054214
832	0.054195
11806	0.054063
4465	0.054057
1121	0.054044
12853	0.054010
2522	0.053960
588	0.053957
14375	0.053930
5062	0.053909
12850	0.053888
9462	0.053816
11858	0.053788
7276	0.053787
117	0.053763
119	0.053750
14351	0.053694
8391	0.053666
3087	0.053666
8202	0.053650
13970	0.053633
5487	0.053629
4886	0.053523
4118	0.053517
9439	0.053486
4251	0.053353
12967	0.053147
13315	0.053146
8329	0.053123
6616	0.053102
8854	0.053066
4495	0.053050
7918	0.053044
4849	0.053003
10767	0.052931
5935	0.052924
14283	0.052883
13013	0.052842
12962	0.052842
2541	0.052832
7301	0.052814
14393	0.052777
14377	0.052777
1959	0.052682
8636	0.052673
4021	0.052624
11226	0.052595
9986	0.052541
179	0.052480
1420	0.052473
2274	0.052458
1941	0.052403
5855	0.052332
13815	0.052312
4850	0.052286
13545	0.052197
1118	0.052181
6519	0.052157
13299	0.052154
7960	0.052136
7784	0.052101
14398	0.052057
14383	0.052057
8454	0.052057
7916	0.052057
7083	0.052057
7211	0.052019
10088	0.051995
2109	0.051969
1133	0.051953
13394	0.051950
12872	0.051950
10156	0.051918
13028	0.051910
7560	0.051895
3083	0.051890
3823	0.051874
11812	0.051816
2052	0.051815
13739	0.051713
11146	0.051622
5111	0.051606
11733	0.051552
6447	0.051477
7937	0.051396
7479	0.051388
7968	0.051369
14219	0.051257
2954	0.051242
7670	0.051234
12357	0.051232
11918	0.051116
10303	0.051114
12854	0.051111
9480	0.051109
8533	0.051109
7866	0.051074
13271	0.051060
13945	0.051054
3503	0.051011
9226	0.050987
9217	0.050987
8534	0.050987
3116	0.050975
7827	0.050947
5679	0.050919
10454	0.050799
11385	0.050719
9957	0.050714
5433	0.050656
10566	0.050635
1514	0.050584
2079	0.050557
11902	0.050499
8530	0.050469
14071	0.050430
9220	0.050369
12219	0.050341
5196	0.050306
6126	0.050256
6125	0.050256
1510	0.050241
9437	0.050198
5233	0.050069
13932	0.050016
12136	0.049985
11407	0.049982
10050	0.049863
7941	0.049835
6430	0.049830
1123	0.049830
35	0.049821
5006	0.049812
5546	0.049803
11850	0.049788
1151	0.049766
13850	0.049763
6997	0.049743
2866	0.049713
2904	0.049688
14290	0.049585
12002	0.049536
9135	0.049526
3785	0.049496
2629	0.049476
7894	0.049466
2951	0.049456
6291	0.049424
6942	0.049405
6896	0.049382
11671	0.049352
90	0.049256
2280	0.049207
86	0.049180
9711	0.049152
9708	0.049152
9707	0.049152
9705	0.049152
9703	0.049152
2123	0.049136
9699	0.049107
825	0.049085
12273	0.049076
5413	0.049019
3940	0.049013
8207	0.048971
4179	0.048917
9706	0.048834
4836	0.048827
10301	0.048763
13656	0.048761
13655	0.048761
13378	0.048761
9071	0.048761
4165	0.048682
3952	0.048676
2621	0.048643
6277	0.048534
6035	0.048523
6806	0.048493
2120	0.048491
4719	0.048475
5033	0.048463
5343	0.048450
7642	0.048406
13012	0.048353
13004	0.048353
2293	0.048313
12411	0.048297
7890	0.048224
2502	0.048179
1759	0.048177
2397	0.048089
2868	0.048025
1122	0.048017
4855	0.048009
13449	0.048005
9361	0.047983
1889	0.047962
1919	0.047945
1002	0.047893
5189	0.047808
13438	0.047798
9633	0.047741
9630	0.047741
9628	0.047741
9626	0.047741
9625	0.047741
9624	0.047741
9622	0.047741
9621	0.047741
9620	0.047741
9619	0.047741
9618	0.047741
9615	0.047741
9482	0.047741
8666	0.047726
9122	0.047683
268	0.047669
7228	0.047634
4538	0.047598
4832	0.047551
9804	0.047507
13116	0.047421
7888	0.047419
13058	0.047409
7945	0.047409
12165	0.047382
1958	0.047290
438	0.047280
7872	0.047260
8352	0.047255
8351	0.047255
2957	0.047255
2956	0.047255
8041	0.047239
2094	0.047229
5581	0.047196
3590	0.047171
8324	0.047168
4106	0.047113
13302	0.047081
9342	0.047061
9087	0.047001
879	0.046927
352	0.046893
12940	0.046862
7295	0.046844
2824	0.046815
11096	0.046814
10427	0.046807
7676	0.046755
13665	0.046735
9053	0.046732
9052	0.046732
9051	0.046732
8634	0.046721
9231	0.046699
14379	0.046663
874	0.046640
7958	0.046613
9007	0.046564
4095	0.046495
2523	0.046478
8232	0.046469
6257	0.046468
11968	0.046437
949	0.046437
7453	0.046409
6836	0.046408
9207	0.046392
9205	0.046392
8528	0.046392
14068	0.046378
10982	0.046134
2709	0.046119
13918	0.046105
7090	0.046057
5034	0.045989
13567	0.045921
5731	0.045921
5730	0.045921
5726	0.045921
5723	0.045921
5722	0.045921
5721	0.045921
5681	0.045921
11027	0.045893
597	0.045824
6034	0.045800
837	0.045781
4105	0.045724
13005	0.045623
10278	0.045490
187	0.045483
3336	0.045428
7969	0.045339
13019	0.045337
5182	0.045318
2060	0.045296
1173	0.045282
6895	0.045216
6317	0.045176
7767	0.045160
5555	0.045156
8090	0.045144
2847	0.045144
2843	0.045144
2839	0.045144
9859	0.045112
2453	0.045099
3736	0.045092
503	0.045042
2955	0.045032
2953	0.045032
5493	0.045028
4128	0.044977
9356	0.044863
11047	0.044863
13363	0.044830
2840	0.044828
1039	0.044814
640	0.044802
5245	0.044770
9645	0.044755
1024	0.044751
2128	0.044679
11818	0.044639
6598	0.044631
51	0.044566
14269	0.044525
14395	0.044523
7891	0.044523
13222	0.044446
2278	0.044410
6576	0.044401
13926	0.044387
4778	0.044380
13089	0.044379
9614	0.044373
8565	0.044323
1231	0.044268
4692	0.044263
13075	0.044258
5059	0.044250
7977	0.044243
6072	0.044205
4542	0.044081
5087	0.044048
3604	0.044026
13928	0.044011
1835	0.043995
6017	0.043942
12952	0.043933
12951	0.043933
13038	0.043921
13037	0.043921
10045	0.043835
11988	0.043796
2820	0.043788
1265	0.043784
13388	0.043737
13387	0.043737
881	0.043726
2173	0.043713
8584	0.043634
2971	0.043453
8552	0.043416
6149	0.043300
2902	0.043288
2958	0.043274
6006	0.043273
1025	0.043210
3425	0.043167
12851	0.043152
2248	0.043096
4693	0.043095
7887	0.043081
12270	0.043079
6525	0.043078
2542	0.043033
1115	0.042992
1011	0.042906
7380	0.042891
5688	0.042880
487	0.042874
2247	0.042854
14004	0.042832
4866	0.042832
1648	0.042796
9436	0.042735
1975	0.042733
13042	0.042640
14342	0.042625
2227	0.042598
12950	0.042588
2395	0.042552
9202	0.042472
12107	0.042441
8339	0.042425
13081	0.042390
13080	0.042390
13079	0.042390
13078	0.042390
13074	0.042390
13071	0.042390
13057	0.042390
13049	0.042390
13047	0.042390
13045	0.042390
13043	0.042390
13017	0.042390
12959	0.042390
12904	0.042390
7936	0.042390
5035	0.042342
