5553	0.432420
3846	0.426145
588	0.352349
838	0.244961
1249	0.238668
875	0.233370
977	0.210407
1379	0.207800
4231	0.204257
104	0.202454
758	0.199967
11679	0.197974
1380	0.196534
2116	0.196120
3225	0.195413
5013	0.195380
648	0.194930
10220	0.193815
10326	0.193710
2117	0.190788
11627	0.188978
106	0.188345
12257	0.188225
13021	0.188222
5405	0.188222
843	0.187265
1226	0.186932
1223	0.186149
84	0.185838
9393	0.182987
5404	0.182948
1502	0.182483
3292	0.182060
102	0.182047
5407	0.181835
5300	0.181766
309	0.181551
9304	0.180055
7830	0.179631
3691	0.178975
1370	0.178967
1125	0.178203
1374	0.177686
7190	0.176883
2006	0.176831
5296	0.176188
609	0.175706
8997	0.175538
2905	0.175029
12670	0.175005
9058	0.174544
6701	0.174544
410	0.174433
6094	0.174274
12041	0.174195
5182	0.174045
3910	0.173901
2757	0.173299
9797	0.173223
12845	0.172914
943	0.172308
6771	0.172303
12365	0.171721
12139	0.171664
3926	0.171654
2754	0.171551
6295	0.171390
7090	0.171077
2420	0.171019
4571	0.170964
7868	0.170749
2329	0.170724
13711	0.170614
5560	0.170614
9456	0.169877
3847	0.169877
1444	0.169715
12310	0.169266
4928	0.168893
1895	0.168250
82	0.168136
1143	0.167832
2758	0.167646
238	0.166857
3794	0.166783
3913	0.166372
9856	0.166141
1388	0.166098
13276	0.166026
10240	0.165682
1087	0.165547
1131	0.165025
9706	0.164758
2213	0.164726
2865	0.164669
6873	0.164397
2219	0.164349
7617	0.164025
6872	0.163780
14415	0.163512
9277	0.163512
4132	0.163068
12123	0.162763
6105	0.161920
4697	0.161772
2073	0.161750
6082	0.161743
2783	0.161314
1479	0.161269
2026	0.161144
9325	0.160855
11758	0.160752
307	0.160737
7980	0.160577
3611	0.160511
2356	0.160480
6909	0.160410
1879	0.160384
12113	0.160153
9957	0.160096
1851	0.160080
5272	0.159982
11896	0.159880
14094	0.159718
1153	0.159569
909	0.159464
6262	0.159208
236	0.159158
1810	0.158920
1755	0.158751
128	0.158419
1490	0.158401
5236	0.158274
1488	0.158257
11979	0.158230
11708	0.158039
12135	0.157940
1327	0.157745
9397	0.157734
12252	0.157469
483	0.157051
12006	0.156949
3195	0.156902
1482	0.156798
1958	0.156746
3639	0.156532
1376	0.156482
2001	0.156453
12031	0.156323
1092	0.156018
2012	0.155958
2621	0.155948
9252	0.155787
1691	0.155633
10286	0.155530
1356	0.155518
5559	0.155421
1893	0.155132
1199	0.155065
155	0.154871
495	0.154678
88	0.154673
1768	0.154644
1960	0.154614
8249	0.154346
4488	0.153558
5123	0.153551
4555	0.153476
6292	0.153034
9713	0.152977
1377	0.152560
5242	0.152414
2622	0.152055
578	0.151649
2426	0.151368
2399	0.151159
8712	0.150874
8303	0.150874
8302	0.150874
7362	0.150874
6359	0.150874
9102	0.150864
6202	0.150851
1749	0.150823
12273	0.150765
8506	0.150533
2569	0.150526
1254	0.150414
6149	0.150384
8451	0.150264
2019	0.150076
11761	0.150065
6097	0.150065
5547	0.150065
3595	0.150065
4587	0.150005
5244	0.149952
1395	0.149890
13050	0.149653
4128	0.149614
342	0.149508
11848	0.149456
233	0.149437
6772	0.149224
1481	0.149160
1997	0.149081
12540	0.149010
2814	0.148964
9607	0.148788
6081	0.148452
1760	0.148338
2755	0.148273
7263	0.148083
1902	0.147955
1870	0.147844
3892	0.147831
406	0.147726
2658	0.147696
11820	0.147560
1458	0.147465
11827	0.147414
3159	0.147414
8710	0.147277
989	0.147266
6213	0.147200
8732	0.146975
8711	0.146968
13868	0.146913
11927	0.146845
2759	0.146845
13272	0.146837
2786	0.146837
2782	0.146837
1505	0.146837
11928	0.146837
8501	0.146837
2779	0.146837
2756	0.146837
13227	0.146794
9077	0.146768
2398	0.146708
2015	0.146586
1026	0.146412
13625	0.146346
7136	0.146346
5359	0.146330
79	0.146106
4759	0.146090
1088	0.146071
5234	0.146037
4781	0.146027
6818	0.145820
7052	0.145558
4753	0.145546
9715	0.145497
6949	0.145432
2374	0.145283
2492	0.145147
982	0.145146
2030	0.145097
9702	0.144934
944	0.144865
9244	0.144853
440	0.144750
5059	0.144669
9251	0.144650
2769	0.144632
6650	0.144481
9645	0.144472
2872	0.144333
532	0.144326
5342	0.144051
5306	0.144051
3186	0.144042
823	0.143996
6557	0.143955
9757	0.143952
1978	0.143926
2020	0.143824
10258	0.143637
13370	0.143405
7532	0.143365
7358	0.143365
1798	0.143086
13510	0.143032
3924	0.142855
14234	0.142849
7697	0.142836
7254	0.142836
3712	0.142818
14416	0.142804
12133	0.142759
7752	0.142636
6856	0.142565
1475	0.142490
1288	0.142191
1501	0.142068
7560	0.142059
5305	0.141804
2022	0.141426
1866	0.141262
3306	0.141243
71	0.141124
12023	0.141112
209	0.140932
2221	0.140931
8412	0.140886
1004	0.140819
1003	0.140819
996	0.140819
757	0.140819
2768	0.140770
5840	0.140623
11902	0.140572
5727	0.140531
12353	0.140490
11803	0.140291
9582	0.140248
3160	0.140194
8966	0.140164
351	0.140160
12146	0.140106
8582	0.140106
7599	0.140106
3695	0.140106
3694	0.140106
3616	0.140106
9610	0.139938
5781	0.139832
1029	0.139824
3710	0.139560
1845	0.139480
4135	0.139459
8709	0.139422
10592	0.139286
9267	0.139276
4526	0.139247
1764	0.139057
1497	0.139013
3249	0.138809
9106	0.138424
1163	0.138303
848	0.138232
14407	0.138231
5439	0.138083
11656	0.137994
726	0.137793
12838	0.137642
2478	0.137641
12958	0.137641
12870	0.137641
12846	0.137641
12159	0.137641
12158	0.137641
1484	0.137641
1489	0.137635
101	0.137597
5782	0.137543
12014	0.137501
9107	0.137499
9897	0.137483
888	0.137411
5798	0.137362
9584	0.137210
974	0.137069
7360	0.137038
8804	0.136979
8767	0.136979
8766	0.136979
8764	0.136979
8743	0.136979
8742	0.136979
8741	0.136979
7685	0.136979
7476	0.136979
6637	0.136979
6606	0.136979
7679	0.136791
9135	0.136778
182	0.136721
1194	0.136576
4720	0.136518
6299	0.136449
9729	0.136374
9740	0.136362
6554	0.136208
3893	0.136195
1494	0.136078
9121	0.136045
9112	0.136045
8805	0.136039
8765	0.136039
6670	0.135885
1865	0.135535
5090	0.135480
8845	0.135417
5330	0.135358
237	0.135310
3289	0.135235
1635	0.135210
1672	0.135162
4407	0.135035
3330	0.135018
2459	0.134816
10159	0.134591
11196	0.134577
4694	0.134508
9480	0.134491
8533	0.134491
5001	0.134489
9733	0.134480
5724	0.134463
2018	0.134450
3705	0.134447
2078	0.134424
1231	0.134416
10256	0.134195
2392	0.134035
2441	0.133834
1974	0.133804
4127	0.133788
2570	0.133687
1386	0.133686
12136	0.133677
12118	0.133607
2083	0.133607
2074	0.133607
1899	0.133607
1896	0.133607
12285	0.133533
3098	0.133495
1996	0.133287
72	0.133242
2745	0.133207
12160	0.133201
1495	0.133201
836	0.132979
1492	0.132961
3741	0.132902
11856	0.132876
11705	0.132822
10160	0.132473
1966	0.132424
192	0.132414
1	0.132300
2024	0.132276
5183	0.132215
162	0.132158
7351	0.132113
6522	0.132068
5070	0.132057
9673	0.132034
5481	0.131975
12013	0.131801
997	0.131724
2403	0.131548
8180	0.131512
6020	0.131506
1995	0.131444
5302	0.131428
1786	0.131381
3530	0.131304
8982	0.131246
942	0.131201
9726	0.131099
1646	0.130960
565	0.130901
2470	0.130875
8022	0.130857
12868	0.130774
9242	0.130774
9241	0.130774
9240	0.130774
6696	0.130774
10925	0.130726
2682	0.130704
1389	0.130680
2775	0.130672
4005	0.130573
13444	0.130514
8438	0.130494
8439	0.130262
7435	0.130262
7180	0.130262
9562	0.130221
3100	0.130221
5152	0.130029
100	0.129993
10216	0.129968
12876	0.129959
730	0.129939
7966	0.129938
1078	0.129774
1293	0.129609
1968	0.129558
1998	0.129485
4926	0.129327
9333	0.129253
2626	0.129240
1480	0.129224
8676	0.129161
841	0.129120
8892	0.129085
2610	0.129082
3535	0.129076
4255	0.128932
12172	0.128923
8925	0.128806
422	0.128513
1245	0.128506
3461	0.128488
1975	0.128429
3500	0.128388
1868	0.128348
10015	0.128346
471	0.128343
5230	0.128290
9710	0.128277
3696	0.128246
13244	0.128202
5754	0.128185
10224	0.128172
369	0.128163
3991	0.128080
1321	0.127988
6089	0.127883
4512	0.127879
6091	0.127768
6090	0.127768
1155	0.127760
4996	0.127717
2391	0.127694
1752	0.127615
10265	0.127424
6618	0.127345
1510	0.127253
6924	0.127239
12190	0.127140
11603	0.127074
9583	0.127020
4923	0.127002
1771	0.126935
8156	0.126821
6925	0.126821
4901	0.126698
2007	0.126649
5886	0.126530
9742	0.126487
1541	0.126378
1873	0.126356
9635	0.126345
11608	0.126343
8000	0.126342
7933	0.126291
347	0.126291
1148	0.126210
9600	0.126181
1551	0.126118
4485	0.126034
11756	0.126020
6888	0.126020
2568	0.126004
9431	0.125998
4234	0.125998
8166	0.125921
7365	0.125921
7186	0.125921
5286	0.125914
1922	0.125835
145	0.125788
3455	0.125727
1785	0.125704
1372	0.125688
12839	0.125505
2413	0.125489
1284	0.125445
4890	0.125417
8625	0.125361
936	0.125335
1973	0.125164
9787	0.125140
9786	0.125140
9785	0.125140
9784	0.125140
9783	0.125140
9782	0.125140
9781	0.125140
9778	0.125140
9280	0.125140
8585	0.125140
8567	0.125140
8553	0.125140
9419	0.125135
6465	0.125106
158	0.125052
4515	0.124987
9780	0.124973
1500	0.124971
7440	0.124963
2520	0.124948
9239	0.124867
5338	0.124854
5000	0.124815
3568	0.124787
2531	0.124753
8773	0.124700
6621	0.124700
2837	0.124656
10879	0.124640
3520	0.124627
8604	0.124581
4884	0.124484
9613	0.124435
9041	0.124399
10107	0.124371
9387	0.124358
2431	0.124332
10244	0.124140
8946	0.123972
3244	0.123964
10241	0.123885
1989	0.123827
3615	0.123791
2613	0.123735
9548	0.123728
1473	0.123617
9578	0.123576
12269	0.123546
2512	0.123544
7653	0.123540
1005	0.123534
4251	0.123521
10009	0.123446
10278	0.123427
3619	0.123378
12702	0.123326
9073	0.123314
5102	0.123276
2220	0.123232
5015	0.123162
1371	0.123079
4028	0.123075
9382	0.123041
865	0.122988
1317	0.122936
1890	0.122901
8772	0.122895
13245	0.122875
1795	0.122859
540	0.122844
1846	0.122821
394	0.122820
8731	0.122779
5287	0.122755
13849	0.122748
4510	0.122748
10008	0.122658
1385	0.122642
9316	0.122634
10725	0.122627
1176	0.122594
9028	0.122517
9612	0.122464
1326	0.122382
3060	0.122375
12392	0.122326
2616	0.122318
5759	0.122160
1281	0.122146
3000	0.122124
9609	0.122107
9580	0.122107
3116	0.122052
1324	0.121927
467	0.121912
10880	0.121896
11844	0.121875
11120	0.121864
4353	0.121854
1439	0.121788
11880	0.121710
11850	0.121649
1391	0.121551
2134	0.121505
633	0.121500
1877	0.121349
1875	0.121349
807	0.121307
9503	0.121306
1994	0.121176
11926	0.121161
9368	0.121149
13880	0.121105
4985	0.121082
8037	0.121065
9644	0.121041
1486	0.121024
1864	0.121015
4991	0.121004
3275	0.121000
9428	0.120983
9116	0.120963
7906	0.120929
2014	0.120881
1981	0.120850
417	0.120841
10238	0.120812
1993	0.120812
9633	0.120772
9630	0.120772
9628	0.120772
9626	0.120772
9625	0.120772
9624	0.120772
9622	0.120772
9621	0.120772
9620	0.120772
9619	0.120772
9618	0.120772
9615	0.120772
9482	0.120772
9134	0.120739
11951	0.120718
5084	0.120694
2467	0.120631
9260	0.120591
1028	0.120556
4924	0.120442
414	0.120423
9081	0.120379
9078	0.120379
5004	0.120377
503	0.120347
488	0.120336
13301	0.120277
10257	0.120265
2834	0.120261
4934	0.120252
1323	0.120209
6623	0.120202
3692	0.120159
889	0.120139
3989	0.120131
863	0.120111
9257	0.120058
4316	0.120046
10724	0.120027
1320	0.119988
881	0.119976
937	0.119964
1753	0.119927
6198	0.119874
4301	0.119814
7606	0.119807
2214	0.119785
10296	0.119771
2393	0.119758
13148	0.119757
13147	0.119757
7892	0.119757
6298	0.119757
6297	0.119757
9627	0.119717
1754	0.119657
9999	0.119572
9432	0.119533
1972	0.119452
12867	0.119420
12059	0.119405
9247	0.119342
6501	0.119313
3588	0.119269
1093	0.119242
5003	0.119219
7227	0.119179
7705	0.119170
6897	0.119170
13308	0.119086
74	0.119080
6797	0.119070
61	0.118954
2133	0.118937
4207	0.118924
9711	0.118913
9708	0.118913
9707	0.118913
9705	0.118913
9703	0.118913
5463	0.118912
9699	0.118891
10279	0.118873
12304	0.118850
3291	0.118804
1454	0.118775
11740	0.118684
2748	0.118671
13386	0.118599
70	0.118504
4992	0.118486
4990	0.118470
8335	0.118429
1876	0.118376
14342	0.118292
5814	0.118268
11778	0.118229
11946	0.118206
2633	0.118103
3022	0.118101
9430	0.118095
4988	0.118080
1200	0.118014
9427	0.117976
3933	0.117944
13296	0.117901
13273	0.117861
13232	0.117861
11949	0.117861
9429	0.117861
4989	0.117861
4930	0.117855
1874	0.117844
14127	0.117824
5625	0.117794
4580	0.117794
4931	0.117790
1736	0.117759
1742	0.117725
3974	0.117694
8944	0.117675
7654	0.117664
149	0.117659
2702	0.117646
6916	0.117619
10254	0.117585
13646	0.117580
1315	0.117558
4925	0.117533
11036	0.117342
1498	0.117317
5922	0.117315
12132	0.117295
11048	0.117292
6466	0.117272
4570	0.117272
9158	0.117225
11604	0.117214
8981	0.117210
797	0.117113
9685	0.117091
6317	0.117089
1987	0.117047
6521	0.117032
9868	0.116974
9695	0.116974
8540	0.116974
6752	0.116974
6751	0.116974
6750	0.116974
11948	0.116962
4995	0.116962
10083	0.116953
2720	0.116901
6913	0.116880
5301	0.116767
5990	0.116709
9167	0.116708
3567	0.116698
7270	0.116628
3831	0.116561
5456	0.116546
11950	0.116515
12077	0.116319
6461	0.116319
3711	0.116319
352	0.116316
9975	0.116306
4717	0.116257
13235	0.116250
6197	0.116206
3532	0.116164
4733	0.116126
11425	0.116065
10379	0.116065
7767	0.116030
13297	0.116003
6889	0.116000
9144	0.115953
5442	0.115927
1173	0.115910
10571	0.115888
11704	0.115802
1487	0.115722
141	0.115631
146	0.115627
11636	0.115576
171	0.115535
7655	0.115483
12911	0.115371
3241	0.115369
4446	0.115359
9156	0.115316
9709	0.115193
12032	0.115160
5980	0.115130
3187	0.115129
9638	0.115103
1869	0.115060
2309	0.114965
5988	0.114959
13533	0.114859
13532	0.114859
13531	0.114859
13572	0.114838
1128	0.114817
9631	0.114813
6199	0.114767
1051	0.114735
13571	0.114710
2904	0.114702
3101	0.114626
1984	0.114615
6951	0.114519
1985	0.114373
5341	0.114288
1168	0.114282
1881	0.114229
4641	0.114220
4581	0.114180
9984	0.114095
147	0.114059
4609	0.114006
4290	0.113936
11773	0.113896
11103	0.113835
2264	0.113798
10518	0.113674
9913	0.113656
6032	0.113618
4868	0.113593
6003	0.113497
6356	0.113493
5800	0.113451
142	0.113404
9334	0.113320
4576	0.113268
12034	0.113253
2499	0.113213
13282	0.113210
6011	0.113088
12035	0.113082
3613	0.113071
2415	0.113040
4272	0.113031
13281	0.112991
1905	0.112838
1758	0.112787
13310	0.112733
11894	0.112720
2747	0.112720
1267	0.112626
10204	0.112619
8876	0.112616
1381	0.112545
2704	0.112470
13962	0.112373
5981	0.112310
816	0.112087
13298	0.112081
6117	0.112044
3772	0.112025
1670	0.112008
13961	0.111996
11682	0.111995
2397	0.111965
8661	0.111821
10448	0.111815
4281	0.111786
5827	0.111569
2750	0.111545
6193	0.111440
12586	0.111434
11842	0.111400
6486	0.111400
349	0.111370
976	0.111297
3548	0.111227
2226	0.111217
5406	0.111197
9539	0.111182
2856	0.111163
11843	0.111118
6998	0.111118
4039	0.111091
3607	0.111011
13944	0.111009
9441	0.110987
4960	0.110928
164	0.110852
11115	0.110783
9143	0.110721
