869	0.166415
4196	0.156186
4256	0.147674
903	0.146895
8419	0.142892
1941	0.142803
9047	0.142133
8418	0.141864
13027	0.140417
9049	0.140417
9048	0.140417
9046	0.140417
8420	0.140417
7027	0.140417
5216	0.140417
9043	0.140402
9050	0.138979
137	0.138702
5659	0.138347
8953	0.137956
4630	0.137805
1800	0.137621
9042	0.137536
2860	0.136669
8678	0.135651
1247	0.135445
5215	0.134118
1939	0.132991
3623	0.132744
4255	0.132024
8207	0.131817
8231	0.130091
5459	0.129186
3519	0.128673
9008	0.128663
5072	0.128417
9045	0.127438
12350	0.127058
13724	0.126871
12349	0.126835
8942	0.125736
7710	0.125544
1274	0.125408
6303	0.125165
1094	0.124180
9881	0.123058
6880	0.122789
2329	0.122745
9610	0.121446
1459	0.120928
9550	0.120057
4598	0.119398
5229	0.118998
8928	0.118963
5201	0.118186
4086	0.118152
171	0.116930
6130	0.116925
2789	0.116535
2425	0.115376
10163	0.114312
781	0.114312
9715	0.113993
11723	0.113471
2680	0.113032
884	0.112987
411	0.112880
9437	0.112227
1040	0.111956
12071	0.111759
175	0.111759
12784	0.111475
12785	0.111246
371	0.111063
784	0.111002
2040	0.109698
9614	0.109194
3568	0.109100
7820	0.108765
5328	0.108341
5021	0.108177
5019	0.108177
6991	0.108172
2904	0.108147
4052	0.107972
11600	0.107683
2907	0.107450
6305	0.106947
13030	0.106883
1075	0.106879
12130	0.106774
3492	0.106618
5500	0.106490
6267	0.106483
6302	0.106483
5299	0.106449
6191	0.106412
12107	0.106345
2973	0.106023
11737	0.105968
11047	0.105856
6967	0.105836
6689	0.105836
2681	0.105750
12850	0.105608
782	0.105570
2714	0.105496
5023	0.105367
12854	0.105239
7156	0.105220
1686	0.105121
6673	0.105099
863	0.105039
581	0.105013
3408	0.104924
11908	0.104804
9019	0.104765
6360	0.104758
730	0.104734
8312	0.104672
2892	0.104453
275	0.104387
1491	0.103895
6577	0.103761
4262	0.103623
10892	0.103587
4056	0.103542
9316	0.103169
8983	0.103030
2293	0.102985
9611	0.102952
6122	0.102480
2263	0.102257
7560	0.102223
320	0.102191
5627	0.101984
6992	0.101866
9726	0.101779
7830	0.101770
2630	0.101568
14162	0.101426
9578	0.101143
3569	0.100758
11226	0.100582
5020	0.100209
8929	0.100066
13235	0.099924
140	0.099908
2166	0.099876
12077	0.099757
6461	0.099757
3711	0.099757
412	0.099619
9020	0.099439
7295	0.099433
13997	0.099376
6217	0.099244
4176	0.099244
12276	0.099180
14263	0.099180
14002	0.099180
14001	0.099180
14000	0.099180
13998	0.099180
13996	0.099180
6666	0.099180
5064	0.099180
4854	0.099180
4852	0.099180
2311	0.099161
3475	0.099013
4976	0.098962
3561	0.098897
4808	0.098746
9540	0.098699
13060	0.098670
13055	0.098670
13048	0.098670
13014	0.098670
13009	0.098670
12892	0.098670
8379	0.098670
849	0.098582
12874	0.098554
6076	0.098538
4977	0.098419
4175	0.098051
1163	0.098032
862	0.097854
6529	0.097732
8206	0.097730
8205	0.097730
4848	0.097716
11682	0.097521
1077	0.097510
2317	0.097487
783	0.097452
5089	0.097424
11609	0.097336
6304	0.097198
1254	0.097131
1370	0.097086
13050	0.096845
4118	0.096781
13826	0.096527
3047	0.096428
11681	0.096363
4179	0.096288
9503	0.096272
13767	0.096151
13926	0.096107
6072	0.096097
2107	0.096094
6674	0.096051
4165	0.095942
3277	0.095848
4582	0.095776
2881	0.095706
7951	0.095697
10284	0.095656
11670	0.095636
12853	0.095461
1264	0.095420
890	0.095316
2449	0.095300
14085	0.095284
9608	0.095275
12720	0.095245
7666	0.095245
936	0.095176
4042	0.095131
12143	0.095098
3351	0.094972
2167	0.094915
5740	0.094839
12122	0.094835
2684	0.094835
1426	0.094783
4561	0.094766
7089	0.094547
12141	0.094499
4710	0.094466
11671	0.094458
11676	0.094336
9613	0.094252
2168	0.094163
11502	0.094124
2778	0.093871
154	0.093801
717	0.093621
9021	0.093598
12411	0.093481
13058	0.093285
7945	0.093285
6724	0.093272
5391	0.092978
761	0.092809
1044	0.092772
3494	0.092766
13928	0.092638
8956	0.092186
8955	0.092186
9069	0.092161
9068	0.092161
9067	0.092161
8229	0.092022
534	0.091966
780	0.091934
3531	0.091810
3292	0.091792
12219	0.091673
8924	0.091621
13999	0.091496
5005	0.091496
6525	0.091491
11769	0.091482
2755	0.091367
9612	0.091273
5782	0.091255
9149	0.091153
3505	0.091112
5196	0.091005
6436	0.090681
2961	0.090558
1186	0.090526
222	0.090506
9627	0.090343
12046	0.090236
4717	0.090157
6411	0.089965
3155	0.089945
2060	0.089902
126	0.089878
882	0.089714
9028	0.089562
3564	0.089419
1321	0.089396
6412	0.089316
5087	0.089311
11257	0.089305
12872	0.089227
10918	0.089182
9623	0.089179
9044	0.089155
96	0.089102
2541	0.088989
2079	0.088974
6929	0.088934
11848	0.088797
4850	0.088768
13449	0.088746
13061	0.088704
5006	0.088669
1101	0.088642
1100	0.088642
4921	0.088562
12940	0.088556
9859	0.088470
4983	0.088450
13788	0.088448
5111	0.088440
4268	0.088432
56	0.088432
14071	0.088286
1645	0.088176
9081	0.088155
9078	0.088155
3378	0.088074
2432	0.087958
2702	0.087928
8552	0.087807
10823	0.087776
13676	0.087763
13664	0.087735
2112	0.087684
7385	0.087657
2318	0.087617
11719	0.087566
5058	0.087514
3361	0.087514
6616	0.087456
5049	0.087430
12860	0.087416
12859	0.087395
2897	0.087329
864	0.087279
9404	0.087250
1298	0.087196
12208	0.087196
5947	0.087162
336	0.087151
3562	0.087127
9395	0.087112
9567	0.086883
4672	0.086636
13019	0.086628
11398	0.086517
10939	0.086493
7409	0.086427
3335	0.086421
2116	0.086414
9687	0.086414
4571	0.086377
1078	0.086351
3521	0.086321
51	0.086158
12235	0.085944
12089	0.085868
3608	0.085823
6074	0.085806
12852	0.085785
10982	0.085706
7664	0.085678
7663	0.085678
13261	0.085662
5191	0.085634
13082	0.085632
9133	0.085632
9129	0.085632
9552	0.085480
136	0.085469
9128	0.085437
6021	0.085360
105	0.085343
11679	0.085268
10142	0.085206
5118	0.085059
12530	0.085042
13116	0.084910
6373	0.084836
2114	0.084813
5057	0.084803
11027	0.084436
6110	0.084404
11911	0.084377
11740	0.084358
1074	0.084310
13181	0.084198
11252	0.084198
12950	0.084155
6	0.084139
4229	0.084107
6472	0.084066
7306	0.083805
6025	0.083793
13153	0.083672
10171	0.083672
10170	0.083672
1391	0.083639
12858	0.083588
928	0.083471
130	0.083410
1442	0.083204
168	0.083185
11942	0.083157
3362	0.083157
7617	0.083049
2062	0.082955
4754	0.082929
35	0.082864
6767	0.082863
6765	0.082863
6764	0.082863
2910	0.082752
6717	0.082732
2118	0.082703
12891	0.082627
12899	0.082569
12064	0.082551
9076	0.082533
6252	0.082519
7390	0.082506
11325	0.082485
11321	0.082476
2857	0.082459
9375	0.082446
3530	0.082374
313	0.082251
2105	0.082197
138	0.082099
1446	0.082099
670	0.081970
9307	0.081954
6962	0.081890
1068	0.081882
13035	0.081809
3843	0.081694
13081	0.081635
13080	0.081635
13079	0.081635
13078	0.081635
13074	0.081635
13071	0.081635
13057	0.081635
13049	0.081635
13047	0.081635
13045	0.081635
13043	0.081635
13017	0.081635
12959	0.081635
12904	0.081635
7936	0.081635
3710	0.081635
115	0.081633
3535	0.081610
1480	0.081534
1793	0.081409
6460	0.081233
4855	0.081208
11475	0.081191
139	0.081155
221	0.081147
5088	0.081118
9343	0.081112
5698	0.081090
1483	0.081017
5655	0.080898
2302	0.080844
3254	0.080832
1119	0.080825
1312	0.080784
9499	0.080784
1958	0.080770
12941	0.080719
1120	0.080695
11992	0.080693
1461	0.080693
9061	0.080679
9060	0.080679
5715	0.080679
2565	0.080679
1231	0.080675
12851	0.080624
13247	0.080614
12435	0.080533
2115	0.080387
2974	0.080325
823	0.080322
10226	0.080304
1301	0.080302
8228	0.080203
2097	0.080173
5872	0.080159
4853	0.080140
13897	0.080126
2285	0.080083
5492	0.080083
888	0.079929
13889	0.079887
170	0.079777
2466	0.079706
9923	0.079693
9121	0.079641
9112	0.079641
9561	0.079560
1293	0.079420
4917	0.079320
13040	0.079316
11818	0.079293
372	0.079276
10694	0.079238
3248	0.079206
3284	0.079195
12287	0.079164
8515	0.079164
5199	0.079093
5200	0.079029
13438	0.078993
8232	0.078940
5455	0.078849
12952	0.078821
12951	0.078821
7758	0.078804
3285	0.078779
343	0.078759
6203	0.078692
633	0.078684
13140	0.078624
10859	0.078587
5051	0.078556
4809	0.078550
13959	0.078550
158	0.078549
14068	0.078514
3027	0.078472
6563	0.078463
3825	0.078341
11529	0.078336
3079	0.078268
774	0.078223
8132	0.078172
7958	0.078140
2905	0.078121
9348	0.077960
1099	0.077889
9609	0.077701
9580	0.077701
2214	0.077593
10392	0.077419
3508	0.077398
1726	0.077388
4285	0.077351
4280	0.077351
3343	0.077279
5038	0.077278
1510	0.077165
2972	0.077011
8102	0.076920
8931	0.076857
5407	0.076840
8421	0.076831
6576	0.076819
11469	0.076812
423	0.076757
6049	0.076739
1317	0.076682
1574	0.076679
12165	0.076665
5485	0.076636
2210	0.076624
7436	0.076610
11547	0.076557
9844	0.076469
5347	0.076383
13388	0.076320
13387	0.076320
5203	0.076236
1073	0.076236
1942	0.076171
135	0.076168
13633	0.076134
10666	0.076122
11751	0.076090
6598	0.076069
3560	0.076041
14233	0.076029
1136	0.076029
6805	0.075995
787	0.075994
5656	0.075951
13013	0.075941
12962	0.075941
13825	0.075737
10871	0.075690
623	0.075671
9189	0.075649
5542	0.075630
13490	0.075614
13632	0.075613
13631	0.075613
13038	0.075586
13037	0.075586
3967	0.075508
6102	0.075505
6007	0.075459
6763	0.075436
1735	0.075424
7379	0.075410
1266	0.075408
8381	0.075323
1259	0.075315
3841	0.075308
11955	0.075302
6117	0.075295
11730	0.075206
6389	0.075179
5642	0.075128
7774	0.075120
5641	0.075120
12391	0.074994
6096	0.074966
10953	0.074913
1319	0.074899
5697	0.074854
2931	0.074841
4040	0.074819
837	0.074801
9631	0.074719
2109	0.074662
11806	0.074627
5062	0.074582
596	0.074545
11407	0.074494
9633	0.074438
9630	0.074438
9628	0.074438
9626	0.074438
9625	0.074438
9624	0.074438
9622	0.074438
9621	0.074438
9620	0.074438
9619	0.074438
9618	0.074438
9615	0.074438
9482	0.074438
4374	0.074413
1768	0.074355
1852	0.074304
9424	0.074212
3934	0.074170
13282	0.074161
8661	0.074155
117	0.074125
2052	0.074092
13281	0.074084
9088	0.074062
12434	0.074025
12390	0.074025
12636	0.073984
6618	0.073947
1118	0.073816
1445	0.073768
14004	0.073764
4866	0.073764
9599	0.073738
1425	0.073704
2915	0.073675
6255	0.073653
13135	0.073611
11491	0.073603
12912	0.073533
11401	0.073498
11399	0.073498
12938	0.073491
9539	0.073463
2970	0.073378
278	0.073373
4557	0.073330
183	0.073307
11597	0.073255
2165	0.073253
11551	0.073240
9170	0.073171
1265	0.073135
10278	0.073114
6631	0.073066
7420	0.073052
8423	0.073013
2064	0.072989
3639	0.072975
9543	0.072926
8773	0.072922
6621	0.072922
11989	0.072901
7659	0.072837
6418	0.072745
814	0.072691
182	0.072677
13909	0.072676
133	0.072637
3050	0.072635
977	0.072625
9542	0.072571
2758	0.072565
9010	0.072561
12929	0.072524
4998	0.072516
8954	0.072497
14003	0.072478
13199	0.072448
13198	0.072448
2456	0.072427
5745	0.072400
9131	0.072388
10883	0.072369
9029	0.072361
13945	0.072359
2932	0.072258
9338	0.072247
11722	0.072174
4691	0.072156
5287	0.072153
10362	0.072149
5183	0.072092
11803	0.072040
3883	0.072021
5904	0.071982
2110	0.071948
5699	0.071938
6824	0.071930
5182	0.071916
1576	0.071872
3705	0.071831
12896	0.071815
4513	0.071815
10505	0.071800
10516	0.071706
9311	0.071692
1102	0.071681
802	0.071630
10040	0.071600
7028	0.071530
8934	0.071417
5346	0.071396
13965	0.071377
1277	0.071358
10186	0.071336
180	0.071332
876	0.071331
8599	0.071308
4581	0.071296
2845	0.071284
6539	0.071258
11767	0.071230
7394	0.071190
11019	0.071180
7425	0.071157
12623	0.071133
10644	0.071110
3730	0.071003
5063	0.070943
13659	0.070884
13658	0.070884
11683	0.070866
525	0.070863
8490	0.070795
6450	0.070776
12415	0.070766
5228	0.070754
1433	0.070745
2840	0.070694
642	0.070663
9347	0.070650
8090	0.070644
2847	0.070644
2843	0.070644
2839	0.070644
3920	0.070633
3900	0.070620
5259	0.070611
13539	0.070601
13012	0.070547
13004	0.070547
13815	0.070478
5219	0.070416
1296	0.070412
7090	0.070379
900	0.070323
6131	0.070298
7961	0.070242
12164	0.070135
7922	0.070135
10928	0.070064
10322	0.070064
14167	0.070020
9425	0.069997
2139	0.069932
1563	0.069906
14283	0.069834
7694	0.069817
1460	0.069816
2145	0.069806
10323	0.069748
13910	0.069692
12412	0.069687
9559	0.069683
6281	0.069663
11443	0.069661
11369	0.069661
3793	0.069661
3709	0.069656
2729	0.069651
10722	0.069622
414	0.069620
147	0.069618
10076	0.069611
367	0.069573
10077	0.069570
4932	0.069540
3379	0.069510
1914	0.069489
2851	0.069475
10969	0.069448
6957	0.069447
5059	0.069445
2339	0.069439
12944	0.069429
11678	0.069390
10739	0.069370
10788	0.069370
10777	0.069370
10759	0.069370
3640	0.069353
6915	0.069345
9986	0.069296
6174	0.069267
11072	0.069231
10943	0.069209
2722	0.069201
1175	0.069192
5910	0.069178
7707	0.069132
6945	0.069108
6296	0.069086
12031	0.069044
173	0.069013
12271	0.068923
2357	0.068914
1389	0.068913
4778	0.068878
867	0.068854
9790	0.068781
233	0.068647
13077	0.068641
12895	0.068641
7526	0.068621
4865	0.068619
8864	0.068607
8863	0.068607
8583	0.068607
8124	0.068607
7904	0.068607
7903	0.068607
7902	0.068607
7901	0.068607
7900	0.068607
7899	0.068607
7897	0.068607
7896	0.068607
7895	0.068607
530	0.068594
400	0.068594
11550	0.068549
5345	0.068491
3611	0.068436
6278	0.068422
586	0.068420
3493	0.068416
13647	0.068376
6439	0.068376
13200	0.068355
9320	0.068355
9318	0.068355
9315	0.068355
9314	0.068355
9313	0.068355
9312	0.068355
9310	0.068355
9309	0.068355
9306	0.068355
9305	0.068355
8733	0.068355
8669	0.068355
8668	0.068355
8608	0.068355
8607	0.068355
8605	0.068355
8603	0.068355
7703	0.068355
7477	0.068355
7408	0.068355
976	0.068243
4690	0.068234
5751	0.068180
9909	0.068154
4349	0.068149
1320	0.068132
1228	0.068125
2117	0.068087
1028	0.068027
10719	0.067999
6768	0.067988
1901	0.067982
2520	0.067971
2458	0.067913
6094	0.067900
988	0.067870
4053	0.067831
1897	0.067826
11394	0.067818
5571	0.067809
1487	0.067789
2853	0.067736
10140	0.067696
12936	0.067592
11099	0.067587
12238	0.067476
4641	0.067443
9259	0.067430
2951	0.067427
4017	0.067396
12002	0.067392
4041	0.067377
10318	0.067377
9455	0.067328
12917	0.067283
3295	0.067283
3293	0.067283
611	0.067282
11548	0.067256
7702	0.067236
5778	0.067206
585	0.067199
5779	0.067198
513	0.067186
13003	0.067108
12869	0.067108
12266	0.067087
6623	0.067063
6971	0.067060
12115	0.067057
10051	0.067056
11658	0.067041
14266	0.067040
7372	0.067035
3651	0.067002
722	0.066979
10748	0.066891
9834	0.066891
5311	0.066889
2143	0.066888
9512	0.066878
11129	0.066866
5101	0.066861
3407	0.066857
13089	0.066684
6393	0.066675
6512	0.066605
3761	0.066578
9185	0.066566
5865	0.066561
794	0.066522
5619	0.066508
12270	0.066479
3758	0.066455
2453	0.066384
13265	0.066375
11546	0.066302
6523	0.066280
14342	0.066260
9333	0.066259
14072	0.066219
6392	0.066200
6662	0.066184
5323	0.066181
5413	0.066161
10542	0.066153
13932	0.066134
11036	0.066116
