10003	0.158560
2155	0.154476
2142	0.150356
7987	0.143869
9010	0.143656
3112	0.143405
13290	0.142806
13128	0.142806
9012	0.142806
2860	0.140380
1515	0.138123
2162	0.136155
704	0.135755
154	0.134346
5228	0.132541
2069	0.131457
2066	0.131457
8112	0.131439
2068	0.131439
2778	0.130907
1941	0.129382
2061	0.129203
168	0.128752
5542	0.127612
5099	0.127203
2630	0.126445
5311	0.126344
137	0.125186
9827	0.124944
894	0.123783
7028	0.123782
6767	0.123569
6765	0.123569
6764	0.123569
9550	0.122944
7961	0.122181
7822	0.121708
10517	0.120328
2072	0.119462
10969	0.119304
3378	0.118649
12638	0.118491
9008	0.118257
3519	0.118246
6303	0.117963
2425	0.117792
2789	0.117265
990	0.117222
12350	0.117091
2049	0.117053
12349	0.116931
11492	0.116809
1574	0.116578
3408	0.116020
7030	0.115767
5021	0.115090
5019	0.115090
4196	0.115080
7337	0.115048
3494	0.115000
761	0.114799
11491	0.114769
5023	0.114491
2714	0.114358
9069	0.113992
9068	0.113992
9067	0.113992
12130	0.113833
11890	0.113530
11889	0.113530
8139	0.113530
2149	0.113530
2148	0.113530
2147	0.113530
5201	0.113395
371	0.112787
7425	0.112569
4598	0.112455
2907	0.112275
11502	0.112234
9881	0.111740
13274	0.111572
10859	0.111518
4256	0.110920
12588	0.110484
1077	0.110459
9790	0.110449
12803	0.110356
4808	0.110251
11670	0.110186
10139	0.109839
10318	0.109801
12046	0.109719
869	0.109683
3531	0.109651
10284	0.109633
10140	0.109572
12597	0.109444
12064	0.108984
1015	0.108974
2329	0.108609
13191	0.108541
3877	0.108169
2680	0.108096
8419	0.108065
11019	0.107836
581	0.107702
6674	0.107443
156	0.107192
244	0.107055
11723	0.107026
6021	0.107003
5426	0.106882
2681	0.106766
4630	0.106735
9014	0.106636
3509	0.106512
5022	0.106387
1686	0.106383
5751	0.106355
11474	0.106340
3843	0.105875
6164	0.105812
5632	0.105812
3514	0.105514
3513	0.105514
3845	0.105423
892	0.105387
5391	0.105386
8354	0.105071
3876	0.104897
10939	0.104888
8942	0.104771
6165	0.104589
5549	0.104588
5020	0.104475
12804	0.104371
4594	0.104336
12210	0.103860
6525	0.103811
5455	0.103773
508	0.103669
1274	0.103609
4374	0.103536
4710	0.103499
9715	0.103462
9835	0.103251
185	0.103024
3475	0.102807
7545	0.102763
11551	0.102735
6991	0.102655
3875	0.102589
9552	0.102293
2040	0.102190
5492	0.102165
11007	0.102112
163	0.102003
9283	0.101993
6418	0.101730
5203	0.101655
7964	0.101413
13192	0.101400
10658	0.101340
3623	0.101339
7991	0.101164
11671	0.101162
9045	0.100964
1392	0.100921
6577	0.100859
6203	0.100809
11529	0.100777
12941	0.100774
8421	0.100750
6947	0.100681
2038	0.100604
10163	0.100416
2054	0.100341
941	0.100154
722	0.100110
10336	0.100057
9270	0.099867
10695	0.099844
9029	0.099833
1926	0.099801
12413	0.099550
10657	0.099529
8418	0.099271
11160	0.099253
3163	0.099252
12654	0.099156
6460	0.099108
3379	0.098748
5087	0.098737
3510	0.098602
14246	0.098591
12960	0.098591
8050	0.098591
411	0.098518
11997	0.098497
13060	0.098427
13055	0.098427
13048	0.098427
13014	0.098427
13009	0.098427
12892	0.098427
8379	0.098427
12415	0.098338
12940	0.098287
10400	0.098248
12872	0.098225
14162	0.098190
3493	0.098183
12858	0.097999
6412	0.097854
929	0.097656
12412	0.097627
3277	0.097608
1611	0.097455
2157	0.097421
642	0.097406
10998	0.097395
10997	0.097395
968	0.097357
3047	0.097185
3487	0.097132
275	0.097079
9859	0.097032
774	0.096975
8953	0.096929
11486	0.096867
2263	0.096844
12720	0.096834
7666	0.096834
1848	0.096816
2062	0.096719
2041	0.096672
7135	0.096524
5299	0.096458
11612	0.096389
10142	0.096380
1653	0.096357
8423	0.096337
10046	0.096092
135	0.096016
1633	0.095984
3608	0.095978
11215	0.095933
12853	0.095919
2037	0.095908
2384	0.095850
10722	0.095728
12510	0.095693
13061	0.095656
10647	0.095638
13116	0.095522
5867	0.095456
12950	0.095435
12401	0.095431
11768	0.095419
11769	0.095400
11963	0.095300
11760	0.095288
3250	0.095286
2541	0.095202
13153	0.095183
10171	0.095183
10170	0.095183
13117	0.094977
130	0.094959
2910	0.094919
1283	0.094903
6563	0.094759
171	0.094747
3763	0.094689
1573	0.094619
4042	0.094554
6411	0.094526
12143	0.094514
5659	0.094458
4818	0.094418
14354	0.094417
13040	0.094322
13013	0.094302
12962	0.094302
4179	0.094155
10926	0.093911
1766	0.093861
9076	0.093835
5259	0.093827
9047	0.093766
1849	0.093658
6512	0.093653
6717	0.093653
864	0.093582
12749	0.093486
12748	0.093486
2252	0.093393
12899	0.093341
12508	0.093208
8312	0.093150
6281	0.093144
9043	0.093049
13027	0.093049
9049	0.093049
9048	0.093049
9046	0.093049
8420	0.093049
7027	0.093049
5216	0.093049
1800	0.093035
903	0.092877
3664	0.092873
525	0.092667
2048	0.092641
2859	0.092604
13038	0.092383
13037	0.092383
13826	0.092220
11159	0.092212
999	0.092156
10982	0.092147
12957	0.092088
9614	0.091980
7639	0.091954
11993	0.091844
1658	0.091813
12093	0.091810
7958	0.091662
7951	0.091618
4917	0.091583
13189	0.091581
13187	0.091581
9191	0.091565
10070	0.091474
11175	0.091455
11518	0.091403
2311	0.091374
12107	0.091321
5670	0.091280
5088	0.091234
13081	0.091193
13080	0.091193
13079	0.091193
13078	0.091193
13074	0.091193
13071	0.091193
13057	0.091193
13049	0.091193
13047	0.091193
13045	0.091193
13043	0.091193
13017	0.091193
12959	0.091193
12904	0.091193
7936	0.091193
6	0.091170
3798	0.091149
9050	0.091093
569	0.091090
3451	0.091084
277	0.091029
2722	0.090993
1642	0.090901
7949	0.090788
278	0.090629
5101	0.090547
3564	0.090474
5097	0.090411
9128	0.090392
6436	0.090374
6499	0.090320
10417	0.090278
10028	0.090245
13058	0.090157
7945	0.090157
2645	0.090150
6450	0.090130
10437	0.090129
5100	0.090074
6673	0.090044
12148	0.090039
7411	0.090039
13019	0.090016
12952	0.089927
12951	0.089927
12593	0.089852
11539	0.089829
10373	0.089805
2904	0.089795
2596	0.089763
2166	0.089681
8465	0.089680
9726	0.089634
13388	0.089632
13387	0.089632
4545	0.089591
4548	0.089479
8552	0.089407
14068	0.089342
11463	0.089321
11580	0.089283
11047	0.089248
9976	0.089193
11975	0.089137
4254	0.089057
11597	0.089030
4197	0.089001
4052	0.088999
5780	0.088995
5517	0.088932
718	0.088928
6887	0.088916
11683	0.088916
8054	0.088859
5760	0.088744
694	0.088734
5328	0.088703
146	0.088699
4712	0.088696
2150	0.088666
12208	0.088549
1939	0.088464
8231	0.088448
2079	0.088439
8232	0.088421
13181	0.088405
9495	0.088289
9147	0.088289
13435	0.088263
2059	0.088263
8929	0.088245
8206	0.088216
8205	0.088216
3008	0.088206
2057	0.088173
10263	0.088172
2067	0.088148
10561	0.088131
6529	0.088129
13664	0.088089
367	0.088081
3938	0.087996
5740	0.087982
5865	0.087979
9437	0.087966
12060	0.087924
11992	0.087903
808	0.087899
2063	0.087892
9777	0.087763
9776	0.087763
6106	0.087763
6107	0.087763
12165	0.087579
13438	0.087537
11485	0.087520
5215	0.087469
6880	0.087448
11516	0.087378
5196	0.087342
12776	0.087332
6131	0.087307
12500	0.087288
13676	0.087121
5690	0.087115
6130	0.087000
10128	0.086927
5692	0.086906
7650	0.086872
7096	0.086872
1767	0.086781
5111	0.086767
12499	0.086631
1068	0.086560
9608	0.086509
13389	0.086507
1651	0.086444
12695	0.086439
13077	0.086421
12895	0.086421
10513	0.086299
12874	0.086180
5089	0.086170
7762	0.086170
7710	0.086167
6922	0.086131
12426	0.086116
1070	0.086089
14063	0.086034
1426	0.086028
12854	0.085918
11493	0.085852
13724	0.085833
10313	0.085801
6631	0.085791
6188	0.085770
3761	0.085655
604	0.085614
9499	0.085575
9042	0.085545
94	0.085488
9691	0.085476
11173	0.085379
11247	0.085337
12109	0.085274
5948	0.085274
7394	0.085261
12536	0.085217
2137	0.085141
8797	0.085078
2293	0.084949
12850	0.084896
5783	0.084817
1483	0.084766
13635	0.084762
13548	0.084762
7081	0.084758
12411	0.084686
12595	0.084646
4056	0.084615
96	0.084543
1538	0.084513
5112	0.084512
10879	0.084492
3342	0.084486
1071	0.084469
12414	0.084460
13186	0.084441
11257	0.084426
5782	0.084279
1660	0.084221
7010	0.084079
4053	0.084012
8102	0.083882
1370	0.083861
4527	0.083855
11741	0.083834
2597	0.083759
2906	0.083632
10319	0.083511
12092	0.083468
7166	0.083448
10880	0.083425
10505	0.083399
1264	0.083208
5919	0.083188
14426	0.083185
14425	0.083185
14424	0.083185
14423	0.083185
14422	0.083185
14419	0.083185
7156	0.083158
6074	0.083044
387	0.083006
2770	0.082972
174	0.082953
896	0.082906
14167	0.082867
2226	0.082844
12590	0.082731
2318	0.082725
11398	0.082713
5074	0.082457
9019	0.082448
12530	0.082379
3730	0.082332
10953	0.082308
8003	0.082303
9927	0.082289
9896	0.082289
7208	0.082289
12860	0.082268
9108	0.082254
12859	0.082251
11013	0.082195
2667	0.082141
10927	0.082102
2139	0.082081
8983	0.082059
13788	0.082055
12848	0.082017
3407	0.081957
9599	0.081809
7260	0.081708
1638	0.081556
741	0.081553
3083	0.081516
802	0.081514
8207	0.081494
790	0.081493
1247	0.081453
1550	0.081426
7820	0.081399
365	0.081351
6700	0.081350
11554	0.081338
11401	0.081273
11399	0.081273
10441	0.081272
13140	0.081265
2400	0.081237
1290	0.081215
2288	0.081215
6252	0.081200
13959	0.081187
5619	0.081178
5147	0.081149
2915	0.081148
9109	0.081133
6174	0.081120
6763	0.081117
8391	0.081049
3087	0.081049
11540	0.081024
1637	0.081022
10892	0.081020
11534	0.081003
9946	0.080945
9875	0.080939
1195	0.080787
10048	0.080704
3569	0.080670
10423	0.080632
6629	0.080612
3581	0.080577
8080	0.080482
3651	0.080420
2143	0.080361
12732	0.080326
1385	0.080276
12587	0.080220
3790	0.080192
5249	0.080102
7523	0.080000
7388	0.079969
2503	0.079904
10597	0.079881
8051	0.079836
3312	0.079805
10516	0.079713
2983	0.079705
6523	0.079698
7875	0.079694
884	0.079679
12719	0.079672
7312	0.079567
364	0.079527
6123	0.079451
1072	0.079440
4257	0.079429
2961	0.079415
3217	0.079406
12666	0.079392
3079	0.079310
10636	0.079304
6012	0.079293
10005	0.079286
13717	0.079198
5897	0.079195
3294	0.079079
5490	0.079048
11226	0.079020
9996	0.079018
3983	0.078940
10392	0.078924
5254	0.078835
8401	0.078824
9747	0.078806
10463	0.078804
11151	0.078801
12656	0.078742
5483	0.078686
4582	0.078668
8229	0.078598
3492	0.078496
9115	0.078484
10949	0.078467
933	0.078458
9721	0.078410
7948	0.078410
7778	0.078410
7618	0.078410
7113	0.078410
405	0.078399
11515	0.078399
2214	0.078303
1639	0.078245
6413	0.078232
4262	0.078217
12506	0.078210
10915	0.078174
5200	0.078061
7268	0.078049
9282	0.078032
7975	0.077989
13825	0.077957
9844	0.077933
2909	0.077842
10674	0.077814
10875	0.077775
372	0.077773
5199	0.077769
1683	0.077759
9543	0.077747
12235	0.077675
11455	0.077637
11426	0.077637
1666	0.077627
3980	0.077625
12708	0.077549
13169	0.077542
13141	0.077542
12408	0.077530
9020	0.077514
9316	0.077430
11908	0.077357
6808	0.077352
12509	0.077307
10944	0.077289
2408	0.077273
12551	0.077259
10740	0.077199
5652	0.077170
11368	0.077084
2984	0.077068
13758	0.077053
12085	0.077014
9865	0.077006
12878	0.076977
1017	0.076974
6371	0.076941
35	0.076928
9015	0.076924
5072	0.076921
2912	0.076892
812	0.076870
6304	0.076866
7898	0.076837
11168	0.076833
11609	0.076832
6399	0.076784
10449	0.076742
10790	0.076651
4206	0.076633
11522	0.076583
1641	0.076565
11072	0.076498
9390	0.076464
10340	0.076446
7055	0.076419
2285	0.076325
5114	0.076319
800	0.076294
2044	0.076112
427	0.076088
6122	0.076077
4889	0.076063
6788	0.076059
12505	0.076050
9874	0.075988
4983	0.075982
2167	0.075898
9021	0.075830
5230	0.075822
10735	0.075787
6809	0.075679
6655	0.075631
11010	0.075628
11506	0.075626
10626	0.075623
11475	0.075595
2257	0.075565
11519	0.075561
7593	0.075537
4036	0.075454
5894	0.075368
11501	0.075296
10918	0.075290
7104	0.075269
12200	0.075267
10149	0.075264
3172	0.075216
5250	0.075177
10077	0.075154
10904	0.075152
150	0.075144
743	0.075087
2729	0.075042
10076	0.074966
10681	0.074920
10435	0.074878
5325	0.074805
3477	0.074805
11191	0.074740
863	0.074688
8551	0.074677
928	0.074674
13328	0.074658
1516	0.074644
2317	0.074638
12784	0.074589
6768	0.074501
1301	0.074459
1073	0.074441
873	0.074432
5049	0.074406
4819	0.074277
1491	0.074269
3248	0.074253
10609	0.074239
3787	0.074239
14109	0.074141
10736	0.074141
1000	0.074104
2707	0.074026
12809	0.073958
11315	0.073943
12515	0.073924
10738	0.073795
13185	0.073787
624	0.073769
2631	0.073748
477	0.073745
12806	0.073711
12513	0.073698
12785	0.073679
8397	0.073654
10902	0.073606
4222	0.073584
566	0.073559
938	0.073544
2867	0.073488
3254	0.073478
10033	0.073464
754	0.073453
5148	0.073442
6945	0.073425
2705	0.073411
10119	0.073405
4826	0.073273
10349	0.073223
782	0.073221
8513	0.073138
3865	0.073040
1298	0.073040
868	0.072997
12710	0.072989
1084	0.072968
1233	0.072965
12512	0.072902
368	0.072889
3883	0.072879
10552	0.072831
10406	0.072796
9013	0.072762
4655	0.072761
6432	0.072755
10131	0.072754
6626	0.072744
12439	0.072740
11362	0.072646
10476	0.072644
12542	0.072563
1576	0.072517
940	0.072468
10948	0.072459
1435	0.072454
4373	0.072453
12607	0.072444
11547	0.072420
714	0.072387
8678	0.072364
1863	0.072292
10478	0.072253
10531	0.072245
8068	0.072234
11107	0.072231
801	0.072220
4804	0.072148
3793	0.072111
5491	0.072096
3113	0.072080
3173	0.072079
2668	0.072078
1311	0.072069
7770	0.072017
862	0.071987
1695	0.071949
11779	0.071938
5536	0.071938
8928	0.071888
5697	0.071846
10486	0.071843
11132	0.071762
12337	0.071744
11727	0.071744
7668	0.071713
1770	0.071656
11675	0.071649
4933	0.071644
6648	0.071642
781	0.071611
4932	0.071598
775	0.071573
12209	0.071564
5875	0.071564
5627	0.071561
153	0.071554
32	0.071545
1779	0.071518
1608	0.071497
11610	0.071486
5323	0.071424
9125	0.071408
6535	0.071291
2903	0.071261
13802	0.071216
3335	0.071140
7233	0.071127
6129	0.071077
2462	0.071026
5485	0.070999
319	0.070994
14331	0.070974
14330	0.070974
12773	0.070956
10152	0.070947
625	0.070932
10407	0.070931
11037	0.070915
10167	0.070904
623	0.070902
7984	0.070901
4451	0.070856
11431	0.070854
9830	0.070827
9149	0.070826
412	0.070824
12818	0.070794
2897	0.070790
8945	0.070761
1028	0.070759
4640	0.070722
9375	0.070705
11035	0.070676
1186	0.070665
6847	0.070651
6387	0.070641
5872	0.070639
11125	0.070627
2070	0.070612
8930	0.070568
4218	0.070541
7137	0.070522
14011	0.070499
14010	0.070499
1476	0.070499
1474	0.070499
2163	0.070496
7609	0.070425
6879	0.070425
7645	0.070395
12122	0.070393
2684	0.070393
12660	0.070374
12594	0.070294
3764	0.070293
2220	0.070258
9084	0.070238
9857	0.070213
8204	0.070172
11880	0.070162
12727	0.070146
2153	0.070139
3792	0.070105
483	0.070048
2310	0.070035
12102	0.070033
1480	0.070029
9561	0.070008
2313	0.069990
12345	0.069990
12344	0.069990
8095	0.069990
1423	0.069971
2316	0.069924
1094	0.069900
5647	0.069867
2314	0.069865
2312	0.069865
7558	0.069862
7557	0.069862
11464	0.069727
11053	0.069712
12400	0.069706
11586	0.069706
13841	0.069686
9955	0.069656
