1334	0.443404
719	0.437956
173	0.298051
7940	0.293752
7513	0.285467
10053	0.280303
2421	0.277147
12024	0.272409
5390	0.272409
2771	0.272347
762	0.270085
5683	0.269654
9774	0.269514
6965	0.269514
1222	0.262655
4567	0.261911
4565	0.261911
5389	0.261166
1221	0.260881
8962	0.260852
8961	0.260852
3309	0.260852
712	0.259148
895	0.255554
6964	0.252478
8905	0.236482
2733	0.232469
8906	0.230609
2240	0.229891
720	0.227925
2760	0.224284
2237	0.222536
1499	0.218991
6348	0.214251
378	0.211965
12009	0.210923
11665	0.210923
379	0.206739
313	0.206105
3304	0.204524
6349	0.204373
6096	0.203373
2761	0.201628
605	0.199959
8904	0.198490
3137	0.197486
9808	0.194219
608	0.193276
12968	0.193176
6219	0.193176
5874	0.193176
2923	0.193176
2811	0.193060
13016	0.192900
2922	0.192900
2924	0.192858
2921	0.192858
11929	0.190403
5388	0.189623
11710	0.187468
1013	0.187468
9337	0.186880
3044	0.186567
2874	0.184670
4096	0.180874
581	0.178359
12071	0.177142
175	0.177142
172	0.176901
9418	0.176125
126	0.176070
6128	0.176019
907	0.171752
602	0.171703
5872	0.170517
380	0.169800
3305	0.169239
3302	0.169239
11953	0.168640
396	0.168155
3307	0.168088
3308	0.167812
4984	0.167490
180	0.165085
938	0.164820
9420	0.162121
1435	0.161675
722	0.160687
3025	0.160272
2317	0.160267
3051	0.160061
3043	0.158448
11777	0.157349
10823	0.156543
5947	0.156295
77	0.156283
12232	0.155990
2302	0.155961
12970	0.155735
1101	0.155627
1100	0.155627
13233	0.155488
3035	0.155296
1491	0.154467
4298	0.153562
4284	0.153562
4277	0.153562
4276	0.153562
4275	0.153562
3031	0.153497
13051	0.153410
5393	0.153161
2464	0.152842
134	0.152236
1530	0.149838
1948	0.149668
6227	0.149222
397	0.149125
9687	0.146991
11709	0.145633
6206	0.145633
3802	0.145240
3568	0.144351
6373	0.143361
987	0.143154
6962	0.142298
61	0.142243
6711	0.142029
3201	0.141665
3200	0.140748
2736	0.140419
9126	0.140227
1168	0.140156
6332	0.139653
12177	0.139605
5800	0.139428
2445	0.139307
9316	0.138879
8010	0.138743
1744	0.138730
137	0.138557
11891	0.138234
3055	0.138129
11842	0.138098
6486	0.138098
5050	0.138067
11843	0.137912
6998	0.137912
171	0.137729
12213	0.137558
3298	0.137133
13020	0.136871
13735	0.136294
13728	0.136294
13726	0.136294
3036	0.135978
7390	0.135734
4703	0.135233
7531	0.134783
9689	0.134696
3034	0.133106
562	0.133015
555	0.132999
2234	0.132973
4282	0.132151
74	0.131997
5614	0.131542
11724	0.131289
9008	0.131214
12898	0.131141
3519	0.131131
3033	0.130803
965	0.130626
9348	0.130384
6588	0.130312
12253	0.130114
12350	0.129891
12349	0.129719
11793	0.129252
7272	0.129243
3984	0.128240
247	0.128080
422	0.127938
1099	0.127446
233	0.127272
1753	0.126124
11894	0.126106
2747	0.126106
3530	0.125905
485	0.125418
3535	0.124892
4229	0.124832
6590	0.123621
8944	0.123434
92	0.122961
11604	0.122718
4570	0.122708
2362	0.122342
5275	0.121951
1083	0.121699
12082	0.121644
12367	0.121598
12097	0.121296
3188	0.121197
182	0.120364
3046	0.119818
2233	0.119260
4324	0.119170
9548	0.119084
11603	0.118570
14204	0.118133
9398	0.118100
12040	0.118099
4228	0.117995
4223	0.117995
3816	0.117995
9399	0.117961
8353	0.117961
752	0.117724
5056	0.117687
1143	0.116725
11740	0.115763
9936	0.115681
4227	0.115533
9937	0.115368
4771	0.115367
11848	0.115333
78	0.115286
106	0.114399
12302	0.114302
4773	0.114302
4772	0.114302
2859	0.113392
8381	0.113382
2361	0.112930
10930	0.112695
5619	0.112526
4578	0.112279
3032	0.111679
1225	0.111657
4381	0.111504
2433	0.111442
4732	0.111412
6323	0.110786
1434	0.110409
7014	0.109950
3719	0.109881
8250	0.109833
2763	0.109758
4300	0.109522
5394	0.109444
9444	0.109197
87	0.109101
2630	0.109021
6325	0.108790
5294	0.108653
3397	0.108433
549	0.108399
1042	0.108366
3709	0.108268
809	0.108038
401	0.107820
2236	0.107419
4164	0.107192
1828	0.107099
11804	0.106971
5079	0.106778
1681	0.106473
7369	0.106331
5782	0.106040
2910	0.105837
4846	0.105805
5841	0.105631
2226	0.105626
9865	0.105624
13674	0.105559
13411	0.105559
5093	0.105244
4549	0.104760
4278	0.104535
7537	0.104271
7503	0.104271
799	0.104005
1227	0.103948
56	0.103183
4251	0.102874
5244	0.102798
1906	0.102714
5671	0.102378
2529	0.102245
8779	0.102152
13227	0.102109
11928	0.102103
8501	0.102103
2779	0.102103
2756	0.102103
13272	0.102099
2786	0.102099
2782	0.102099
1505	0.102099
11927	0.102013
2759	0.102013
164	0.102003
6601	0.102000
8778	0.101817
5672	0.101532
11966	0.101316
4434	0.101193
3086	0.101055
169	0.100984
5801	0.100778
1234	0.100588
545	0.100539
13789	0.100439
8102	0.100231
6851	0.100105
12911	0.099944
5931	0.099902
5236	0.099791
11095	0.099704
4222	0.099690
8973	0.099553
8968	0.099553
8967	0.099553
8948	0.099553
10575	0.099371
11693	0.099321
5464	0.099321
12113	0.099290
12445	0.099249
13991	0.099002
12444	0.098980
5194	0.098803
11809	0.098736
5914	0.098372
5963	0.098033
5757	0.097904
6985	0.097730
14025	0.097401
11360	0.097199
8347	0.097091
12196	0.096865
6898	0.096746
6567	0.096633
3786	0.096622
948	0.096520
4488	0.096479
5387	0.096474
14328	0.096443
10533	0.096361
12845	0.096038
1689	0.095974
13371	0.095961
2380	0.095935
1307	0.095934
6291	0.095787
10708	0.095682
2285	0.095627
435	0.095615
7147	0.095598
14129	0.095485
9474	0.095422
6961	0.095422
5257	0.095300
11855	0.095296
252	0.095292
2447	0.095222
4583	0.095203
13840	0.095197
7043	0.095129
1668	0.095033
6	0.094918
4397	0.094877
2231	0.094845
5657	0.094748
13264	0.094698
14138	0.094663
1958	0.094600
551	0.094569
2411	0.094481
5803	0.094304
2734	0.094233
6593	0.094184
14228	0.094163
5849	0.094045
721	0.093963
6428	0.093590
6427	0.093590
6425	0.093575
5911	0.093495
12188	0.093362
138	0.093249
914	0.093105
13278	0.093010
6016	0.092688
8249	0.092640
484	0.092609
6322	0.092601
1563	0.092520
1752	0.092449
9268	0.092409
8974	0.092384
4271	0.092321
4756	0.092053
7115	0.092001
9040	0.091831
9727	0.091651
12311	0.091531
4183	0.091527
11676	0.091342
2274	0.091338
1321	0.091264
9557	0.090995
5139	0.090575
2776	0.090363
1964	0.089964
103	0.089855
5907	0.089850
9088	0.089812
222	0.089791
8511	0.089612
12366	0.089563
6634	0.089563
6633	0.089563
6769	0.089553
3903	0.089509
4230	0.089467
4694	0.089423
10506	0.089418
1045	0.089418
12274	0.089064
8236	0.089064
8235	0.089064
6980	0.089064
6953	0.089064
298	0.089064
12955	0.089051
1852	0.088942
10861	0.088922
5910	0.088919
7053	0.088866
5078	0.088673
9686	0.088562
6886	0.088529
12305	0.088387
3223	0.088322
8471	0.088082
12263	0.087972
4682	0.087972
2635	0.087834
6094	0.087808
5162	0.087690
11827	0.087471
3159	0.087471
3748	0.087290
1253	0.087266
6095	0.087191
4335	0.087128
2783	0.087002
2737	0.086957
13841	0.086692
7741	0.086609
4526	0.086574
13119	0.086450
6091	0.086448
6090	0.086448
6089	0.086430
11923	0.086365
1742	0.086194
5262	0.086104
13660	0.086002
4301	0.085954
3790	0.085767
2785	0.085730
1046	0.085502
7743	0.085501
7742	0.085501
143	0.085309
5909	0.085262
1373	0.085028
6460	0.084983
10194	0.084862
6585	0.084796
11963	0.084687
13778	0.084643
231	0.084622
10193	0.084587
2870	0.084388
5737	0.084195
8234	0.083980
5289	0.083874
12131	0.083735
2641	0.083735
2640	0.083735
1738	0.083609
3901	0.083591
1747	0.083579
1570	0.083558
239	0.083383
4851	0.082870
1082	0.082785
184	0.082735
1895	0.082505
140	0.082498
2758	0.082194
3160	0.082137
3061	0.081632
823	0.081624
3642	0.081500
4834	0.081421
6317	0.081400
3039	0.081215
2378	0.081019
5243	0.080993
9419	0.080885
3666	0.080866
4274	0.080755
4615	0.080755
4556	0.080741
3052	0.080739
2517	0.080682
12285	0.080670
4219	0.080664
2863	0.080645
4949	0.080627
5685	0.080319
11422	0.080243
9440	0.080221
4160	0.080212
11943	0.080077
5246	0.080077
2488	0.080006
2909	0.079980
1180	0.079927
3887	0.079902
11803	0.079683
11696	0.079555
6207	0.079555
13231	0.079465
1266	0.079382
5537	0.079353
243	0.079174
4624	0.079167
1444	0.079140
9741	0.079139
3310	0.079139
12275	0.079126
186	0.079094
1905	0.079052
3424	0.079037
12006	0.078970
2363	0.078861
5392	0.078606
162	0.078340
2424	0.078237
1068	0.078188
3311	0.078177
10154	0.078131
3331	0.078054
10713	0.077936
11655	0.077922
5349	0.077827
2864	0.077768
6553	0.077740
4210	0.077740
3899	0.077737
2365	0.077533
2751	0.077523
3021	0.077430
1090	0.077406
7051	0.077378
2632	0.077322
1089	0.077217
2374	0.077209
6552	0.077000
10436	0.076896
3556	0.076765
2593	0.076764
5908	0.076742
3314	0.076563
2360	0.076547
631	0.076472
3128	0.076466
3121	0.076466
3048	0.076466
2624	0.076466
2303	0.076464
11996	0.076305
5127	0.076266
4233	0.076249
9735	0.076201
2394	0.076125
2458	0.076109
2590	0.076025
9775	0.075884
3071	0.075825
3054	0.075816
9757	0.075735
2457	0.075633
80	0.075530
2311	0.075453
1636	0.075395
3386	0.075394
14220	0.075385
4032	0.075203
6635	0.075091
1281	0.075033
9198	0.074980
2895	0.074971
3366	0.074931
1209	0.074800
3288	0.074716
10748	0.074658
9834	0.074658
3350	0.074601
12223	0.074579
6250	0.074549
1226	0.074538
2896	0.073911
13852	0.073795
166	0.073794
1102	0.073737
6252	0.073648
2235	0.073607
460	0.073476
839	0.073446
11903	0.073435
1091	0.073435
1165	0.073397
8028	0.073364
12027	0.073288
1223	0.073229
4586	0.073130
12126	0.073125
11805	0.073119
105	0.072866
791	0.072857
1432	0.072838
3192	0.072729
3329	0.072611
10702	0.072496
5913	0.072205
9324	0.072196
89	0.072072
11972	0.071744
2854	0.071744
1758	0.071711
2746	0.071640
2588	0.071614
3351	0.071548
10596	0.071533
3607	0.071494
12048	0.071393
815	0.071360
11893	0.071354
1594	0.071039
8969	0.070843
502	0.070788
4109	0.070780
3040	0.070694
679	0.070672
2270	0.070582
12025	0.070526
2893	0.070526
12028	0.070524
718	0.070457
11909	0.070447
1206	0.070428
6677	0.070373
1174	0.070177
1850	0.069920
709	0.069904
3757	0.069874
2073	0.069728
911	0.069391
3190	0.069375
5470	0.069368
7803	0.069325
97	0.069285
5117	0.069224
13859	0.069224
170	0.069202
5714	0.069122
2920	0.069081
3832	0.069053
845	0.069002
11921	0.068982
2368	0.068918
2768	0.068908
1376	0.068906
93	0.068851
147	0.068836
11657	0.068722
2621	0.068661
2891	0.068659
6721	0.068642
3398	0.068529
2432	0.068527
72	0.068502
2438	0.068459
1814	0.068447
4467	0.068305
9706	0.068257
3604	0.068246
2296	0.068172
8956	0.068158
8955	0.068158
3287	0.068098
9061	0.068054
9060	0.068054
5715	0.068054
2565	0.068054
131	0.068036
6513	0.068031
5442	0.067963
9265	0.067873
805	0.067867
3272	0.067705
71	0.067662
12175	0.067652
253	0.067632
249	0.067450
3542	0.067320
250	0.067307
1208	0.067167
2413	0.067131
4577	0.067124
4575	0.067124
3038	0.067031
559	0.066854
763	0.066786
155	0.066782
1391	0.066718
4255	0.066695
1825	0.066688
3615	0.066587
1593	0.066530
6197	0.066482
11975	0.066478
728	0.066375
13222	0.066284
6599	0.066195
2523	0.066092
10021	0.066057
9731	0.066015
8246	0.065924
6602	0.065910
2687	0.065869
13175	0.065829
2749	0.065804
382	0.065744
3932	0.065270
13973	0.065260
4534	0.065063
3891	0.065047
11758	0.064980
9041	0.064979
468	0.064957
2897	0.064933
11990	0.064812
1716	0.064812
2985	0.064811
13999	0.064767
5005	0.064767
837	0.064660
5635	0.064577
2757	0.064566
9563	0.064533
3782	0.064494
3506	0.064485
12264	0.064267
2420	0.064231
9073	0.064200
139	0.064158
4293	0.064140
248	0.064116
2431	0.064044
5015	0.063933
4825	0.063910
6839	0.063818
11926	0.063686
5869	0.063678
12174	0.063490
99	0.063470
3776	0.063437
8853	0.063407
12026	0.063377
3336	0.063330
6881	0.063309
6950	0.063305
7486	0.063292
9009	0.063287
8260	0.063287
2435	0.063258
79	0.063249
1093	0.063133
3547	0.063129
5460	0.063075
1915	0.063065
7779	0.063059
6271	0.062978
11637	0.062950
13412	0.062891
12365	0.062884
6931	0.062879
2894	0.062806
6047	0.062780
9327	0.062699
3023	0.062696
6509	0.062665
2775	0.062564
2866	0.062555
254	0.062486
13936	0.062424
2947	0.062384
6932	0.062331
4211	0.062330
3303	0.062320
3037	0.062319
1526	0.062312
2925	0.062308
13845	0.062249
8371	0.062249
8261	0.062187
7706	0.062185
9054	0.062180
1521	0.062141
7154	0.062137
9279	0.062108
3028	0.062093
10894	0.061985
9539	0.061877
1308	0.061869
1854	0.061831
2656	0.061780
2007	0.061774
9540	0.061767
1933	0.061740
398	0.061728
9328	0.061712
2974	0.061663
6046	0.061657
153	0.061611
5826	0.061584
299	0.061414
2986	0.061345
7222	0.061259
9957	0.061246
13918	0.061244
2905	0.061120
4550	0.060898
10802	0.060894
3722	0.060847
149	0.060636
4574	0.060544
4809	0.060541
3053	0.060540
3300	0.060515
8899	0.060361
10870	0.060336
7549	0.060286
1842	0.060285
5322	0.060251
3557	0.060115
4441	0.060041
13937	0.060031
1255	0.060015
2898	0.060001
7184	0.059908
3237	0.059903
1980	0.059881
1272	0.059877
5107	0.059794
1328	0.059661
5607	0.059533
264	0.059511
4226	0.059347
6201	0.059309
4630	0.059286
1200	0.059265
4073	0.059219
1577	0.059032
12493	0.059029
8514	0.059027
8505	0.059027
10546	0.059026
3049	0.058955
9302	0.058941
7714	0.058939
766	0.058884
1827	0.058863
12374	0.058779
5802	0.058754
12919	0.058742
423	0.058737
150	0.058681
3775	0.058616
4585	0.058588
9011	0.058559
13732	0.058552
5609	0.058513
234	0.058339
1800	0.058331
8609	0.058331
1302	0.058205
4391	0.058171
5727	0.058087
2808	0.058024
1301	0.058006
6003	0.057994
142	0.057911
9401	0.057908
4594	0.057867
3195	0.057704
5868	0.057698
5116	0.057696
9074	0.057642
348	0.057633
730	0.057587
2526	0.057441
2988	0.057432
3199	0.057395
2563	0.057388
480	0.057297
3699	0.057279
12156	0.057205
8201	0.057205
3501	0.057205
4254	0.057191
3502	0.057188
1148	0.057038
14142	0.057024
7637	0.057024
7636	0.057024
5825	0.057024
5382	0.056972
4068	0.056897
4673	0.056795
10404	0.056752
1675	0.056633
636	0.056601
9827	0.056549
7986	0.056538
716	0.056481
3392	0.056469
4796	0.056354
7734	0.056230
846	0.056189
6770	0.056166
7694	0.056079
2766	0.055992
14017	0.055917
7914	0.055917
13643	0.055896
13642	0.055896
13590	0.055896
10703	0.055891
6183	0.055878
4536	0.055701
1501	0.055683
2454	0.055604
1508	0.055568
12022	0.055542
765	0.055542
7468	0.055503
2967	0.055503
12290	0.055495
6331	0.055495
177	0.055422
2778	0.055412
9077	0.055367
81	0.055303
3567	0.055255
9726	0.055248
5719	0.055165
11613	0.055163
11824	0.055157
8361	0.055140
1166	0.055137
3700	0.055063
1533	0.055038
3840	0.055027
5787	0.055009
1960	0.054931
7514	0.054872
7489	0.054834
7556	0.054811
6434	0.054811
5386	0.054714
10719	0.054651
5370	0.054622
4224	0.054601
11443	0.054590
11369	0.054590
6439	0.054557
4110	0.054516
1287	0.054454
2853	0.054321
2044	0.054219
10130	0.054155
