1030	0.163823
11989	0.152543
2600	0.149336
2097	0.146372
876	0.145497
2107	0.144628
2182	0.138433
498	0.136489
2110	0.131747
2708	0.131325
13265	0.130495
7774	0.130359
5641	0.130359
5642	0.130344
11658	0.129951
5347	0.129865
2105	0.128869
2962	0.125600
633	0.125122
8864	0.124810
8863	0.124810
8583	0.124810
8124	0.124810
7904	0.124810
7903	0.124810
7902	0.124810
7901	0.124810
7900	0.124810
7899	0.124810
7897	0.124810
7896	0.124810
7895	0.124810
6838	0.124777
7526	0.124768
2267	0.123385
6395	0.120682
5546	0.117967
874	0.117393
10098	0.116082
10097	0.114335
2118	0.112985
2709	0.112489
2109	0.112462
8773	0.109377
6621	0.109377
8531	0.109149
6618	0.109024
3636	0.109009
221	0.107918
1119	0.107867
1120	0.107704
13247	0.106756
3902	0.105940
352	0.105429
5916	0.104876
6695	0.104249
9623	0.104171
13394	0.102865
11679	0.102781
304	0.102471
3209	0.102081
6482	0.101979
1952	0.100800
7295	0.100667
13054	0.099167
11902	0.098812
1861	0.098763
5346	0.098695
9356	0.098500
13449	0.098207
2117	0.098041
11987	0.096731
7828	0.096154
13076	0.095686
7676	0.094071
7453	0.094055
2119	0.093689
5918	0.092883
11988	0.092586
8634	0.092375
9231	0.092373
3212	0.092272
6017	0.091655
9503	0.090864
7920	0.090701
1111	0.089380
1132	0.089049
4824	0.088783
9215	0.088748
2828	0.088676
9200	0.088377
4216	0.087849
2188	0.087695
9218	0.087675
2968	0.087658
586	0.087068
8635	0.086987
9210	0.086859
492	0.086569
2116	0.086458
5555	0.086295
487	0.086010
12010	0.085903
10018	0.085853
9610	0.085808
7400	0.085037
9462	0.084967
51	0.084651
12670	0.084576
351	0.084495
1118	0.084359
2	0.084314
6117	0.083665
4169	0.083642
8671	0.083597
9235	0.083590
9230	0.083590
9228	0.083590
9225	0.083590
9224	0.083590
9221	0.083590
9219	0.083590
9214	0.083590
9213	0.083590
9211	0.083590
9209	0.083590
9208	0.083590
9206	0.083590
9193	0.083590
8807	0.083590
8679	0.083590
8677	0.083590
8675	0.083590
8674	0.083590
8673	0.083590
8670	0.083590
8637	0.083590
8633	0.083590
8631	0.083590
8610	0.083590
8591	0.083590
8539	0.083590
8538	0.083590
8537	0.083590
8536	0.083590
8529	0.083590
8526	0.083590
8525	0.083590
8632	0.083590
6443	0.083525
9204	0.083433
8592	0.083433
4865	0.083425
12281	0.083288
6619	0.083288
6393	0.083275
2522	0.082726
12414	0.082502
3940	0.082497
11968	0.081807
949	0.081807
11858	0.081439
9439	0.081147
2114	0.081066
2052	0.080670
1419	0.080616
8636	0.080596
2952	0.080563
11733	0.080127
13448	0.080083
12357	0.079941
9436	0.079848
11178	0.079723
12403	0.079593
991	0.079202
4977	0.079164
9613	0.078397
9202	0.078216
3957	0.078134
9612	0.078132
11737	0.077954
2128	0.077815
977	0.077777
10800	0.077437
10110	0.077396
331	0.077360
9226	0.077063
9217	0.077063
8534	0.077063
7827	0.077038
9775	0.076913
7207	0.076898
4976	0.076879
333	0.076860
1109	0.076800
14290	0.076747
8530	0.076551
3960	0.076445
3956	0.076445
6689	0.076151
6967	0.076151
8329	0.076129
7131	0.076126
8584	0.075644
9220	0.075613
8938	0.075546
5500	0.075381
2185	0.075379
9317	0.075339
9177	0.075275
4416	0.075244
7114	0.075196
6380	0.075164
4709	0.075093
5915	0.074735
2280	0.074732
8980	0.074706
8978	0.074706
8977	0.074706
8976	0.074706
8940	0.074706
3907	0.074627
9393	0.074582
268	0.074538
7642	0.074396
6191	0.074037
9307	0.074006
9170	0.073939
9578	0.073938
2111	0.073923
6302	0.073845
6267	0.073845
7261	0.073715
5033	0.073706
781	0.073441
9633	0.073419
9630	0.073419
9628	0.073419
9626	0.073419
9625	0.073419
9624	0.073419
9622	0.073419
9621	0.073419
9620	0.073419
9619	0.073419
9618	0.073419
9615	0.073419
9482	0.073419
2981	0.073386
5219	0.073328
354	0.073283
4262	0.073125
4045	0.073070
13500	0.072699
3778	0.072597
5745	0.072533
227	0.072522
6732	0.072292
4839	0.072008
13665	0.071833
1420	0.071752
4112	0.071726
4113	0.071669
716	0.071569
4660	0.071559
683	0.071417
2093	0.071373
5034	0.071349
2523	0.071223
2950	0.071144
6806	0.071018
2203	0.070988
877	0.070857
2821	0.070774
7767	0.070763
13026	0.070689
8312	0.070642
5746	0.070638
7715	0.070552
7195	0.070483
7193	0.070483
5245	0.070424
7772	0.070363
11818	0.070363
4667	0.069897
11800	0.069762
1232	0.069688
1229	0.069688
10723	0.069666
11212	0.069451
5354	0.069333
7468	0.069239
2967	0.069239
4538	0.069220
8565	0.069121
2996	0.069026
6077	0.068878
4671	0.068815
4669	0.068815
2990	0.068797
7420	0.068732
7379	0.068676
3934	0.068608
9606	0.068471
316	0.068463
461	0.068434
13545	0.068314
2954	0.068284
4670	0.068257
1835	0.068182
2965	0.068132
4175	0.067825
9347	0.067824
14303	0.067773
14302	0.067773
14301	0.067773
14300	0.067773
14299	0.067773
2181	0.067688
7167	0.067534
997	0.067468
2113	0.067188
12069	0.066932
6987	0.066919
14162	0.066881
875	0.066782
14342	0.066773
2605	0.066464
1231	0.066452
8676	0.066375
881	0.066314
6217	0.066226
6623	0.066170
9357	0.066160
1889	0.066142
2442	0.066135
4832	0.066127
4176	0.066118
12276	0.066100
14263	0.066100
14002	0.066100
14001	0.066100
14000	0.066100
13998	0.066100
13996	0.066100
6666	0.066100
5064	0.066100
4854	0.066100
4852	0.066100
5925	0.065901
8910	0.065855
645	0.065757
35	0.065716
1950	0.065695
699	0.065684
2612	0.065610
10839	0.065591
2189	0.065544
5924	0.065518
5920	0.065518
12030	0.065473
4118	0.065262
578	0.065077
2453	0.065072
10838	0.065022
6971	0.064980
861	0.064973
469	0.064937
8099	0.064883
10031	0.064844
11798	0.064836
13552	0.064836
13511	0.064836
13507	0.064836
6731	0.064829
7913	0.064670
5968	0.064670
470	0.064670
13131	0.064641
4111	0.064606
2881	0.064597
5189	0.064595
5788	0.064530
9415	0.064528
8851	0.064528
8850	0.064528
9120	0.064526
7507	0.064475
1044	0.064455
3952	0.064418
6472	0.064396
7686	0.064270
2129	0.064179
10511	0.064046
9237	0.064020
6663	0.063763
8922	0.063730
2845	0.063714
11904	0.063682
6758	0.063661
12310	0.063648
5183	0.063461
7182	0.063413
7942	0.063221
9207	0.062946
9205	0.062946
8528	0.062946
3478	0.062915
1133	0.062860
12063	0.062724
9152	0.062671
5967	0.062656
3774	0.062490
8090	0.062437
2847	0.062437
2843	0.062437
2839	0.062437
8661	0.062427
6305	0.062392
9797	0.062327
2579	0.062317
2191	0.062278
10356	0.062272
13030	0.062268
1734	0.062191
2840	0.062068
2102	0.062057
3973	0.062042
4037	0.062041
11077	0.062006
6889	0.061954
1953	0.061915
1954	0.061915
2108	0.061833
4778	0.061825
4537	0.061797
4873	0.061789
1905	0.061781
9201	0.061754
2186	0.061733
9098	0.061708
2979	0.061668
9957	0.061653
4672	0.061485
3741	0.061193
13997	0.061162
14233	0.061108
1136	0.061108
5425	0.061012
12873	0.060969
9053	0.060907
9052	0.060907
9051	0.060907
2124	0.060885
7553	0.060863
4383	0.060848
5375	0.060773
456	0.060748
2892	0.060735
713	0.060635
11903	0.060622
4668	0.060597
9121	0.060584
9112	0.060584
13574	0.060446
12219	0.060434
8625	0.060430
10456	0.060382
8792	0.060348
6055	0.060348
5045	0.060345
8572	0.060303
8569	0.060303
8568	0.060303
888	0.060241
4659	0.060190
5413	0.060079
10776	0.060062
5748	0.060050
1951	0.060012
1836	0.060006
5591	0.059992
589	0.059972
5299	0.059966
1228	0.059936
11646	0.059927
4661	0.059872
8293	0.059856
2206	0.059830
7239	0.059682
5142	0.059621
5477	0.059577
8875	0.059551
12908	0.059541
9411	0.059541
2208	0.059540
1236	0.059540
9412	0.059539
5291	0.059523
11556	0.059516
6406	0.059498
9611	0.059486
3360	0.059449
3375	0.059369
11233	0.059300
9381	0.059300
2773	0.059258
4596	0.059222
13517	0.059203
11914	0.059199
5697	0.059185
12283	0.059156
9942	0.059130
9931	0.059130
9930	0.059130
9921	0.059130
9901	0.059130
9899	0.059130
9895	0.059130
9866	0.059130
9836	0.059130
9832	0.059130
9810	0.059130
9698	0.059130
9636	0.059130
9570	0.059130
9299	0.059130
6127	0.059066
14427	0.058901
8615	0.058822
7856	0.058714
353	0.058684
465	0.058664
2841	0.058662
115	0.058589
8604	0.058535
12250	0.058453
11065	0.058359
1743	0.058319
3977	0.058287
116	0.058141
3170	0.058047
9770	0.058026
1127	0.058017
11019	0.057937
1400	0.057853
370	0.057775
6533	0.057730
8570	0.057657
12125	0.057655
6216	0.057607
7730	0.057567
7445	0.057567
7444	0.057567
7175	0.057567
7080	0.057567
1115	0.057522
2820	0.057512
6501	0.057492
6616	0.057485
1121	0.057480
4850	0.057475
7958	0.057469
6636	0.057466
9192	0.057435
11813	0.057412
4632	0.057273
7511	0.057182
12252	0.057085
9538	0.057075
10186	0.057062
6225	0.057058
404	0.057047
6405	0.057046
4396	0.057046
225	0.057002
6255	0.056989
3638	0.056980
4542	0.056931
2958	0.056796
8714	0.056792
4848	0.056787
9361	0.056779
879	0.056632
2542	0.056631
11226	0.056582
6303	0.056527
3506	0.056505
3538	0.056505
4849	0.056477
1403	0.056470
3507	0.056467
10469	0.056393
11618	0.056335
4363	0.056302
3905	0.056291
38	0.056251
6407	0.056095
700	0.055882
5013	0.055692
12525	0.055572
12909	0.055376
13693	0.055372
12093	0.055357
1094	0.055340
2064	0.055320
8207	0.055281
9413	0.055258
7955	0.055232
9674	0.055215
2170	0.055178
9024	0.055150
9023	0.055150
9022	0.055150
8949	0.055150
7560	0.055142
7101	0.055077
6473	0.055059
2599	0.055021
1673	0.055017
3539	0.054962
686	0.054858
823	0.054771
11977	0.054712
1285	0.054630
2944	0.054579
609	0.054518
10226	0.054485
6294	0.054365
3841	0.054311
14186	0.054253
9520	0.054252
11781	0.054240
5184	0.054177
8398	0.054162
4399	0.054088
12041	0.054041
14209	0.054012
2827	0.053991
7178	0.053925
2168	0.053870
6102	0.053800
11638	0.053800
5747	0.053775
5186	0.053760
120	0.053755
10694	0.053740
8619	0.053557
5433	0.053557
3604	0.053512
2115	0.053491
2176	0.053477
13013	0.053444
12962	0.053444
14052	0.053443
10065	0.053443
5650	0.053430
11616	0.053429
4648	0.053429
4643	0.053429
9168	0.053412
6834	0.053376
7713	0.053367
9609	0.053352
9580	0.053352
2120	0.053326
1402	0.053320
2207	0.053308
3773	0.053284
14003	0.053196
14226	0.053193
14225	0.053193
13873	0.053193
13872	0.053193
13871	0.053193
13870	0.053193
8437	0.053193
8435	0.053193
8434	0.053193
329	0.053120
330	0.053106
12300	0.053105
8997	0.053052
4998	0.053047
6464	0.052856
6463	0.052856
4116	0.052814
4922	0.052792
7422	0.052644
4404	0.052561
12915	0.052546
12914	0.052546
118	0.052481
12141	0.052463
782	0.052398
2955	0.052371
2953	0.052371
1833	0.052367
1237	0.052340
9338	0.052312
4838	0.052294
2104	0.052283
7306	0.052264
8092	0.052251
3735	0.052171
8319	0.052125
2452	0.052069
13199	0.052057
13198	0.052057
4725	0.052053
11121	0.052034
13926	0.052009
10475	0.051982
4394	0.051980
13569	0.051927
12338	0.051918
13144	0.051897
588	0.051853
6697	0.051815
323	0.051766
9124	0.051715
596	0.051676
13355	0.051660
10337	0.051624
5059	0.051577
4944	0.051519
4943	0.051519
14004	0.051468
4866	0.051468
117	0.051458
3383	0.051386
13994	0.051245
7931	0.051245
7381	0.051228
6920	0.051228
4231	0.051225
4406	0.051165
9311	0.051162
12954	0.051104
11817	0.051102
6990	0.051102
13749	0.051070
2535	0.051015
1265	0.051006
11234	0.050958
7240	0.050917
4946	0.050896
5035	0.050854
1986	0.050843
119	0.050789
9717	0.050752
4144	0.050739
13012	0.050700
13004	0.050700
4165	0.050652
13928	0.050599
13036	0.050595
8965	0.050575
2112	0.050557
9058	0.050543
6701	0.050543
3739	0.050501
6101	0.050463
7414	0.050458
5829	0.050455
7457	0.050446
1756	0.050366
11835	0.050326
4409	0.050326
5770	0.050323
122	0.050304
11964	0.050303
4090	0.050277
13881	0.050247
8964	0.050247
8063	0.050247
9917	0.050212
4758	0.050208
12237	0.050165
7202	0.050061
488	0.050056
9099	0.050002
12764	0.049983
314	0.049965
2594	0.049934
4855	0.049922
13945	0.049921
12756	0.049919
7881	0.049867
10916	0.049829
8248	0.049794
771	0.049772
3745	0.049765
332	0.049759
3596	0.049749
12053	0.049747
2532	0.049696
4121	0.049653
10192	0.049641
10184	0.049641
6317	0.049607
7872	0.049474
8352	0.049472
8351	0.049472
2957	0.049472
2956	0.049472
5024	0.049453
3320	0.049439
254	0.049439
3227	0.049410
13706	0.049398
13738	0.049395
13731	0.049395
4106	0.049393
9953	0.049370
14410	0.049367
14409	0.049367
14408	0.049367
7919	0.049367
14433	0.049347
12836	0.049325
12824	0.049325
10330	0.049308
6528	0.049294
11624	0.049209
3341	0.049180
6761	0.049158
6804	0.049120
4509	0.049090
13707	0.049067
11852	0.049050
5815	0.048901
5830	0.048871
335	0.048852
334	0.048852
327	0.048852
305	0.048852
302	0.048852
8436	0.048810
11739	0.048731
6530	0.048721
12687	0.048671
6908	0.048611
13850	0.048572
9840	0.048559
10739	0.048537
10788	0.048537
10777	0.048537
10759	0.048537
1838	0.048535
4595	0.048532
13363	0.048507
7889	0.048505
5012	0.048444
12462	0.048425
10685	0.048425
882	0.048362
14283	0.048354
9870	0.048338
705	0.048324
6157	0.048263
3587	0.048211
6149	0.048204
4377	0.048190
11998	0.048171
4450	0.048162
5030	0.048158
4105	0.048073
8892	0.048013
1126	0.047982
2813	0.047980
4857	0.047970
5649	0.047885
10559	0.047805
6781	0.047711
13028	0.047710
13360	0.047708
6430	0.047635
1123	0.047635
2172	0.047609
13374	0.047592
13373	0.047592
6896	0.047590
8109	0.047530
10534	0.047483
13815	0.047459
251	0.047450
9199	0.047444
12074	0.047406
2096	0.047400
6134	0.047321
10045	0.047296
5268	0.047273
2518	0.047250
3193	0.047209
9195	0.047123
10740	0.047122
86	0.047111
5026	0.047101
5027	0.047101
2363	0.047078
303	0.047062
6895	0.047051
3784	0.047029
6771	0.046980
9139	0.046969
4349	0.046929
11712	0.046925
8468	0.046906
2978	0.046906
2977	0.046906
9909	0.046896
311	0.046870
9223	0.046867
2380	0.046824
6377	0.046814
1235	0.046781
1040	0.046778
9269	0.046713
3314	0.046669
6741	0.046665
2817	0.046646
4646	0.046636
9534	0.046619
9533	0.046619
9529	0.046619
9509	0.046619
837	0.046608
8314	0.046552
5898	0.046551
3666	0.046450
3598	0.046439
10920	0.046398
2812	0.046383
10076	0.046370
10077	0.046362
4755	0.046356
14407	0.046352
11055	0.046350
11298	0.046311
10994	0.046311
6881	0.046287
11072	0.046276
6841	0.046273
1097	0.046263
2699	0.046260
10841	0.046252
3203	0.046248
5768	0.046209
9212	0.046163
13116	0.046145
9423	0.046133
1131	0.046121
12002	0.046119
11365	0.046096
11270	0.046096
10957	0.046096
7144	0.046096
12279	0.046070
11825	0.046070
6270	0.046070
6269	0.046070
1897	0.046056
3536	0.046040
5514	0.046031
1238	0.045889
6699	0.045846
2103	0.045824
13533	0.045782
13532	0.045782
13531	0.045782
6835	0.045780
2248	0.045760
2598	0.045745
10127	0.045743
2970	0.045735
8503	0.045725
6913	0.045718
4787	0.045695
7288	0.045685
2889	0.045685
7699	0.045666
1956	0.045645
295	0.045623
3427	0.045571
10642	0.045472
4301	0.045465
6525	0.045450
8246	0.045450
306	0.045428
9702	0.045415
5032	0.045413
11678	0.045387
2424	0.045378
7894	0.045371
9484	0.045354
9483	0.045354
9593	0.045329
9605	0.045315
4511	0.045283
