5999	0.285140
5998	0.285140
10912	0.285012
412	0.283653
8921	0.282366
522	0.280248
794	0.271951
9724	0.256449
10581	0.254535
10108	0.253338
3155	0.248915
3499	0.236118
8920	0.227635
10312	0.215481
10384	0.212266
11003	0.212179
11005	0.211975
11144	0.211735
10633	0.211735
530	0.209215
400	0.209215
399	0.201466
521	0.197886
3825	0.193677
1778	0.184873
531	0.183548
11004	0.182033
6680	0.181318
11377	0.181198
1433	0.172411
10500	0.171378
11281	0.170139
12623	0.165675
7385	0.165577
10203	0.160861
9016	0.160714
10671	0.159939
12015	0.159092
3826	0.158743
2332	0.158270
10682	0.157649
14072	0.156609
12322	0.156400
3991	0.156074
7670	0.156066
13089	0.156051
12270	0.156022
9986	0.155676
9486	0.153440
8907	0.153038
520	0.152944
12635	0.151824
10722	0.151482
4322	0.151213
12502	0.146132
3822	0.145398
402	0.140990
525	0.139138
2266	0.138837
787	0.137524
10871	0.136349
10437	0.136308
13639	0.135660
10092	0.134474
4349	0.133744
7286	0.133679
10200	0.133531
869	0.131818
1922	0.131738
1370	0.131490
536	0.130732
14222	0.130247
13866	0.130247
2487	0.130117
10739	0.128633
10788	0.128633
10777	0.128633
10759	0.128633
12654	0.128506
5343	0.128251
2485	0.126518
6418	0.126504
13618	0.126111
13419	0.126111
6840	0.126111
10450	0.125815
6632	0.125373
3312	0.125253
6134	0.124923
5518	0.124442
10212	0.124370
4119	0.124203
9809	0.124191
6652	0.124066
5047	0.123296
6653	0.122749
2252	0.122435
3242	0.122382
11035	0.122186
10939	0.121726
528	0.121184
9790	0.121080
11094	0.120122
11544	0.119732
10369	0.119588
1202	0.119570
11723	0.118852
10881	0.118558
11102	0.117700
12516	0.117384
11491	0.117325
5220	0.117022
12426	0.116965
10264	0.115856
5259	0.115413
9927	0.115340
9896	0.115340
7208	0.115340
5951	0.115013
6887	0.114947
8054	0.114939
12238	0.114643
12401	0.113824
6662	0.113755
3664	0.113731
13397	0.113711
11378	0.113284
12305	0.112791
12368	0.112198
7163	0.112198
7164	0.112134
4066	0.112055
11474	0.111555
13539	0.111420
7035	0.111134
4749	0.111128
5952	0.111114
2359	0.111092
13122	0.110879
5650	0.110792
11328	0.110760
7523	0.110611
10827	0.110567
5491	0.110537
9857	0.110511
12237	0.110384
3726	0.110175
6289	0.110161
11001	0.109691
12832	0.109676
3824	0.109454
10544	0.109278
5950	0.109131
1460	0.108995
7278	0.108897
10882	0.108873
6825	0.108761
9917	0.108592
10114	0.108568
9827	0.108538
999	0.108477
5323	0.107881
12617	0.107789
749	0.107774
11010	0.107690
11683	0.107654
2503	0.107647
10627	0.107625
12200	0.106688
7165	0.106661
12638	0.106441
11487	0.106437
10250	0.106163
1940	0.105981
12536	0.105758
10042	0.105739
3764	0.105470
10822	0.105049
10991	0.104933
6950	0.104822
12235	0.104667
10523	0.104550
8794	0.104476
11415	0.104338
6313	0.103356
10140	0.103281
8079	0.103178
529	0.103090
1963	0.102810
3162	0.102663
11554	0.102550
11223	0.101967
5542	0.101635
9872	0.101075
2680	0.101007
10263	0.100441
5311	0.100308
9926	0.100252
9925	0.100252
9924	0.100252
9852	0.100252
7773	0.100252
7447	0.100252
566	0.100234
13165	0.099851
12776	0.099781
10992	0.099755
9627	0.099250
10903	0.099108
9835	0.098813
11502	0.098242
12571	0.098199
11492	0.098131
5254	0.098034
9654	0.097770
413	0.097518
12807	0.097388
10859	0.097208
5985	0.097170
12774	0.096509
11595	0.096245
5648	0.096107
1831	0.095563
1607	0.095233
5949	0.095214
13361	0.095083
3819	0.095018
11569	0.094903
10713	0.094876
9964	0.094851
9837	0.094815
11250	0.094521
10495	0.094323
11089	0.094237
12646	0.094101
7070	0.094028
7528	0.093688
6854	0.093580
10511	0.093205
11442	0.093116
11396	0.093116
12790	0.092879
2696	0.092658
3630	0.092414
4966	0.092403
12803	0.092299
6577	0.091989
12542	0.091955
4712	0.091854
542	0.091740
11400	0.091572
11237	0.091456
534	0.091373
10921	0.091321
10318	0.091236
3661	0.091155
11556	0.091041
6499	0.090975
9301	0.090947
11901	0.090890
4808	0.090806
9922	0.090774
2731	0.090710
2596	0.090540
6660	0.090505
5957	0.090426
9946	0.090358
11164	0.090192
10589	0.090164
8321	0.090162
8320	0.090119
10948	0.090080
1541	0.089784
137	0.089784
3689	0.089515
12145	0.089487
10515	0.089487
5956	0.089487
1063	0.089283
3161	0.089240
12795	0.089170
11151	0.088969
2333	0.088927
9375	0.088906
12741	0.088889
4052	0.088860
11877	0.088780
12653	0.088733
12804	0.088399
3250	0.088291
2228	0.088128
1728	0.088118
12459	0.088073
1555	0.088061
11368	0.087860
12708	0.087776
7337	0.087601
12415	0.087546
10163	0.087408
4819	0.087401
7028	0.087154
12818	0.087080
7988	0.087055
11002	0.087015
8622	0.086775
701	0.086746
12412	0.086638
616	0.086605
5897	0.086552
12588	0.086524
12409	0.086353
3933	0.086342
9008	0.086335
3519	0.086312
5010	0.086237
13495	0.086194
13028	0.086191
1034	0.086169
12640	0.086096
2622	0.086079
10430	0.085973
12435	0.085888
12780	0.085873
7961	0.085801
9800	0.085771
12350	0.085685
12349	0.085598
358	0.085587
2569	0.085555
9389	0.085529
11761	0.085417
6097	0.085417
5547	0.085417
3595	0.085417
10142	0.085300
10508	0.085037
5894	0.084988
10462	0.084875
6416	0.084874
12726	0.084832
12629	0.084768
12499	0.084731
2263	0.084706
12508	0.084579
7728	0.084531
7030	0.084477
581	0.084265
12597	0.084229
13153	0.084223
10171	0.084223
10170	0.084223
7520	0.084215
10502	0.084075
7425	0.083937
12826	0.083865
10301	0.083806
12695	0.083665
10761	0.083480
9714	0.083428
6654	0.083365
401	0.083311
4818	0.083074
1542	0.083041
2860	0.083032
9691	0.082979
7661	0.082926
2789	0.082900
12624	0.082752
10762	0.082701
4054	0.082693
2329	0.082609
1483	0.082543
4433	0.082400
10537	0.082251
5379	0.081771
366	0.081769
7820	0.081629
11132	0.081595
11579	0.081589
2153	0.081556
774	0.081533
11290	0.081532
13493	0.081499
7394	0.081464
1007	0.081289
4629	0.081276
10670	0.081269
864	0.081267
11231	0.081229
968	0.081132
11447	0.081032
9596	0.081025
10319	0.080959
11232	0.080939
11230	0.080939
11229	0.080939
11228	0.080939
4177	0.080783
3763	0.080750
4314	0.080641
1941	0.080604
8135	0.080578
5042	0.080560
2594	0.080545
6631	0.080446
7465	0.080439
7062	0.080386
6922	0.080340
9029	0.080293
3024	0.080207
2152	0.080178
11478	0.080170
11159	0.080089
10095	0.080052
1538	0.080051
11539	0.079957
10434	0.079953
7762	0.079911
13157	0.079863
4588	0.079836
11191	0.079725
1363	0.079649
10139	0.079625
4744	0.079589
323	0.079534
12801	0.079416
10476	0.079289
387	0.079221
13469	0.079163
10879	0.078941
11464	0.078922
7055	0.078814
5221	0.078801
6512	0.078721
4478	0.078704
1362	0.078667
9396	0.078667
4481	0.078667
10417	0.078568
9990	0.078554
7865	0.078460
13470	0.078418
10674	0.078389
11626	0.078250
7932	0.078235
2907	0.078231
11326	0.078206
11485	0.078203
10313	0.078164
5430	0.078116
10749	0.078052
11431	0.077970
10647	0.077967
9402	0.077956
10547	0.077888
6561	0.077831
5086	0.077682
9952	0.077643
9170	0.077639
14108	0.077601
4745	0.077601
10880	0.077564
10743	0.077562
10802	0.077523
11516	0.077488
1936	0.077335
6360	0.077223
11479	0.077221
11338	0.077212
1901	0.077184
12854	0.077149
10809	0.077128
7580	0.077128
3217	0.077123
10392	0.077018
14063	0.077009
9645	0.076994
10234	0.076951
3845	0.076940
7233	0.076906
7581	0.076899
1937	0.076892
11510	0.076877
9989	0.076785
9715	0.076671
6702	0.076625
391	0.076603
919	0.076453
1000	0.076429
12850	0.076364
12530	0.076357
7201	0.076261
4729	0.076189
12797	0.076080
7894	0.076030
10441	0.076022
2904	0.075994
12427	0.075903
9904	0.075903
12187	0.075902
5670	0.075873
277	0.075804
9019	0.075684
5751	0.075649
2038	0.075636
6878	0.075623
12749	0.075575
12748	0.075575
11356	0.075410
9550	0.075389
359	0.075382
1095	0.075369
10535	0.075328
1161	0.075317
734	0.075225
4434	0.075145
1507	0.075120
12496	0.075108
11537	0.075037
10892	0.075032
10643	0.074853
11009	0.074833
12411	0.074809
1075	0.074729
12701	0.074672
2257	0.074552
13465	0.074445
12445	0.074421
6130	0.074393
3823	0.074343
12444	0.074319
11963	0.074303
10040	0.074224
12767	0.074186
11551	0.074136
12874	0.074104
2001	0.074090
12064	0.074049
11760	0.073983
9721	0.073970
7948	0.073970
7778	0.073970
7618	0.073970
7113	0.073970
371	0.073951
5089	0.073843
5490	0.073817
11357	0.073789
12107	0.073774
2682	0.073737
7875	0.073658
11612	0.073633
11409	0.073629
12543	0.073552
7268	0.073451
12408	0.073401
5328	0.073382
14251	0.073346
6265	0.073346
10046	0.073337
9865	0.073331
12500	0.073311
1333	0.073310
5455	0.073292
8132	0.073291
13183	0.073270
11008	0.073270
10579	0.073266
12185	0.073147
12580	0.073075
10455	0.073041
12438	0.072894
138	0.072843
12525	0.072797
9853	0.072797
11578	0.072791
3920	0.072736
11486	0.072711
11848	0.072559
11577	0.072540
12600	0.072482
12659	0.072452
4056	0.072420
1251	0.072332
11571	0.072265
2425	0.072261
7166	0.072179
1391	0.072067
12651	0.072041
11315	0.072030
8405	0.071978
7119	0.071918
10860	0.071865
11499	0.071844
11398	0.071832
10926	0.071806
2916	0.071794
9717	0.071750
4612	0.071726
3633	0.071565
12497	0.071520
12860	0.071483
12859	0.071475
12413	0.071381
5649	0.071360
8983	0.071332
3341	0.071234
10578	0.071185
10336	0.071165
1924	0.071123
10389	0.071115
5608	0.071104
8130	0.071091
10284	0.071067
8230	0.070969
10351	0.070947
10475	0.070891
5072	0.070836
2778	0.070649
11027	0.070532
7252	0.070353
13404	0.070348
12492	0.070268
9644	0.070227
11160	0.070212
6138	0.070105
9601	0.070088
356	0.069993
11343	0.069981
6450	0.069981
5865	0.069844
8023	0.069743
6436	0.069674
6626	0.069622
3451	0.069610
10486	0.069596
9614	0.069561
3335	0.069532
12386	0.069525
6649	0.069525
6647	0.069525
6646	0.069525
5610	0.069525
408	0.069501
10982	0.069437
9747	0.069436
4036	0.069364
8970	0.069347
11600	0.069255
9948	0.069251
10693	0.069228
7061	0.069196
13430	0.069172
9437	0.069152
11047	0.069052
11573	0.069037
3923	0.068948
5740	0.068944
10998	0.068726
10997	0.068726
8513	0.068653
11351	0.068537
569	0.068502
10832	0.068432
11546	0.068419
13236	0.068413
11545	0.068387
9158	0.068358
7081	0.068337
11154	0.068272
11257	0.068183
7105	0.068132
10658	0.068083
11506	0.068074
6988	0.068038
2889	0.067979
2293	0.067958
10572	0.067945
4787	0.067938
3342	0.067936
7639	0.067877
13166	0.067839
2591	0.067812
12518	0.067800
11469	0.067796
5427	0.067691
12109	0.067658
5948	0.067658
10657	0.067643
2471	0.067584
176	0.067581
11337	0.067547
1077	0.067540
11139	0.067505
1060	0.067370
11671	0.067367
12548	0.067340
11332	0.067340
407	0.067250
1186	0.067140
3277	0.067138
11555	0.067075
12567	0.067035
11675	0.067024
13838	0.066927
12692	0.066924
9988	0.066879
12586	0.066806
12940	0.066785
6655	0.066783
8019	0.066779
12306	0.066776
6369	0.066776
6368	0.066776
6991	0.066669
12494	0.066655
10376	0.066640
12720	0.066636
7666	0.066636
10049	0.066571
5021	0.066548
5019	0.066548
2931	0.066542
12521	0.066476
12792	0.066355
12547	0.066264
1033	0.066218
11670	0.066192
1061	0.066180
11494	0.066169
2932	0.066128
12391	0.066112
1040	0.066098
6344	0.066065
12130	0.065969
3939	0.065952
4710	0.065919
10831	0.065851
1686	0.065836
4948	0.065782
8954	0.065717
14111	0.065685
14080	0.065685
12632	0.065683
4218	0.065674
622	0.065659
10278	0.065618
2949	0.065538
11278	0.065534
10927	0.065524
11263	0.065485
12791	0.065412
12788	0.065412
3350	0.065392
12941	0.065388
11504	0.065376
10843	0.065323
12598	0.065245
960	0.065242
7964	0.065199
2063	0.065178
232	0.065173
12950	0.065171
11081	0.065155
12694	0.065118
5020	0.065079
12208	0.065069
10048	0.065022
2473	0.065022
9923	0.065017
4495	0.065000
6021	0.064999
11068	0.064993
5611	0.064989
14167	0.064915
12590	0.064904
10556	0.064900
7120	0.064869
11312	0.064862
11572	0.064862
13121	0.064858
4789	0.064858
4788	0.064858
12679	0.064840
10554	0.064830
11493	0.064794
971	0.064792
10334	0.064778
9343	0.064774
14347	0.064771
6622	0.064726
12505	0.064671
11414	0.064669
2897	0.064629
1004	0.064625
1003	0.064625
996	0.064625
757	0.064625
4927	0.064575
5391	0.064536
11419	0.064526
4174	0.064525
1274	0.064516
9881	0.064455
9348	0.064455
9955	0.064449
7973	0.064444
7162	0.064403
12800	0.064402
13135	0.064350
12743	0.064305
13388	0.064304
13387	0.064304
10198	0.064296
12742	0.064231
12753	0.064199
2226	0.064116
10907	0.064068
10374	0.064045
10969	0.064026
4965	0.064009
3306	0.063990
13142	0.063990
7430	0.063990
9020	0.063960
5023	0.063900
4179	0.063859
2360	0.063828
10399	0.063822
483	0.063795
15	0.063724
5512	0.063724
567	0.063688
10735	0.063564
11134	0.063524
12952	0.063486
12951	0.063486
2681	0.063457
14068	0.063429
4196	0.063427
1079	0.063358
6737	0.063354
3408	0.063341
7140	0.063322
5250	0.063318
10149	0.063242
12434	0.063196
12390	0.063196
5667	0.063169
11019	0.063146
11677	0.063134
4494	0.063134
4493	0.063134
8232	0.063097
10740	0.063095
3521	0.063090
11007	0.063089
1609	0.063060
4980	0.063042
2020	0.063030
12524	0.062906
9384	0.062840
3246	0.062840
4786	0.062830
5691	0.062804
11495	0.062794
11392	0.062790
11719	0.062778
7744	0.062777
2722	0.062713
12165	0.062672
8929	0.062617
11992	0.062593
7704	0.062555
9076	0.062526
642	0.062519
10061	0.062493
611	0.062456
14109	0.062439
10736	0.062439
3470	0.062382
9944	0.062359
11540	0.062260
10247	0.062246
8496	0.062245
1464	0.062241
5087	0.062241
10947	0.062185
6673	0.062155
6316	0.062136
12495	0.062119
157	0.062113
1096	0.062105
938	0.062077
11497	0.062077
3854	0.062019
10614	0.062009
7010	0.061963
13438	0.061906
12762	0.061897
9599	0.061877
5690	0.061865
4933	0.061834
1445	0.061773
2255	0.061765
9349	0.061762
5492	0.061762
11498	0.061752
10557	0.061733
12858	0.061730
12754	0.061702
3477	0.061681
9859	0.061667
10373	0.061624
5692	0.061599
12784	0.061597
10945	0.061583
1017	0.061543
2048	0.061515
962	0.061505
2079	0.061476
12593	0.061459
6371	0.061457
3021	0.061399
13827	0.061393
13108	0.061393
13107	0.061393
12882	0.061393
10121	0.061393
8458	0.061393
2667	0.061361
978	0.061357
5458	0.061332
13019	0.061299
12702	0.061286
11252	0.061224
2166	0.061217
12785	0.061210
9395	0.061177
2595	0.061155
5459	0.061153
6074	0.061143
12787	0.061142
6290	0.061140
12872	0.061131
13164	0.061072
4917	0.061062
3623	0.061048
11099	0.061018
6837	0.061009
8042	0.060987
14250	0.060976
10558	0.060976
10555	0.060976
6968	0.060976
703	0.060940
1218	0.060929
275	0.060786
10493	0.060781
11529	0.060754
9813	0.060694
6026	0.060670
11642	0.060657
9567	0.060616
7555	0.060615
278	0.060612
9584	0.060600
14249	0.060557
11075	0.060549
11490	0.060549
11522	0.060546
10954	0.060533
11880	0.060515
9417	0.060473
11467	0.060453
12853	0.060367
3323	0.060347
6247	0.060338
1352	0.060326
5156	0.060291
13081	0.060212
13080	0.060212
13079	0.060212
13078	0.060212
13074	0.060212
13071	0.060212
13057	0.060212
13049	0.060212
13047	0.060212
13045	0.060212
13043	0.060212
13017	0.060212
12959	0.060212
12904	0.060212
7936	0.060212
9992	0.060155
7327	0.060082
5088	0.060047
10649	0.060045
9047	0.060037
