9462	0.188618
13265	0.188510
11658	0.187383
11858	0.187050
9439	0.186813
2105	0.180655
7774	0.176553
5641	0.176553
5642	0.176539
5347	0.176011
2958	0.175292
2820	0.174979
1673	0.174837
1419	0.170433
2052	0.165579
1420	0.164567
221	0.159362
1119	0.158294
1120	0.158120
13247	0.157730
2952	0.151214
7872	0.148498
8352	0.148495
8351	0.148495
2957	0.148495
2956	0.148495
4106	0.148307
4105	0.147418
6895	0.146425
4538	0.143297
13850	0.142199
6896	0.141266
2902	0.140653
3389	0.140409
4542	0.138301
6532	0.130107
1118	0.129543
4537	0.127901
6102	0.127121
1115	0.126753
3837	0.125413
2128	0.123814
2280	0.122682
9623	0.122180
5433	0.121023
5033	0.120989
991	0.120728
1133	0.120349
13665	0.119127
11178	0.118570
5034	0.117839
2114	0.114911
11999	0.112452
4304	0.112445
4302	0.112445
2110	0.112012
2521	0.111679
9218	0.111051
11989	0.110954
1121	0.110636
11607	0.110365
2107	0.109908
9438	0.109341
12348	0.109154
9237	0.106706
2097	0.106200
1030	0.106163
6838	0.105605
6430	0.104860
1123	0.104860
876	0.104319
1836	0.104272
1109	0.103090
9201	0.102256
2111	0.101572
9207	0.101014
9205	0.101014
8528	0.101014
13394	0.100744
2600	0.100582
5413	0.100501
9226	0.099612
9217	0.099612
8534	0.099612
7827	0.099609
4305	0.099226
268	0.099081
14233	0.098903
1136	0.098903
1816	0.098635
8864	0.098538
8863	0.098538
8583	0.098538
8124	0.098538
7904	0.098538
7903	0.098538
7902	0.098538
7901	0.098538
7900	0.098538
7899	0.098538
7897	0.098538
7896	0.098538
7895	0.098538
7526	0.098502
874	0.098055
7757	0.097981
1111	0.097932
115	0.097887
235	0.097881
6806	0.097871
11073	0.097645
877	0.096404
2968	0.096327
2954	0.096215
2281	0.096135
2109	0.096076
11739	0.096047
2113	0.095939
2283	0.095864
9177	0.095321
8584	0.093742
6482	0.093432
1656	0.093154
6938	0.093064
2124	0.092680
879	0.092596
2522	0.092455
8634	0.092359
9231	0.092353
7955	0.091989
304	0.091908
2955	0.091032
2953	0.091032
2962	0.091028
2831	0.090999
5035	0.090661
2108	0.090543
11964	0.090474
8615	0.090438
7400	0.090257
11733	0.089983
4596	0.089892
1756	0.089766
2708	0.089005
5177	0.088350
2203	0.088233
7767	0.088135
2102	0.088129
10097	0.087854
9200	0.087421
3209	0.086531
11914	0.086496
6395	0.085996
3428	0.085889
12296	0.085806
6244	0.085806
5546	0.085779
3440	0.085677
4947	0.085557
2182	0.085450
12909	0.085239
713	0.085150
9413	0.085149
9794	0.084999
3425	0.084842
4169	0.084755
2104	0.084724
8671	0.084698
9235	0.084695
9230	0.084695
9228	0.084695
9225	0.084695
9224	0.084695
9221	0.084695
9219	0.084695
9214	0.084695
9213	0.084695
9211	0.084695
9209	0.084695
9208	0.084695
9206	0.084695
9193	0.084695
8807	0.084695
8679	0.084695
8677	0.084695
8675	0.084695
8674	0.084695
8673	0.084695
8670	0.084695
8637	0.084695
8633	0.084695
8631	0.084695
8610	0.084695
8591	0.084695
8539	0.084695
8538	0.084695
8537	0.084695
8536	0.084695
8529	0.084695
8526	0.084695
8525	0.084695
8632	0.084695
6443	0.084672
12036	0.084626
2170	0.084537
4111	0.084221
1952	0.084198
6889	0.084082
7676	0.084075
13054	0.083511
3429	0.083212
7453	0.083025
2	0.083009
4168	0.082975
8531	0.082781
8611	0.082575
5268	0.082509
3778	0.082394
10098	0.082165
10661	0.082127
295	0.082123
4595	0.082084
8635	0.082015
8636	0.081823
12357	0.081782
4294	0.081746
3940	0.081738
6473	0.081610
7288	0.080679
2191	0.080609
9248	0.080590
13293	0.080400
9317	0.080374
9220	0.080205
9222	0.080018
11987	0.079964
1235	0.079893
11202	0.079875
498	0.079870
14290	0.079774
9152	0.079591
8530	0.079374
4163	0.079289
14418	0.079284
14417	0.079284
13284	0.079284
13152	0.079284
9795	0.079284
9793	0.079284
9792	0.079284
9791	0.079284
9789	0.079284
9745	0.079284
9163	0.079284
8614	0.079284
8613	0.079284
8177	0.079284
677	0.079252
11091	0.079226
8076	0.079225
1132	0.079204
13738	0.079082
13731	0.079082
13706	0.079080
9120	0.078914
6754	0.078851
6472	0.078774
683	0.078764
3212	0.078733
2828	0.078687
7295	0.078314
13707	0.078274
7224	0.078253
6574	0.078253
5527	0.078253
8922	0.077963
4922	0.077847
3441	0.077579
4113	0.077502
8041	0.077453
7642	0.077310
4112	0.077248
2605	0.077020
10553	0.076671
333	0.076606
4235	0.076579
224	0.076463
1117	0.076219
14358	0.076078
2871	0.075816
10085	0.075577
524	0.075483
4671	0.075409
4669	0.075409
2990	0.075379
6732	0.075287
13156	0.075186
10176	0.075186
10087	0.075186
10086	0.075186
7880	0.075168
11930	0.075057
2192	0.075046
6380	0.075008
2486	0.074995
9202	0.074931
10191	0.074838
2276	0.074706
4670	0.074686
3907	0.074624
7131	0.074616
14128	0.074324
6695	0.074250
492	0.074191
8813	0.074035
10031	0.073925
4667	0.073729
823	0.073629
9796	0.073507
114	0.073417
4660	0.073406
4416	0.073405
4037	0.073313
4463	0.073263
12030	0.073195
6987	0.072776
316	0.072762
2996	0.072640
2106	0.072374
6725	0.072101
9150	0.071814
5185	0.071778
9174	0.071730
5245	0.071569
13442	0.071563
9775	0.071530
1039	0.071227
5219	0.071176
11982	0.071123
5414	0.071123
5412	0.071123
9135	0.071108
331	0.071101
51	0.070888
13449	0.070865
11904	0.070776
4668	0.070700
2442	0.070663
13541	0.070602
9192	0.070528
10664	0.070524
2660	0.070497
13603	0.070493
13238	0.070493
9553	0.070493
2959	0.070493
12103	0.070493
6758	0.070284
2064	0.070125
8464	0.069698
5815	0.069619
5346	0.069608
9210	0.069520
1001	0.069513
1400	0.069500
3093	0.069498
4865	0.069487
6393	0.069474
2709	0.069416
2103	0.069236
12295	0.069173
6243	0.069173
2960	0.069091
12201	0.068971
12873	0.068969
13334	0.068800
10089	0.068649
404	0.068590
1025	0.068539
2112	0.068371
4857	0.068305
11988	0.068296
3320	0.068264
13621	0.068188
311	0.068073
4569	0.067850
9711	0.067789
9708	0.067789
9707	0.067789
9705	0.067789
9703	0.067789
9699	0.067706
6077	0.067678
12182	0.067596
4464	0.067596
9176	0.067579
8809	0.067579
6127	0.067545
4045	0.067524
2197	0.067410
3681	0.067404
2186	0.067339
7207	0.067317
10245	0.067308
3905	0.067246
1833	0.067221
1024	0.067189
11439	0.067171
7511	0.067083
129	0.066963
10808	0.066890
6841	0.066793
11781	0.066766
6741	0.066720
12721	0.066712
5746	0.066662
6835	0.066436
633	0.066339
12915	0.066294
12914	0.066294
3538	0.066281
11618	0.066180
2523	0.066112
332	0.066110
861	0.065955
469	0.065934
4836	0.065926
3438	0.065870
13285	0.065834
7913	0.065778
5968	0.065778
470	0.065778
121	0.065728
335	0.065728
334	0.065728
327	0.065728
305	0.065728
302	0.065728
14248	0.065700
8047	0.065700
330	0.065642
9520	0.065639
329	0.065635
2659	0.065602
13942	0.065526
6407	0.065523
3789	0.065462
4974	0.065433
1885	0.065409
1884	0.065409
1883	0.065409
2188	0.065317
3283	0.065243
13448	0.065078
2190	0.064866
13076	0.064790
9199	0.064778
5967	0.064588
370	0.064514
4306	0.064477
1402	0.064380
1265	0.064363
303	0.064339
312	0.064266
9062	0.064265
9170	0.063855
8329	0.063705
11112	0.063489
1114	0.063466
698	0.063450
12010	0.063226
314	0.063217
1110	0.063168
2267	0.063152
13456	0.063063
13342	0.063063
4383	0.063051
2827	0.063033
7713	0.063022
9702	0.062972
3507	0.062879
6587	0.062872
9480	0.062837
8533	0.062837
7379	0.062836
4618	0.062817
11646	0.062652
5510	0.062652
9415	0.062641
8851	0.062641
8850	0.062641
3539	0.062627
13687	0.062507
1135	0.062290
6017	0.062010
4361	0.061986
700	0.061881
981	0.061857
8892	0.061830
7261	0.061724
310	0.061636
2821	0.061630
9086	0.061431
2981	0.061345
7659	0.061343
14407	0.061332
7752	0.061329
7202	0.061251
9085	0.061230
352	0.061191
5184	0.061177
12252	0.061142
4216	0.061117
3142	0.061064
10507	0.060949
11416	0.060849
4465	0.060823
7954	0.060790
7920	0.060720
2542	0.060625
10274	0.060518
6731	0.060429
4541	0.060391
11587	0.060342
2129	0.060239
9195	0.060223
2092	0.060193
4646	0.060174
1269	0.060093
11903	0.060056
4090	0.060050
9787	0.059983
9786	0.059983
9785	0.059983
9784	0.059983
9783	0.059983
9782	0.059983
9781	0.059983
9778	0.059983
9280	0.059983
8585	0.059983
8567	0.059983
8553	0.059983
6465	0.059968
10839	0.059967
11109	0.059863
2185	0.059816
1141	0.059775
8625	0.059639
3739	0.059585
9913	0.059518
8009	0.059513
10838	0.059444
13036	0.059437
8676	0.059362
10275	0.059245
3745	0.059204
12053	0.059180
10538	0.058961
9704	0.058922
8604	0.058879
9347	0.058874
13557	0.058731
13556	0.058731
10127	0.058694
7020	0.058627
9385	0.058601
220	0.058585
353	0.058540
11998	0.058515
4450	0.058512
4377	0.058479
2172	0.058449
7510	0.058440
1113	0.058352
5747	0.058328
8565	0.058296
12074	0.058221
11298	0.058113
10994	0.058113
2199	0.057963
3906	0.057901
4824	0.057855
9215	0.057833
7281	0.057778
14266	0.057745
11616	0.057695
4648	0.057695
4643	0.057695
13360	0.057677
2823	0.057554
225	0.057537
1458	0.057489
10273	0.057488
6278	0.057483
5476	0.057468
321	0.057424
11968	0.057420
949	0.057420
2204	0.057313
3176	0.057297
12572	0.057169
586	0.057040
2119	0.057039
13417	0.057025
7036	0.056883
1097	0.056644
2661	0.056644
4116	0.056566
4204	0.056544
8792	0.056497
9780	0.056428
7584	0.056405
13374	0.056377
13373	0.056377
11279	0.056357
13325	0.056338
9414	0.056215
8468	0.056182
2978	0.056182
2977	0.056182
6866	0.055855
1232	0.055828
1229	0.055828
5918	0.055711
13545	0.055693
6501	0.055692
2950	0.055674
4799	0.055634
4319	0.055613
8171	0.055574
14415	0.055508
9277	0.055508
12315	0.055498
5555	0.055490
4758	0.055474
9258	0.055469
11147	0.055429
38	0.055136
308	0.054841
2195	0.054824
5745	0.054803
9204	0.054789
8592	0.054789
3741	0.054775
306	0.054709
10249	0.054672
3636	0.054521
10050	0.054516
10226	0.054501
1953	0.054228
1954	0.054228
4559	0.054226
1951	0.054047
10232	0.054019
3914	0.053724
3506	0.053693
3588	0.053665
11937	0.053645
1694	0.053634
7457	0.053548
13384	0.053503
9709	0.053480
14404	0.053459
14400	0.053459
8143	0.053459
8096	0.053459
10694	0.053447
8180	0.053442
4798	0.053417
1237	0.053403
9436	0.053360
2278	0.053275
29	0.053247
2202	0.053184
8572	0.053086
8569	0.053086
8568	0.053086
4778	0.053051
14004	0.053030
4866	0.053030
2980	0.052982
7203	0.052954
8570	0.052935
12283	0.052894
4873	0.052800
1882	0.052733
8090	0.052713
2847	0.052713
2843	0.052713
2839	0.052713
9484	0.052707
9483	0.052707
414	0.052704
6378	0.052646
3700	0.052584
1122	0.052584
817	0.052463
3375	0.052459
2817	0.052437
5354	0.052390
9840	0.052389
2840	0.052335
3921	0.052227
124	0.052187
1734	0.052170
3736	0.052152
12462	0.052086
10685	0.052086
14370	0.051957
9168	0.051845
8503	0.051774
5500	0.051765
12229	0.051737
9870	0.051683
8451	0.051648
11638	0.051587
5403	0.051583
2423	0.051516
7874	0.051511
3536	0.051464
2612	0.051457
685	0.051427
10045	0.051359
14374	0.051311
14363	0.051311
14365	0.051295
716	0.051295
12050	0.051084
696	0.051070
4958	0.051059
7530	0.051015
4661	0.051004
679	0.050938
9024	0.050916
9023	0.050916
9022	0.050916
8949	0.050916
10233	0.050834
8453	0.050769
10795	0.050737
14357	0.050734
7787	0.050734
12219	0.050690
11226	0.050639
11625	0.050622
2093	0.050585
7258	0.050541
9818	0.050506
9693	0.050506
6151	0.050461
14416	0.050339
3986	0.050296
11715	0.050262
3426	0.050242
1930	0.050237
12979	0.050185
10642	0.050105
881	0.050103
599	0.050092
328	0.050041
2121	0.050011
2176	0.049963
1019	0.049924
119	0.049909
14364	0.049852
7715	0.049838
589	0.049802
10550	0.049784
11728	0.049702
7783	0.049697
7195	0.049658
7193	0.049658
7772	0.049655
12063	0.049631
8714	0.049586
340	0.049565
7977	0.049540
3638	0.049538
4520	0.049485
1346	0.049475
5026	0.049449
5027	0.049449
11681	0.049361
11634	0.049361
13698	0.049350
13544	0.049350
7606	0.049289
6415	0.049258
9307	0.049184
6317	0.049179
11800	0.049179
4193	0.049152
11123	0.049136
35	0.049121
675	0.049121
10582	0.049102
4205	0.049080
4118	0.049035
4659	0.049019
10156	0.048956
10088	0.048936
14367	0.048892
9831	0.048854
2845	0.048831
2286	0.048799
341	0.048797
1238	0.048780
9455	0.048742
4231	0.048723
5424	0.048668
792	0.048658
1006	0.048639
13597	0.048603
13596	0.048603
13595	0.048603
13583	0.048603
13554	0.048603
13402	0.048603
7990	0.048603
4895	0.048563
1835	0.048530
7855	0.048515
8833	0.048514
3111	0.048472
2965	0.048463
777	0.048456
4175	0.048455
4977	0.048449
9579	0.048408
7468	0.048376
2967	0.048376
3431	0.048304
10403	0.048275
4281	0.048200
10227	0.048124
9223	0.048099
3604	0.048089
9244	0.048079
13094	0.047961
10801	0.047921
9788	0.047920
11729	0.047896
1044	0.047884
5270	0.047860
2964	0.047848
3427	0.047722
2822	0.047717
2227	0.047699
9460	0.047691
699	0.047663
11678	0.047646
11679	0.047627
9710	0.047509
14368	0.047499
385	0.047467
12077	0.047445
6461	0.047445
3711	0.047445
13427	0.047395
5851	0.047282
1731	0.047270
3738	0.047261
13235	0.047243
702	0.047193
14342	0.047188
12243	0.047181
568	0.047061
6376	0.047040
7686	0.046943
6046	0.046919
1840	0.046913
13598	0.046892
1403	0.046879
10230	0.046800
4672	0.046743
690	0.046718
4392	0.046717
12241	0.046701
12240	0.046701
8074	0.046701
7294	0.046701
6054	0.046701
4336	0.046701
2666	0.046658
6010	0.046545
12799	0.046531
9686	0.046495
6623	0.046427
11556	0.046355
5423	0.046345
7422	0.046295
13497	0.046278
392	0.046245
13498	0.046243
7101	0.046230
11566	0.046209
4176	0.046189
1743	0.046177
12414	0.046004
2282	0.045984
6217	0.045875
9761	0.045852
14263	0.045843
14002	0.045843
14001	0.045843
14000	0.045843
13998	0.045843
13996	0.045843
6666	0.045843
5064	0.045843
4854	0.045843
4852	0.045843
12276	0.045843
3735	0.045699
14052	0.045660
10065	0.045660
8221	0.045647
3007	0.045607
10229	0.045545
2621	0.045545
13997	0.045534
12442	0.045504
3144	0.045401
4976	0.045366
9232	0.045329
2117	0.045235
2118	0.045198
5269	0.045152
3370	0.045106
2351	0.045000
2350	0.045000
2348	0.045000
2346	0.045000
4051	0.044971
4787	0.044954
12636	0.044917
6255	0.044902
10018	0.044817
4839	0.044809
11689	0.044686
6216	0.044666
6101	0.044660
5012	0.044620
730	0.044606
7655	0.044602
10051	0.044570
73	0.044565
5829	0.044512
8566	0.044487
11895	0.044442
9485	0.044394
882	0.044388
10337	0.044383
2168	0.044370
4469	0.044304
3068	0.044288
10497	0.044285
7654	0.044279
1589	0.044271
6709	0.044269
4721	0.044231
7692	0.044194
13326	0.044167
9196	0.044142
13578	0.044102
13576	0.044102
13390	0.044102
4961	0.044085
6157	0.044082
3715	0.044024
222	0.043973
3319	0.043870
1711	0.043857
9233	0.043856
8319	0.043823
10920	0.043819
9706	0.043810
10836	0.043709
12069	0.043576
3388	0.043541
9942	0.043521
9931	0.043521
9930	0.043521
9921	0.043521
9901	0.043521
9899	0.043521
9895	0.043521
9866	0.043521
9836	0.043521
9832	0.043521
9810	0.043521
9698	0.043521
9636	0.043521
9570	0.043521
9299	0.043521
11300	0.043427
10480	0.043399
8334	0.043376
1785	0.043367
