9485	0.166777
3650	0.162941
11839	0.158020
1605	0.147013
13526	0.146326
2475	0.143295
7884	0.143295
1204	0.142792
1203	0.140002
1188	0.138135
7229	0.135630
5558	0.135527
798	0.128752
1967	0.126065
2474	0.125643
10489	0.125377
11528	0.123636
10490	0.120447
5529	0.119800
1779	0.119492
9830	0.118948
1599	0.118082
756	0.117924
2536	0.117417
9835	0.117194
1552	0.115432
3363	0.112355
3168	0.111286
703	0.110469
3678	0.110375
3673	0.110375
6643	0.109813
11062	0.109523
10235	0.109506
1555	0.109464
11542	0.108465
10531	0.108449
1625	0.108204
12548	0.108199
10640	0.108193
1554	0.107874
11337	0.107736
9392	0.107689
5528	0.107327
9950	0.106754
377	0.106687
12628	0.106518
12516	0.106309
10842	0.105765
11421	0.105765
11345	0.105765
11335	0.105765
10090	0.105740
8089	0.105696
11419	0.105373
4289	0.104836
4279	0.103110
5129	0.102548
13607	0.101968
10949	0.101668
11455	0.101256
11426	0.101256
3728	0.101072
5716	0.101040
9961	0.100786
10318	0.099914
11556	0.099680
12292	0.099284
1408	0.099207
7337	0.099098
1963	0.098662
277	0.098591
3342	0.098429
10530	0.098428
2933	0.098236
12707	0.097941
3669	0.097917
2499	0.097028
12109	0.096743
5948	0.096743
7926	0.096625
10714	0.096473
13652	0.096261
12730	0.096152
13562	0.096128
10422	0.096128
1560	0.095762
11186	0.095361
7576	0.095111
12710	0.095090
12704	0.094809
11007	0.094799
10450	0.094751
6326	0.094748
12409	0.094582
5728	0.094474
3313	0.094391
10583	0.094376
1258	0.094367
7463	0.094043
6066	0.094043
11963	0.094016
12602	0.093879
542	0.093859
10042	0.093824
10742	0.093447
7166	0.093379
3312	0.093337
12536	0.093270
385	0.093251
12773	0.093124
6733	0.092950
6098	0.092742
323	0.092483
10874	0.092408
10717	0.092331
4085	0.092045
1507	0.092023
12567	0.091968
12630	0.091773
1593	0.091680
7553	0.091653
4295	0.091623
5181	0.091527
12801	0.091386
11501	0.091281
12719	0.091221
4051	0.091213
12382	0.091140
6810	0.091018
9989	0.090984
1669	0.090667
10069	0.090649
490	0.090612
11132	0.090558
11283	0.090487
10023	0.090426
629	0.090016
4819	0.089570
10368	0.089489
1538	0.089453
3822	0.089343
8051	0.089215
5613	0.088783
5131	0.088775
9082	0.088398
7094	0.088388
5495	0.088281
8835	0.088162
12650	0.088153
12607	0.088152
3888	0.088081
11551	0.087939
10647	0.087824
5937	0.087510
6499	0.087460
5936	0.087439
12621	0.087433
12625	0.087326
10844	0.087277
3633	0.087277
5276	0.087123
12154	0.086451
13361	0.086406
12500	0.086214
1568	0.086159
8252	0.086117
13430	0.086009
4723	0.085959
10693	0.085872
7523	0.085797
10851	0.085737
5734	0.085735
13165	0.085656
11543	0.085606
13404	0.085413
9227	0.085392
3230	0.085252
8338	0.085208
13326	0.085169
10401	0.085158
10174	0.084988
13560	0.084948
3764	0.084910
10891	0.084849
6988	0.084778
12426	0.084723
10856	0.084674
4612	0.084673
10890	0.084668
12751	0.084659
3732	0.084594
13129	0.084559
6061	0.084559
7135	0.084538
9691	0.084509
8557	0.084502
8555	0.084502
8547	0.084502
4712	0.084436
10857	0.084431
2780	0.084414
13305	0.084341
8390	0.084325
2497	0.084279
10166	0.084167
6245	0.084125
11553	0.084084
6062	0.084082
1190	0.083961
9964	0.083895
4532	0.083742
10402	0.083727
418	0.083692
10543	0.083613
3217	0.083571
11218	0.083548
5344	0.083418
10933	0.083390
14100	0.083345
9039	0.083336
2770	0.083263
11010	0.083177
12716	0.083094
5864	0.083055
10534	0.082929
5660	0.082887
5174	0.082880
13137	0.082810
12753	0.082738
13133	0.082448
12597	0.082371
11463	0.082142
12547	0.082123
2798	0.081743
4434	0.081650
11063	0.081646
3630	0.081631
690	0.081626
345	0.081584
702	0.081531
4425	0.081503
11529	0.081383
3668	0.081285
12445	0.081138
6012	0.081123
13292	0.081081
12444	0.081064
13549	0.081033
5041	0.080993
8052	0.080985
10212	0.080841
1936	0.080829
11351	0.080766
4393	0.080736
1937	0.080696
9966	0.080683
3821	0.080638
24	0.080557
5615	0.080550
13122	0.080489
6173	0.080458
78	0.080410
11555	0.080303
11139	0.080272
8348	0.080190
6001	0.080122
4647	0.080096
7975	0.080094
12557	0.080067
11176	0.080020
11729	0.079874
7055	0.079822
5692	0.079612
12638	0.079585
10024	0.079580
5690	0.079548
4193	0.079491
1397	0.079421
228	0.079420
11507	0.079333
6058	0.079317
11728	0.079287
12837	0.079080
11554	0.078940
4190	0.078934
12897	0.078907
13375	0.078650
10859	0.078584
4484	0.078562
5346	0.078518
3676	0.078393
9229	0.078391
9951	0.078215
12508	0.078210
10860	0.078093
12812	0.077719
9694	0.077684
1222	0.077581
12592	0.077507
13563	0.077469
11539	0.077468
9664	0.077440
6323	0.077360
11561	0.077198
13613	0.077194
12590	0.077139
1221	0.077108
8328	0.077079
4410	0.077078
10796	0.077074
3163	0.077061
382	0.077043
7014	0.076785
11695	0.076756
8250	0.076704
13884	0.076688
11061	0.076675
10658	0.076674
7149	0.076669
1990	0.076624
11491	0.076495
5109	0.076481
13972	0.076428
7010	0.076397
13329	0.076324
7236	0.076314
8852	0.076223
13941	0.076215
5957	0.076158
7160	0.076120
7645	0.076108
7438	0.076082
7123	0.076082
4324	0.076066
5534	0.076063
8548	0.076014
4227	0.075998
11290	0.075784
13818	0.075737
11755	0.075631
8962	0.075571
8961	0.075571
3309	0.075571
5520	0.075558
3277	0.075544
11173	0.075521
10670	0.075464
723	0.075438
7289	0.075392
12720	0.075188
7666	0.075188
8040	0.075128
13588	0.075050
8794	0.075031
4189	0.075021
11759	0.075018
8373	0.074888
8240	0.074888
10304	0.074865
12636	0.074790
6325	0.074767
12564	0.074748
5398	0.074715
6363	0.074647
9867	0.074569
9790	0.074551
13449	0.074533
12145	0.074530
10515	0.074530
5956	0.074530
10119	0.074517
9016	0.074471
10435	0.074189
11532	0.074161
11009	0.074146
5928	0.074146
8003	0.074132
2322	0.074065
3727	0.074064
13598	0.074008
11245	0.073918
366	0.073855
12774	0.073660
9865	0.073602
13644	0.073532
13087	0.073489
10683	0.073427
13529	0.073332
2498	0.073282
3723	0.073090
5670	0.073065
5856	0.073035
693	0.072986
477	0.072978
3662	0.072970
10313	0.072866
1821	0.072827
1089	0.072821
11486	0.072779
10657	0.072750
9026	0.072637
4456	0.072630
12543	0.072580
13405	0.072471
13491	0.072435
13716	0.072425
3664	0.072415
13094	0.072403
7137	0.072393
3111	0.072287
11104	0.072239
4581	0.072186
3838	0.072184
13597	0.072163
13596	0.072163
13595	0.072163
13583	0.072163
13554	0.072163
13402	0.072163
7990	0.072163
13146	0.072112
7855	0.072076
13183	0.071998
11008	0.071998
2801	0.071922
4816	0.071862
245	0.071851
4975	0.071812
8579	0.071540
9616	0.071529
3232	0.071527
5897	0.071512
2586	0.071338
12708	0.071280
10048	0.071111
1150	0.071103
11102	0.071068
4533	0.071007
4569	0.070981
244	0.070882
12551	0.070847
491	0.070825
12501	0.070808
8493	0.070798
9595	0.070677
3442	0.070677
12601	0.070615
4645	0.070574
8152	0.070530
9002	0.070434
12797	0.070415
7238	0.070411
1332	0.070404
12561	0.070403
6314	0.070396
12203	0.070394
8580	0.070394
8575	0.070394
8546	0.070394
7122	0.070394
1607	0.070375
11422	0.070346
11433	0.070198
9718	0.070146
11487	0.070138
12756	0.070098
10911	0.070077
3057	0.070013
9295	0.069991
5707	0.069971
8958	0.069955
2796	0.069841
10600	0.069840
9587	0.069822
11130	0.069813
8023	0.069801
11534	0.069754
13624	0.069753
13623	0.069753
109	0.069739
12312	0.069658
12383	0.069648
6189	0.069645
11374	0.069532
12764	0.069528
11477	0.069511
1680	0.069476
4687	0.069471
8618	0.069456
12565	0.069415
6808	0.069397
5483	0.069383
9857	0.069247
2790	0.069197
2739	0.069177
1945	0.069154
10604	0.069105
1353	0.069100
3105	0.069073
1041	0.069052
5667	0.069032
2738	0.069032
10626	0.068980
281	0.068924
12570	0.068913
4089	0.068909
5979	0.068897
3505	0.068813
12675	0.068810
6809	0.068746
8656	0.068743
6671	0.068735
7809	0.068694
5894	0.068687
3237	0.068641
7413	0.068620
13575	0.068508
1613	0.068494
11982	0.068471
5414	0.068471
5412	0.068471
13841	0.068452
10253	0.068426
9170	0.068387
11582	0.068352
4038	0.068344
7318	0.068335
7555	0.068211
12806	0.068176
3229	0.068013
14017	0.068010
7914	0.068010
5112	0.068008
14215	0.067965
6613	0.067964
929	0.067952
3053	0.067922
543	0.067883
8577	0.067868
8576	0.067868
8574	0.067868
8556	0.067868
11681	0.067842
6903	0.067770
11511	0.067747
1633	0.067740
232	0.067708
2094	0.067701
7875	0.067686
3760	0.067678
2260	0.067667
7028	0.067639
11496	0.067615
13504	0.067552
10463	0.067531
11548	0.067463
13550	0.067451
10349	0.067435
6624	0.067391
3038	0.067377
9991	0.067338
4330	0.067330
10593	0.067210
5537	0.067208
1174	0.067196
13294	0.067193
10382	0.067143
12317	0.067123
213	0.067101
1647	0.067064
12804	0.066974
7306	0.066865
2515	0.066847
6816	0.066832
12096	0.066761
2224	0.066706
9609	0.066641
9580	0.066641
397	0.066637
11544	0.066609
13363	0.066558
7093	0.066557
854	0.066463
9237	0.066447
12512	0.066412
8401	0.066389
2408	0.066367
8067	0.066361
8498	0.066356
1882	0.066351
12239	0.066345
11474	0.066331
10609	0.066289
167	0.066287
3341	0.066281
5491	0.066253
1604	0.066250
11558	0.066248
12626	0.066236
7961	0.066232
2889	0.066228
13567	0.066219
5731	0.066219
5730	0.066219
5726	0.066219
5723	0.066219
5722	0.066219
5721	0.066219
5681	0.066219
11131	0.066185
8336	0.066181
10475	0.066131
10618	0.066058
420	0.065990
3680	0.065974
12571	0.065974
13579	0.065961
11039	0.065961
4804	0.065917
8024	0.065887
11094	0.065881
10181	0.065878
7611	0.065835
5250	0.065830
8010	0.065726
11964	0.065684
4339	0.065615
1192	0.065571
12763	0.065553
5080	0.065523
6500	0.065518
7518	0.065506
12745	0.065498
8461	0.065458
13123	0.065416
10034	0.065416
7959	0.065408
8324	0.065403
9828	0.065388
12558	0.065380
9377	0.065374
4611	0.065366
696	0.065356
10441	0.065336
11395	0.065301
4717	0.065277
10195	0.065188
10388	0.065123
11082	0.065105
9084	0.065103
8960	0.065091
9117	0.065090
3192	0.065074
6162	0.065043
12736	0.065024
7259	0.064991
10033	0.064970
350	0.064938
11053	0.064931
10418	0.064898
1946	0.064870
2319	0.064851
11685	0.064833
441	0.064813
12692	0.064776
6234	0.064751
8929	0.064751
11675	0.064739
8943	0.064710
3954	0.064698
3451	0.064671
1053	0.064655
11019	0.064635
12739	0.064631
12738	0.064631
12735	0.064631
8926	0.064626
9056	0.064576
895	0.064561
11818	0.064513
9097	0.064511
9096	0.064511
5601	0.064493
6945	0.064488
13416	0.064473
12262	0.064450
7412	0.064449
11634	0.064393
4322	0.064387
538	0.064378
12148	0.064373
7411	0.064373
3190	0.064365
1032	0.064266
10713	0.064242
4033	0.064203
10429	0.064189
1057	0.064116
12173	0.064100
13877	0.064012
9179	0.064002
11895	0.063972
12617	0.063935
13823	0.063916
10111	0.063909
747	0.063903
10055	0.063861
5254	0.063811
12594	0.063746
4361	0.063730
11302	0.063699
10684	0.063685
11439	0.063655
10328	0.063639
9089	0.063629
5720	0.063625
9827	0.063598
5622	0.063553
9904	0.063541
9094	0.063531
9093	0.063531
9092	0.063531
9065	0.063531
2434	0.063405
12660	0.063404
12679	0.063381
3675	0.063380
1183	0.063379
8959	0.063353
216	0.063341
7712	0.063310
10936	0.063262
11666	0.063261
10935	0.063261
10934	0.063261
10931	0.063261
4794	0.063261
9536	0.063245
330	0.063239
10315	0.063230
329	0.063225
10674	0.063220
10314	0.063205
10932	0.063201
12623	0.063170
11071	0.063140
11070	0.063130
6657	0.063119
8017	0.063049
12410	0.063038
4842	0.063038
10858	0.063023
2283	0.063006
10793	0.062956
3231	0.062955
11522	0.062921
1278	0.062900
13687	0.062803
7233	0.062716
11043	0.062622
11274	0.062592
11273	0.062592
11272	0.062592
11271	0.062592
5490	0.062578
12248	0.062564
1138	0.062528
10656	0.062518
11404	0.062499
10922	0.062499
6121	0.062493
12832	0.062480
13606	0.062429
5736	0.062257
11037	0.062241
12578	0.062204
11354	0.062200
9796	0.062175
1427	0.062167
5805	0.062146
1039	0.062145
9721	0.062090
7948	0.062090
7778	0.062090
7618	0.062090
7113	0.062090
2320	0.062076
6512	0.062070
2371	0.062033
10142	0.062030
1466	0.062019
3250	0.061992
6004	0.061963
12755	0.061914
4655	0.061906
7341	0.061871
12746	0.061816
6784	0.061814
13153	0.061794
10171	0.061794
10170	0.061794
12729	0.061768
7894	0.061702
11518	0.061663
4863	0.061656
9426	0.061637
10479	0.061624
5413	0.061577
10836	0.061575
325	0.061560
11490	0.061550
2123	0.061494
5519	0.061459
6679	0.061368
10907	0.061333
6877	0.061321
5264	0.061253
3427	0.061212
566	0.061206
9747	0.061168
1201	0.061128
10690	0.061127
13622	0.061120
11564	0.061109
10716	0.061107
11059	0.061098
688	0.061092
6614	0.060966
3059	0.060905
11058	0.060869
3642	0.060853
9564	0.060849
3566	0.060849
7192	0.060836
7071	0.060790
3693	0.060784
3251	0.060736
628	0.060732
11215	0.060722
5176	0.060660
338	0.060649
9968	0.060648
9944	0.060639
12701	0.060637
11520	0.060607
2404	0.060589
9436	0.060565
2588	0.060559
5579	0.060543
1243	0.060543
10671	0.060455
12235	0.060447
3605	0.060432
12586	0.060427
8947	0.060382
12654	0.060371
7397	0.060366
11576	0.060293
5542	0.060271
373	0.060262
11649	0.060255
11145	0.060231
235	0.060168
8888	0.060166
9839	0.060162
12117	0.060156
7345	0.060156
4337	0.060143
13956	0.060087
4628	0.060087
12542	0.060082
512	0.060055
6758	0.060051
7297	0.059995
6494	0.059964
1847	0.059937
5513	0.059927
7114	0.059919
2546	0.059906
5514	0.059898
4415	0.059876
11565	0.059834
10054	0.059745
9005	0.059700
4945	0.059699
8700	0.059669
11086	0.059669
4397	0.059646
3599	0.059623
13398	0.059620
6386	0.059602
10049	0.059601
5106	0.059595
5104	0.059595
12833	0.059492
3987	0.059488
11674	0.059402
364	0.059361
10731	0.059350
2445	0.059348
7128	0.059335
6381	0.059304
12153	0.059289
4702	0.059289
5249	0.059267
249	0.059170
12595	0.059157
8593	0.059140
11352	0.059140
1642	0.059132
3242	0.059131
3606	0.059125
227	0.059119
11530	0.059103
5596	0.059076
331	0.059034
11191	0.058993
5567	0.058990
7706	0.058970
12698	0.058952
10036	0.058927
4060	0.058916
1433	0.058911
10597	0.058909
10732	0.058903
1600	0.058896
1595	0.058896
1590	0.058896
5512	0.058879
9952	0.058867
9720	0.058861
6362	0.058824
12200	0.058734
8799	0.058701
4506	0.058701
4502	0.058701
1947	0.058701
6715	0.058700
12507	0.058698
5532	0.058683
13822	0.058632
11462	0.058631
5155	0.058625
12580	0.058608
4721	0.058585
770	0.058583
7205	0.058564
3862	0.058560
9847	0.058553
8081	0.058539
14076	0.058522
1880	0.058521
2279	0.058498
7127	0.058471
10903	0.058438
6428	0.058436
6427	0.058436
2697	0.058413
11189	0.058345
7530	0.058328
10203	0.058326
4708	0.058305
1976	0.058193
8188	0.058169
9611	0.058146
3040	0.058126
2466	0.058103
10885	0.058084
570	0.058072
10037	0.058052
13498	0.058039
4933	0.058009
12637	0.058005
11188	0.058003
11187	0.058003
10325	0.057893
1553	0.057886
10497	0.057849
14077	0.057849
13497	0.057811
7206	0.057805
5701	0.057802
419	0.057767
11568	0.057755
3316	0.057709
11179	0.057708
10252	0.057701
4771	0.057669
5148	0.057652
12544	0.057585
5317	0.057583
10002	0.057566
3795	0.057541
13633	0.057530
14178	0.057518
7935	0.057518
13490	0.057508
13632	0.057508
13631	0.057508
