1497	0.399140
1995	0.384005
983	0.382253
9467	0.376338
12132	0.375730
972	0.373705
12014	0.369159
12702	0.366347
984	0.358795
1802	0.355342
5285	0.353803
12133	0.351163
4132	0.338118
1996	0.337641
6105	0.336869
5286	0.333434
1786	0.331406
5814	0.325040
3225	0.324138
10220	0.323350
10326	0.323159
9742	0.315786
6082	0.308373
10279	0.305733
979	0.302757
12035	0.301148
3165	0.289670
943	0.287721
3989	0.287121
651	0.285804
3991	0.283925
12034	0.281049
9463	0.280563
3073	0.280310
107	0.279843
4135	0.276464
12179	0.274894
5629	0.274894
12325	0.274580
1372	0.274465
8026	0.273548
14016	0.272801
3164	0.272551
8499	0.272550
2217	0.271350
5754	0.269030
2211	0.268812
2019	0.267929
4136	0.267146
9464	0.266618
8517	0.266618
8516	0.266618
4139	0.266618
4138	0.266618
12685	0.266216
3994	0.266078
9970	0.265652
4140	0.265245
4131	0.264885
229	0.263477
2212	0.262849
11420	0.262168
6602	0.261609
4665	0.260866
4128	0.260538
1510	0.260223
12724	0.259468
1676	0.258927
417	0.258802
13917	0.258647
3892	0.257880
1165	0.257777
342	0.256780
4666	0.256662
440	0.255473
5272	0.254572
1092	0.253729
1853	0.252746
3924	0.250875
10592	0.250087
72	0.248640
9856	0.248115
3974	0.247699
6551	0.246430
1371	0.245079
2748	0.244961
12353	0.244151
3990	0.243908
12703	0.243305
2374	0.242292
5063	0.241068
8166	0.240507
7365	0.240507
7186	0.240507
7227	0.240360
5886	0.239497
9635	0.239433
1682	0.238584
2221	0.238531
13659	0.238274
13658	0.238274
3619	0.237922
7480	0.237192
5523	0.237043
11425	0.236994
10379	0.236994
7653	0.236993
1960	0.236941
5096	0.236867
7351	0.236844
5461	0.236331
10216	0.236036
9582	0.235381
2758	0.234336
11608	0.234187
1457	0.234032
1087	0.233981
2218	0.232419
13829	0.232318
7067	0.232318
2215	0.232318
14406	0.231807
14405	0.231807
5790	0.231774
12288	0.231171
5838	0.231171
3613	0.230861
3992	0.230736
9974	0.230537
9506	0.230491
1088	0.230132
11716	0.229789
9382	0.229705
12966	0.229245
14382	0.228714
309	0.228592
1755	0.228544
88	0.227740
2426	0.227561
1437	0.227000
1380	0.226420
6113	0.225933
2679	0.225152
307	0.224766
100	0.224444
12420	0.224272
5296	0.224061
10313	0.223975
4417	0.223921
4126	0.223415
238	0.222952
14329	0.222832
2219	0.222749
1249	0.222294
7992	0.222203
13159	0.222014
3979	0.221879
106	0.221806
6295	0.221701
2223	0.221440
6213	0.221156
4364	0.221005
12226	0.220979
3969	0.220979
13434	0.220975
9457	0.220862
4152	0.220862
4414	0.220804
4412	0.220403
2007	0.219801
10879	0.219746
5922	0.219526
13952	0.219259
7052	0.219193
13466	0.219143
796	0.219141
13668	0.219131
12686	0.219057
3767	0.218772
5799	0.218644
12012	0.218396
6300	0.218113
1479	0.218076
6521	0.217934
1900	0.217514
6705	0.217352
1	0.217064
10880	0.216999
1331	0.216969
1143	0.216511
5636	0.216491
12620	0.216400
5015	0.216270
14380	0.216135
8075	0.216135
2887	0.215996
3925	0.215913
1533	0.215750
5257	0.215559
3611	0.214986
6441	0.213621
1782	0.213587
4137	0.213525
12659	0.213495
3328	0.213372
8176	0.213360
4625	0.213360
209	0.213206
2022	0.213050
944	0.212967
162	0.212808
1478	0.212801
2757	0.212660
8876	0.212295
540	0.212264
12684	0.211820
4418	0.211457
3387	0.211360
10115	0.211304
4511	0.210873
14401	0.210657
14388	0.210657
14386	0.210657
8123	0.210657
14399	0.210650
241	0.210345
7956	0.210269
6522	0.210150
2379	0.210144
8097	0.210104
12365	0.209896
7323	0.209889
1444	0.209515
10306	0.209278
12139	0.208938
12540	0.208873
7915	0.208834
4142	0.208249
233	0.208239
8712	0.208076
8303	0.208076
8302	0.208076
7362	0.208076
6359	0.208076
6202	0.208044
5535	0.207731
1984	0.207700
1972	0.207420
6364	0.207385
2017	0.207288
1558	0.207235
11717	0.207171
4653	0.207022
7933	0.206494
347	0.206494
8451	0.206310
8732	0.206094
8711	0.206092
3420	0.206025
8710	0.205962
5955	0.205551
102	0.205476
4397	0.205447
7980	0.204961
8412	0.204885
9748	0.204719
13646	0.204703
551	0.204251
6081	0.204095
1785	0.203899
9379	0.202986
4231	0.202947
2376	0.202933
9018	0.202896
6149	0.202881
12586	0.202848
4574	0.202803
6425	0.202792
1093	0.202768
14414	0.202736
14413	0.202736
14412	0.202736
14411	0.202736
9755	0.202736
9754	0.202736
9752	0.202736
9750	0.202736
8590	0.202736
8589	0.202736
8588	0.202736
8587	0.202736
8586	0.202736
8527	0.202736
8446	0.202736
8117	0.202736
7780	0.202736
5839	0.202736
6873	0.202678
10297	0.202620
5204	0.202453
1467	0.202163
3063	0.202131
10799	0.201884
11348	0.201873
11347	0.201873
10942	0.201873
10196	0.201873
11726	0.201860
6900	0.201860
12285	0.201717
6428	0.201681
6427	0.201681
5782	0.201577
10288	0.201546
1374	0.201447
7522	0.201323
112	0.200647
3710	0.200541
6094	0.200251
3430	0.200169
8004	0.200039
7266	0.199686
1760	0.199650
5789	0.199647
6193	0.199594
3801	0.199441
5002	0.199437
11458	0.199399
12725	0.199227
6557	0.199217
4141	0.199177
2590	0.198856
11836	0.198710
4883	0.198602
9082	0.198515
14416	0.198396
4759	0.198029
14415	0.198021
9277	0.198021
3794	0.197954
1292	0.197874
6818	0.197852
8032	0.197632
9753	0.197498
1958	0.197088
422	0.196900
3255	0.196777
5091	0.196475
942	0.196471
1272	0.196367
4526	0.196082
4202	0.195894
9751	0.195702
11220	0.195677
10601	0.195653
10299	0.195653
10298	0.195653
1153	0.195611
5236	0.195480
5785	0.195462
9041	0.194909
13370	0.194670
7532	0.194642
7358	0.194642
9251	0.194571
5781	0.194472
1992	0.194426
4381	0.194387
5359	0.194382
13510	0.194204
11905	0.194191
5990	0.194175
1027	0.194164
6108	0.193937
6872	0.193698
8845	0.193675
8249	0.193590
9073	0.193469
3498	0.193167
1989	0.193059
9156	0.193023
2610	0.192986
2621	0.192923
11119	0.192915
1338	0.192829
9973	0.192790
11708	0.192664
143	0.192447
6573	0.192366
8014	0.192134
4391	0.192111
8709	0.191915
6650	0.191828
6307	0.191719
9706	0.191633
13353	0.191349
13455	0.191347
7640	0.191347
3620	0.191302
6424	0.191261
11758	0.191251
7740	0.191186
2213	0.191080
13476	0.190969
4215	0.190848
10562	0.190759
7263	0.190754
9746	0.190443
767	0.189825
8892	0.189798
10669	0.189735
7087	0.189661
4986	0.189607
1458	0.189586
151	0.189585
5342	0.189561
5306	0.189561
7999	0.189202
3244	0.188959
5093	0.188305
9316	0.187901
10240	0.187894
349	0.187731
9713	0.187460
406	0.187348
9957	0.187292
1536	0.187131
5244	0.187104
909	0.187028
7868	0.186858
9126	0.186565
13711	0.186447
5560	0.186447
1691	0.186437
6585	0.186293
11740	0.186105
1674	0.185939
3116	0.185456
3592	0.185285
5758	0.185044
2216	0.185034
5133	0.184974
2420	0.184663
2717	0.184572
84	0.184465
4127	0.184334
14395	0.184157
7891	0.184157
11928	0.184060
8501	0.184060
2779	0.184060
2756	0.184060
13272	0.184048
2786	0.184048
2782	0.184048
1505	0.184048
13227	0.184007
11927	0.183980
2759	0.183980
9252	0.183773
9135	0.183661
5300	0.183619
7075	0.183550
4255	0.183525
6197	0.183384
1851	0.183325
3568	0.183233
4485	0.183217
2214	0.183200
3590	0.183173
11755	0.183158
9548	0.183126
5305	0.183051
11603	0.182926
8971	0.182872
2783	0.182761
1377	0.182739
4987	0.182731
3432	0.182719
12252	0.182685
12140	0.182560
9607	0.182521
1288	0.182476
1801	0.182370
12737	0.182334
6993	0.182034
1530	0.181923
10570	0.181884
4570	0.181454
2905	0.181445
11604	0.181424
1520	0.181390
4753	0.181083
11759	0.180882
4559	0.180855
9017	0.180792
12731	0.180660
5813	0.180652
2356	0.180652
12316	0.180607
12810	0.180495
12811	0.180475
10286	0.180329
2865	0.180071
3192	0.179918
128	0.179903
224	0.179777
9685	0.179739
532	0.179046
11850	0.178812
8104	0.178703
13677	0.178598
3704	0.178541
149	0.178473
8944	0.178465
6553	0.178458
4210	0.178458
12120	0.178407
3993	0.178407
3187	0.178385
2974	0.178376
3166	0.178348
9100	0.178322
1385	0.178222
13888	0.178220
7888	0.178063
1634	0.177830
6994	0.177803
3186	0.177801
171	0.177683
12599	0.177622
9995	0.177602
166	0.177438
14360	0.177415
3130	0.177345
3450	0.177281
10159	0.177222
240	0.177158
13937	0.177042
13842	0.176976
6552	0.176858
867	0.176854
2768	0.176814
145	0.176607
2286	0.176022
4395	0.175856
14404	0.175710
14400	0.175710
8143	0.175710
8096	0.175710
5724	0.175578
709	0.175453
9419	0.175318
13660	0.175290
6175	0.175280
9855	0.175183
8713	0.175183
1796	0.175087
3520	0.174995
4697	0.174832
2658	0.174738
13962	0.174685
6161	0.174576
4407	0.174510
3194	0.174497
5001	0.174232
13961	0.174179
5788	0.174127
74	0.173952
10708	0.173553
9244	0.173500
982	0.173439
2570	0.173405
2319	0.173317
1639	0.173180
5537	0.173163
410	0.173162
10160	0.172947
1375	0.172946
7596	0.172800
155	0.172559
10243	0.172513
1672	0.172356
13944	0.172249
1379	0.172234
986	0.171999
12113	0.171932
7654	0.171895
4806	0.171875
3741	0.171803
2050	0.171761
12097	0.171671
9709	0.171502
12498	0.171382
11848	0.171371
2754	0.171342
6509	0.171304
3770	0.171121
1978	0.171047
4294	0.170895
6904	0.170756
4415	0.170572
3530	0.170538
9174	0.170524
4087	0.170393
11350	0.170381
1346	0.170300
5979	0.170151
1080	0.170002
4890	0.169994
1176	0.169955
7100	0.169882
10218	0.169707
8038	0.169428
10964	0.169330
4901	0.169319
758	0.169286
6899	0.169255
2505	0.169195
4580	0.169141
10256	0.169087
8772	0.169065
7200	0.169030
4876	0.168986
5476	0.168899
10493	0.168669
82	0.168654
6670	0.168448
2745	0.168447
5757	0.168436
7655	0.168185
3535	0.168148
5081	0.167962
12031	0.167955
4488	0.167875
2702	0.167867
1979	0.167816
2024	0.167723
5463	0.167610
14379	0.167556
5312	0.167537
11896	0.167412
1307	0.167351
8392	0.167333
1742	0.167209
2073	0.167118
8676	0.167095
11972	0.166892
2854	0.166892
3032	0.166869
1225	0.166852
4170	0.166842
10703	0.166759
13244	0.166739
9780	0.166693
6913	0.166576
1982	0.166469
2413	0.166344
5194	0.166335
6192	0.166322
12619	0.166264
1670	0.166182
11515	0.165764
1974	0.165727
13276	0.165714
9638	0.165647
3000	0.165302
10584	0.165272
2042	0.165146
141	0.164823
11803	0.164784
13533	0.164747
13532	0.164747
13531	0.164747
4124	0.164725
812	0.164701
5070	0.164630
1637	0.164623
4581	0.164615
1771	0.164605
7617	0.164478
9749	0.164477
12911	0.164396
104	0.164343
11827	0.164324
3159	0.164324
348	0.164280
746	0.163831
4577	0.163811
4575	0.163811
5302	0.163775
7917	0.163753
1902	0.163724
11705	0.163641
2656	0.163576
3709	0.163515
4587	0.163511
2707	0.163492
4516	0.163464
13844	0.163373
4571	0.163245
1199	0.163027
2270	0.163006
14103	0.162949
8495	0.162949
425	0.162932
13467	0.162837
9279	0.162697
12509	0.162685
5084	0.162659
4555	0.162626
9710	0.162544
4370	0.162501
9787	0.162488
9786	0.162488
9785	0.162488
9784	0.162488
9783	0.162488
9782	0.162488
9781	0.162488
9778	0.162488
9280	0.162488
8585	0.162488
8567	0.162488
8553	0.162488
9702	0.162455
6465	0.162446
701	0.162408
5625	0.162227
721	0.162200
8506	0.162197
4583	0.162090
2323	0.162088
3190	0.162085
5771	0.161900
565	0.161899
1864	0.161898
4301	0.161813
12439	0.161773
7798	0.161772
14163	0.161528
8344	0.161528
7495	0.161466
9077	0.161156
5759	0.161113
989	0.161048
3223	0.160943
5275	0.160885
9563	0.160830
9074	0.160733
7521	0.160629
13278	0.160628
5242	0.160516
7648	0.160471
7243	0.160471
5981	0.160321
9040	0.160172
4988	0.160121
1999	0.160041
7517	0.160000
12845	0.159818
9176	0.159742
8809	0.159742
9431	0.159698
4234	0.159698
4926	0.159696
3397	0.159586
14234	0.159572
1845	0.159277
11465	0.159249
8180	0.159048
4996	0.159019
14375	0.158959
1846	0.158916
4512	0.158870
6567	0.158806
1395	0.158804
5756	0.158728
13970	0.158686
8973	0.158603
8968	0.158603
8967	0.158603
8948	0.158603
4281	0.158434
4458	0.158410
4515	0.158325
5919	0.158219
3289	0.158175
2454	0.158071
8447	0.157971
502	0.157937
8926	0.157917
1661	0.157830
12740	0.157704
726	0.157700
1287	0.157692
13289	0.157470
13256	0.157470
13127	0.157470
9387	0.157405
3017	0.157384
8347	0.157368
9367	0.157338
1791	0.157310
11261	0.157255
8199	0.157255
7869	0.157255
730	0.157196
7606	0.157067
5985	0.157042
7766	0.157002
11549	0.156948
3292	0.156896
11820	0.156773
8076	0.156760
5177	0.156694
5004	0.156658
9144	0.156629
131	0.156590
1473	0.156571
2646	0.156565
5000	0.156562
13782	0.156551
5301	0.156542
14407	0.156500
5496	0.156478
2392	0.156429
7043	0.156352
4290	0.156342
9788	0.156267
1227	0.156218
7752	0.156071
14418	0.156022
14417	0.156022
13284	0.156022
13152	0.156022
9795	0.156022
9793	0.156022
9792	0.156022
9791	0.156022
9789	0.156022
9745	0.156022
9163	0.156022
8614	0.156022
8613	0.156022
8177	0.156022
4163	0.155998
146	0.155892
3588	0.155884
4441	0.155866
1247	0.155760
2231	0.155724
4353	0.155705
888	0.155640
7705	0.155599
6897	0.155599
1502	0.155565
1895	0.155498
3556	0.155477
807	0.155468
4991	0.155446
11103	0.155398
14351	0.155383
14129	0.155335
80	0.155302
6095	0.155298
9557	0.155256
5090	0.155254
9097	0.155210
9096	0.155210
7918	0.155153
1051	0.155026
13934	0.154802
4021	0.154733
11855	0.154614
6593	0.154506
14228	0.154430
9711	0.154358
9708	0.154358
9707	0.154358
9705	0.154358
9703	0.154358
4183	0.154345
1526	0.154305
6898	0.154294
1200	0.154288
9699	0.154286
839	0.154267
13346	0.154102
6003	0.154060
2285	0.153952
2469	0.153937
4405	0.153923
4868	0.153870
9121	0.153753
9112	0.153753
252	0.153683
10533	0.153535
3679	0.153525
1744	0.153477
13249	0.153463
13248	0.153463
4403	0.153463
10006	0.153344
1524	0.153267
1522	0.153263
12076	0.153260
1531	0.153260
1525	0.153260
1523	0.153260
1317	0.153225
11360	0.153204
4884	0.153202
2467	0.153173
13308	0.153171
1705	0.153148
11596	0.153142
1699	0.153116
12152	0.153093
11673	0.153093
8479	0.153093
6773	0.153093
1805	0.153093
1804	0.153093
1799	0.153093
1706	0.153093
1704	0.153093
1702	0.153093
1698	0.153093
3856	0.153053
9428	0.152968
4928	0.152916
4442	0.152909
1710	0.152864
2391	0.152761
11966	0.152697
1703	0.152490
5460	0.152482
2766	0.152433
9247	0.152411
12172	0.152200
1537	0.152176
1709	0.152064
1870	0.151980
11704	0.151969
14025	0.151948
5840	0.151938
9432	0.151872
1646	0.151809
13508	0.151739
5657	0.151736
11866	0.151701
10015	0.151617
9729	0.151608
5988	0.151570
14138	0.151562
1701	0.151507
5050	0.151475
12151	0.151447
11641	0.151446
5827	0.151304
6906	0.151301
10661	0.151268
3913	0.151217
9913	0.151122
14328	0.151049
6985	0.150992
11277	0.150900
13348	0.150737
4923	0.150667
13840	0.150666
4990	0.150631
4985	0.150631
5831	0.150530
2309	0.150499
3618	0.150453
2329	0.150417
5287	0.150402
13853	0.150386
1356	0.150377
1266	0.150360
12135	0.150358
10479	0.150357
8223	0.150300
13433	0.150277
9334	0.150146
9257	0.150143
7009	0.150135
5786	0.150128
14385	0.150088
10004	0.150038
79	0.150014
4652	0.149978
2920	0.149933
1206	0.149875
10467	0.149846
7830	0.149832
7147	0.149781
12273	0.149683
2020	0.149628
