10658	0.127434
10657	0.125686
10318	0.114545
2680	0.107290
9395	0.106262
11539	0.105135
11226	0.104269
1686	0.103067
6577	0.102735
3883	0.101916
6303	0.101603
1442	0.101147
11019	0.100406
7337	0.098727
11491	0.098416
11094	0.097714
781	0.097559
10547	0.097408
5271	0.097130
7817	0.095906
3508	0.095835
12426	0.095738
6450	0.095253
2168	0.095237
2970	0.095161
11737	0.095089
1018	0.094774
12636	0.094557
9835	0.094498
10859	0.094395
3633	0.093958
10048	0.093705
10139	0.092873
5413	0.092368
13449	0.092322
3764	0.092002
10142	0.091910
12415	0.091777
6267	0.091422
6302	0.091422
6191	0.091340
13826	0.091193
1039	0.091059
6967	0.090907
6689	0.090907
12412	0.090816
7951	0.090778
9827	0.090590
13153	0.090415
10171	0.090415
10170	0.090415
12803	0.090127
5491	0.089867
1363	0.089259
882	0.089157
7372	0.089055
10392	0.089042
5346	0.088644
11551	0.088175
6098	0.087971
3845	0.087834
2857	0.087807
12235	0.087664
12435	0.087528
5391	0.087166
12832	0.087158
10042	0.087090
1555	0.087029
2860	0.086834
6810	0.086571
12536	0.086386
11982	0.086155
5414	0.086155
5412	0.086155
10163	0.086112
2251	0.086030
11518	0.085962
6660	0.085867
7028	0.085738
12795	0.085700
2973	0.085690
3967	0.085490
10609	0.085445
11474	0.085284
8496	0.085282
10683	0.085228
10674	0.085120
10531	0.084942
6915	0.084939
7961	0.084317
12756	0.084199
4514	0.084116
11257	0.083831
12891	0.083699
11502	0.083672
1645	0.083656
12654	0.083627
4754	0.083611
8929	0.083596
10046	0.083550
11853	0.083491
6405	0.083425
5477	0.083405
8875	0.083347
6406	0.083334
12908	0.083330
9411	0.083330
9412	0.083329
3360	0.083283
12764	0.082980
1412	0.082964
3664	0.082939
1445	0.082921
7425	0.082565
8622	0.082500
11159	0.082210
8297	0.082188
7166	0.081964
1941	0.081828
3277	0.081812
10212	0.081747
4042	0.081684
12143	0.081648
10648	0.081598
11609	0.081364
5074	0.081320
6304	0.081177
364	0.081135
2425	0.081129
12720	0.081113
7666	0.081113
10040	0.081024
10351	0.080890
4221	0.080751
9531	0.080745
13788	0.080742
1264	0.080680
9020	0.080450
13035	0.080366
4976	0.080361
12122	0.080336
2684	0.080336
5655	0.080255
11534	0.080224
12784	0.080151
6809	0.080035
3163	0.079907
4977	0.079718
10682	0.079631
11485	0.079585
12607	0.079488
12637	0.079426
12785	0.079343
10647	0.079296
11252	0.079295
3939	0.079220
1963	0.079181
9346	0.079177
13038	0.079171
13037	0.079171
13165	0.079057
11151	0.078972
6808	0.078896
11400	0.078890
6062	0.078737
10186	0.078714
10684	0.078677
3408	0.078597
5490	0.078574
11082	0.078505
9170	0.078480
9927	0.078457
9896	0.078457
7208	0.078457
9961	0.078389
12626	0.078383
14063	0.078373
1507	0.078299
9375	0.078152
1446	0.078143
9721	0.077963
7948	0.077963
7778	0.077963
7618	0.077963
7113	0.077963
5459	0.077862
5492	0.077847
10140	0.077822
3763	0.077811
10349	0.077730
6305	0.077709
4262	0.077692
10943	0.077684
12542	0.077570
13030	0.077559
319	0.077487
12719	0.077441
12704	0.077363
569	0.077350
12701	0.077326
13750	0.077293
11419	0.077225
2705	0.077181
11368	0.077166
11321	0.077080
1800	0.076885
10911	0.076841
4017	0.076747
12512	0.076473
11486	0.076412
12597	0.076408
3494	0.076241
10836	0.076218
10486	0.076077
10336	0.076014
12391	0.075934
11129	0.075905
6114	0.075822
6523	0.075709
1052	0.075631
10505	0.075623
12046	0.075564
2166	0.075527
9614	0.075511
12413	0.075501
4295	0.075368
11047	0.075364
10572	0.075360
12707	0.075329
3505	0.075326
3342	0.075305
8051	0.075284
12551	0.075218
12698	0.075153
3378	0.075144
12660	0.075138
2114	0.075076
1186	0.075046
4279	0.075019
6614	0.074983
11548	0.074978
10263	0.074926
11160	0.074910
13135	0.074875
6436	0.074742
11173	0.074610
13361	0.074594
5143	0.074477
12638	0.074383
14245	0.074363
10969	0.074301
12594	0.074255
12434	0.074131
12390	0.074131
5135	0.074090
7707	0.074067
7137	0.073908
10852	0.073808
513	0.073704
8065	0.073671
4589	0.073651
9857	0.073632
11315	0.073582
3242	0.073534
12515	0.073527
4664	0.073506
6700	0.073371
12148	0.073319
7411	0.073319
11520	0.073102
12776	0.073089
11681	0.073053
5691	0.073010
12653	0.072980
4165	0.072909
8477	0.072829
10741	0.072796
7973	0.072787
6887	0.072758
8054	0.072736
11088	0.072725
11453	0.072724
11452	0.072724
11451	0.072724
11449	0.072724
11445	0.072724
11427	0.072724
11391	0.072724
11388	0.072724
11331	0.072724
11327	0.072724
11268	0.072724
3759	0.072652
4717	0.072608
10907	0.072580
5134	0.072560
534	0.072507
10441	0.072444
12588	0.072434
5488	0.072401
1728	0.072361
2329	0.072336
9918	0.072263
12500	0.072263
782	0.072230
2770	0.072148
10998	0.072134
10997	0.072134
5654	0.072095
12808	0.072079
6922	0.072042
13566	0.071976
3217	0.071852
11577	0.071836
968	0.071745
12236	0.071740
13015	0.071712
11575	0.071673
12807	0.071630
7560	0.071564
5697	0.071554
4744	0.071542
1880	0.071506
13194	0.071488
1658	0.071374
514	0.071373
9790	0.071355
277	0.071352
11544	0.071271
9437	0.071219
2904	0.071186
11325	0.071172
7289	0.071168
11569	0.071167
5751	0.071102
2817	0.071095
3915	0.071073
11578	0.070852
10530	0.070758
11546	0.070560
5558	0.070522
323	0.070514
11463	0.070473
919	0.070467
11213	0.070451
10939	0.070429
7988	0.070336
6418	0.070324
4189	0.070295
2293	0.070280
12710	0.070255
1538	0.070239
3250	0.070170
366	0.070154
5500	0.070133
6613	0.070118
12749	0.070112
12748	0.070112
12287	0.070100
8515	0.070100
10714	0.070089
1583	0.070075
12281	0.070011
6619	0.070011
3639	0.069997
13217	0.069946
2907	0.069916
11132	0.069832
12629	0.069755
7229	0.069703
6252	0.069659
10926	0.069604
6371	0.069590
2115	0.069571
8066	0.069559
11081	0.069552
10843	0.069533
1017	0.069532
9610	0.069530
10871	0.069447
12628	0.069432
12804	0.069403
5865	0.069393
3027	0.069326
2881	0.069272
14108	0.069248
4745	0.069248
2320	0.069237
11516	0.069195
7206	0.069186
5542	0.069164
9543	0.069162
8207	0.069119
11469	0.069100
12516	0.069088
12400	0.069059
11586	0.069059
1638	0.069055
12414	0.069038
3630	0.069021
7530	0.069017
5372	0.068994
10612	0.068991
6929	0.068980
11104	0.068967
12546	0.068957
2252	0.068930
11580	0.068858
2159	0.068753
4581	0.068712
13323	0.068709
4478	0.068692
2503	0.068689
1077	0.068680
9179	0.068675
1362	0.068673
9396	0.068673
4481	0.068673
2263	0.068665
11332	0.068623
12650	0.068610
703	0.068606
4582	0.068553
10430	0.068455
10476	0.068441
11817	0.068434
6990	0.068434
12592	0.068418
11493	0.068401
1651	0.068351
10535	0.068312
5250	0.068266
387	0.068247
12109	0.068241
5948	0.068241
11510	0.068233
12773	0.068232
6706	0.068231
903	0.068194
3611	0.068167
13218	0.068155
2087	0.068148
5373	0.068117
854	0.068025
1653	0.068021
1669	0.068005
9627	0.067897
7661	0.067863
3341	0.067807
12621	0.067762
11142	0.067762
6803	0.067691
4291	0.067656
5111	0.067615
5740	0.067590
13926	0.067561
2714	0.067550
1642	0.067468
8003	0.067446
2541	0.067381
630	0.067347
10613	0.067284
5129	0.067282
1040	0.067273
2681	0.067269
6525	0.067228
10542	0.067175
4256	0.067122
7260	0.067119
10475	0.067109
4712	0.067090
3886	0.067089
7070	0.067080
10492	0.067024
5006	0.066950
11431	0.066917
13679	0.066914
6234	0.066898
11542	0.066889
11671	0.066871
11670	0.066864
645	0.066853
4629	0.066843
7639	0.066755
1608	0.066742
11247	0.066637
12818	0.066537
13928	0.066521
14071	0.066476
12648	0.066471
11554	0.066445
2499	0.066388
4808	0.066387
6412	0.066356
6616	0.066330
8419	0.066319
9042	0.066318
6283	0.066269
7101	0.066225
3451	0.066208
1255	0.066208
11464	0.066162
11007	0.066109
4818	0.066026
12508	0.066025
5311	0.066023
6655	0.065963
1779	0.065856
2466	0.065846
7762	0.065788
9840	0.065784
8797	0.065757
10482	0.065756
5690	0.065673
6217	0.065671
5692	0.065649
13497	0.065634
12552	0.065585
3026	0.065581
4819	0.065544
11354	0.065527
1000	0.065522
12276	0.065518
14263	0.065518
14002	0.065518
14001	0.065518
14000	0.065518
13998	0.065518
13996	0.065518
6666	0.065518
5064	0.065518
4854	0.065518
4852	0.065518
12462	0.065509
10685	0.065509
3379	0.065499
12850	0.065412
4176	0.065411
12708	0.065408
12741	0.065393
232	0.065314
9978	0.065311
11492	0.065302
1218	0.065262
13429	0.065245
5670	0.065242
3662	0.065232
14162	0.065115
3825	0.065069
1737	0.065062
9839	0.065018
10383	0.064957
4710	0.064951
9830	0.064945
12411	0.064905
6499	0.064867
12595	0.064852
10503	0.064767
12107	0.064750
10831	0.064749
1925	0.064744
2419	0.064711
12627	0.064672
4179	0.064619
10660	0.064589
13664	0.064575
1633	0.064551
7505	0.064540
11576	0.064532
13633	0.064496
4175	0.064412
12521	0.064407
5648	0.064366
8312	0.064353
13676	0.064339
10497	0.064325
9417	0.064314
11581	0.064289
9870	0.064286
12666	0.064281
4980	0.064276
7614	0.064233
7613	0.064233
9550	0.064224
9828	0.064204
7379	0.064203
12853	0.064153
3248	0.064151
13490	0.064141
13632	0.064141
13631	0.064141
7010	0.064119
13116	0.064107
12854	0.064066
12656	0.064037
9021	0.064003
7553	0.064001
13379	0.063953
6155	0.063937
9028	0.063922
1882	0.063889
4314	0.063874
4729	0.063874
565	0.063866
6733	0.063798
8401	0.063789
6512	0.063769
12623	0.063767
11191	0.063763
13626	0.063744
13425	0.063744
6281	0.063742
11394	0.063719
5229	0.063695
11477	0.063640
11540	0.063631
6334	0.063624
2778	0.063598
3487	0.063500
8230	0.063497
11572	0.063463
9971	0.063450
11126	0.063428
9951	0.063426
6667	0.063420
1924	0.063377
11168	0.063354
10551	0.063350
3640	0.063340
11571	0.063329
11568	0.063329
1095	0.063323
8023	0.063311
11225	0.063271
10909	0.063271
10340	0.063244
2040	0.063208
6174	0.063204
9715	0.063164
9081	0.063153
9078	0.063153
9969	0.063128
13825	0.063051
6945	0.063036
9276	0.063014
9275	0.063014
9166	0.063014
7173	0.063014
7138	0.063014
7133	0.063014
7069	0.063014
8080	0.062976
11392	0.062959
9769	0.062935
10538	0.062905
8654	0.062899
8653	0.062899
11393	0.062888
6188	0.062866
8953	0.062839
11634	0.062824
12408	0.062816
12940	0.062815
11044	0.062811
9900	0.062790
9165	0.062790
7387	0.062790
6626	0.062764
9747	0.062726
4721	0.062723
7964	0.062692
9908	0.062684
9164	0.062684
9045	0.062557
5101	0.062546
8052	0.062537
13376	0.062479
13498	0.062472
5957	0.062382
12522	0.062374
11290	0.062367
2889	0.062357
10946	0.062342
10722	0.062333
11322	0.062317
6021	0.062313
9055	0.062304
4672	0.062303
11719	0.062254
10944	0.062248
4086	0.062203
10561	0.062163
3754	0.062139
301	0.062124
1767	0.062095
7820	0.062047
12625	0.062024
2339	0.061989
3787	0.061978
9540	0.061920
780	0.061860
11529	0.061859
11635	0.061798
999	0.061798
6289	0.061775
6072	0.061768
13396	0.061750
13338	0.061750
4612	0.061707
837	0.061613
411	0.061604
6576	0.061581
3407	0.061559
10487	0.061542
3493	0.061538
11161	0.061536
11561	0.061530
10028	0.061513
11545	0.061484
12872	0.061473
6628	0.061452
5455	0.061448
13645	0.061406
6767	0.061398
6765	0.061398
6764	0.061398
9691	0.061392
12800	0.061389
4116	0.061376
391	0.061357
2449	0.061328
13305	0.061299
6079	0.061289
13142	0.061279
7430	0.061279
6438	0.061241
10353	0.061225
13088	0.061213
10033	0.061188
12382	0.061182
4052	0.061151
520	0.061093
13389	0.061091
11467	0.061079
11612	0.061074
5075	0.061060
6247	0.061036
9555	0.061015
5089	0.061014
8794	0.061012
10666	0.061004
6110	0.060986
7094	0.060985
11760	0.060977
2892	0.060916
12671	0.060871
9948	0.060848
6598	0.060831
5299	0.060791
8513	0.060785
801	0.060742
4255	0.060717
869	0.060674
11301	0.060637
8942	0.060593
11072	0.060551
11769	0.060499
343	0.060480
5659	0.060470
5208	0.060436
7139	0.060415
784	0.060399
2062	0.060359
7114	0.060349
11436	0.060325
10711	0.060325
1647	0.060295
10362	0.060282
604	0.060270
5109	0.060261
10368	0.060258
9611	0.060235
3168	0.060213
6482	0.060175
10860	0.060116
12550	0.060111
13997	0.060094
1650	0.060074
10712	0.060049
7165	0.060026
12730	0.060007
11515	0.059999
12561	0.059993
9945	0.059981
1459	0.059977
5451	0.059944
5436	0.059921
9245	0.059913
5437	0.059913
7310	0.059881
7309	0.059881
1923	0.059865
10077	0.059863
5254	0.059844
4289	0.059842
642	0.059841
2153	0.059833
11955	0.059795
8130	0.059794
10076	0.059766
6563	0.059752
13166	0.059735
7318	0.059708
929	0.059679
11993	0.059672
5563	0.059648
12557	0.059643
12145	0.059621
10515	0.059621
5956	0.059621
10313	0.059599
1163	0.059593
10357	0.059592
12792	0.059559
1169	0.059535
5087	0.059513
13117	0.059467
12093	0.059440
1175	0.059429
9682	0.059418
5623	0.059406
11767	0.059385
5201	0.059380
11528	0.059352
14354	0.059329
13574	0.059328
12587	0.059265
2961	0.059219
9608	0.059215
2914	0.059150
1069	0.059133
11522	0.059128
7722	0.059038
9103	0.059024
9859	0.059015
12509	0.059005
4561	0.058982
7981	0.058959
12977	0.058949
12208	0.058939
12219	0.058925
10305	0.058919
2800	0.058913
12658	0.058872
11116	0.058872
2795	0.058872
2794	0.058872
12647	0.058871
11547	0.058869
2461	0.058846
10141	0.058839
10035	0.058839
1008	0.058837
12538	0.058755
9976	0.058747
12593	0.058746
10373	0.058723
10149	0.058720
9047	0.058664
10158	0.058655
12401	0.058626
12590	0.058620
12950	0.058614
3263	0.058595
8329	0.058591
774	0.058577
11127	0.058572
12695	0.058548
11723	0.058525
12630	0.058508
6811	0.058500
1574	0.058479
137	0.058478
5824	0.058458
12836	0.058449
12824	0.058449
4451	0.058397
12941	0.058382
9881	0.058365
761	0.058357
12715	0.058321
11366	0.058301
12874	0.058300
10693	0.058255
5328	0.058245
13430	0.058213
12791	0.058201
12788	0.058201
12547	0.058186
8947	0.058160
4425	0.058154
10982	0.058149
4188	0.058141
10055	0.058137
13767	0.058115
9169	0.058085
9069	0.058080
9068	0.058080
9067	0.058080
7958	0.058066
2931	0.058057
10440	0.057984
13027	0.057967
9049	0.057967
9048	0.057967
9046	0.057967
8420	0.057967
7027	0.057967
5216	0.057967
11478	0.057944
9043	0.057941
5634	0.057897
11600	0.057884
4196	0.057881
12530	0.057863
12923	0.057849
9491	0.057849
2325	0.057849
2324	0.057849
12141	0.057829
5249	0.057756
11099	0.057721
7234	0.057697
7030	0.057637
4655	0.057623
10597	0.057588
10614	0.057584
9016	0.057571
10437	0.057562
10187	0.057529
10902	0.057527
8928	0.057442
4684	0.057413
3492	0.057400
13019	0.057357
11027	0.057353
2371	0.057344
5631	0.057302
815	0.057294
12694	0.057277
6007	0.057271
9503	0.057265
7192	0.057248
14068	0.057235
3614	0.057147
12952	0.057130
12951	0.057130
5196	0.057116
3323	0.057114
14085	0.057114
5325	0.057042
4118	0.057032
4339	0.057001
11013	0.056989
8232	0.056980
4349	0.056954
2586	0.056938
8465	0.056903
228	0.056876
168	0.056868
4850	0.056868
11398	0.056854
13404	0.056852
7645	0.056840
4848	0.056763
11506	0.056752
13413	0.056749
9922	0.056741
11992	0.056704
1654	0.056691
244	0.056689
11362	0.056676
11682	0.056633
800	0.056628
9909	0.056606
9915	0.056602
1044	0.056528
63	0.056470
5495	0.056456
8418	0.056452
13158	0.056440
13388	0.056402
13387	0.056402
5656	0.056398
1433	0.056362
1770	0.056353
13438	0.056349
10435	0.056327
12499	0.056310
7089	0.056306
