2277	0.169385
3437	0.162844
4466	0.159411
3438	0.157000
13265	0.154582
11658	0.153732
7774	0.148317
5641	0.148317
5642	0.148295
5347	0.147871
2105	0.144588
1756	0.143047
11858	0.141760
9439	0.141405
9462	0.140847
2109	0.136116
6838	0.131957
1952	0.130352
2958	0.129248
1673	0.129020
4542	0.128916
11987	0.128416
2820	0.127941
2952	0.126788
13394	0.126616
4538	0.123426
7526	0.121748
9869	0.121679
8864	0.121524
8863	0.121524
8583	0.121524
8124	0.121524
7904	0.121524
7903	0.121524
7902	0.121524
7901	0.121524
7900	0.121524
7899	0.121524
7897	0.121524
7896	0.121524
7895	0.121524
11739	0.121371
2110	0.119777
876	0.119530
11989	0.116817
9775	0.116116
13036	0.115660
3837	0.114628
1419	0.114565
3389	0.114505
3745	0.113502
12053	0.113457
3739	0.113407
5219	0.112498
13076	0.111229
2185	0.110887
1420	0.110189
2111	0.110163
4468	0.109828
5546	0.108956
2052	0.108950
4463	0.108892
13448	0.108685
2107	0.108442
14248	0.107394
8047	0.107394
13942	0.107184
6393	0.106547
4465	0.106383
9438	0.106325
2600	0.105956
7131	0.105628
4865	0.105596
4305	0.105460
6812	0.105459
2097	0.105407
235	0.105087
7757	0.105062
4416	0.104749
3921	0.104613
877	0.104591
12873	0.104267
8615	0.104207
2113	0.103365
5423	0.102730
2968	0.102159
2523	0.101970
3002	0.101642
51	0.101635
1232	0.101630
1229	0.101630
11638	0.101410
3638	0.101409
12182	0.101093
4464	0.101093
1119	0.100918
7295	0.100788
1120	0.100727
13247	0.100044
352	0.099826
6102	0.099672
85	0.099592
221	0.099481
1237	0.098711
1951	0.098632
3636	0.098119
1953	0.098054
1954	0.098054
1919	0.097803
2174	0.097294
4304	0.097155
4302	0.097155
11999	0.097134
304	0.097051
3209	0.096297
3001	0.096245
1118	0.096162
11147	0.096118
1816	0.096020
4106	0.095938
5829	0.095740
7955	0.095711
7872	0.095585
8352	0.095584
8351	0.095584
2957	0.095584
2956	0.095584
5830	0.095358
861	0.095273
11988	0.095266
469	0.095252
4105	0.095142
6157	0.095141
10232	0.095124
7913	0.095093
5968	0.095093
470	0.095093
6530	0.094934
6101	0.094917
6482	0.094876
1109	0.094552
498	0.094508
6895	0.094280
5967	0.093862
874	0.093685
13449	0.093517
12348	0.093443
2128	0.093110
2124	0.092694
4537	0.092664
6051	0.092546
6528	0.092526
683	0.091703
3977	0.091702
11607	0.091174
1734	0.090948
713	0.090851
4088	0.090530
13545	0.089609
2902	0.089417
1228	0.089316
13850	0.089075
4168	0.089016
5354	0.088886
6841	0.088879
7659	0.088841
6741	0.088826
5424	0.088736
6255	0.088712
9385	0.088683
3007	0.088627
4667	0.088572
13054	0.088530
6835	0.088525
13557	0.088445
13556	0.088445
7328	0.088301
10231	0.088038
9623	0.087954
6896	0.087870
13285	0.087799
392	0.087673
11624	0.087174
1731	0.087071
12030	0.086763
12252	0.086671
3507	0.086621
2274	0.086617
6078	0.086444
2114	0.086374
5815	0.086183
353	0.086145
8171	0.085836
7288	0.085160
4974	0.084819
3778	0.084703
10233	0.084437
12069	0.084408
4671	0.084287
4669	0.084287
2990	0.084267
1956	0.084240
599	0.083854
11298	0.083744
10994	0.083744
3212	0.083743
1238	0.083628
316	0.083468
4670	0.083427
4208	0.083302
311	0.083090
9307	0.082996
9120	0.082988
5305	0.082921
10227	0.082920
4935	0.082853
11715	0.082806
11678	0.082567
2280	0.082465
404	0.082379
2283	0.082330
4838	0.082317
2831	0.082170
5746	0.082088
14266	0.081975
1812	0.081944
1811	0.081944
295	0.081940
6278	0.081923
6472	0.081853
6532	0.081746
6920	0.081648
7381	0.081647
12338	0.081637
700	0.081538
3383	0.081473
314	0.081404
13689	0.081388
13489	0.081388
7414	0.081171
13319	0.081029
2170	0.080883
8922	0.080875
12954	0.080815
13680	0.080812
1809	0.080654
13360	0.080632
6378	0.080529
303	0.080470
1904	0.080365
312	0.080228
9686	0.079928
4383	0.079460
6695	0.079419
4836	0.079201
14269	0.078733
2102	0.078715
11781	0.078677
5268	0.078473
1836	0.078467
2281	0.078450
5348	0.078364
4693	0.078271
2996	0.078258
14303	0.078248
14302	0.078248
14301	0.078248
14300	0.078248
14299	0.078248
7379	0.078137
7167	0.078011
2423	0.078005
4692	0.077848
12074	0.077785
12286	0.077661
310	0.077598
13517	0.077323
4668	0.077285
9218	0.077279
589	0.076868
8910	0.076805
3973	0.076731
5413	0.076680
4121	0.076072
5582	0.076053
1304	0.075891
10330	0.075805
6754	0.075646
12909	0.075601
13325	0.075518
9413	0.075497
4873	0.075230
5451	0.074956
10694	0.074905
5777	0.074890
335	0.074803
334	0.074803
327	0.074803
305	0.074803
302	0.074803
2112	0.074693
9226	0.074658
9217	0.074658
8534	0.074658
7827	0.074635
1111	0.074573
1132	0.074357
1400	0.074330
354	0.074321
3738	0.074264
2828	0.074223
1115	0.074071
4810	0.073932
6473	0.073870
10230	0.073858
14358	0.073511
332	0.073386
12915	0.073341
12914	0.073341
4294	0.073157
8740	0.073102
268	0.073069
9347	0.072979
5635	0.072930
12116	0.072637
12029	0.072587
6938	0.072570
321	0.072502
9794	0.072284
2064	0.072236
6301	0.072127
6747	0.072082
13621	0.072080
370	0.071890
9861	0.071827
9819	0.071827
5033	0.071824
3539	0.071815
10226	0.071814
991	0.071779
3741	0.071755
12197	0.071687
10245	0.071628
1346	0.071598
9706	0.071563
12721	0.071444
1133	0.071427
1291	0.071426
2175	0.071326
8076	0.071172
4163	0.071051
14418	0.071045
14417	0.071045
13284	0.071045
13152	0.071045
9795	0.071045
9793	0.071045
9792	0.071045
9791	0.071045
9789	0.071045
9745	0.071045
9163	0.071045
8614	0.071045
8613	0.071045
8177	0.071045
331	0.070967
7874	0.070752
4849	0.070746
10661	0.070462
633	0.070457
11733	0.070441
13665	0.070383
2382	0.070217
2046	0.070039
6295	0.070038
4240	0.070000
5034	0.069896
1402	0.069842
329	0.069588
330	0.069578
9942	0.069534
9931	0.069534
9930	0.069534
9921	0.069534
9901	0.069534
9899	0.069534
9895	0.069534
9866	0.069534
9836	0.069534
9832	0.069534
9810	0.069534
9698	0.069534
9636	0.069534
9570	0.069534
9299	0.069534
4175	0.069340
2821	0.069292
4306	0.069250
11998	0.069183
12219	0.069182
4450	0.069145
4377	0.069140
9361	0.068940
2521	0.068918
3729	0.068859
11818	0.068825
11198	0.068646
351	0.068641
9207	0.068583
9205	0.068583
8528	0.068583
224	0.068309
5433	0.068253
86	0.068248
5583	0.068231
7686	0.068043
9415	0.067832
8851	0.067832
8850	0.067832
5500	0.067718
14186	0.067591
8892	0.067560
8584	0.067515
5747	0.067406
4176	0.067381
12279	0.067226
11825	0.067226
6270	0.067226
6269	0.067226
6217	0.067216
14263	0.067203
14002	0.067203
14001	0.067203
14000	0.067203
13998	0.067203
13996	0.067203
6666	0.067203
5064	0.067203
4854	0.067203
4852	0.067203
12276	0.067203
8773	0.067163
6621	0.067163
2522	0.067145
12296	0.067096
6244	0.067096
4094	0.067002
10229	0.066971
377	0.066969
6605	0.066960
12138	0.066909
12137	0.066909
12068	0.066909
11864	0.066909
6127	0.066801
6618	0.066671
7883	0.066664
4249	0.066664
4247	0.066664
4246	0.066664
4242	0.066664
4244	0.066664
4248	0.066663
4245	0.066637
11770	0.066624
4120	0.066560
10800	0.066546
5346	0.066470
10110	0.066408
2980	0.066173
524	0.066125
6806	0.066110
6889	0.066036
8611	0.065997
11178	0.065912
14162	0.065899
9231	0.065888
2892	0.065884
9192	0.065871
8634	0.065841
13698	0.065819
13544	0.065819
333	0.065579
4497	0.065567
3906	0.065547
9176	0.065449
8809	0.065449
10582	0.065416
685	0.065358
9174	0.065239
308	0.065229
4977	0.065150
12325	0.065132
7258	0.065108
11300	0.065085
4241	0.065057
13633	0.065051
1097	0.065029
14052	0.064917
10065	0.064917
4111	0.064834
1173	0.064814
2104	0.064674
13490	0.064614
13632	0.064614
13631	0.064614
7261	0.064453
5745	0.064411
3443	0.064177
13687	0.064171
9484	0.064170
9483	0.064170
10173	0.064157
220	0.064142
2981	0.063977
2584	0.063949
13355	0.063942
830	0.063836
11279	0.063810
4778	0.063702
13320	0.063666
1044	0.063640
930	0.063548
4291	0.063496
5588	0.063387
1785	0.063381
7767	0.063367
11771	0.063330
3747	0.063226
7281	0.063204
11914	0.063176
6317	0.063162
4312	0.063070
8090	0.063007
2847	0.063007
2843	0.063007
2839	0.063007
11679	0.062927
8792	0.062914
10512	0.062881
2840	0.062794
4361	0.062784
5585	0.062774
12310	0.062662
11314	0.062564
8319	0.062538
4976	0.062521
4118	0.062518
4850	0.062333
7676	0.062314
11849	0.062297
7453	0.062264
10480	0.062228
9900	0.062142
9165	0.062142
7387	0.062142
13321	0.062115
9908	0.062098
9164	0.062098
9797	0.062061
591	0.061998
9135	0.061965
1280	0.061959
306	0.061927
6667	0.061908
10377	0.061738
2845	0.061688
10378	0.061663
12636	0.061398
9276	0.061252
9275	0.061252
9166	0.061252
7173	0.061252
7138	0.061252
7133	0.061252
7069	0.061252
5584	0.061247
12010	0.061146
2979	0.061053
6007	0.061039
1656	0.061008
13997	0.060991
3952	0.060957
1458	0.060890
225	0.060805
6065	0.060802
12043	0.060791
7457	0.060786
8072	0.060772
751	0.060753
13384	0.060685
13706	0.060588
13738	0.060576
13731	0.060576
38	0.060483
4431	0.060465
2108	0.060402
341	0.060284
11976	0.060262
1955	0.060259
4432	0.060254
13707	0.060225
9711	0.060217
9708	0.060217
9707	0.060217
9705	0.060217
9703	0.060217
716	0.060217
3320	0.060214
7343	0.060209
745	0.060205
6035	0.060194
6277	0.060189
9699	0.060180
6251	0.060083
6249	0.060083
6064	0.059972
8312	0.059951
9787	0.059918
9786	0.059918
9785	0.059918
9784	0.059918
9783	0.059918
9782	0.059918
9781	0.059918
9778	0.059918
9280	0.059918
8585	0.059918
8567	0.059918
8553	0.059918
2188	0.059907
6465	0.059811
8383	0.059629
8503	0.059515
7855	0.059515
9201	0.059515
13597	0.059478
13596	0.059478
13595	0.059478
13583	0.059478
13554	0.059478
13402	0.059478
7990	0.059478
3176	0.059411
4972	0.059366
11646	0.059280
7468	0.059224
2967	0.059224
7510	0.059215
3111	0.059166
11552	0.059074
684	0.059063
6305	0.059016
6044	0.059012
13030	0.059003
13094	0.058996
2599	0.058886
4596	0.058670
9913	0.058583
1309	0.058428
1297	0.058366
6689	0.058351
6967	0.058351
9702	0.058296
3448	0.058278
12281	0.058263
6619	0.058263
1833	0.058230
9232	0.058039
9909	0.058026
3428	0.057739
2881	0.057706
881	0.057606
14407	0.057528
3505	0.057524
2964	0.057492
8009	0.057448
9957	0.057428
9928	0.057427
11840	0.057404
10748	0.057261
9834	0.057261
13376	0.057231
340	0.057225
5741	0.057186
4595	0.057170
6587	0.057145
2458	0.057051
1273	0.056970
7200	0.056958
35	0.056862
5918	0.056720
6496	0.056647
5432	0.056647
4193	0.056635
13456	0.056632
13342	0.056632
3142	0.056616
2965	0.056598
4824	0.056575
6616	0.056565
9215	0.056472
2118	0.056458
9248	0.056458
9919	0.056450
9253	0.056450
5177	0.056421
12263	0.056409
4682	0.056409
14013	0.056376
2253	0.056376
12192	0.056359
13688	0.056284
6191	0.056194
9177	0.056183
9393	0.056171
1235	0.056165
9780	0.056100
5117	0.055945
14004	0.055900
4866	0.055900
6302	0.055859
6267	0.055859
2119	0.055826
6395	0.055781
814	0.055630
1964	0.055607
9198	0.055385
2666	0.055376
4922	0.055276
11685	0.055104
12063	0.055076
9796	0.055062
9121	0.055055
9112	0.055055
11737	0.054971
6034	0.054879
888	0.054739
11660	0.054670
7306	0.054627
4672	0.054622
11361	0.054612
11380	0.054591
9460	0.054590
2773	0.054555
1777	0.054554
1030	0.054401
7752	0.054346
8041	0.054341
13928	0.054321
3144	0.054234
503	0.054220
328	0.054137
2542	0.053992
5996	0.053977
13467	0.053959
9150	0.053949
11817	0.053917
6990	0.053917
9579	0.053886
9269	0.053814
13269	0.053703
9455	0.053658
3588	0.053593
385	0.053553
12333	0.053450
2073	0.053411
924	0.053399
4855	0.053318
4618	0.053290
13503	0.053260
7556	0.053162
6434	0.053162
4239	0.053144
4243	0.053110
3922	0.053088
2442	0.053074
9152	0.053065
13443	0.053037
3934	0.053019
8468	0.053004
2978	0.053004
2977	0.053004
13926	0.052985
13293	0.052966
8676	0.052942
11784	0.052844
6149	0.052842
2263	0.052745
1835	0.052729
1146	0.052695
5934	0.052690
5933	0.052690
5883	0.052654
13657	0.052651
1719	0.052651
5779	0.052556
9237	0.052536
5035	0.052440
1121	0.052383
6015	0.052326
6438	0.052286
13649	0.052254
13440	0.052249
5755	0.052217
12303	0.052134
7342	0.052072
5778	0.052059
8026	0.052051
4659	0.052043
11898	0.051991
2117	0.051961
8293	0.051901
4128	0.051865
13999	0.051843
5005	0.051843
6815	0.051833
11050	0.051810
5880	0.051801
11680	0.051750
2276	0.051506
2708	0.051464
11689	0.051414
12861	0.051413
4262	0.051394
5958	0.051231
487	0.051212
5197	0.051110
10839	0.051087
12799	0.051023
8180	0.050981
1285	0.050928
4053	0.050919
2018	0.050862
124	0.050834
5118	0.050823
782	0.050695
679	0.050665
5476	0.050610
3900	0.050523
781	0.050513
3370	0.050512
2955	0.050361
2953	0.050361
2049	0.050315
6598	0.050300
1885	0.050291
1884	0.050291
1883	0.050291
5634	0.050242
11903	0.050173
5038	0.050159
596	0.050052
9256	0.050048
3586	0.049988
7089	0.049952
9709	0.049935
690	0.049926
2080	0.049843
1689	0.049827
2621	0.049808
8833	0.049787
1001	0.049771
2172	0.049656
879	0.049654
5189	0.049633
9244	0.049573
9480	0.049563
8533	0.049563
8204	0.049538
3897	0.049513
2	0.049462
10770	0.049433
817	0.049390
79	0.049377
6677	0.049368
4169	0.049331
5217	0.049330
10838	0.049320
11112	0.049318
2954	0.049314
7992	0.049294
10659	0.049259
8671	0.049232
9235	0.049222
9230	0.049222
9228	0.049222
9225	0.049222
9224	0.049222
9221	0.049222
9219	0.049222
9214	0.049222
9213	0.049222
9211	0.049222
9209	0.049222
9208	0.049222
9206	0.049222
9193	0.049222
8807	0.049222
8679	0.049222
8677	0.049222
8675	0.049222
8674	0.049222
8673	0.049222
8670	0.049222
8637	0.049222
8633	0.049222
8631	0.049222
8610	0.049222
8591	0.049222
8539	0.049222
8538	0.049222
8537	0.049222
8536	0.049222
8529	0.049222
8526	0.049222
8525	0.049222
8632	0.049222
1707	0.049221
14415	0.049175
9277	0.049175
6443	0.049147
8714	0.049129
4231	0.049090
13139	0.049086
8451	0.049084
3591	0.049065
6908	0.049057
8391	0.048991
3087	0.048991
5376	0.048896
8203	0.048842
932	0.048842
931	0.048842
12072	0.048842
9024	0.048837
9023	0.048837
9022	0.048837
8949	0.048837
9145	0.048836
73	0.048833
10249	0.048741
8635	0.048689
9196	0.048664
14416	0.048657
5851	0.048626
2286	0.048496
9704	0.048409
6742	0.048391
3496	0.048261
1882	0.048194
4293	0.048057
6576	0.048027
1187	0.048008
696	0.047958
13694	0.047915
3328	0.047841
3886	0.047710
2950	0.047667
4216	0.047639
12357	0.047566
8636	0.047565
6767	0.047511
6765	0.047511
6764	0.047511
3838	0.047463
10491	0.047452
13148	0.047340
13147	0.047340
7892	0.047340
6298	0.047340
6297	0.047340
6198	0.047297
9999	0.047289
823	0.047258
3371	0.047216
14003	0.047215
4998	0.047200
3654	0.047169
11129	0.047148
215	0.047035
7856	0.047009
6844	0.047006
1141	0.046891
8565	0.046844
11073	0.046792
4087	0.046775
13199	0.046761
13198	0.046761
2637	0.046739
6292	0.046683
3083	0.046678
10943	0.046639
13200	0.046630
9320	0.046630
9318	0.046630
9315	0.046630
9314	0.046630
9313	0.046630
9312	0.046630
