4155	0.248533
3996	0.232895
3644	0.225186
5320	0.221990
3725	0.202808
6440	0.194707
2548	0.183177
4308	0.182806
2547	0.182510
5903	0.179115
680	0.174231
12381	0.168703
3995	0.165669
3078	0.164773
4398	0.159016
4887	0.157368
13580	0.156156
57	0.155985
13314	0.155948
11920	0.155475
3927	0.155475
3868	0.155475
8886	0.155221
6449	0.155068
7717	0.154906
12342	0.154906
7684	0.154906
7718	0.154906
286	0.150686
11639	0.150291
3929	0.150080
3928	0.150080
4764	0.149385
11919	0.149217
6456	0.147844
6454	0.147729
3074	0.147727
4389	0.147653
1829	0.147231
7864	0.145275
4832	0.145062
13721	0.144814
13709	0.144814
5905	0.144491
3746	0.144443
9090	0.143578
14119	0.143551
12585	0.142465
6208	0.142356
641	0.142269
9091	0.142221
820	0.141606
785	0.140421
686	0.139834
6822	0.138789
10862	0.138749
10863	0.138449
11628	0.138385
6907	0.138385
6370	0.137288
11256	0.135833
12541	0.135422
2343	0.134695
3784	0.134168
50	0.132804
4191	0.132164
6506	0.131376
11918	0.131229
5946	0.130340
7947	0.130018
11711	0.128749
7024	0.128712
8324	0.128511
2628	0.128045
2627	0.128045
7807	0.127990
11667	0.127913
13567	0.127700
5731	0.127700
5730	0.127700
5726	0.127700
5723	0.127700
5722	0.127700
5721	0.127700
5681	0.127700
1009	0.126654
9508	0.126488
9725	0.126438
12247	0.126002
6690	0.125864
4001	0.123200
699	0.122167
3867	0.122022
9111	0.121394
2991	0.121243
1344	0.121236
13363	0.121016
4114	0.120818
8489	0.119702
6816	0.119652
6458	0.118855
1332	0.118469
6043	0.117861
3743	0.117113
3213	0.116179
5736	0.115707
13606	0.115670
429	0.115625
12178	0.115463
9863	0.114885
5525	0.113571
1345	0.113542
4213	0.112684
8816	0.112468
8815	0.112468
8814	0.112468
8812	0.112468
8796	0.112468
8795	0.112468
8777	0.112468
7923	0.112468
274	0.112348
10580	0.112214
5930	0.112214
7473	0.111461
2094	0.111442
857	0.110146
7022	0.110130
11264	0.110084
9254	0.109871
1892	0.109323
6117	0.109005
9992	0.108428
1913	0.108245
4031	0.108172
1551	0.108121
10496	0.107714
5139	0.107601
12260	0.107579
856	0.107579
12314	0.107284
8749	0.107282
8748	0.107282
11971	0.107071
3485	0.106988
12655	0.106865
6708	0.106564
3486	0.106315
12366	0.105766
6634	0.105766
6633	0.105766
12834	0.105564
12828	0.105564
12560	0.105167
10965	0.104883
3135	0.104837
3943	0.104774
3841	0.104702
901	0.104150
6479	0.104039
5688	0.103855
4252	0.103853
7534	0.103852
7553	0.103753
1152	0.103592
6638	0.103415
5068	0.103015
5069	0.102899
6729	0.102583
10632	0.102559
9640	0.102218
6316	0.101895
5061	0.101430
4143	0.101325
3140	0.101174
11846	0.100568
5784	0.100568
1359	0.100550
3558	0.100279
1544	0.100233
7898	0.099862
4408	0.099813
2901	0.099472
9503	0.099462
2544	0.099386
11910	0.099289
11148	0.099116
3584	0.098647
11995	0.098579
8618	0.098464
2999	0.097632
12249	0.096955
5008	0.096955
11026	0.096926
3326	0.096877
3805	0.096699
2489	0.096359
3600	0.096291
4864	0.096004
3280	0.095931
5217	0.095760
505	0.095696
1471	0.095651
1341	0.094998
46	0.094887
7420	0.094857
261	0.094478
617	0.094372
1739	0.093681
4856	0.093656
6926	0.093461
11537	0.093193
3649	0.093013
5188	0.092618
4910	0.092606
11175	0.092285
6971	0.092243
4144	0.092093
13994	0.091932
7931	0.091932
5942	0.091785
12408	0.091711
6264	0.091632
3643	0.091350
7825	0.091332
11860	0.091294
2730	0.091011
8661	0.090870
269	0.090845
1973	0.090533
12924	0.090202
5977	0.090090
4292	0.089865
2969	0.089634
3296	0.089629
706	0.089572
606	0.089533
2753	0.089513
10458	0.089320
3077	0.089006
13482	0.088985
6162	0.088615
12299	0.088378
12298	0.088378
3583	0.088378
1472	0.088337
9434	0.088316
711	0.088316
710	0.088316
518	0.088316
5007	0.088108
6457	0.088009
913	0.087882
3053	0.087755
5940	0.087741
10459	0.087680
2187	0.087659
517	0.087377
8598	0.087138
8597	0.087138
2913	0.087076
382	0.086993
5112	0.086914
10375	0.086592
13607	0.086478
5059	0.085351
504	0.085281
1807	0.085062
1201	0.084864
14014	0.084738
9436	0.084633
5497	0.084543
9633	0.084326
9630	0.084326
9628	0.084326
9626	0.084326
9625	0.084326
9624	0.084326
9622	0.084326
9621	0.084326
9620	0.084326
9619	0.084326
9618	0.084326
9615	0.084326
9482	0.084326
3059	0.084128
9119	0.084057
5533	0.084057
9564	0.084046
3566	0.084046
4639	0.084022
4635	0.084022
4634	0.084022
3082	0.084022
11830	0.084022
4000	0.083939
665	0.083743
1414	0.083420
11293	0.083380
1197	0.083380
740	0.083333
4048	0.083240
4047	0.083240
4046	0.083240
4044	0.083240
3628	0.083240
3622	0.083240
4025	0.083187
204	0.083023
1059	0.082968
276	0.082541
1231	0.082484
6983	0.082327
6982	0.082327
3652	0.082321
9190	0.082211
1384	0.082067
1629	0.081966
2472	0.081888
4818	0.081546
1258	0.081311
486	0.081220
6550	0.081009
3460	0.080978
1190	0.080904
8855	0.080874
5717	0.080644
12388	0.080609
3456	0.080576
419	0.080524
6829	0.080401
9613	0.080383
9039	0.080259
9631	0.080040
2926	0.079968
13282	0.079959
13281	0.079946
11312	0.079786
2620	0.079661
511	0.079617
1178	0.079601
55	0.079448
9541	0.079149
3168	0.079031
6697	0.079029
4929	0.078965
7433	0.078945
1455	0.078864
7037	0.078732
4157	0.078722
4156	0.078722
12277	0.078494
8073	0.078494
6150	0.078494
5944	0.078494
5943	0.078494
1439	0.078465
9612	0.078443
9694	0.078204
692	0.078182
491	0.077998
1447	0.077866
3621	0.077811
1453	0.077660
7091	0.077583
858	0.077543
263	0.077335
12340	0.077303
6814	0.077276
12597	0.077183
41	0.077149
5318	0.076821
3549	0.076746
14241	0.076682
9606	0.076613
11212	0.076434
3238	0.076343
4477	0.076041
8950	0.075976
11535	0.075918
3266	0.075917
255	0.075913
1416	0.075821
1634	0.075732
5567	0.075716
11917	0.075667
6600	0.075635
11985	0.075552
8147	0.075552
8100	0.075552
8086	0.075552
8085	0.075552
8084	0.075552
601	0.075435
5622	0.075322
3541	0.075263
12428	0.075086
294	0.075082
1108	0.074767
3902	0.074695
2549	0.074309
4523	0.074167
13339	0.074023
13494	0.073957
6917	0.073897
12073	0.073871
8832	0.073860
1415	0.073587
1243	0.073545
256	0.073350
10102	0.073330
3066	0.073289
1893	0.073238
3117	0.073221
6918	0.073221
2503	0.073153
13502	0.073129
10668	0.073129
10494	0.073129
13170	0.073073
10209	0.073010
6830	0.072947
7560	0.072864
1728	0.072788
8299	0.072708
4921	0.072701
1073	0.072653
434	0.072613
4588	0.072474
8800	0.072237
293	0.072026
292	0.072026
291	0.072026
290	0.072026
287	0.072026
9518	0.072022
12862	0.071849
10195	0.071800
9611	0.071751
11994	0.071717
2826	0.071717
285	0.071578
6856	0.071474
6623	0.071331
14342	0.071293
5234	0.071131
1857	0.071117
5916	0.071113
3064	0.071028
3504	0.070920
5511	0.070902
3207	0.070771
8923	0.070733
5573	0.070684
11861	0.070651
6318	0.070651
5670	0.070447
6842	0.070421
5449	0.070293
195	0.070194
5319	0.070015
1103	0.069952
7370	0.069939
4847	0.069939
282	0.069889
5238	0.069650
9519	0.069621
12066	0.069574
10429	0.069461
2995	0.069176
10136	0.069089
5109	0.069071
1549	0.069054
506	0.069045
7052	0.068971
9609	0.068965
9580	0.068965
4404	0.068876
3099	0.068838
9554	0.068792
8200	0.068792
13059	0.068771
12334	0.068771
6549	0.068771
6213	0.068740
519	0.068738
630	0.068701
9664	0.068580
1659	0.068531
10253	0.068447
7957	0.068386
288	0.068379
7280	0.068223
5350	0.068208
507	0.068149
9578	0.068128
5239	0.068123
12505	0.068113
1826	0.068034
671	0.067987
2796	0.067959
44	0.067939
7828	0.067817
9396	0.067741
4481	0.067741
1362	0.067741
4478	0.067729
13313	0.067681
8507	0.067681
2144	0.067628
1417	0.067558
1342	0.067426
732	0.067416
3721	0.067347
13570	0.067339
13228	0.067339
731	0.067339
9127	0.067287
49	0.067253
10927	0.067236
2642	0.067140
1179	0.067087
10011	0.067054
5720	0.066978
12154	0.066971
5491	0.066936
11025	0.066902
3316	0.066832
2696	0.066766
5317	0.066757
9338	0.066745
7040	0.066646
707	0.066569
10903	0.066539
13472	0.066499
11878	0.066369
791	0.066282
5252	0.066143
1935	0.066098
5237	0.066046
2466	0.066027
6679	0.065948
611	0.065927
3052	0.065917
13461	0.065842
6908	0.065775
493	0.065760
12832	0.065637
3105	0.065544
30	0.065467
11374	0.065381
5174	0.065348
68	0.065333
13392	0.065309
2435	0.065287
3899	0.065267
7248	0.065232
7058	0.065222
7059	0.065220
12821	0.065153
1363	0.065086
6922	0.064979
12749	0.064901
12748	0.064901
9616	0.064725
3763	0.064713
8208	0.064711
11498	0.064708
12360	0.064493
7711	0.064493
1443	0.064423
272	0.064393
2334	0.064361
919	0.064336
194	0.064317
7154	0.064233
4944	0.064204
4943	0.064204
6459	0.064170
11730	0.064159
4007	0.064151
10894	0.064091
4393	0.064025
2031	0.064014
9356	0.063999
4394	0.063980
13530	0.063953
14096	0.063760
4368	0.063743
5615	0.063738
8463	0.063719
4980	0.063641
442	0.063640
12105	0.063625
2997	0.063518
11494	0.063503
11819	0.063211
4406	0.063172
9531	0.063113
5728	0.063095
7371	0.063061
6315	0.063015
8109	0.062951
6676	0.062829
5009	0.062819
388	0.062780
11789	0.062771
4194	0.062663
279	0.062643
408	0.062482
9610	0.062467
2634	0.062429
10074	0.062307
3708	0.062242
4922	0.062124
289	0.062042
11835	0.062011
4409	0.062011
6308	0.061999
739	0.061927
3065	0.061855
12910	0.061850
733	0.061799
5964	0.061777
13881	0.061747
8964	0.061747
8063	0.061747
1978	0.061682
387	0.061511
11161	0.061504
3844	0.061498
6435	0.061494
5709	0.061458
5208	0.061385
12301	0.061324
3068	0.061217
9843	0.061208
6847	0.061208
4399	0.061148
9072	0.061079
3161	0.061069
1967	0.061064
10075	0.061059
9864	0.061047
1606	0.060983
1552	0.060929
8924	0.060832
2875	0.060731
280	0.060639
10573	0.060588
2328	0.060544
14078	0.060516
9879	0.060421
12889	0.060370
10779	0.060370
9132	0.060370
9110	0.060370
9101	0.060370
8512	0.060370
6388	0.060370
855	0.060337
995	0.060285
10855	0.060200
6390	0.060185
8144	0.060181
8965	0.060163
4688	0.060156
9172	0.060135
5426	0.060024
922	0.059999
629	0.059996
12245	0.059988
6877	0.059936
10574	0.059933
125	0.059923
4209	0.059883
1557	0.059872
5783	0.059864
5479	0.059843
9079	0.059828
3964	0.059783
1828	0.059745
9587	0.059699
806	0.059640
885	0.059567
4541	0.059551
3705	0.059534
7114	0.059529
10263	0.059442
232	0.059432
12776	0.059314
5022	0.059297
383	0.059253
3828	0.059232
1621	0.059109
3998	0.059107
60	0.059026
11439	0.058888
426	0.058881
13471	0.058793
9623	0.058787
12667	0.058657
4400	0.058617
12246	0.058589
3543	0.058579
6194	0.058577
6199	0.058555
12371	0.058488
7612	0.058488
7008	0.058488
10718	0.058463
5706	0.058454
5480	0.058423
2550	0.058408
4797	0.058381
9102	0.058374
3567	0.058351
5708	0.058221
512	0.058216
3732	0.058185
12359	0.058098
6468	0.058098
1861	0.058078
13473	0.058076
3384	0.058034
9124	0.058027
11801	0.057997
6391	0.057914
5029	0.057889
882	0.057855
9034	0.057707
7179	0.057689
5190	0.057687
2886	0.057652
1984	0.057568
917	0.057390
7406	0.057368
3406	0.057342
11702	0.057281
4396	0.057227
1924	0.057207
9212	0.057205
8963	0.057167
3848	0.057091
9130	0.057071
9113	0.057071
1254	0.057040
3804	0.056890
13050	0.056770
5528	0.056736
6503	0.056713
3827	0.056648
1418	0.056635
2668	0.056603
11432	0.056597
10616	0.056597
7070	0.056588
9844	0.056583
14017	0.056559
7914	0.056559
1368	0.056463
2238	0.056430
6188	0.056393
7536	0.056393
167	0.056365
3342	0.056339
9449	0.056218
10527	0.056065
11701	0.056045
12191	0.056043
2884	0.055978
615	0.055910
11053	0.055862
277	0.055860
2838	0.055844
6304	0.055834
5969	0.055800
11497	0.055785
11609	0.055785
6214	0.055737
6212	0.055737
6177	0.055737
5866	0.055737
4528	0.055737
10277	0.055703
4934	0.055652
1918	0.055588
188	0.055533
6210	0.055531
13619	0.055461
11817	0.055457
6990	0.055457
10474	0.055416
7213	0.055389
5970	0.055322
4016	0.055316
10018	0.055272
6691	0.055265
7403	0.055249
6392	0.055193
424	0.055130
9572	0.055076
2666	0.054993
10339	0.054881
9128	0.054876
13608	0.054841
13409	0.054841
13408	0.054841
25	0.054726
10350	0.054721
10106	0.054688
12313	0.054651
8167	0.054651
10423	0.054637
10382	0.054483
1554	0.054438
477	0.054437
11495	0.054393
5031	0.054377
2163	0.054195
12489	0.054112
5819	0.054112
5818	0.054112
244	0.054112
513	0.054097
788	0.054087
501	0.054081
1985	0.054080
1934	0.053982
6311	0.053918
6310	0.053918
4843	0.053918
270	0.053880
10188	0.053851
6844	0.053823
2879	0.053803
3582	0.053786
8053	0.053750
5186	0.053733
5921	0.053677
4206	0.053615
362	0.053590
3658	0.053534
13524	0.053494
2998	0.053484
3298	0.053473
11218	0.053468
2949	0.053437
10526	0.053378
12658	0.053377
11116	0.053377
2795	0.053377
2794	0.053377
12494	0.053361
10617	0.053317
738	0.053285
13181	0.053280
1053	0.053274
11013	0.053268
4540	0.053267
1082	0.053263
4543	0.053208
10837	0.053136
1640	0.053131
3753	0.053124
2800	0.053096
13362	0.053057
695	0.052990
11902	0.052817
8070	0.052776
736	0.052776
8484	0.052727
3350	0.052715
5032	0.052635
9433	0.052577
9490	0.052556
1639	0.052484
2975	0.052436
10628	0.052304
10675	0.052223
12566	0.052191
1644	0.052113
3650	0.052061
3276	0.052053
5734	0.052020
847	0.052007
6250	0.052002
5898	0.051993
4812	0.051938
13326	0.051901
510	0.051895
840	0.051890
7730	0.051773
7445	0.051773
7444	0.051773
7175	0.051773
7080	0.051773
12135	0.051740
1560	0.051696
7673	0.051691
4154	0.051673
13911	0.051648
2799	0.051630
341	0.051602
9032	0.051597
3270	0.051595
13172	0.051586
13171	0.051586
10201	0.051586
9031	0.051586
2497	0.051569
10290	0.051562
1106	0.051552
5893	0.051534
5892	0.051534
5891	0.051534
5890	0.051534
5889	0.051534
10291	0.051516
11163	0.051473
10878	0.051358
5902	0.051355
5901	0.051355
5900	0.051355
5899	0.051355
3490	0.051321
748	0.051312
1817	0.051269
10830	0.051218
414	0.051209
5443	0.051206
2788	0.051164
12316	0.051152
737	0.051140
9692	0.051113
3028	0.051021
11829	0.050916
4525	0.050916
986	0.050912
4524	0.050889
13003	0.050870
12869	0.050870
1579	0.050806
10105	0.050785
621	0.050692
7819	0.050655
5857	0.050545
697	0.050529
768	0.050468
9390	0.050432
5014	0.050403
4738	0.050401
8531	0.050379
9497	0.050246
3815	0.050230
7100	0.050224
2667	0.049981
11912	0.049904
2499	0.049847
3520	0.049657
48	0.049634
7405	0.049632
227	0.049361
2663	0.049295
1766	0.049288
9288	0.049240
12109	0.049240
5948	0.049240
747	0.049232
6120	0.049184
5106	0.049170
5104	0.049170
802	0.049056
10721	0.049035
1737	0.049033
12553	0.048999
9492	0.048973
2933	0.048970
11343	0.048947
11538	0.048939
9142	0.048858
9191	0.048803
967	0.048769
6949	0.048720
10949	0.048697
12622	0.048631
9505	0.048558
439	0.048400
12833	0.048372
12403	0.048289
12038	0.048246
11455	0.048220
11426	0.048220
110	0.048203
9169	0.048078
10900	0.048027
6578	0.048024
634	0.048020
13375	0.048007
4765	0.047905
