14119	0.299484
9091	0.297654
9090	0.296999
9111	0.277076
6690	0.264945
3280	0.218546
5903	0.200352
4887	0.181324
7037	0.179300
1728	0.158081
1362	0.145993
9396	0.145993
4481	0.145993
4478	0.145989
919	0.143962
1363	0.140932
6691	0.140191
740	0.136487
1935	0.125483
12381	0.117903
6842	0.116938
733	0.115566
734	0.115157
13339	0.114270
995	0.113951
913	0.113691
692	0.112466
11994	0.111953
2826	0.111953
388	0.111681
3584	0.110929
11995	0.110839
3541	0.110633
617	0.109039
960	0.106756
1739	0.106618
11819	0.106382
7280	0.106144
741	0.105848
9127	0.105747
9992	0.105739
4398	0.105728
3725	0.105453
1108	0.105097
2328	0.104635
5350	0.104400
737	0.103981
9395	0.103886
6660	0.103504
1934	0.103366
3920	0.103256
2354	0.102926
8070	0.102748
736	0.102748
3384	0.102575
4477	0.102523
3117	0.102259
738	0.101635
5567	0.101597
167	0.101343
3841	0.101009
4738	0.100781
4155	0.100639
1179	0.100287
484	0.099613
5511	0.099371
2668	0.099246
12408	0.099196
3644	0.098696
486	0.098174
2153	0.097885
5921	0.097856
706	0.097719
505	0.097571
387	0.097428
1103	0.097393
9554	0.096796
8200	0.096796
1924	0.096637
3996	0.096395
6250	0.096297
3171	0.096021
3298	0.095878
2667	0.095837
2663	0.095811
517	0.095421
2913	0.095238
11878	0.095204
9434	0.094263
711	0.094263
710	0.094263
518	0.094263
10506	0.093986
1045	0.093986
7553	0.093716
511	0.093419
7053	0.093092
1453	0.092823
6440	0.092789
2710	0.092669
10195	0.092410
2638	0.092292
504	0.092129
548	0.091980
2548	0.091948
7091	0.091822
519	0.091450
5801	0.091324
5836	0.091316
739	0.091279
14014	0.091027
6877	0.090855
13314	0.090701
2547	0.090687
4048	0.090411
4047	0.090411
4046	0.090411
4044	0.090411
3628	0.090411
3622	0.090411
6983	0.090381
6982	0.090381
13580	0.090371
1059	0.089984
8594	0.089538
7432	0.089538
11654	0.089339
6971	0.089267
1826	0.089194
3202	0.089170
9508	0.089062
5426	0.088236
9503	0.088121
3342	0.088112
4300	0.087888
496	0.087744
5022	0.087662
592	0.087568
4031	0.087271
4523	0.087147
785	0.086973
3844	0.086791
12668	0.086742
12314	0.086457
8749	0.086453
8748	0.086453
562	0.086392
680	0.086126
10188	0.085915
9519	0.085622
3350	0.085521
483	0.085438
1439	0.085401
4151	0.085382
6878	0.085220
11829	0.085160
4525	0.085160
1729	0.085124
1857	0.084963
963	0.084543
3746	0.084507
2642	0.084226
2031	0.084146
13385	0.084122
11494	0.083864
12597	0.083848
5320	0.083468
2886	0.083462
6600	0.083446
11985	0.083391
8147	0.083391
8100	0.083391
8086	0.083391
8085	0.083391
8084	0.083391
13619	0.083204
4775	0.083191
11959	0.083153
10721	0.083110
967	0.083025
5139	0.082577
1046	0.082567
9879	0.082515
10136	0.082475
10074	0.082442
12366	0.082136
6634	0.082136
6633	0.082136
11092	0.082007
4776	0.081782
11711	0.081683
2187	0.081637
4777	0.081589
7405	0.081566
998	0.081497
11667	0.081336
750	0.081303
3601	0.081271
6117	0.081148
10075	0.081044
3848	0.080781
990	0.080657
491	0.080603
12178	0.080434
11495	0.080303
481	0.080211
4524	0.080002
1551	0.079927
510	0.079834
9288	0.079708
9518	0.079672
999	0.079362
9492	0.079266
12301	0.079226
6626	0.078507
3543	0.078353
4226	0.078157
57	0.078150
1828	0.078103
391	0.077939
4122	0.077850
8950	0.077814
3078	0.077364
544	0.077092
6471	0.077036
4194	0.076957
3340	0.076819
1261	0.076810
957	0.076563
954	0.076563
9490	0.076510
256	0.076283
1538	0.075973
12584	0.075471
5974	0.075301
11554	0.075148
2665	0.075104
5525	0.075044
4182	0.074930
567	0.074927
11497	0.074877
11724	0.074865
6195	0.074703
2995	0.074670
4144	0.074654
12253	0.074616
11025	0.074473
286	0.074463
611	0.074293
10527	0.074273
3332	0.074151
6679	0.074110
904	0.074097
1717	0.074026
11163	0.073979
13994	0.073946
7931	0.073946
5854	0.073934
10526	0.073749
4551	0.073746
558	0.073698
630	0.073664
12316	0.073590
11934	0.073560
8661	0.073529
10674	0.073459
3297	0.073348
956	0.073227
11639	0.073195
1447	0.073059
13324	0.072979
9531	0.072887
11312	0.072874
634	0.072843
1738	0.072806
7560	0.072750
12634	0.072580
10476	0.072526
7898	0.072451
969	0.072356
9190	0.072319
9827	0.072313
12	0.072311
10339	0.072257
497	0.072229
9142	0.072179
50	0.072169
1000	0.072147
1442	0.072090
10068	0.071977
13154	0.071845
10722	0.071842
9613	0.071841
8324	0.071757
3141	0.071620
194	0.071559
2334	0.071455
3065	0.071387
744	0.071383
4765	0.071376
5190	0.071365
3682	0.071319
277	0.071309
11101	0.071267
11431	0.071123
7420	0.071085
13567	0.071080
5731	0.071080
5730	0.071080
5726	0.071080
5723	0.071080
5722	0.071080
5721	0.071080
5681	0.071080
2873	0.071072
9762	0.071067
958	0.071030
3207	0.071018
917	0.070820
2094	0.070811
5736	0.070800
10291	0.070747
10290	0.070715
1004	0.070683
1003	0.070683
996	0.070683
757	0.070683
10069	0.070636
11912	0.070608
515	0.070548
46	0.070538
9612	0.070524
908	0.070360
5552	0.070293
5670	0.070101
12247	0.070075
1807	0.070051
7473	0.069959
3658	0.069956
512	0.069861
3995	0.069710
3446	0.069662
9572	0.069539
10816	0.069501
3266	0.069473
1584	0.069455
13482	0.069164
616	0.069139
641	0.069131
9436	0.069103
1138	0.068987
501	0.068956
727	0.068917
11539	0.068907
1829	0.068834
7368	0.068615
9535	0.068592
9530	0.068592
9527	0.068592
9526	0.068592
9525	0.068592
9524	0.068592
9523	0.068592
9521	0.068592
9517	0.068592
9516	0.068592
9515	0.068592
9513	0.068592
9511	0.068592
9510	0.068592
9243	0.068592
9161	0.068592
6099	0.068592
1932	0.068424
9532	0.068335
4819	0.068305
13606	0.068275
12494	0.068211
6264	0.068187
3074	0.068139
9080	0.068118
2572	0.068075
276	0.068005
9356	0.068002
11890	0.067996
11889	0.067996
8139	0.067996
2149	0.067996
2148	0.067996
2147	0.067996
11496	0.067916
3198	0.067905
6456	0.067876
4908	0.067873
6454	0.067814
6100	0.067765
11910	0.067690
4389	0.067682
12562	0.067617
11538	0.067558
9640	0.067419
12833	0.067311
10903	0.067255
2949	0.067149
12571	0.067117
12109	0.067063
5948	0.067063
11662	0.067032
9578	0.067021
10458	0.066993
5686	0.066962
820	0.066876
9497	0.066873
11037	0.066805
6063	0.066802
5969	0.066791
2151	0.066776
12500	0.066775
493	0.066679
8478	0.066678
5970	0.066637
9426	0.066607
7403	0.066606
263	0.066567
11902	0.066547
11971	0.066538
10828	0.066426
2032	0.066400
12340	0.066370
7045	0.066299
2983	0.066276
6708	0.066275
2901	0.066207
1913	0.066157
7451	0.066120
7481	0.065992
10459	0.065891
5059	0.065660
11354	0.065640
6822	0.065614
4764	0.065568
1724	0.065501
152	0.065416
5833	0.065343
188	0.065250
6499	0.065186
6315	0.065171
12667	0.065153
12910	0.065138
255	0.065098
10095	0.065003
971	0.064970
12617	0.064948
6479	0.064941
4864	0.064920
11789	0.064920
6847	0.064918
11628	0.064789
6907	0.064789
13363	0.064786
11293	0.064705
11175	0.064685
13607	0.064642
12428	0.064588
288	0.064543
9390	0.064529
959	0.064527
4568	0.064502
442	0.064500
3140	0.064435
1332	0.064430
3805	0.064344
552	0.064282
1923	0.064255
12499	0.064218
8103	0.064213
477	0.063958
14326	0.063945
11053	0.063913
6569	0.063841
11343	0.063783
12073	0.063769
2664	0.063731
554	0.063722
11917	0.063693
1095	0.063631
6497	0.063618
2545	0.063588
3173	0.063559
204	0.063538
10970	0.063510
8054	0.063506
6887	0.063505
11218	0.063491
13472	0.063479
9835	0.063317
601	0.063172
1231	0.063097
2796	0.063089
8930	0.062993
3451	0.062957
10802	0.062940
12458	0.062820
9403	0.062745
173	0.062703
11694	0.062666
9639	0.062634
587	0.062617
4308	0.062611
11920	0.062432
3927	0.062432
3868	0.062432
397	0.062389
13909	0.062388
2778	0.062366
4252	0.062338
10949	0.062311
6449	0.062300
774	0.062281
11042	0.062129
12056	0.062011
10927	0.061915
274	0.061899
4114	0.061898
834	0.061848
2740	0.061783
3597	0.061777
5068	0.061742
3203	0.061742
1441	0.061723
11455	0.061712
11426	0.061712
5069	0.061660
4932	0.061656
12496	0.061504
8886	0.061423
11374	0.061390
2628	0.061376
2627	0.061376
10517	0.061350
1544	0.061349
11491	0.061333
7070	0.061209
11282	0.061115
12553	0.061081
1344	0.061080
12729	0.061077
12505	0.061016
6550	0.060989
11162	0.060970
3672	0.060916
5803	0.060897
12337	0.060875
11727	0.060875
3109	0.060861
12336	0.060852
6111	0.060839
12807	0.060835
4318	0.060757
12401	0.060679
495	0.060649
10784	0.060643
8489	0.060642
5237	0.060630
2530	0.060590
4458	0.060556
10492	0.060429
4213	0.060391
434	0.060390
12551	0.060384
5170	0.060244
882	0.060191
5188	0.060157
6714	0.060126
1106	0.060120
9332	0.060091
6638	0.060058
12643	0.060032
8730	0.060030
4716	0.060016
9158	0.059978
901	0.059961
9689	0.059937
3485	0.059875
294	0.059872
10027	0.059871
7614	0.059827
7613	0.059827
66	0.059792
10873	0.059743
2156	0.059708
671	0.059682
11351	0.059657
13765	0.059605
8299	0.059564
494	0.059443
11474	0.059433
1721	0.059402
2770	0.059290
9633	0.059237
9630	0.059237
9628	0.059237
9626	0.059237
9625	0.059237
9624	0.059237
9622	0.059237
9621	0.059237
9620	0.059237
9619	0.059237
9618	0.059237
9615	0.059237
9482	0.059237
8243	0.059212
7991	0.059198
11444	0.059194
11417	0.059194
9504	0.059142
12550	0.059079
612	0.059078
5447	0.059027
293	0.058992
292	0.058992
291	0.058992
290	0.058992
287	0.058992
8990	0.058870
8989	0.058870
8987	0.058870
8986	0.058870
8984	0.058870
41	0.058866
955	0.058847
3135	0.058829
5491	0.058821
516	0.058714
5834	0.058713
5688	0.058704
9611	0.058686
5946	0.058657
227	0.058652
8884	0.058642
3020	0.058628
3558	0.058623
10636	0.058616
2172	0.058604
11919	0.058594
1973	0.058584
12614	0.058554
12560	0.058537
10525	0.058473
165	0.058471
12245	0.058433
732	0.058332
11486	0.058311
1720	0.058304
11774	0.058228
3721	0.058217
10363	0.058194
2158	0.058180
13570	0.058179
13228	0.058179
731	0.058179
9349	0.058174
12426	0.058160
11049	0.058149
4780	0.058138
11846	0.058081
5784	0.058081
12812	0.058079
7867	0.058068
11080	0.058028
9029	0.058011
3300	0.057967
10406	0.057939
49	0.057851
1722	0.057850
1005	0.057837
12776	0.057789
2036	0.057788
8654	0.057763
8653	0.057763
6418	0.057762
4907	0.057754
1294	0.057736
3474	0.057731
5661	0.057721
10263	0.057716
3929	0.057673
3928	0.057673
10647	0.057666
513	0.057601
3488	0.057589
1393	0.057572
5112	0.057564
12832	0.057549
3486	0.057504
6367	0.057443
138	0.057440
5526	0.057401
9558	0.057267
4813	0.057267
11068	0.057261
7505	0.057255
11775	0.057189
3525	0.057189
4980	0.057154
2905	0.057139
7319	0.057139
885	0.057128
1507	0.057127
1009	0.057101
282	0.057047
6289	0.057021
6926	0.056970
8422	0.056944
8988	0.056934
2859	0.056933
5832	0.056854
10407	0.056835
2730	0.056738
550	0.056723
2146	0.056640
966	0.056602
9631	0.056593
11575	0.056532
56	0.056530
12142	0.056519
6623	0.056506
13383	0.056392
3784	0.056375
11190	0.056328
1518	0.056317
7030	0.056302
11007	0.056296
9971	0.056292
707	0.056290
934	0.056277
9725	0.056270
506	0.056258
3490	0.056237
4825	0.056203
12524	0.056196
9587	0.056156
3625	0.056126
7055	0.056115
13794	0.056093
2984	0.056079
191	0.056079
3522	0.056078
968	0.056050
13282	0.056023
4206	0.055954
2343	0.055949
13281	0.055945
4492	0.055934
11619	0.055884
7139	0.055847
5473	0.055835
2526	0.055808
3529	0.055797
14342	0.055796
1342	0.055794
10139	0.055739
1359	0.055735
1737	0.055702
1443	0.055676
14017	0.055662
7914	0.055662
993	0.055636
2857	0.055625
952	0.055621
1268	0.055620
3168	0.055616
10536	0.055596
5638	0.055522
285	0.055445
5488	0.055434
4940	0.055404
9610	0.055382
10253	0.055373
535	0.055284
5859	0.055242
8909	0.055239
6194	0.055198
2164	0.055181
12862	0.055111
11485	0.055074
3845	0.055006
8797	0.055003
2288	0.054981
9606	0.054971
3780	0.054947
1429	0.054947
6458	0.054944
7864	0.054939
4905	0.054937
9102	0.054897
946	0.054890
12760	0.054889
6485	0.054869
3705	0.054812
12135	0.054715
2719	0.054603
14063	0.054582
10727	0.054579
1727	0.054529
10677	0.054525
12664	0.054499
7221	0.054471
4856	0.054460
12588	0.054450
581	0.054431
6786	0.054430
846	0.054346
12744	0.054346
5234	0.054328
5783	0.054328
1178	0.054310
7112	0.054274
9449	0.054263
5502	0.054242
3763	0.054230
6856	0.054212
12633	0.054210
12596	0.054139
13721	0.054090
13709	0.054090
4001	0.054054
7807	0.053979
11212	0.053977
9608	0.053970
3843	0.053957
1073	0.053947
5905	0.053923
11154	0.053863
994	0.053686
7268	0.053630
8706	0.053627
8705	0.053627
10142	0.053622
2830	0.053550
11475	0.053520
10841	0.053512
9685	0.053505
5877	0.053503
12539	0.053389
4888	0.053384
965	0.053318
13174	0.053258
6825	0.053232
9664	0.053153
9590	0.053127
5709	0.053066
110	0.052980
11215	0.052929
8211	0.052923
7393	0.052923
12749	0.052884
12748	0.052884
10772	0.052862
10114	0.052846
10441	0.052796
13153	0.052788
10171	0.052788
10170	0.052788
398	0.052774
4433	0.052721
12579	0.052658
1390	0.052624
2858	0.052603
4910	0.052595
8734	0.052579
12047	0.052529
232	0.052513
6208	0.052509
3624	0.052495
907	0.052484
2155	0.052476
7534	0.052461
687	0.052457
4191	0.052438
772	0.052355
379	0.052300
11537	0.052261
10676	0.052232
9948	0.052170
6123	0.052170
13461	0.052153
3301	0.052138
9034	0.052128
5663	0.052082
132	0.052078
7762	0.052066
2345	0.052058
2975	0.052041
386	0.052008
6524	0.052006
11888	0.051961
12552	0.051961
618	0.051949
12659	0.051945
9609	0.051944
9580	0.051944
3517	0.051931
5989	0.051922
3327	0.051922
3983	0.051912
11512	0.051908
11879	0.051905
2842	0.051905
13441	0.051901
178	0.051857
7311	0.051802
1254	0.051789
7135	0.051776
3919	0.051755
714	0.051725
1606	0.051709
4832	0.051644
10783	0.051630
13362	0.051608
9958	0.051596
10221	0.051586
12154	0.051562
3267	0.051501
906	0.051483
4354	0.051473
5116	0.051432
13547	0.051396
13546	0.051396
13368	0.051396
5912	0.051380
5201	0.051378
2126	0.051370
6537	0.051328
2035	0.051309
12379	0.051262
12580	0.051260
6949	0.051259
267	0.051252
8598	0.051242
8597	0.051242
10336	0.051238
3126	0.051237
2137	0.051192
12413	0.051184
244	0.051167
13166	0.051161
13050	0.051161
7333	0.051158
8359	0.051142
8358	0.051142
13392	0.051128
11264	0.051108
6012	0.051070
9070	0.051026
3316	0.051014
11013	0.050992
3943	0.050988
1040	0.050987
7248	0.050985
7058	0.050966
7059	0.050963
2991	0.050941
11861	0.050940
6318	0.050940
7114	0.050907
12742	0.050885
6503	0.050749
7975	0.050741
4588	0.050732
11439	0.050704
9338	0.050675
2696	0.050651
7094	0.050591
9945	0.050577
1557	0.050577
2698	0.050570
1209	0.050553
4686	0.050512
279	0.050488
14238	0.050434
14175	0.050434
14044	0.050434
3105	0.050423
5607	0.050423
742	0.050414
10304	0.050403
5616	0.050371
429	0.050320
10978	0.050290
4078	0.050288
14045	0.050276
11568	0.050268
7327	0.050239
98	0.050220
11160	0.050216
14078	0.050206
11617	0.050200
708	0.050198
