2216	0.341785
1379	0.281144
10220	0.278705
10326	0.278628
3225	0.278556
943	0.271193
1380	0.262793
11627	0.259386
13021	0.259286
5405	0.259286
12257	0.259272
410	0.254885
5404	0.249770
1502	0.247865
2212	0.246838
1895	0.243365
4132	0.235819
6105	0.234764
1372	0.234507
10240	0.233568
1479	0.232363
1153	0.231782
309	0.230961
2374	0.230192
7868	0.229639
13711	0.229563
5560	0.229563
106	0.229421
2865	0.227724
4928	0.227265
10258	0.225993
1199	0.225777
10254	0.224966
909	0.224753
5300	0.223347
128	0.223078
12139	0.222588
3910	0.222179
2219	0.221879
1845	0.221611
10218	0.221196
5015	0.220709
4555	0.219548
9856	0.219217
1786	0.218198
6873	0.218196
4759	0.217455
6818	0.217026
8506	0.215667
440	0.214574
13370	0.214521
5242	0.214511
7532	0.214459
7358	0.214459
13510	0.214111
1879	0.213195
12845	0.213141
84	0.213087
2001	0.213038
10279	0.212991
2020	0.212945
1374	0.212245
12123	0.211528
3611	0.211165
2754	0.209441
14094	0.209090
3991	0.208734
11820	0.207934
1395	0.207686
12118	0.207622
2083	0.207622
2074	0.207622
1899	0.207622
1896	0.207622
3098	0.207546
2470	0.207454
13276	0.207450
4135	0.207034
1488	0.206914
6872	0.206910
1377	0.206592
1902	0.206522
10256	0.206238
1482	0.206119
6082	0.206017
3794	0.205876
7351	0.205846
11827	0.205402
3159	0.205402
11896	0.204976
9562	0.204525
3100	0.204525
104	0.204517
2221	0.204052
2420	0.203131
10257	0.202682
982	0.202462
1249	0.202449
11708	0.201479
1370	0.201155
3186	0.201031
2213	0.200540
942	0.200539
1960	0.200372
5272	0.199850
102	0.199845
9742	0.199765
2508	0.199598
10159	0.199254
2019	0.198261
2007	0.198104
2610	0.197587
12353	0.197180
11608	0.196939
3924	0.196837
6670	0.196790
2345	0.196414
2073	0.196359
10160	0.196330
3926	0.196081
2006	0.196021
8166	0.195982
7365	0.195982
7186	0.195982
5754	0.195747
1810	0.195733
1356	0.195686
236	0.194707
1646	0.194638
5886	0.194607
11856	0.194572
9635	0.194521
7617	0.194417
1869	0.194241
11979	0.194125
5481	0.193843
5979	0.193770
12013	0.193583
3994	0.193264
9382	0.192771
1026	0.192401
1288	0.192075
3160	0.191680
7653	0.191522
1672	0.191399
2757	0.191107
9077	0.190917
2012	0.190769
9975	0.190609
88	0.189532
6213	0.189312
1087	0.189139
1851	0.189138
1489	0.188954
12365	0.188922
12273	0.188660
5359	0.188653
2026	0.188574
2078	0.188308
7052	0.188177
1966	0.187998
2568	0.187963
4612	0.187729
1958	0.187575
1978	0.186908
6650	0.186789
10313	0.186614
12014	0.186214
12113	0.186101
3244	0.185506
3073	0.185498
1755	0.185469
10925	0.185108
9706	0.184945
4128	0.184434
4720	0.184362
9252	0.184238
2024	0.183853
11567	0.183658
5922	0.183483
162	0.183478
238	0.183452
6094	0.183421
10241	0.182959
12285	0.182559
12586	0.182525
2356	0.182223
6909	0.181658
1338	0.181525
6890	0.181478
2399	0.181275
6262	0.181008
1388	0.180987
1670	0.180853
6522	0.180819
5330	0.180724
6705	0.180617
1870	0.180320
9740	0.180269
6554	0.180120
10562	0.179677
1968	0.179655
72	0.179621
3989	0.179545
944	0.179209
8156	0.179179
6925	0.179179
11758	0.179038
1995	0.178759
10571	0.178568
5759	0.178339
8104	0.178078
3990	0.178075
4926	0.178070
13888	0.177666
1846	0.177653
1996	0.177611
10216	0.177582
2783	0.177467
3892	0.177224
7980	0.177128
2679	0.176827
1497	0.176718
209	0.176688
1866	0.176366
4697	0.176159
2570	0.175989
11114	0.175977
7270	0.175845
1771	0.175821
3913	0.175807
1754	0.175783
1029	0.175656
10717	0.175542
5081	0.175540
4127	0.175483
4890	0.174849
10592	0.174797
6299	0.174727
5338	0.174356
9607	0.174311
1742	0.174233
71	0.174075
651	0.174065
2758	0.173991
2748	0.173836
2815	0.173826
9267	0.173449
7705	0.173302
6897	0.173302
4515	0.173185
1877	0.173175
1875	0.173175
13880	0.173024
2022	0.172865
1974	0.172694
4996	0.172608
11705	0.172480
7697	0.172237
7254	0.172237
2030	0.172201
2769	0.172180
889	0.172156
8966	0.171833
12316	0.171765
8925	0.171658
10015	0.171529
11803	0.171344
6509	0.171260
5090	0.171023
3195	0.170769
2002	0.170688
5724	0.170562
1749	0.170506
8971	0.170455
5070	0.170296
11246	0.170163
1962	0.170127
6292	0.169977
5152	0.169929
1873	0.169899
2431	0.169772
2403	0.169522
12702	0.169476
1691	0.169244
12133	0.168881
1864	0.168812
2426	0.168804
1984	0.168713
14234	0.168113
3394	0.168097
5000	0.168037
10083	0.168029
4988	0.167940
12540	0.167862
12190	0.167844
82	0.167612
11773	0.167593
4488	0.167547
13677	0.167322
4753	0.167201
406	0.167177
2329	0.167175
110	0.167135
3520	0.167100
4202	0.167090
6521	0.166903
6949	0.166754
5286	0.166727
4512	0.166711
10296	0.166570
5587	0.166472
7360	0.166467
7679	0.166464
8804	0.166433
8767	0.166433
8766	0.166433
8764	0.166433
8743	0.166433
8742	0.166433
8741	0.166433
7685	0.166433
7476	0.166433
6637	0.166433
6606	0.166433
2405	0.166295
3893	0.166270
2505	0.166199
9600	0.166107
5341	0.165738
9388	0.165708
3455	0.165615
8249	0.165591
8805	0.165326
8765	0.165326
2223	0.165322
12120	0.165088
3993	0.165088
9333	0.164977
2398	0.164914
1143	0.164833
12252	0.164728
9431	0.164683
4234	0.164683
9106	0.164518
13571	0.164431
10244	0.164418
2905	0.164332
79	0.164288
7579	0.164202
1481	0.164059
4319	0.164003
5305	0.163996
4991	0.163937
4587	0.163729
5230	0.163512
9107	0.163452
13937	0.163171
3712	0.163149
11529	0.162990
6924	0.162960
5463	0.162836
1528	0.162825
11717	0.162598
6317	0.162595
3187	0.162565
9583	0.162429
12771	0.162367
7683	0.162367
2872	0.162318
4099	0.162262
4781	0.162249
5084	0.162188
5001	0.162186
2217	0.162145
12222	0.161967
12839	0.161922
12902	0.161890
1473	0.161881
10693	0.161846
4997	0.161837
13430	0.161808
3179	0.161607
1997	0.161390
8909	0.161343
4924	0.161277
5406	0.161261
11704	0.161259
10709	0.161188
12035	0.160997
13296	0.160995
9387	0.160914
9251	0.160787
10265	0.160694
12725	0.160672
6797	0.160575
10448	0.160564
4985	0.160484
8876	0.160477
13572	0.160369
11181	0.160315
5980	0.160181
1080	0.159965
4356	0.159961
1760	0.159871
4353	0.159833
6295	0.159819
11948	0.159779
4995	0.159779
12752	0.159693
3696	0.159502
13962	0.159482
5004	0.159433
9428	0.159403
807	0.159231
9260	0.159110
13961	0.159060
4884	0.158965
4526	0.158927
1635	0.158815
9746	0.158382
2392	0.158293
4039	0.158284
12867	0.158237
9432	0.158186
6948	0.158162
4207	0.158088
9134	0.158072
1652	0.158069
4990	0.158024
10879	0.157968
10277	0.157917
1637	0.157916
4923	0.157845
1657	0.157840
13308	0.157793
9441	0.157724
1088	0.157723
865	0.157668
3330	0.157661
2467	0.157595
6192	0.157486
3165	0.157413
1987	0.157396
2633	0.157371
12269	0.157329
11946	0.157304
11778	0.157208
2621	0.157063
13386	0.156968
4992	0.156868
1868	0.156776
9430	0.156771
4930	0.156726
13273	0.156723
13232	0.156723
11949	0.156723
9429	0.156723
4989	0.156723
4931	0.156689
1486	0.156546
4290	0.156450
6091	0.156447
6090	0.156447
5096	0.156438
6089	0.156331
11951	0.156319
1638	0.156279
4609	0.156247
5342	0.156220
5306	0.156220
4925	0.156194
5296	0.156131
4694	0.156102
5743	0.156093
9984	0.156041
7440	0.155911
13297	0.155742
726	0.155632
2750	0.155487
7654	0.155452
11950	0.155432
1752	0.155429
1371	0.155396
14103	0.155334
8495	0.155334
10744	0.155235
9427	0.155215
4733	0.155161
1936	0.155144
9257	0.155128
9143	0.154912
6242	0.154912
10880	0.154675
5985	0.154637
12054	0.154632
3022	0.154568
2702	0.154472
10306	0.154417
2391	0.154366
1791	0.154265
1927	0.154225
12132	0.154170
8620	0.154061
1998	0.153897
5981	0.153706
11184	0.153706
2814	0.153520
403	0.153417
3647	0.153375
125	0.153338
1937	0.153230
3909	0.153005
2834	0.152956
1490	0.152833
7655	0.152767
14329	0.152761
8975	0.152746
2704	0.152652
6095	0.152608
9247	0.152589
10948	0.152588
5234	0.152547
2011	0.152505
13917	0.152252
7219	0.152029
701	0.151942
14116	0.151920
2389	0.151846
1385	0.151827
3856	0.151809
6735	0.151771
1813	0.151763
12580	0.151720
1674	0.151720
1681	0.151678
4574	0.151465
1688	0.151448
11261	0.151420
8199	0.151420
7869	0.151420
11006	0.151305
7227	0.151268
6193	0.151240
1677	0.151193
6551	0.151131
9397	0.151107
1314	0.151097
9368	0.151057
10276	0.151046
11771	0.151009
8037	0.150793
3891	0.150783
13849	0.150780
4510	0.150780
5003	0.150720
7894	0.150714
3204	0.150681
5767	0.150677
12745	0.150572
8772	0.150536
3992	0.150518
495	0.150449
8982	0.150432
11120	0.150432
11844	0.150386
1630	0.150346
1092	0.150337
3271	0.150251
5336	0.150232
2388	0.150192
2564	0.150007
2562	0.150007
8974	0.149892
6424	0.149820
1389	0.149809
5407	0.149799
5236	0.149717
12031	0.149676
1736	0.149609
9325	0.149561
1994	0.149509
2993	0.149379
12136	0.149333
5813	0.149322
5814	0.149290
2309	0.149177
1785	0.149100
950	0.149096
1480	0.148947
5177	0.148934
12746	0.148923
829	0.148914
5919	0.148868
10799	0.148831
11348	0.148824
11347	0.148824
10942	0.148824
10196	0.148824
1903	0.148740
6404	0.148721
13310	0.148451
1048	0.148404
4487	0.148215
4986	0.148092
11726	0.148080
6900	0.148080
11425	0.148047
10379	0.148047
5295	0.147809
3192	0.147795
9144	0.147759
6856	0.147687
2717	0.147599
12659	0.147557
349	0.147159
4209	0.147094
155	0.147087
2454	0.147003
4005	0.146912
13782	0.146858
12034	0.146857
5559	0.146848
9868	0.146748
70	0.146744
3148	0.146656
927	0.146573
2735	0.146544
1625	0.146514
2512	0.146510
3275	0.146480
4301	0.146449
12325	0.146442
4695	0.146426
989	0.146309
4251	0.146266
6135	0.146209
6108	0.146204
12500	0.146164
13260	0.146133
13259	0.146133
12167	0.146133
8573	0.146133
11945	0.146128
11947	0.146128
9244	0.146118
9713	0.145958
101	0.145908
1639	0.145826
3387	0.145674
1985	0.145613
1890	0.145581
1376	0.145454
12703	0.145448
5501	0.145440
10745	0.145406
10243	0.145397
1972	0.145350
1634	0.145338
4331	0.145257
5781	0.145145
571	0.145031
13844	0.144926
13966	0.144907
9334	0.144881
1682	0.144840
11755	0.144780
12737	0.144641
10493	0.144598
1526	0.144415
2768	0.144403
1973	0.144376
1881	0.144362
2590	0.144346
7596	0.144244
149	0.144176
7179	0.144150
1722	0.144072
3814	0.144050
13944	0.144018
164	0.144003
5244	0.143964
1386	0.143943
3147	0.143937
2775	0.143874
12172	0.143790
7406	0.143640
4395	0.143585
169	0.143566
9041	0.143547
9695	0.143464
8540	0.143464
6752	0.143464
6751	0.143464
6750	0.143464
1802	0.143424
929	0.143322
6951	0.143248
4580	0.143035
2926	0.143018
13646	0.142999
1281	0.142988
7733	0.142956
11759	0.142951
11103	0.142893
4560	0.142807
3017	0.142723
1176	0.142634
9073	0.142599
3952	0.142517
11944	0.142434
797	0.142405
10669	0.142276
467	0.142253
12740	0.142127
4571	0.142121
13244	0.142109
5800	0.141948
6284	0.141792
6511	0.141791
9156	0.141775
9685	0.141771
1527	0.141741
14415	0.141657
9277	0.141657
11196	0.141579
1644	0.141526
3842	0.141513
11831	0.141492
1398	0.141468
13949	0.141468
8776	0.141468
8399	0.141468
1671	0.141400
4316	0.141387
13096	0.141342
1093	0.141136
9843	0.141126
417	0.141109
11636	0.141073
3831	0.141051
13139	0.141044
8335	0.141009
3000	0.140991
5123	0.140939
4987	0.140843
6356	0.140733
9638	0.140663
13612	0.140646
12494	0.140635
10286	0.140631
6016	0.140580
11366	0.140556
4714	0.140413
9715	0.140271
5668	0.140267
10221	0.140197
1498	0.140120
109	0.140104
237	0.140059
1163	0.140042
1687	0.140033
10224	0.140028
9386	0.139993
7771	0.139993
7384	0.139993
7383	0.139993
7210	0.139993
7191	0.139993
7021	0.139993
9032	0.139964
6571	0.139876
5333	0.139853
9539	0.139849
1907	0.139845
10964	0.139788
6744	0.139713
6011	0.139655
13272	0.139613
2786	0.139613
2782	0.139613
1505	0.139613
11928	0.139598
8501	0.139598
2779	0.139598
2756	0.139598
11927	0.139567
2759	0.139567
1705	0.139550
9952	0.139545
11596	0.139525
10006	0.139504
12152	0.139496
11673	0.139496
8479	0.139496
6773	0.139496
1805	0.139496
1804	0.139496
1799	0.139496
1706	0.139496
1704	0.139496
1702	0.139496
1698	0.139496
1699	0.139491
1458	0.139455
13227	0.139356
5332	0.139328
926	0.139327
10223	0.139293
1893	0.139263
13768	0.139252
5983	0.139249
233	0.139246
9864	0.139233
4960	0.139229
3292	0.139148
202	0.139078
1524	0.139072
11277	0.139032
12076	0.139020
1531	0.139020
1525	0.139020
1523	0.139020
1522	0.139018
11842	0.139012
6486	0.139012
4303	0.138989
1905	0.138989
10635	0.138967
4845	0.138949
925	0.138902
1710	0.138848
9446	0.138806
5621	0.138806
3067	0.138801
5363	0.138736
11980	0.138715
14081	0.138681
5140	0.138681
11843	0.138608
6998	0.138608
1027	0.138581
10537	0.138495
13564	0.138465
1375	0.138456
10112	0.138418
1787	0.138358
4323	0.138353
1701	0.138318
4408	0.138312
3404	0.138305
5334	0.138289
6196	0.138229
4215	0.138203
7906	0.138136
5329	0.138117
12916	0.138115
11978	0.138115
9447	0.138115
8005	0.138115
5340	0.138115
5339	0.138115
5337	0.138115
5335	0.138115
9167	0.138112
5331	0.138077
11880	0.137983
11390	0.137963
1703	0.137841
13367	0.137793
13366	0.137793
13934	0.137784
8101	0.137780
12876	0.137750
12135	0.137747
13172	0.137735
13171	0.137735
10201	0.137735
9031	0.137735
12151	0.137719
8981	0.137716
6020	0.137705
8451	0.137601
2720	0.137569
9548	0.137492
4177	0.137454
11621	0.137350
12499	0.137340
6866	0.137328
2214	0.137272
708	0.137271
239	0.137183
6607	0.137181
9445	0.137148
1709	0.137114
1501	0.137106
1975	0.137030
6073	0.136895
12643	0.136874
13965	0.136869
4417	0.136850
1769	0.136847
1331	0.136763
1676	0.136720
2882	0.136659
1768	0.136570
3211	0.136533
9637	0.136532
11656	0.136447
7584	0.136440
4636	0.136413
7233	0.136391
9897	0.136389
6514	0.136227
7598	0.136227
2323	0.136216
13145	0.136210
11866	0.136120
12363	0.136091
5439	0.136066
3150	0.136051
9287	0.136015
5768	0.135989
5971	0.135970
11810	0.135939
13150	0.135924
6466	0.135917
8755	0.135894
8754	0.135894
8753	0.135894
8752	0.135894
8751	0.135894
5973	0.135894
5972	0.135894
5982	0.135882
5462	0.135840
10917	0.135700
6862	0.135641
4231	0.135615
307	0.135587
4268	0.135584
12620	0.135487
12206	0.135472
6146	0.135472
8390	0.135444
5038	0.135384
6012	0.135360
1451	0.135256
12692	0.135183
1494	0.135177
11235	0.135146
10565	0.135146
11867	0.135128
14124	0.135049
2478	0.134987
12958	0.134987
12870	0.134987
12846	0.134987
12159	0.134987
12158	0.134987
1484	0.134987
12838	0.134987
5558	0.134944
3249	0.134925
10725	0.134878
12567	0.134778
5827	0.134739
1085	0.134734
12160	0.134713
1495	0.134713
6003	0.134682
5798	0.134666
10238	0.134642
1993	0.134642
5043	0.134630
2380	0.134597
7009	0.134583
1558	0.134575
1981	0.134545
4360	0.134526
4927	0.134406
9757	0.134378
10246	0.134361
12373	0.134357
918	0.134355
4610	0.134350
143	0.134315
10619	0.134301
226	0.134246
10289	0.134204
11048	0.134152
3329	0.134146
11165	0.134084
9970	0.134065
1492	0.134054
1392	0.133998
10274	0.133943
9584	0.133859
9672	0.133815
9670	0.133815
