6867	0.491160
3803	0.490269
2797	0.468338
3391	0.460150
2377	0.442338
13663	0.340002
1357	0.338131
5484	0.321570
13311	0.321540
1655	0.290486
284	0.285981
7141	0.271572
13291	0.269033
8377	0.268746
7078	0.268471
3178	0.263575
13460	0.257415
2671	0.233460
7079	0.226765
14223	0.216153
13149	0.216153
6088	0.216051
13294	0.207362
2538	0.198963
547	0.198618
2373	0.188865
13325	0.182767
1358	0.181783
13250	0.181405
2337	0.180035
3240	0.178532
4293	0.175681
3949	0.166405
2336	0.165249
4468	0.159398
8819	0.157436
3191	0.156597
7635	0.156525
7633	0.156525
8581	0.156275
6617	0.152870
8916	0.152390
8915	0.152390
8914	0.152390
8913	0.152390
8912	0.152390
8911	0.152390
7634	0.152390
6568	0.152390
4380	0.149318
58	0.146600
3941	0.144711
2025	0.144147
12121	0.144037
2341	0.143387
2567	0.143257
3029	0.141756
9496	0.141712
8293	0.141617
3788	0.141398
5662	0.141103
4731	0.139108
4675	0.139108
804	0.137816
3821	0.135602
7992	0.134733
3954	0.133779
8114	0.133678
7065	0.133545
3680	0.132460
4452	0.130610
2566	0.130527
3263	0.128263
9321	0.128209
6075	0.127951
7198	0.127827
7555	0.127823
270	0.127505
1427	0.127495
5273	0.127321
3955	0.126439
13598	0.126382
6843	0.126281
86	0.125495
8023	0.125221
12207	0.124156
1919	0.123884
9389	0.122681
3129	0.122246
5176	0.121687
1410	0.121439
2344	0.120585
4320	0.120277
3437	0.117843
6976	0.116808
7867	0.116263
11664	0.116225
12327	0.115980
10410	0.115461
11389	0.114974
10411	0.114844
10894	0.114543
7154	0.114537
2435	0.114496
4466	0.111866
12313	0.111680
8167	0.111680
1441	0.111656
5734	0.111537
7213	0.111319
2277	0.110368
13550	0.109482
13421	0.109398
4330	0.109283
7537	0.109081
7503	0.109081
3801	0.109073
4846	0.108742
14179	0.108467
4080	0.107750
4292	0.106953
4911	0.106182
1620	0.106029
13652	0.105893
5997	0.105877
2343	0.105041
835	0.104027
9082	0.103977
3156	0.103889
12251	0.103760
6582	0.103088
13588	0.103033
7492	0.102694
1847	0.102447
4836	0.101726
9330	0.101592
6584	0.101581
6581	0.101581
7631	0.101318
14221	0.101011
7491	0.100620
10	0.097243
13584	0.096831
9680	0.096561
7308	0.096561
7265	0.096561
5494	0.096561
4791	0.096248
12171	0.095951
2598	0.095638
8910	0.095458
9222	0.095391
12326	0.094846
5720	0.094756
7077	0.094359
5375	0.093265
13691	0.092210
13690	0.092210
8880	0.092210
8879	0.092210
8210	0.092210
6989	0.092161
11169	0.091913
13324	0.091800
8027	0.091786
3463	0.091650
2407	0.091435
9558	0.091310
4813	0.091310
6459	0.090179
4713	0.090016
7453	0.089587
3002	0.089163
7676	0.089108
5153	0.088472
13538	0.088385
6745	0.088305
9939	0.087372
9941	0.087310
9352	0.087310
7559	0.087310
6910	0.087248
3953	0.087227
7152	0.087180
1170	0.087132
9869	0.086911
13449	0.086568
13076	0.085728
5112	0.085471
4484	0.085193
10748	0.085176
9834	0.085176
2458	0.085142
776	0.084328
13305	0.084293
2027	0.083015
304	0.082495
4426	0.082162
2500	0.081426
13036	0.081145
1584	0.080659
4079	0.080594
3358	0.080551
3745	0.080090
12053	0.080079
498	0.079858
3739	0.079593
8422	0.079501
4735	0.079333
4329	0.079079
3912	0.078920
8026	0.078856
5735	0.078530
7526	0.077556
5261	0.077529
8864	0.077523
8863	0.077523
8583	0.077523
8124	0.077523
7904	0.077523
7903	0.077523
7902	0.077523
7901	0.077523
7900	0.077523
7899	0.077523
7897	0.077523
7896	0.077523
7895	0.077523
3597	0.077501
4705	0.077435
65	0.077024
2250	0.076879
8779	0.076789
8778	0.076698
286	0.076512
12281	0.076468
6619	0.076468
388	0.076284
5546	0.076280
13039	0.076234
11815	0.076195
5011	0.076190
5346	0.076168
5170	0.076164
11816	0.076064
6761	0.076042
3052	0.075972
3921	0.075704
6838	0.075372
4840	0.075327
7223	0.074672
2173	0.074449
3332	0.074355
14148	0.074234
14147	0.074182
3090	0.074182
3088	0.074182
3091	0.074182
3089	0.074182
14146	0.074179
5854	0.074037
210	0.073979
14107	0.073836
4765	0.073814
556	0.073779
12007	0.072845
12402	0.072523
957	0.072287
954	0.072287
10146	0.072274
10145	0.072274
8730	0.072232
2665	0.072211
3822	0.071540
7370	0.071524
4847	0.071524
2841	0.071136
48	0.070974
11952	0.070671
645	0.070493
6714	0.070491
1393	0.070430
13807	0.069869
1756	0.069636
9121	0.069615
9112	0.069615
888	0.069561
378	0.069524
3922	0.069479
12009	0.069266
11665	0.069266
6471	0.069000
2472	0.068967
1506	0.068735
3065	0.068688
245	0.068545
13443	0.067841
3447	0.067747
11818	0.067719
13440	0.067666
6817	0.067321
1352	0.067132
9598	0.066922
5667	0.066879
4632	0.066694
958	0.066630
12364	0.066525
8793	0.066225
8771	0.066225
8770	0.066225
8769	0.066225
8746	0.066225
8745	0.066225
8396	0.066225
956	0.066171
3649	0.065979
6490	0.065968
606	0.065960
3409	0.065954
10330	0.065937
352	0.065925
4393	0.065742
6482	0.065339
4568	0.065188
959	0.065103
6031	0.065099
6030	0.065099
5992	0.065099
4639	0.064940
4635	0.064940
4634	0.064940
3082	0.064940
11830	0.064940
11988	0.064908
6497	0.064876
3643	0.064842
11860	0.064794
2118	0.064703
2995	0.064481
6190	0.064363
1513	0.064303
2298	0.064216
4479	0.063976
1156	0.063792
633	0.063700
3743	0.063076
5912	0.063065
1633	0.063039
11511	0.062300
1234	0.062280
1404	0.062204
6181	0.062131
4849	0.062106
4378	0.062035
1745	0.061965
13863	0.061945
2888	0.061945
592	0.061849
2119	0.061585
3636	0.061553
85	0.061484
2287	0.061425
11672	0.061377
6261	0.061377
13758	0.061078
13398	0.060966
9322	0.060892
4486	0.060811
4719	0.060506
10512	0.060412
11314	0.060234
11165	0.060196
5554	0.060191
9361	0.060158
7958	0.060068
12279	0.060065
11825	0.060065
6270	0.060065
6269	0.060065
5486	0.060057
4088	0.059835
12561	0.059741
9442	0.059696
10101	0.059494
9904	0.059157
12501	0.059129
6728	0.059052
13013	0.059024
12962	0.059024
13404	0.058999
7295	0.058845
1194	0.058641
4972	0.058494
11325	0.058321
487	0.058269
4850	0.058209
3738	0.058160
457	0.058028
459	0.058012
9342	0.057872
3316	0.057864
13002	0.057686
13001	0.057686
13000	0.057686
12998	0.057686
12997	0.057686
12996	0.057686
12995	0.057686
12994	0.057686
12993	0.057686
12992	0.057686
12991	0.057686
12990	0.057686
12989	0.057686
12988	0.057686
12987	0.057686
12986	0.057686
12985	0.057686
12984	0.057686
12983	0.057686
12982	0.057686
12981	0.057686
12980	0.057686
12978	0.057686
12976	0.057686
12975	0.057686
12974	0.057686
12973	0.057686
12894	0.057686
12883	0.057686
13530	0.057673
9634	0.057607
4534	0.057598
2479	0.057577
11791	0.057571
8878	0.057544
13061	0.057519
1022	0.057380
4175	0.057252
1539	0.057247
11553	0.057177
8518	0.057077
4176	0.057022
6217	0.056997
14263	0.056965
14002	0.056965
14001	0.056965
14000	0.056965
13998	0.056965
13996	0.056965
6666	0.056965
5064	0.056965
4854	0.056965
4852	0.056965
12276	0.056965
10607	0.056891
10334	0.056878
2701	0.056728
4977	0.056656
3220	0.056598
3053	0.056454
4748	0.056417
11939	0.056391
14013	0.056231
2253	0.056231
4976	0.056191
2417	0.056107
13704	0.056063
13702	0.056063
11011	0.056012
6695	0.055976
5500	0.055855
4896	0.055715
11922	0.055669
13685	0.055623
13684	0.055623
13683	0.055623
13565	0.055623
1621	0.055515
9820	0.055493
8735	0.055493
6908	0.055380
12842	0.055277
71	0.055272
12219	0.055177
4536	0.055153
7709	0.055149
8304	0.055120
10072	0.055102
3438	0.055080
1009	0.055079
9725	0.055044
351	0.054982
1201	0.054798
5625	0.054697
5976	0.054684
3059	0.054656
67	0.054652
1507	0.054595
4118	0.054550
10041	0.054507
2600	0.054489
12538	0.054409
882	0.054318
1015	0.054270
11470	0.054015
8329	0.053893
782	0.053892
9806	0.053875
9805	0.053875
9802	0.053875
9801	0.053875
2663	0.053873
5888	0.053781
6942	0.053751
7172	0.053684
12038	0.053549
12061	0.053505
1540	0.053480
7317	0.053450
7316	0.053450
7174	0.053450
6338	0.053450
700	0.053285
3884	0.053238
7234	0.053217
12537	0.053208
2979	0.053123
3212	0.053090
11679	0.053086
1346	0.053037
924	0.052910
2801	0.052851
6191	0.052712
230	0.052695
1803	0.052589
2708	0.052466
6689	0.052364
6967	0.052364
13997	0.052327
10153	0.051980
6302	0.051950
6267	0.051950
4535	0.051876
6305	0.051851
13030	0.051820
3209	0.051645
2107	0.051577
2117	0.051561
8416	0.051539
4864	0.051524
10044	0.051475
2498	0.051432
2881	0.051395
5664	0.051138
11981	0.051087
11500	0.051023
7209	0.050981
4042	0.050935
12143	0.050916
3600	0.050858
10563	0.050800
1514	0.050753
6616	0.050605
11746	0.050418
13394	0.050413
12536	0.050401
695	0.050349
2297	0.050335
2892	0.050307
4411	0.050290
2944	0.050161
12382	0.050158
12535	0.050103
6975	0.050073
9196	0.049856
7100	0.049751
971	0.049749
986	0.049697
10043	0.049679
3084	0.049642
2208	0.049640
1236	0.049640
2206	0.049605
3888	0.049574
3227	0.049553
14004	0.049528
4866	0.049528
9203	0.049497
9450	0.049484
8202	0.049450
10923	0.049244
6651	0.049230
4936	0.049171
1599	0.048850
11737	0.048807
8827	0.048796
11476	0.048733
1878	0.048618
11299	0.048600
3307	0.048564
396	0.048549
5189	0.048533
12548	0.048418
4078	0.048391
389	0.048388
5276	0.048344
7818	0.048325
11767	0.048298
8810	0.048148
3025	0.048135
3308	0.048120
4445	0.048116
6618	0.048048
11771	0.048021
1190	0.048011
2093	0.047997
5872	0.047972
8773	0.047913
6621	0.047913
3333	0.047876
9039	0.047844
6938	0.047798
3599	0.047763
1549	0.047680
13928	0.047613
781	0.047328
4910	0.047290
407	0.047251
1189	0.047220
4673	0.047118
9909	0.047037
5742	0.046987
10982	0.046961
9362	0.046907
1164	0.046889
11471	0.046870
13999	0.046832
5005	0.046832
4385	0.046741
7482	0.046723
10782	0.046685
1341	0.046676
12829	0.046650
1626	0.046611
3055	0.046590
3978	0.046549
1431	0.046423
1904	0.046319
10173	0.046297
7195	0.046283
7193	0.046283
5324	0.046268
832	0.046237
11862	0.046209
7715	0.046204
6849	0.045992
10747	0.045973
458	0.045970
11419	0.045968
7772	0.045931
11456	0.045862
13023	0.045835
70	0.045825
11977	0.045716
3207	0.045647
6586	0.045622
9920	0.045503
3035	0.045485
918	0.045484
13246	0.045440
9885	0.045438
9851	0.045438
8828	0.045438
8826	0.045438
8825	0.045438
8811	0.045438
7781	0.045438
9612	0.045364
10653	0.045356
11536	0.045333
465	0.045317
3469	0.045304
13054	0.045301
602	0.045290
11770	0.045260
3505	0.045258
2115	0.045242
5227	0.045204
11226	0.045167
10528	0.045150
9579	0.045095
10651	0.045093
10652	0.045056
13060	0.045021
13055	0.045021
13048	0.045021
13014	0.045021
13009	0.045021
12892	0.045021
8379	0.045021
1422	0.044974
13830	0.044967
387	0.044954
3726	0.044876
380	0.044871
13926	0.044803
12516	0.044766
3834	0.044765
11342	0.044714
10746	0.044714
2465	0.044669
3630	0.044571
11508	0.044537
12628	0.044532
4181	0.044522
12662	0.044500
4872	0.044451
5118	0.044448
7176	0.044423
12418	0.044419
7955	0.044401
1566	0.044373
2096	0.044340
12256	0.044332
13277	0.044227
2714	0.044029
4696	0.043993
4165	0.043990
6733	0.043962
12782	0.043926
831	0.043823
205	0.043810
203	0.043810
6601	0.043799
9613	0.043781
5291	0.043763
8833	0.043729
1038	0.043706
322	0.043671
5695	0.043594
9212	0.043588
331	0.043579
3208	0.043572
391	0.043506
11902	0.043465
11918	0.043447
7306	0.043418
8397	0.043364
63	0.043304
397	0.043282
10242	0.043269
558	0.043136
13472	0.042887
5299	0.042882
1408	0.042845
5851	0.042800
2535	0.042782
3495	0.042745
3258	0.042738
6283	0.042488
10120	0.042483
8141	0.042473
2609	0.042350
12141	0.042339
6199	0.042323
1979	0.042223
7553	0.042179
13536	0.042087
3567	0.042061
6887	0.042046
8054	0.042043
9088	0.042018
13475	0.041980
1613	0.041977
10919	0.041890
5941	0.041758
10492	0.041712
3359	0.041672
5192	0.041669
4416	0.041658
10941	0.041656
1963	0.041654
13910	0.041632
12642	0.041545
14003	0.041538
2599	0.041505
8313	0.041468
4998	0.041458
3650	0.041443
8429	0.041427
8428	0.041427
8427	0.041427
8426	0.041427
8424	0.041427
8404	0.041427
8403	0.041427
8332	0.041427
8331	0.041427
8275	0.041427
7608	0.041427
7605	0.041427
7573	0.041427
7570	0.041427
7566	0.041427
7565	0.041427
7564	0.041427
7562	0.041427
6276	0.041427
8333	0.041418
7603	0.041335
7131	0.041287
3736	0.041278
10650	0.041263
1948	0.041217
4509	0.041207
9331	0.041182
12873	0.041163
12801	0.041145
6781	0.041077
11107	0.041032
393	0.041021
5935	0.041000
5438	0.040993
9128	0.040989
66	0.040986
977	0.040930
9597	0.040926
9355	0.040926
6748	0.040926
9923	0.040879
3461	0.040859
13181	0.040821
5457	0.040804
9036	0.040802
12355	0.040799
13609	0.040798
7012	0.040601
7326	0.040559
13889	0.040515
4853	0.040459
9239	0.040454
1555	0.040446
11315	0.040432
3890	0.040401
5588	0.040351
12125	0.040308
199	0.040244
2923	0.040212
12968	0.040212
6219	0.040212
5874	0.040212
9416	0.040201
2922	0.040183
13016	0.040183
2924	0.040178
2921	0.040178
3544	0.040128
4262	0.040122
7567	0.040087
13648	0.040028
13527	0.040028
13518	0.040028
1447	0.040015
608	0.040000
806	0.039958
13302	0.039934
9808	0.039934
9343	0.039911
10733	0.039896
13633	0.039843
1127	0.039834
3051	0.039750
13490	0.039668
13632	0.039668
13631	0.039668
8043	0.039613
8045	0.039601
14097	0.039581
3545	0.039574
12419	0.039574
3027	0.039532
11352	0.039523
3203	0.039480
3305	0.039444
3302	0.039444
14162	0.039351
2531	0.039307
7183	0.039258
8028	0.039176
1976	0.039161
10456	0.039104
1683	0.039078
5686	0.039075
1600	0.039070
1595	0.039070
1590	0.039070
12670	0.039027
6986	0.038931
7118	0.038867
7139	0.038761
6758	0.038754
3668	0.038650
4855	0.038611
791	0.038607
5526	0.038559
10756	0.038518
6691	0.038463
12716	0.038439
276	0.038431
5474	0.038425
573	0.038371
10800	0.038370
10110	0.038366
2071	0.038071
8621	0.038016
3934	0.037918
1835	0.037918
4537	0.037879
12515	0.037858
2207	0.037854
12186	0.037835
12972	0.037834
12999	0.037819
4532	0.037800
2948	0.037774
2946	0.037774
9812	0.037770
10481	0.037757
7300	0.037757
628	0.037756
7641	0.037705
6341	0.037705
13846	0.037677
8459	0.037677
1344	0.037623
7068	0.037568
3973	0.037558
1403	0.037543
1193	0.037532
1130	0.037523
9996	0.037428
2499	0.037387
12687	0.037368
6309	0.037353
8462	0.037349
14227	0.037347
6266	0.037308
3858	0.037288
2476	0.037267
4830	0.037233
4829	0.037233
7011	0.037213
12630	0.037192
10844	0.037167
5195	0.037103
7018	0.037095
7571	0.037079
6059	0.037079
3679	0.036976
1285	0.036935
960	0.036907
5749	0.036889
13169	0.036867
13141	0.036867
2945	0.036864
4499	0.036787
3044	0.036749
2586	0.036736
1273	0.036665
3714	0.036658
7500	0.036639
2588	0.036613
382	0.036590
10949	0.036530
5768	0.036511
246	0.036500
11465	0.036480
3484	0.036478
7217	0.036475
6476	0.036475
13424	0.036465
13666	0.036465
11482	0.036456
11747	0.036445
10705	0.036419
10023	0.036412
8461	0.036405
6334	0.036404
11523	0.036344
3033	0.036343
10848	0.036315
10704	0.036315
5059	0.036313
11455	0.036280
11426	0.036280
9881	0.036254
8476	0.036244
5871	0.036164
7364	0.036160
