11539	0.126382
12698	0.124609
12621	0.118851
10441	0.115245
11419	0.114399
11528	0.112325
6660	0.111331
11037	0.109363
10048	0.108216
9835	0.108121
10852	0.107746
10674	0.106513
8622	0.106499
10609	0.105282
11542	0.105249
1507	0.103428
5129	0.103399
12628	0.103272
7094	0.103233
12730	0.103158
12602	0.103046
9948	0.101695
10069	0.101164
13166	0.101138
10531	0.100576
1466	0.099799
10412	0.099621
11007	0.099127
12426	0.098683
10658	0.098634
1538	0.098414
12525	0.098368
3633	0.098216
10657	0.097632
12707	0.097419
6062	0.097410
9961	0.097227
13415	0.097048
12795	0.096715
4279	0.096499
6614	0.096282
11463	0.096180
11510	0.096096
9593	0.095966
12557	0.095963
9944	0.095819
11082	0.095747
3855	0.095637
9594	0.095566
9592	0.095566
9591	0.095566
9335	0.095566
7299	0.095566
7298	0.095566
13414	0.095371
12601	0.095241
6597	0.095221
12704	0.094961
10684	0.094830
3422	0.094367
12701	0.094340
1555	0.094228
11556	0.093447
11218	0.093429
12607	0.092982
13087	0.092328
3957	0.092255
1963	0.091812
13361	0.091569
6733	0.091077
12630	0.090895
10647	0.090861
8179	0.090857
11290	0.090716
10636	0.090364
1628	0.090085
12827	0.089997
12625	0.089963
4709	0.089700
1626	0.089653
11019	0.089491
3960	0.089303
3956	0.089303
12542	0.089064
13182	0.089055
13333	0.088900
10475	0.088882
10836	0.088789
10857	0.088496
5041	0.088402
11534	0.088319
9370	0.087728
5613	0.087666
3764	0.087654
10530	0.087601
10042	0.087242
10714	0.087092
7114	0.086998
10816	0.086890
1925	0.086577
5495	0.086449
13129	0.086357
6061	0.086357
10366	0.086328
10166	0.086104
7530	0.086059
5675	0.086055
12556	0.085774
12636	0.085710
12650	0.085561
3341	0.085535
5567	0.085363
3451	0.084929
12787	0.084796
9485	0.084593
10212	0.084432
10365	0.084188
12500	0.084149
9099	0.084082
5346	0.083748
7576	0.083666
4664	0.083628
323	0.083583
12536	0.083378
10856	0.083371
8003	0.083154
12567	0.083078
10174	0.082999
11226	0.082984
6877	0.082578
13165	0.082460
6272	0.082039
12821	0.081678
12807	0.081599
11543	0.081308
2889	0.081302
10526	0.081162
10428	0.081127
6234	0.080990
11496	0.080912
10547	0.080653
11497	0.080493
10368	0.080115
3342	0.080109
4744	0.080025
3630	0.079999
12711	0.079991
9769	0.079965
4085	0.079783
12804	0.079572
14063	0.079456
11518	0.079451
11485	0.079382
13449	0.079233
4786	0.079192
8405	0.079175
12734	0.079019
4558	0.078748
1008	0.078537
6334	0.078444
14108	0.078266
4745	0.078266
12561	0.078263
10033	0.078248
10941	0.078084
12400	0.077758
11586	0.077758
69	0.077726
10860	0.077705
10859	0.077599
12633	0.077596
4295	0.077451
5957	0.077432
567	0.077431
9915	0.077381
10349	0.077289
9169	0.077279
7137	0.076922
3323	0.076688
12145	0.076683
10515	0.076683
5956	0.076683
10492	0.076654
12503	0.076487
11486	0.076087
7529	0.076086
11494	0.076077
7926	0.075950
10640	0.075930
12594	0.075899
3324	0.075826
12512	0.075679
11574	0.075485
11839	0.075397
10235	0.075390
12658	0.075382
11116	0.075382
2795	0.075382
2794	0.075382
2800	0.075379
10772	0.075374
5075	0.075192
12794	0.075137
6012	0.075133
12833	0.075104
12747	0.075099
7975	0.075063
7372	0.074940
6809	0.074902
10339	0.074901
12710	0.074737
12555	0.074726
12792	0.074544
12660	0.074501
12757	0.074466
2395	0.074420
11495	0.074397
7732	0.074372
12773	0.074338
12712	0.074336
10188	0.074299
12638	0.074274
12597	0.074193
12098	0.073997
3958	0.073997
3959	0.073895
11260	0.073875
10157	0.073875
11173	0.073846
9989	0.073806
10834	0.073722
6613	0.073714
11259	0.073633
2586	0.073544
4819	0.073497
2087	0.073457
5208	0.073386
8329	0.073344
11351	0.073218
11455	0.073202
11426	0.073202
12791	0.073185
12788	0.073185
10949	0.073003
12668	0.072923
12812	0.072912
11161	0.072838
232	0.072733
11069	0.072516
12521	0.072442
12403	0.072230
11568	0.072150
10432	0.072101
12507	0.072041
5250	0.071935
11516	0.071931
7505	0.071852
12571	0.071792
10771	0.071776
7289	0.071755
9830	0.071732
8654	0.071400
8653	0.071400
12579	0.071385
1779	0.071347
11533	0.071280
11354	0.071119
10295	0.071067
6266	0.071017
3242	0.070964
4684	0.070954
12626	0.070929
10678	0.070805
10687	0.070763
10773	0.070712
10510	0.070703
6715	0.070638
12637	0.070495
10318	0.070415
5271	0.070303
11315	0.070182
3672	0.070120
12551	0.070055
10593	0.069958
10844	0.069652
3795	0.069636
11493	0.069459
10350	0.069401
12279	0.069397
11825	0.069397
6270	0.069397
6269	0.069397
10686	0.069364
8297	0.069359
12592	0.069273
11554	0.069265
7611	0.069169
6808	0.069153
7337	0.069111
4820	0.068754
5218	0.068716
12514	0.068633
10330	0.068623
13619	0.068514
8641	0.068369
12789	0.068294
8128	0.067995
12822	0.067891
13856	0.067880
7976	0.067840
10833	0.067633
6252	0.067597
1041	0.067576
11487	0.067548
6628	0.067533
2475	0.067531
10512	0.067419
11332	0.067406
11314	0.067401
13398	0.067350
10498	0.067224
11394	0.067104
8564	0.066961
12552	0.066828
3678	0.066810
3673	0.066810
10195	0.066777
705	0.066750
8656	0.066712
11216	0.066703
10913	0.066409
12317	0.066370
12745	0.066335
11213	0.066332
4972	0.066117
3266	0.066102
4339	0.066091
3797	0.066073
700	0.066008
6802	0.066006
12577	0.065983
10497	0.065953
8017	0.065925
11055	0.065917
11540	0.065840
13164	0.065823
12496	0.065803
11386	0.065623
10672	0.065543
7306	0.065506
11511	0.065482
11506	0.065333
1204	0.065180
5534	0.065107
10943	0.065003
11561	0.064980
12096	0.064974
12109	0.064967
5948	0.064967
10353	0.064940
11129	0.064870
7535	0.064858
2251	0.064547
5115	0.064520
11440	0.064499
11341	0.064499
12538	0.064497
8080	0.064449
8465	0.064433
8040	0.064273
7884	0.064109
9170	0.064084
12617	0.063992
12716	0.063958
14013	0.063867
2253	0.063867
11544	0.063843
798	0.063812
13070	0.063739
2770	0.063528
7555	0.063523
3505	0.063508
9227	0.063182
11225	0.063114
10909	0.063114
4645	0.063087
13627	0.063068
10469	0.063001
8079	0.062814
11551	0.062787
7762	0.062697
11477	0.062695
13633	0.062678
13490	0.062640
13632	0.062640
13631	0.062640
6988	0.062495
8045	0.062493
1018	0.062479
11301	0.062451
4221	0.062369
11392	0.062325
8043	0.062264
10141	0.062255
10035	0.062255
10435	0.062249
8884	0.062212
924	0.062189
12595	0.062188
9377	0.062139
13123	0.062100
10034	0.062100
11571	0.062099
8901	0.061900
277	0.061873
592	0.061763
11982	0.061680
5414	0.061680
5412	0.061680
11649	0.061678
703	0.061648
11121	0.061644
13526	0.061546
11132	0.061545
6527	0.061502
377	0.061438
11491	0.061412
9909	0.061303
5446	0.061271
6842	0.061178
10851	0.061069
10046	0.061053
6728	0.060963
14340	0.060926
569	0.060824
5579	0.060754
11988	0.060738
6810	0.060724
11548	0.060639
12665	0.060608
3313	0.060580
7313	0.060540
8747	0.060482
8725	0.060482
10821	0.060477
8593	0.060472
9020	0.060460
3189	0.060433
3163	0.060421
1355	0.060381
7176	0.060370
8094	0.060369
9988	0.060358
12720	0.060353
7666	0.060353
13839	0.060346
10600	0.060331
11795	0.060307
10907	0.060237
10926	0.060062
3277	0.060050
10186	0.060049
9971	0.060024
5135	0.059985
3845	0.059936
10911	0.059920
366	0.059886
5134	0.059867
12713	0.059723
12654	0.059664
9357	0.059632
10313	0.059593
8835	0.059578
11467	0.059535
4655	0.059525
11054	0.059498
11575	0.059487
7507	0.059427
7819	0.059421
8513	0.059308
12572	0.059286
6098	0.059228
12515	0.059174
12603	0.059161
13685	0.059123
13684	0.059123
13683	0.059123
13565	0.059123
477	0.059081
6655	0.059073
10885	0.059002
5413	0.058933
12202	0.058780
3988	0.058780
5888	0.058732
11500	0.058637
10612	0.058554
11502	0.058433
570	0.058398
9847	0.058385
7650	0.058261
7096	0.058261
8797	0.058251
5751	0.058172
12065	0.058162
1188	0.058135
10831	0.058117
7139	0.058105
5143	0.058095
11094	0.058084
3363	0.058082
9721	0.058044
7948	0.058044
7778	0.058044
7618	0.058044
7113	0.058044
10884	0.057976
5887	0.057926
11501	0.057910
3175	0.057899
14245	0.057897
5490	0.057858
12539	0.057842
7028	0.057779
10351	0.057769
735	0.057724
11509	0.057708
24	0.057689
3987	0.057508
331	0.057328
9946	0.057305
13645	0.057253
2944	0.057237
13577	0.057189
12239	0.057083
12632	0.057041
7961	0.057008
7166	0.057004
1017	0.056988
3883	0.056944
6371	0.056923
5580	0.056862
10890	0.056847
12741	0.056832
11057	0.056810
808	0.056810
11088	0.056779
11453	0.056779
11452	0.056779
11451	0.056779
11449	0.056779
11445	0.056779
11427	0.056779
11391	0.056779
11388	0.056779
11331	0.056779
11327	0.056779
11268	0.056779
10741	0.056717
10486	0.056711
7297	0.056698
5491	0.056643
5276	0.056624
13838	0.056585
6283	0.056575
4445	0.056544
12494	0.056518
11374	0.056497
9520	0.056470
7499	0.056469
10891	0.056451
4978	0.056412
12880	0.056386
8023	0.056383
10470	0.056373
9969	0.056363
12799	0.056348
6626	0.056342
8477	0.056333
10074	0.056312
12548	0.056257
5569	0.056195
13566	0.056170
8239	0.056125
6535	0.056094
7249	0.055980
10692	0.055978
12580	0.055958
6002	0.055905
1039	0.055886
10542	0.055823
2798	0.055759
10417	0.055757
13574	0.055731
7509	0.055712
7304	0.055712
12535	0.055664
12516	0.055659
6173	0.055652
9216	0.055627
7305	0.055576
7303	0.055576
8141	0.055526
7818	0.055524
13609	0.055517
11565	0.055514
1242	0.055267
10875	0.055151
12424	0.055135
12756	0.055119
11194	0.055095
1886	0.055083
12517	0.055053
10068	0.055007
13750	0.054978
3668	0.054961
7039	0.054960
11474	0.054886
12501	0.054867
8808	0.054866
11166	0.054821
12808	0.054805
8496	0.054774
12832	0.054773
13088	0.054756
10075	0.054717
11134	0.054714
10527	0.054702
12715	0.054698
9857	0.054679
8699	0.054661
1347	0.054660
1203	0.054658
10972	0.054646
10904	0.054607
11572	0.054590
8696	0.054567
8500	0.054506
4685	0.054482
6483	0.054429
8472	0.054428
3224	0.054427
9375	0.054421
8701	0.054417
4206	0.054397
8724	0.054396
8723	0.054396
8722	0.054396
8721	0.054396
8720	0.054396
8719	0.054396
8702	0.054396
8698	0.054396
8695	0.054396
8694	0.054396
8693	0.054396
8692	0.054396
8691	0.054396
8690	0.054396
8689	0.054396
8688	0.054396
8687	0.054396
8686	0.054396
8685	0.054396
8684	0.054396
8683	0.054396
8682	0.054396
8681	0.054396
8680	0.054396
8649	0.054396
8648	0.054396
8647	0.054396
8646	0.054396
8645	0.054396
8644	0.054396
8643	0.054396
8642	0.054396
8640	0.054396
8554	0.054396
7577	0.054396
17	0.054349
8385	0.054338
10143	0.054277
10693	0.054265
10149	0.054250
10543	0.054214
11237	0.054214
13430	0.054209
10401	0.054123
5214	0.054090
10049	0.054090
6001	0.053998
11312	0.053981
8192	0.053968
11522	0.053957
13154	0.053929
12497	0.053924
12593	0.053847
8284	0.053842
10134	0.053840
10534	0.053828
10402	0.053818
8103	0.053775
10373	0.053760
9395	0.053759
2052	0.053734
11139	0.053701
10427	0.053668
10187	0.053655
10683	0.053647
543	0.053645
9596	0.053615
5109	0.053614
13158	0.053605
3217	0.053596
5074	0.053519
10443	0.053437
7482	0.053384
4514	0.053358
249	0.053350
3390	0.053338
7814	0.053309
614	0.053302
8362	0.053290
10228	0.053285
964	0.053281
9994	0.053268
2524	0.053233
12409	0.053229
6861	0.053222
6566	0.053218
2672	0.053209
8612	0.053183
10606	0.053087
13151	0.053052
10177	0.053043
9983	0.053030
9839	0.053029
12600	0.052996
3182	0.052986
5568	0.052984
9982	0.052963
2802	0.052952
11579	0.052932
11853	0.052897
11052	0.052857
5489	0.052818
6485	0.052773
9691	0.052747
12148	0.052698
7411	0.052698
9949	0.052661
6727	0.052614
12546	0.052587
12783	0.052477
10215	0.052477
6045	0.052464
10452	0.052422
4327	0.052361
9990	0.052339
10447	0.052302
10446	0.052302
10445	0.052302
10442	0.052302
12835	0.052298
8697	0.052283
4589	0.052280
4933	0.052267
12772	0.052244
7234	0.052201
10037	0.052105
9904	0.052043
2500	0.052036
12675	0.052014
6114	0.052002
12504	0.051936
10482	0.051820
3632	0.051785
6418	0.051785
12798	0.051745
897	0.051684
7095	0.051679
5430	0.051605
10419	0.051592
227	0.051584
778	0.051517
10292	0.051516
7964	0.051512
2582	0.051494
577	0.051482
12764	0.051438
7203	0.051430
11424	0.051416
11472	0.051397
12624	0.051383
1923	0.051316
11507	0.051295
7062	0.051280
7274	0.051225
5650	0.051181
8008	0.051106
1183	0.051067
13404	0.051034
6014	0.051031
14017	0.051025
7914	0.051025
11021	0.051006
12389	0.050947
10707	0.050924
8188	0.050891
12666	0.050835
10311	0.050798
3207	0.050758
4879	0.050710
11490	0.050678
2258	0.050662
13834	0.050638
10613	0.050632
9114	0.050630
5040	0.050561
11217	0.050489
12510	0.050453
12629	0.050434
4297	0.050421
1880	0.050409
2581	0.050375
9747	0.050351
4177	0.050345
4289	0.050296
14111	0.050225
14080	0.050225
12605	0.050198
12575	0.050171
11553	0.050137
7013	0.050132
2474	0.050072
11195	0.050070
319	0.050037
8397	0.050026
11400	0.050009
8430	0.050002
3587	0.050000
2344	0.049997
7929	0.049960
12528	0.049910
2801	0.049890
7302	0.049855
12499	0.049835
2417	0.049831
10682	0.049807
7275	0.049766
10517	0.049735
3664	0.049729
1286	0.049686
10961	0.049678
8548	0.049580
6564	0.049481
16	0.049457
7333	0.049453
12408	0.049392
13026	0.049370
5542	0.049342
5692	0.049340
12634	0.049310
7737	0.049296
5690	0.049263
10080	0.049247
10946	0.049235
12823	0.049191
9850	0.049187
5176	0.049170
10444	0.049132
3262	0.049110
960	0.049087
13675	0.049073
11961	0.049027
9179	0.049019
11079	0.049010
11078	0.049010
10999	0.049010
8650	0.049010
1608	0.048966
5038	0.048914
10820	0.048897
12760	0.048800
3791	0.048794
3596	0.048780
5298	0.048778
10453	0.048765
5297	0.048762
9461	0.048694
7202	0.048636
12673	0.048529
4030	0.048470
10838	0.048457
10305	0.048444
10626	0.048406
10554	0.048401
10127	0.048398
9951	0.048392
5418	0.048295
8031	0.048257
11025	0.048247
3079	0.048238
5209	0.048205
9389	0.048201
4337	0.048131
702	0.048070
5691	0.048049
8617	0.048039
10940	0.048027
11131	0.047987
10762	0.047984
10761	0.047968
8794	0.047944
7336	0.047906
12565	0.047889
11436	0.047884
10711	0.047884
11084	0.047876
11083	0.047876
9380	0.047876
9378	0.047876
9376	0.047876
9374	0.047876
7339	0.047876
7338	0.047876
7335	0.047876
7334	0.047876
10924	0.047754
6294	0.047748
12664	0.047729
5697	0.047725
1885	0.047723
1884	0.047723
1883	0.047723
10712	0.047699
8369	0.047679
4259	0.047666
5254	0.047626
11960	0.047593
13441	0.047588
13758	0.047580
13716	0.047580
9950	0.047541
13547	0.047496
13546	0.047496
13368	0.047496
10572	0.047480
11818	0.047474
13749	0.047470
10839	0.047468
11977	0.047455
3465	0.047438
12806	0.047431
4029	0.047414
9229	0.047404
7687	0.047372
1337	0.047367
12573	0.047361
12694	0.047284
6915	0.047283
364	0.047259
7413	0.047255
4889	0.047253
4340	0.047245
2327	0.047230
7135	0.047198
10567	0.047194
12671	0.047174
10477	0.047167
1418	0.047160
6758	0.047102
4612	0.047089
6500	0.047076
13462	0.047056
2778	0.047041
13626	0.047035
13425	0.047035
5670	0.047032
9021	0.046984
12803	0.046978
11508	0.046933
3690	0.046889
11441	0.046876
3650	0.046872
10264	0.046823
8476	0.046808
1827	0.046766
13830	0.046711
1887	0.046703
10545	0.046677
14252	0.046617
3718	0.046617
13384	0.046616
3680	0.046574
6700	0.046565
10500	0.046560
10253	0.046526
6482	0.046359
