2622	0.302411
2569	0.298805
11761	0.298692
6097	0.298692
5547	0.298692
3595	0.298692
1541	0.271243
1542	0.239383
3306	0.233009
3933	0.227177
1034	0.219499
3594	0.215768
9402	0.206499
9028	0.203885
9081	0.203794
9078	0.203794
2613	0.199342
1125	0.198169
13444	0.196513
1327	0.191006
7966	0.186045
4158	0.185168
6032	0.183851
1245	0.180986
2682	0.171280
3934	0.167881
12041	0.167240
1714	0.167181
609	0.166686
12306	0.166440
6369	0.166440
6368	0.166440
3548	0.163044
11877	0.161729
2616	0.159003
1131	0.157511
1798	0.157487
9980	0.151271
8726	0.149895
259	0.148579
9645	0.145693
1128	0.142966
13341	0.141917
1509	0.141102
1454	0.139412
1511	0.135473
7450	0.135059
1129	0.130233
578	0.128505
2452	0.127094
3854	0.125565
4459	0.124913
10396	0.124898
6018	0.123156
1662	0.122927
2174	0.122644
2812	0.120778
3545	0.117975
3476	0.117877
3544	0.117705
9514	0.116754
2619	0.116538
2614	0.115380
3549	0.114632
2618	0.114440
875	0.113716
2904	0.110609
12136	0.109499
497	0.109078
1889	0.108598
1997	0.108108
3949	0.105837
12850	0.105679
12854	0.103781
496	0.103606
5183	0.103306
10518	0.103005
997	0.102492
6279	0.099136
11027	0.099038
13058	0.097582
7945	0.097582
3504	0.097418
2329	0.096511
9715	0.096249
11146	0.095952
6280	0.093840
2816	0.093617
2293	0.093528
2617	0.093507
2451	0.093457
1010	0.093282
6400	0.093012
6531	0.092804
5179	0.092666
5180	0.092615
9304	0.092486
9437	0.092482
2531	0.091958
6592	0.091528
9358	0.091424
9401	0.091104
1897	0.090516
12411	0.090482
10559	0.090342
12058	0.089807
4808	0.089773
2629	0.089466
9683	0.089435
1959	0.089107
3564	0.088883
13252	0.088357
13251	0.088357
8750	0.088042
5089	0.088002
5581	0.086535
7893	0.086526
2810	0.085983
2116	0.085899
12070	0.085703
3677	0.085439
11231	0.085355
11232	0.085311
11230	0.085311
11229	0.085311
11228	0.085311
5637	0.085114
3473	0.084871
1781	0.084695
6656	0.084663
774	0.084623
9614	0.084604
10163	0.084571
5287	0.084569
5042	0.084417
2461	0.083982
7745	0.083853
13582	0.083832
5410	0.083832
5409	0.083832
5408	0.083832
5356	0.083832
12874	0.083820
12107	0.083568
7394	0.083431
1483	0.083411
6074	0.082676
4774	0.082477
11531	0.082462
2453	0.082318
6631	0.082229
2228	0.082072
2783	0.081917
1459	0.081875
12208	0.081833
10028	0.081608
2976	0.081548
2615	0.080969
10719	0.080523
10511	0.080417
2917	0.080373
11398	0.080209
1126	0.079759
6281	0.079575
7694	0.079370
12581	0.079370
2460	0.079255
4179	0.079085
2623	0.078935
11443	0.078819
11369	0.078819
13298	0.078760
3772	0.078758
13581	0.078472
200	0.078427
6439	0.078259
12860	0.078220
12859	0.078208
12927	0.078032
7939	0.077665
1778	0.077615
14310	0.077589
12106	0.077491
12080	0.077486
12502	0.077273
11992	0.077191
3825	0.077145
9986	0.076999
9627	0.076956
11047	0.076897
11358	0.076894
11207	0.076832
2809	0.076824
257	0.076383
5456	0.076010
891	0.075942
2813	0.075833
3639	0.075553
936	0.075543
10883	0.075268
2680	0.075082
10758	0.074859
9522	0.074787
2122	0.074331
2118	0.074276
10757	0.073964
1563	0.073914
1520	0.073766
12497	0.073744
10644	0.073606
3826	0.073530
13	0.073366
7491	0.073350
10369	0.073178
5639	0.073013
1223	0.072952
11111	0.072912
977	0.072890
7619	0.072840
12631	0.072465
1226	0.072321
10203	0.072286
4579	0.072246
780	0.072220
8425	0.072046
11289	0.071931
3540	0.071895
12754	0.071800
13254	0.071647
12934	0.071647
12933	0.071647
12932	0.071647
12081	0.071647
8996	0.071647
8994	0.071647
8992	0.071647
6354	0.071637
12935	0.071632
10671	0.071611
1151	0.071466
4261	0.071343
6577	0.071242
12785	0.071241
13089	0.070968
9354	0.070774
1127	0.070713
11096	0.070630
12784	0.070564
2175	0.070476
14072	0.070459
6126	0.070212
6125	0.070212
9790	0.070199
2210	0.070185
11873	0.070130
10278	0.070076
1424	0.069873
5407	0.069869
12270	0.069761
7488	0.069695
12322	0.069483
10501	0.069299
7385	0.069220
9061	0.069087
9060	0.069087
5715	0.069087
2565	0.069087
6583	0.069052
6580	0.069052
5430	0.068993
6942	0.068945
4719	0.068815
6579	0.068804
12623	0.068752
8092	0.068724
6680	0.068644
1040	0.068625
5072	0.068530
10983	0.068454
9503	0.068236
1433	0.068214
3915	0.068184
7894	0.067927
7860	0.067908
14236	0.067737
13901	0.067737
13601	0.067737
7863	0.067737
7862	0.067737
7859	0.067737
13356	0.067728
9608	0.067701
12079	0.067570
4455	0.067463
3841	0.067448
1251	0.067283
12778	0.067249
534	0.067171
4888	0.067132
5220	0.066952
5073	0.066927
4153	0.066883
729	0.066792
12015	0.066769
8907	0.066650
13315	0.066595
4322	0.066582
5111	0.066566
12967	0.066535
9486	0.066527
2982	0.066508
2117	0.066505
96	0.066410
12530	0.066329
12930	0.066261
12928	0.066261
7146	0.066248
588	0.066229
12406	0.066224
10682	0.066078
10666	0.065958
11663	0.065894
14230	0.065810
14229	0.065810
13886	0.065810
8993	0.065660
3562	0.065610
6026	0.065453
3930	0.065327
9029	0.065189
6413	0.065036
11851	0.065001
6927	0.065001
2459	0.064884
111	0.064883
9115	0.064796
7264	0.064674
1941	0.064553
2722	0.064524
12446	0.064514
12267	0.064439
5126	0.064439
6355	0.064105
13874	0.064013
12853	0.063953
13589	0.063919
11719	0.063809
12101	0.063679
13144	0.063676
3026	0.063455
1130	0.063409
1514	0.063379
12355	0.063360
3579	0.063325
12146	0.063303
8582	0.063303
7599	0.063303
3695	0.063303
3694	0.063303
3616	0.063303
6436	0.063296
1186	0.063290
6912	0.063283
13602	0.063175
6136	0.063155
7090	0.063071
12793	0.063017
999	0.063004
8056	0.062970
2532	0.062864
12329	0.062847
5182	0.062832
6117	0.062764
1396	0.062698
7207	0.062649
906	0.062646
6467	0.062636
12343	0.062620
7589	0.062620
9797	0.062604
8954	0.062492
9198	0.062431
1751	0.062412
7630	0.062381
2335	0.062355
12310	0.062098
4909	0.061988
8923	0.061844
12169	0.061833
8917	0.061833
7620	0.061823
716	0.061656
5745	0.061649
2815	0.061627
11862	0.061619
5650	0.061538
8919	0.061508
13301	0.061494
11367	0.061452
5020	0.061338
11491	0.061286
11902	0.061250
2079	0.061224
13847	0.061168
8918	0.061040
4822	0.060986
12940	0.060862
12354	0.060732
12670	0.060725
7858	0.060713
2425	0.060685
9403	0.060681
14127	0.060630
8232	0.060613
7380	0.060560
7433	0.060487
10302	0.060321
7301	0.060181
934	0.060171
12165	0.060147
7153	0.060138
1079	0.060081
11457	0.060071
12950	0.060006
7468	0.059966
2967	0.059966
2931	0.059923
6727	0.059903
13656	0.059901
13655	0.059901
13378	0.059901
9071	0.059901
9870	0.059789
12844	0.059658
12843	0.059658
12841	0.059658
12840	0.059658
12852	0.059571
11683	0.059474
11660	0.059401
5459	0.059391
1376	0.059330
9371	0.059299
11671	0.059258
2932	0.059139
13438	0.059122
9087	0.059059
13300	0.059013
1855	0.058978
10871	0.058976
13900	0.058916
7861	0.058916
9578	0.058884
1735	0.058794
13028	0.058752
2120	0.058703
5375	0.058696
3822	0.058686
7426	0.058662
9923	0.058655
12931	0.058653
9859	0.058626
5087	0.058608
8022	0.058598
9733	0.058564
9840	0.058552
2584	0.058432
13019	0.058390
7427	0.058360
12926	0.058344
12462	0.058341
10685	0.058341
9674	0.058336
9122	0.058315
12872	0.058299
2502	0.058248
11407	0.058236
1442	0.058209
1464	0.058182
11593	0.058158
9343	0.058155
4147	0.058140
5088	0.058111
10263	0.058050
5627	0.057999
831	0.057914
11679	0.057899
1726	0.057891
10939	0.057779
273	0.057723
3155	0.057711
8223	0.057664
14068	0.057620
919	0.057614
587	0.057563
2115	0.057527
12776	0.057485
12929	0.057444
1043	0.057436
8391	0.057410
3087	0.057410
559	0.057400
9610	0.057400
13081	0.057351
13080	0.057351
13079	0.057351
13078	0.057351
13074	0.057351
13071	0.057351
13057	0.057351
13049	0.057351
13047	0.057351
13045	0.057351
13043	0.057351
13017	0.057351
12959	0.057351
12904	0.057351
7936	0.057351
137	0.057279
6411	0.057224
7670	0.057136
7425	0.057118
8983	0.057029
2965	0.056962
12952	0.056893
12951	0.056893
5065	0.056764
6563	0.056746
6172	0.056649
12864	0.056500
13299	0.056460
346	0.056415
3083	0.056413
3169	0.056386
2572	0.056303
13388	0.056294
13387	0.056294
7560	0.056149
6130	0.056142
9076	0.056118
3008	0.056086
1132	0.055987
10788	0.055950
10777	0.055950
10759	0.055950
10739	0.055950
3519	0.055835
2814	0.055801
2828	0.055796
9008	0.055712
12415	0.055698
10294	0.055648
11769	0.055635
13271	0.055604
13142	0.055598
7430	0.055598
12350	0.055542
12349	0.055501
3897	0.055474
9613	0.055457
2860	0.055362
12238	0.055335
2201	0.055305
12412	0.055298
9611	0.055291
13676	0.055240
2145	0.055165
2838	0.055106
2740	0.054952
5372	0.054933
4582	0.054906
2292	0.054873
8132	0.054848
5343	0.054793
1768	0.054756
1361	0.054609
6706	0.054594
1745	0.054571
5345	0.054562
5373	0.054547
13218	0.054510
11048	0.054443
1922	0.054434
6034	0.054413
6717	0.054403
13599	0.054395
5259	0.054380
11677	0.054351
4494	0.054351
4493	0.054351
4128	0.054346
3737	0.054335
12941	0.054294
9837	0.054289
10790	0.054274
14253	0.054273
4858	0.054272
1075	0.054233
4917	0.054090
11474	0.054076
10284	0.054070
10892	0.054044
9019	0.054007
13664	0.054005
10162	0.054002
6042	0.053974
6041	0.053974
6040	0.053974
6039	0.053974
12237	0.053903
2973	0.053881
4921	0.053807
12899	0.053784
6038	0.053743
5328	0.053729
11898	0.053696
9612	0.053674
12692	0.053645
2681	0.053644
784	0.053599
10712	0.053597
1973	0.053545
6360	0.053544
11436	0.053528
10711	0.053528
11164	0.053497
13503	0.053487
10222	0.053447
5379	0.053393
7528	0.053308
507	0.053252
5147	0.053155
13523	0.053096
10946	0.052993
488	0.052981
2755	0.052787
12851	0.052786
3291	0.052783
787	0.052780
9726	0.052760
14255	0.052722
351	0.052672
4710	0.052561
13040	0.052524
5125	0.052505
2868	0.052439
10193	0.052421
10140	0.052368
13217	0.052340
13358	0.052309
9238	0.052284
10194	0.052234
6277	0.052206
918	0.052205
9469	0.052180
11368	0.052178
6035	0.052141
7968	0.052128
7820	0.052110
8661	0.052019
11600	0.051919
994	0.051886
4495	0.051873
7013	0.051805
3204	0.051790
14265	0.051788
14264	0.051788
7933	0.051742
347	0.051742
4154	0.051658
4110	0.051652
9356	0.051647
4432	0.051537
6021	0.051516
5654	0.051506
412	0.051503
10303	0.051489
4086	0.051479
13439	0.051475
5895	0.051413
2096	0.051401
503	0.051366
5235	0.051362
11151	0.051302
5229	0.051236
12006	0.051197
7744	0.051137
13427	0.051119
2153	0.051051
1746	0.050917
3024	0.050890
1924	0.050886
371	0.050853
12702	0.050843
12891	0.050819
2675	0.050786
1446	0.050759
9384	0.050753
3246	0.050753
1728	0.050734
13035	0.050714
4818	0.050643
611	0.050638
12193	0.050547
2789	0.050524
890	0.050519
4087	0.050400
4754	0.050387
1648	0.050367
483	0.050313
5655	0.050266
10789	0.050253
2981	0.050229
1391	0.050153
9436	0.050094
7261	0.050020
2754	0.049960
4431	0.049915
4478	0.049797
5221	0.049794
1362	0.049764
9396	0.049764
4481	0.049764
6702	0.049719
2014	0.049716
4704	0.049696
3408	0.049657
1163	0.049644
13038	0.049638
13037	0.049638
10809	0.049638
7580	0.049638
7581	0.049615
342	0.049588
3607	0.049585
12858	0.049561
6761	0.049526
3615	0.049317
5455	0.049265
1196	0.049265
1231	0.049252
4122	0.049242
4349	0.049188
8423	0.049098
2047	0.049064
6442	0.049028
4056	0.049025
4316	0.048992
2045	0.048942
11040	0.048895
11220	0.048891
6594	0.048881
3241	0.048837
438	0.048813
12235	0.048807
10455	0.048775
2577	0.048737
10505	0.048663
869	0.048427
2520	0.048421
821	0.048406
3081	0.048267
9633	0.048125
9630	0.048125
9628	0.048125
9626	0.048125
9625	0.048125
9624	0.048125
9622	0.048125
9621	0.048125
9620	0.048125
9619	0.048125
9618	0.048125
9615	0.048125
9482	0.048125
179	0.048039
5391	0.047998
734	0.047974
2884	0.047944
1381	0.047935
1675	0.047899
881	0.047883
5021	0.047764
5019	0.047764
832	0.047726
1246	0.047616
11257	0.047589
12130	0.047539
2397	0.047526
8927	0.047514
11033	0.047499
10722	0.047472
13914	0.047384
8296	0.047384
1929	0.047351
9288	0.047326
359	0.047167
9492	0.047145
11159	0.047093
10920	0.047055
7972	0.047052
1377	0.047039
3047	0.046998
406	0.046980
10139	0.046927
12391	0.046903
12434	0.046887
12390	0.046887
7617	0.046866
1370	0.046861
2792	0.046828
10433	0.046783
11620	0.046774
4251	0.046747
6878	0.046726
5359	0.046702
8115	0.046634
1372	0.046566
9872	0.046562
13135	0.046544
633	0.046534
7405	0.046517
6263	0.046416
2040	0.046377
1264	0.046374
6198	0.046307
9278	0.046295
564	0.046295
2667	0.046255
13148	0.046251
13147	0.046251
7892	0.046251
6298	0.046251
6297	0.046251
6650	0.046196
2416	0.046142
9333	0.046134
9999	0.046125
2963	0.046123
10227	0.046086
838	0.046040
988	0.045993
13116	0.045943
5059	0.045926
3846	0.045905
2817	0.045818
12435	0.045755
5219	0.045744
2541	0.045664
1077	0.045649
10992	0.045640
2001	0.045639
3844	0.045616
2172	0.045570
3477	0.045570
2626	0.045473
8628	0.045400
13965	0.045397
9957	0.045396
1002	0.045388
10336	0.045377
10101	0.045333
3243	0.045330
6971	0.045312
5026	0.045267
5027	0.045267
12459	0.045213
12413	0.045203
3102	0.045189
5576	0.045121
5357	0.045114
1893	0.045083
9550	0.045068
3819	0.045038
10921	0.044994
4656	0.044985
11670	0.044944
9943	0.044893
1383	0.044893
2949	0.044881
9651	0.044796
11094	0.044795
4612	0.044757
10579	0.044739
9586	0.044730
1363	0.044727
2173	0.044717
11196	0.044716
9764	0.044698
79	0.044676
11160	0.044630
2571	0.044608
3939	0.044581
11252	0.044519
13609	0.044483
1725	0.044445
7038	0.044422
6885	0.044312
10258	0.044295
5023	0.044288
10998	0.044257
10997	0.044257
9393	0.044251
3567	0.044211
1975	0.044201
7420	0.044155
12352	0.044151
9319	0.044139
9763	0.044112
9759	0.044112
9758	0.044112
8717	0.044112
8716	0.044112
8715	0.044112
182	0.044102
9042	0.044041
9916	0.043993
9880	0.043993
9842	0.043993
9838	0.043993
9822	0.043993
9372	0.043993
8791	0.043993
8790	0.043993
8768	0.043993
13302	0.043930
3850	0.043916
10040	0.043893
1510	0.043888
10293	0.043887
12876	0.043878
2135	0.043854
10578	0.043841
3139	0.043799
352	0.043767
2321	0.043760
11844	0.043745
4374	0.043730
2730	0.043724
6250	0.043604
6199	0.043588
10482	0.043580
10822	0.043536
13403	0.043495
3898	0.043465
2414	0.043464
4588	0.043425
2729	0.043412
1693	0.043369
3378	0.043340
1812	0.043303
1811	0.043303
640	0.043249
2011	0.043211
3287	0.043185
9481	0.043115
9479	0.043115
9478	0.043115
9476	0.043115
9475	0.043115
9473	0.043115
9472	0.043115
9471	0.043115
9470	0.043115
9468	0.043115
9345	0.043115
8667	0.043115
8665	0.043115
8664	0.043115
8663	0.043115
8662	0.043115
8630	0.043115
8629	0.043115
8627	0.043115
8626	0.043115
9477	0.043113
10467	0.043073
13244	0.043042
6351	0.043038
11099	0.043037
2689	0.042923
4344	0.042857
10466	0.042789
10241	0.042788
5634	0.042783
6525	0.042715
540	0.042683
12694	0.042622
7190	0.042620
11523	0.042603
12687	0.042432
10589	0.042398
5492	0.042382
11291	0.042330
484	0.042316
10362	0.042293
11861	0.042222
6318	0.042222
10167	0.042200
7239	0.042195
