1655	0.330732
3191	0.329822
14221	0.263456
3156	0.251413
2567	0.199373
4731	0.191893
4675	0.191893
4452	0.186040
2566	0.179372
1427	0.178770
3680	0.171608
13863	0.171162
2888	0.171162
3333	0.160380
5176	0.154976
10411	0.153430
10410	0.152902
11389	0.152839
3409	0.152752
5941	0.150641
7223	0.148767
7217	0.147930
6476	0.147930
14107	0.147381
14148	0.147028
3091	0.146933
3089	0.146933
3088	0.146933
14147	0.146928
3090	0.146928
4499	0.146882
3178	0.146665
14146	0.146611
13807	0.146284
8377	0.144428
7078	0.144208
923	0.141488
10416	0.140039
10415	0.139793
14179	0.137499
13460	0.137208
10650	0.130000
4713	0.127750
4836	0.127052
7012	0.126141
3414	0.125711
245	0.125285
6910	0.125124
7152	0.125078
5153	0.124921
12186	0.124195
2173	0.123872
3954	0.123817
7011	0.122874
13294	0.121228
4535	0.120895
3834	0.120285
6728	0.119661
458	0.118706
2573	0.117637
2701	0.117020
9597	0.116875
9355	0.116875
6748	0.116875
1847	0.116366
4293	0.116060
11011	0.115326
3240	0.115079
3052	0.115063
2435	0.114887
7079	0.114756
7154	0.114146
10894	0.114045
9039	0.112446
12676	0.112381
3858	0.112354
1190	0.112142
5649	0.111976
7100	0.110918
986	0.110645
4639	0.110431
4635	0.110431
4634	0.110431
3082	0.110431
11830	0.110431
13685	0.110161
13684	0.110161
13683	0.110161
13565	0.110161
3743	0.109822
5664	0.108401
5995	0.108329
5994	0.108040
10632	0.107745
606	0.107427
10389	0.107177
11626	0.107092
1506	0.106691
5227	0.106265
3649	0.106214
2724	0.106050
10782	0.105860
1193	0.105680
11553	0.105643
10768	0.105606
9885	0.105335
9851	0.105335
8828	0.105335
8826	0.105335
8825	0.105335
8811	0.105335
7781	0.105335
4531	0.105299
6586	0.104966
9920	0.104937
11403	0.104915
6148	0.104915
3643	0.104771
10937	0.104737
10919	0.104700
11860	0.104575
12675	0.104569
12262	0.104490
4393	0.104185
10705	0.103984
13973	0.103956
3152	0.103577
11352	0.103129
13091	0.103094
10848	0.103058
10704	0.103058
10481	0.102932
7300	0.102932
971	0.102746
5650	0.102416
12161	0.102273
11870	0.102273
11794	0.102273
11204	0.102273
11203	0.102273
6144	0.102273
6143	0.102273
6142	0.102273
6141	0.102273
11124	0.101687
7370	0.101406
4847	0.101406
12674	0.100863
13421	0.100496
3213	0.100392
4536	0.100352
14091	0.100111
9725	0.100032
1009	0.099726
11785	0.099590
2472	0.099582
13753	0.099437
4436	0.099192
10426	0.098775
11939	0.098724
8810	0.098591
8370	0.098506
5749	0.098487
6320	0.098250
11255	0.098182
3418	0.098125
10756	0.097901
3469	0.097634
1507	0.097251
4896	0.097091
12147	0.097071
5016	0.096675
457	0.096668
459	0.096616
4307	0.096427
9362	0.096375
6138	0.096281
7088	0.095739
6140	0.095373
6139	0.095373
10242	0.095363
12265	0.095297
5651	0.094990
12436	0.094835
10786	0.094810
2594	0.094802
7183	0.094784
4910	0.094451
3851	0.094287
8827	0.094211
1621	0.094083
12313	0.093827
8167	0.093827
5734	0.093748
7213	0.093541
1164	0.093447
10920	0.093405
8596	0.093098
9766	0.092303
9765	0.092303
5193	0.092226
8890	0.092117
12700	0.091890
3059	0.091795
10388	0.091620
13609	0.091456
1201	0.091439
1928	0.091384
8889	0.091006
6956	0.091004
6955	0.090950
1878	0.090906
4354	0.090865
11419	0.090850
6938	0.090740
6908	0.090566
3065	0.090427
8359	0.090028
8358	0.090028
2797	0.089851
1549	0.089687
4330	0.089673
12657	0.089608
11299	0.089374
12642	0.089339
11523	0.089121
13550	0.089092
11386	0.089023
4748	0.088979
11216	0.088604
10672	0.088593
961	0.088526
4762	0.088097
8116	0.087739
4530	0.087674
10653	0.087552
10651	0.087470
10652	0.087456
4292	0.087401
6817	0.087303
5326	0.086617
13830	0.086593
284	0.086441
10680	0.086428
11033	0.086054
10921	0.085756
10764	0.085426
10679	0.085426
10766	0.085286
10765	0.085286
6715	0.085062
12801	0.084827
3208	0.084678
1243	0.084655
5624	0.084009
4362	0.083995
10876	0.083990
13325	0.083884
13762	0.083767
11237	0.083600
10023	0.083452
1344	0.083137
9767	0.082736
3822	0.082566
5430	0.082413
12628	0.082372
10607	0.082262
4765	0.082219
5112	0.082104
2995	0.081730
11511	0.081622
12153	0.081574
4702	0.081574
388	0.081521
5768	0.081508
13538	0.081480
2473	0.081283
8336	0.081199
12687	0.081169
11447	0.081145
6745	0.081135
10933	0.080768
1584	0.080270
8422	0.080241
12393	0.080103
956	0.080086
10499	0.080056
13324	0.079973
12396	0.079966
6714	0.079955
9498	0.079579
6286	0.079534
3650	0.079447
10649	0.079424
1345	0.079266
11189	0.078889
10554	0.078683
4532	0.078538
4840	0.078482
11188	0.078443
11187	0.078443
9872	0.078437
8730	0.078299
11667	0.078150
4438	0.078032
13522	0.077850
246	0.077745
7277	0.077666
650	0.077641
11900	0.077443
11983	0.077440
12737	0.077412
1335	0.077226
3600	0.077149
889	0.076908
1393	0.076840
5854	0.076752
3332	0.076695
6942	0.076595
2377	0.076330
6867	0.076016
1352	0.075985
13323	0.075744
7500	0.075738
5248	0.075537
7807	0.075503
11753	0.075465
11561	0.075384
11218	0.075336
5607	0.075206
5609	0.075154
957	0.075103
954	0.075103
5175	0.075099
9598	0.075094
11148	0.074935
14249	0.074916
12279	0.074885
11825	0.074885
6270	0.074885
6269	0.074885
2595	0.074733
5170	0.074704
3784	0.074582
13821	0.074573
10733	0.074415
8430	0.074382
13679	0.074328
11585	0.074326
14097	0.074319
6737	0.074236
1341	0.074207
958	0.074052
7275	0.074042
13302	0.074032
10512	0.074007
12630	0.073854
2665	0.073806
7992	0.073770
3803	0.073630
1583	0.073629
11314	0.073614
8617	0.073539
382	0.073466
11920	0.073362
3927	0.073362
3868	0.073362
2500	0.073317
3078	0.073293
4972	0.073288
8886	0.073164
3391	0.073071
13652	0.073054
6449	0.072981
11814	0.072966
13820	0.072582
6471	0.072550
6729	0.072513
10580	0.072398
5930	0.072398
14013	0.072351
2253	0.072351
10844	0.072264
14291	0.072254
8042	0.072250
14250	0.072235
10558	0.072235
10555	0.072235
6968	0.072235
10556	0.072199
11529	0.072139
4568	0.072133
959	0.072117
776	0.072115
10330	0.072103
3801	0.072086
6497	0.071826
8816	0.071786
8815	0.071786
8814	0.071786
8812	0.071786
8796	0.071786
8795	0.071786
8777	0.071786
7923	0.071786
9082	0.071708
7220	0.071338
11460	0.071223
11288	0.071223
6727	0.071219
10431	0.071160
4534	0.071091
6534	0.070948
700	0.070833
6572	0.070792
3068	0.070774
12823	0.070759
10640	0.070696
3952	0.070643
3053	0.070472
11128	0.070453
6996	0.070241
12501	0.070194
3210	0.070087
11919	0.070065
7721	0.070043
7720	0.070011
9056	0.069973
6490	0.069750
11824	0.069627
11841	0.069505
3929	0.069456
3928	0.069456
12502	0.069420
6946	0.069390
1633	0.069389
10541	0.069287
5675	0.069272
680	0.069233
6995	0.069195
11186	0.069121
11236	0.069078
11505	0.068941
11918	0.068720
8157	0.068713
12419	0.068677
3363	0.068597
7864	0.068169
5728	0.068030
1803	0.068003
5630	0.067966
3821	0.067884
10376	0.067849
7894	0.067837
10557	0.067700
14332	0.067695
14320	0.067695
14257	0.067695
14235	0.067695
14231	0.067695
14217	0.067695
14143	0.067695
9212	0.067601
10049	0.067410
5888	0.067393
9450	0.067327
4832	0.067191
3835	0.067184
8618	0.067143
924	0.067140
13838	0.067089
1050	0.066876
10949	0.066831
2585	0.066806
1984	0.066711
13716	0.066629
5905	0.066598
13721	0.066592
13709	0.066592
3204	0.066554
11476	0.066500
4213	0.066339
3597	0.066305
9652	0.066303
2386	0.066291
2387	0.066291
8887	0.066169
11199	0.066139
6753	0.066111
5554	0.066109
11455	0.066106
11426	0.066106
5870	0.066063
6208	0.066015
7947	0.066011
12431	0.065919
13095	0.065891
6969	0.065891
10294	0.065864
1358	0.065696
10523	0.065676
13023	0.065657
11176	0.065548
6220	0.065519
3486	0.065341
11211	0.065333
4484	0.065097
2707	0.064834
3485	0.064684
9036	0.064669
5174	0.064555
5912	0.064519
10863	0.064409
13422	0.064303
10862	0.064276
3678	0.064200
3673	0.064200
11070	0.064145
7712	0.064123
10127	0.064121
5665	0.064111
11071	0.064060
9303	0.063942
4486	0.063891
686	0.063883
7412	0.063881
12127	0.063869
5189	0.063718
10450	0.063675
6829	0.063597
14069	0.063526
2094	0.063505
9514	0.063459
11666	0.063440
10935	0.063440
10934	0.063440
10931	0.063440
4794	0.063440
10936	0.063440
10932	0.063419
7662	0.063261
3645	0.063157
4143	0.063156
8793	0.063121
8771	0.063121
8770	0.063121
8769	0.063121
8746	0.063121
8745	0.063121
8396	0.063121
8855	0.063081
4252	0.063036
6758	0.062969
7483	0.062948
10511	0.062907
10528	0.062830
9222	0.062744
4769	0.062702
12247	0.062663
5068	0.062562
4735	0.062526
5069	0.062496
8217	0.062454
7578	0.062454
11175	0.062436
592	0.062207
12782	0.062141
9850	0.062060
598	0.061775
13110	0.061754
10104	0.061632
244	0.061627
5486	0.061595
628	0.061551
8209	0.061486
8314	0.061486
8373	0.061453
8240	0.061453
269	0.061403
4879	0.061319
12544	0.061233
11648	0.061160
8238	0.061109
12662	0.061062
5106	0.061044
5104	0.061044
9904	0.060870
4787	0.060845
5010	0.060735
7128	0.060705
7127	0.060667
5276	0.060562
10563	0.060539
5608	0.060397
1880	0.060349
286	0.060333
8103	0.060180
5491	0.060118
11342	0.060027
10746	0.060027
10916	0.059996
11711	0.059970
4763	0.059937
11491	0.059924
12692	0.059912
3675	0.059860
4137	0.059735
11754	0.059728
10042	0.059684
1357	0.059671
3656	0.059668
7534	0.059655
13121	0.059604
4789	0.059604
4788	0.059604
10125	0.059535
3079	0.059471
11415	0.059439
10747	0.059425
3030	0.059324
1547	0.059320
2998	0.059283
13111	0.059242
13109	0.059242
9959	0.059242
9960	0.059189
12525	0.059171
11456	0.059096
11490	0.059042
1937	0.059024
4116	0.059019
11000	0.059004
12559	0.058917
10433	0.058895
5457	0.058863
8836	0.058748
1084	0.058693
1936	0.058680
4295	0.058656
13606	0.058639
10452	0.058623
11544	0.058619
10432	0.058604
12725	0.058584
12770	0.058560
3760	0.058531
9739	0.058521
9811	0.058482
3135	0.058415
9996	0.058411
3066	0.058404
1779	0.058359
9830	0.058303
11256	0.058281
1987	0.058261
216	0.058218
4790	0.058024
12832	0.057922
9958	0.057917
1185	0.057905
7056	0.057896
18	0.057877
2101	0.057861
9876	0.057836
7628	0.057836
7627	0.057836
232	0.057790
2479	0.057768
2465	0.057748
10264	0.057659
888	0.057573
3427	0.057537
9121	0.057535
9112	0.057535
9718	0.057431
5110	0.057421
1829	0.057380
3922	0.057310
3217	0.057303
1359	0.057282
4500	0.057209
5625	0.057144
3489	0.057135
5167	0.057042
10024	0.056990
7267	0.056941
6836	0.056931
12861	0.056913
323	0.056882
11115	0.056870
8877	0.056853
5009	0.056835
3214	0.056834
13169	0.056808
13141	0.056808
2663	0.056787
6479	0.056752
791	0.056727
1626	0.056723
12418	0.056663
4674	0.056629
6733	0.056502
14254	0.056471
699	0.056443
8432	0.056437
8431	0.056437
11283	0.056361
6816	0.056320
13224	0.056295
1680	0.056291
543	0.056195
7943	0.056157
10606	0.056149
1604	0.056052
11507	0.056008
11528	0.055984
13291	0.055962
13374	0.055960
13373	0.055960
5007	0.055927
6254	0.055916
10818	0.055847
13598	0.055838
10500	0.055816
10453	0.055767
820	0.055764
747	0.055610
1463	0.055502
12645	0.055476
11133	0.055430
11157	0.055405
9453	0.055169
13472	0.055149
13311	0.055134
9595	0.055116
5188	0.055067
3867	0.055047
12761	0.055029
10721	0.055009
10234	0.054934
5666	0.054919
12835	0.054910
1767	0.054760
4376	0.054676
2674	0.054623
8028	0.054566
7176	0.054543
6366	0.054541
12426	0.054478
11208	0.054418
5293	0.054362
11209	0.054317
9366	0.054300
9365	0.054300
9364	0.054300
9363	0.054300
9359	0.054300
8869	0.054300
8849	0.054300
8848	0.054300
8846	0.054300
4439	0.054272
1976	0.054226
8324	0.054210
11524	0.054130
10293	0.054127
14111	0.054074
14080	0.054074
2047	0.054073
4349	0.053978
1647	0.053976
7616	0.053974
7145	0.053974
4114	0.053970
10966	0.053963
13567	0.053890
5731	0.053890
5730	0.053890
5726	0.053890
5723	0.053890
5722	0.053890
5721	0.053890
5681	0.053890
13547	0.053796
13546	0.053796
13368	0.053796
13375	0.053540
11591	0.053539
12897	0.053529
13663	0.053523
10950	0.053521
9564	0.053469
3566	0.053469
1966	0.053461
5736	0.053437
12100	0.053405
11592	0.053371
4384	0.053370
13441	0.053369
10784	0.053360
8489	0.053350
6649	0.053269
6647	0.053269
6646	0.053269
5610	0.053269
4936	0.053216
10717	0.053166
13748	0.053133
4678	0.053112
13363	0.053112
10594	0.053099
1528	0.053015
6877	0.052964
9442	0.052955
8140	0.052866
1977	0.052731
6638	0.052730
13008	0.052726
13758	0.052718
4856	0.052670
3182	0.052657
1892	0.052631
14006	0.052624
1990	0.052587
4911	0.052551
261	0.052524
8397	0.052488
3195	0.052482
5984	0.052442
882	0.052420
5484	0.052372
4051	0.052360
10153	0.052223
9196	0.052218
197	0.052213
1368	0.052183
1653	0.052142
4727	0.052117
12619	0.052065
13092	0.052040
3838	0.051992
12829	0.051954
12383	0.051919
12187	0.051899
5249	0.051793
8310	0.051767
5526	0.051744
8276	0.051668
7492	0.051627
3732	0.051626
9643	0.051612
12402	0.051611
1138	0.051602
4894	0.051529
5997	0.051509
3433	0.051509
12558	0.051401
13542	0.051400
14339	0.051378
14338	0.051378
14312	0.051378
14272	0.051378
14259	0.051378
14160	0.051378
14159	0.051378
14158	0.051378
14156	0.051378
14144	0.051378
14133	0.051378
14123	0.051378
14110	0.051378
14102	0.051378
14053	0.051378
13501	0.051378
8311	0.051378
8309	0.051378
8308	0.051378
8306	0.051378
8288	0.051378
8286	0.051378
8285	0.051378
8283	0.051378
8282	0.051378
8280	0.051378
8278	0.051378
8277	0.051378
8046	0.051378
4603	0.051378
12561	0.051359
10597	0.051305
8638	0.051283
1618	0.051209
3169	0.051158
5456	0.051145
12537	0.051121
13398	0.051109
1979	0.051083
2871	0.051050
5679	0.051020
10700	0.050931
3207	0.050905
11343	0.050846
3669	0.050763
8794	0.050702
593	0.050701
12382	0.050664
11308	0.050535
8551	0.050529
13219	0.050417
9290	0.050417
5221	0.050360
14331	0.050318
14330	0.050318
4560	0.050269
4651	0.050253
4078	0.050250
11297	0.050246
3417	0.050231
1659	0.050228
8829	0.050216
8141	0.050192
12812	0.050185
8835	0.050181
1332	0.050177
10583	0.050106
7555	0.050100
6582	0.050030
1036	0.049994
9386	0.049956
7771	0.049956
7384	0.049956
7383	0.049956
7210	0.049956
7191	0.049956
7021	0.049956
10069	0.049934
14243	0.049912
5871	0.049904
12786	0.049883
12090	0.049864
10271	0.049853
11412	0.049848
11365	0.049835
11270	0.049835
10957	0.049835
7144	0.049835
8252	0.049829
9289	0.049813
10435	0.049805
614	0.049780
9293	0.049724
9292	0.049724
9291	0.049724
10809	0.049671
7580	0.049671
7581	0.049576
7433	0.049557
6584	0.049506
6581	0.049506
9330	0.049502
11363	0.049478
5720	0.049476
2524	0.049440
13619	0.049439
11101	0.049433
4030	0.049292
13394	0.049249
7413	0.049224
8307	0.049206
14073	0.049204
7553	0.049160
558	0.049153
4195	0.049134
10681	0.049134
3764	0.049110
5919	0.049051
4708	0.048972
9947	0.048959
11551	0.048958
6822	0.048915
11301	0.048911
10468	0.048870
8328	0.048814
8237	0.048699
11582	0.048686
7165	0.048662
7631	0.048611
5292	0.048577
10789	0.048514
11808	0.048476
2927	0.048414
11729	0.048391
5164	0.048391
5163	0.048391
3646	0.048370
11202	0.048365
6309	0.048339
3326	0.048319
5225	0.048311
12249	0.048296
