3680	0.151346
6328	0.141904
5176	0.141404
4078	0.137561
10410	0.136828
4033	0.136449
11389	0.135442
10411	0.135384
7397	0.134826
2546	0.133291
4763	0.128143
1427	0.127103
2545	0.123768
5606	0.123040
34	0.120385
2567	0.120355
1138	0.120060
819	0.119431
3821	0.119179
4731	0.116987
4675	0.116987
8114	0.115168
7065	0.115000
2475	0.114856
3650	0.114643
8377	0.111543
7078	0.111267
3955	0.108885
1203	0.108579
4452	0.107720
13460	0.107551
3954	0.107054
1188	0.104788
3953	0.104693
3178	0.104089
3626	0.103567
13652	0.103037
13526	0.100933
6836	0.100189
2566	0.099553
13550	0.098834
1204	0.098706
9485	0.098655
13421	0.098350
7884	0.097975
4330	0.097664
1555	0.091966
11528	0.091603
1422	0.091218
5860	0.090946
4484	0.089780
4030	0.089482
3304	0.089409
13404	0.089289
379	0.088763
5346	0.087869
2474	0.086843
13305	0.086781
1340	0.086698
3834	0.086301
12163	0.086217
4430	0.086217
4429	0.086217
4428	0.086217
6444	0.086208
199	0.086067
4051	0.085434
11148	0.084953
4023	0.084951
9295	0.084891
4410	0.084727
699	0.084630
2500	0.084410
459	0.084380
628	0.084303
457	0.084216
10583	0.083793
3879	0.083726
1469	0.083576
6733	0.083179
9616	0.083116
6582	0.083000
31	0.082894
1358	0.082870
205	0.082509
203	0.082509
7077	0.082407
3213	0.082406
7492	0.082179
9330	0.082048
6584	0.082047
6581	0.082047
5728	0.082026
13277	0.081852
13846	0.081848
8459	0.081848
9830	0.081785
7631	0.081772
458	0.081728
7959	0.081408
10640	0.081297
1779	0.081043
11216	0.080882
5734	0.080740
5195	0.080478
4085	0.080296
13449	0.080273
1847	0.080137
40	0.080011
12039	0.080006
2033	0.079965
11386	0.079731
12507	0.079693
10672	0.079659
4425	0.079483
5877	0.079418
12736	0.079389
14061	0.079346
7576	0.079195
13398	0.079018
30	0.078697
12730	0.078341
3637	0.078055
798	0.077791
7152	0.077575
6910	0.077562
3230	0.077460
3646	0.077346
4713	0.077281
7079	0.077246
13246	0.077034
2929	0.076785
12142	0.076725
8618	0.076639
4836	0.075884
12751	0.075611
3669	0.075505
7553	0.075387
11839	0.075049
12558	0.075036
3240	0.074968
7709	0.074911
12561	0.074798
12753	0.074535
9835	0.074524
5240	0.074394
13938	0.074356
5844	0.074329
9820	0.074290
8735	0.074290
14107	0.073978
3091	0.073947
3089	0.073947
3088	0.073947
14147	0.073941
3090	0.073941
11413	0.073902
14148	0.073894
7223	0.073646
3599	0.073624
14146	0.073596
44	0.073460
8064	0.073412
5682	0.073328
7332	0.073214
6365	0.073214
13092	0.073130
2560	0.073083
13452	0.073058
1588	0.073049
9898	0.073042
7331	0.073020
9502	0.072997
11221	0.072977
13653	0.072974
13555	0.072974
13316	0.072974
10602	0.072974
13708	0.072965
2552	0.072955
3976	0.072950
629	0.072942
4293	0.072938
13876	0.072772
8061	0.072772
5550	0.072753
2927	0.072700
4024	0.072699
7739	0.072655
6222	0.072617
11920	0.072600
3927	0.072600
3868	0.072600
9002	0.072600
7554	0.072600
6224	0.072597
6715	0.072596
2551	0.072594
206	0.072591
1593	0.072505
277	0.072503
5551	0.072404
13538	0.072383
13491	0.072374
2703	0.072293
5600	0.072268
12109	0.072249
5948	0.072249
6449	0.072233
5267	0.072189
9500	0.072136
7536	0.072075
8884	0.072054
2554	0.072018
13807	0.071994
10541	0.071960
8886	0.071928
5251	0.071856
6745	0.071816
3263	0.071771
397	0.071739
9501	0.071726
11500	0.071664
9487	0.071631
10647	0.071486
13294	0.071375
12231	0.071344
1582	0.071264
2558	0.071203
703	0.071183
10461	0.071068
14041	0.071044
9416	0.070957
13361	0.070952
10057	0.070915
5602	0.070890
7662	0.070850
2553	0.070819
2555	0.070776
13529	0.070713
7229	0.070655
13325	0.070641
5666	0.070562
10368	0.070527
4533	0.070483
9904	0.070471
385	0.070375
2559	0.070362
13624	0.070274
13623	0.070274
12628	0.070263
5613	0.070259
11265	0.070200
3039	0.070195
12312	0.070168
5859	0.070083
4902	0.069925
10756	0.069905
3469	0.069858
5558	0.069805
5155	0.069660
6268	0.069605
1963	0.069544
9597	0.069308
9355	0.069308
6748	0.069308
3965	0.069216
6085	0.069142
9182	0.069120
13405	0.069105
5832	0.069103
5605	0.069088
7676	0.068945
5129	0.068916
13504	0.068880
11542	0.068823
1345	0.068805
13748	0.068750
3662	0.068713
1399	0.068644
33	0.068615
9675	0.068593
5165	0.068546
10919	0.068452
686	0.068437
7809	0.068421
3672	0.068241
12297	0.068213
8098	0.068213
656	0.068118
7329	0.067928
7453	0.067924
9696	0.067849
3857	0.067784
5181	0.067576
1822	0.067511
4698	0.067473
4735	0.067445
12801	0.067420
2556	0.067420
4453	0.067310
12117	0.067301
7345	0.067301
6223	0.067270
12544	0.067211
8882	0.067208
4201	0.067208
3229	0.067096
5106	0.067054
5104	0.067054
6643	0.067053
13129	0.066981
6061	0.066981
4393	0.066950
12625	0.066941
12383	0.066826
11419	0.066799
6816	0.066729
10174	0.066718
5174	0.066601
1339	0.066593
9187	0.066514
1538	0.066513
11919	0.066510
3232	0.066458
3929	0.066433
3928	0.066433
12154	0.066414
12516	0.066394
11323	0.066322
13883	0.066290
2100	0.066183
10835	0.066088
5260	0.066088
3549	0.066072
1485	0.065976
3732	0.065930
11648	0.065850
12536	0.065766
10314	0.065679
10166	0.065634
2123	0.065589
10315	0.065577
6462	0.065570
10856	0.065569
1462	0.065568
6534	0.065565
10603	0.065493
4499	0.065487
4793	0.065468
5495	0.065404
5308	0.065247
9181	0.065141
10876	0.065032
5153	0.065027
13808	0.064968
10497	0.064954
5905	0.064766
9718	0.064698
7864	0.064506
10119	0.064477
2557	0.064456
12535	0.064434
13721	0.064361
13709	0.064361
7217	0.064358
6476	0.064358
632	0.064355
4569	0.064319
12630	0.064148
5276	0.064045
5025	0.064039
11918	0.063987
12065	0.063914
7297	0.063843
12812	0.063837
5465	0.063813
2434	0.063628
9370	0.063504
4332	0.063458
11236	0.063445
7220	0.063411
7234	0.063405
3630	0.063338
6062	0.063331
5941	0.063032
11209	0.063024
10235	0.063009
7012	0.062930
9005	0.062918
2173	0.062916
11213	0.062908
9767	0.062904
325	0.062823
11208	0.062809
5601	0.062779
5603	0.062729
5906	0.062681
7485	0.062583
7484	0.062583
1221	0.062480
3085	0.062377
6958	0.062347
5833	0.062285
6208	0.062276
383	0.062160
7947	0.062139
42	0.062042
1891	0.061950
6928	0.061911
9118	0.061907
12382	0.061866
9006	0.061861
9004	0.061861
9003	0.061861
9001	0.061861
9000	0.061861
8999	0.061861
8941	0.061861
8962	0.061764
8961	0.061764
3309	0.061764
858	0.061734
11256	0.061670
3168	0.061639
8253	0.061438
3555	0.061421
10813	0.061400
6031	0.061394
6030	0.061394
5992	0.061394
14349	0.061343
14344	0.061343
14316	0.061343
14309	0.061343
14306	0.061343
14260	0.061343
14240	0.061343
14216	0.061343
14168	0.061343
4224	0.061329
1655	0.061303
6996	0.061100
9331	0.061055
8763	0.061029
8761	0.061029
7726	0.061009
776	0.060999
10580	0.060979
5930	0.060979
249	0.060920
8998	0.060915
12372	0.060831
286	0.060764
10857	0.060664
10941	0.060586
7050	0.060581
12186	0.060570
7011	0.060528
7887	0.060499
1222	0.060413
8169	0.060377
5198	0.060377
12433	0.060314
12797	0.060268
7341	0.060239
12538	0.060222
2121	0.060207
698	0.060150
2540	0.060137
11520	0.060118
610	0.059955
1344	0.059874
11290	0.059854
7706	0.059846
9609	0.059825
9580	0.059825
13423	0.059800
198	0.059779
7818	0.059756
8617	0.059750
13008	0.059727
12537	0.059679
12806	0.059649
12559	0.059602
10862	0.059601
7926	0.059586
6283	0.059560
2480	0.059518
7807	0.059518
4797	0.059412
8816	0.059407
8815	0.059407
8814	0.059407
8812	0.059407
8796	0.059407
8795	0.059407
8777	0.059407
7923	0.059407
10863	0.059221
3822	0.059208
5630	0.059177
2076	0.059153
10626	0.059146
1421	0.058967
1507	0.058905
2797	0.058842
12862	0.058798
12548	0.058689
3231	0.058656
3888	0.058655
6287	0.058626
9373	0.058565
3053	0.058526
9676	0.058499
10632	0.058499
9179	0.058420
9329	0.058236
7049	0.058216
12707	0.058198
3633	0.058182
8489	0.058179
680	0.058171
7928	0.058163
10593	0.058086
1556	0.058078
11538	0.058036
3414	0.057935
12547	0.057901
4679	0.057843
4114	0.057832
5112	0.057811
9664	0.057744
6995	0.057740
2102	0.057722
1193	0.057708
2706	0.057685
11922	0.057684
6320	0.057656
250	0.057626
8116	0.057591
5684	0.057581
2966	0.057543
3716	0.057494
2543	0.057443
190	0.057377
6867	0.057354
11649	0.057236
11511	0.057232
9961	0.057227
8864	0.057200
8863	0.057200
8583	0.057200
8124	0.057200
7904	0.057200
7903	0.057200
7902	0.057200
7901	0.057200
7900	0.057200
7899	0.057200
7897	0.057200
7896	0.057200
7895	0.057200
6976	0.057182
7526	0.057151
6729	0.057128
3211	0.057014
1463	0.057011
12247	0.056989
10153	0.056937
12214	0.056900
6452	0.056889
1817	0.056818
13588	0.056767
5749	0.056661
4795	0.056652
10607	0.056576
10165	0.056499
7056	0.056485
6838	0.056452
4899	0.056395
10023	0.056366
2104	0.056143
2588	0.056046
7530	0.055982
6482	0.055976
2108	0.055938
12038	0.055896
9766	0.055873
9765	0.055873
13394	0.055764
4800	0.055706
11166	0.055613
24	0.055595
1552	0.055563
7412	0.055544
13607	0.055543
6638	0.055391
5319	0.055390
6226	0.055375
14342	0.055364
3803	0.055359
210	0.055236
10234	0.055182
11169	0.055149
5161	0.055124
695	0.055107
10842	0.054931
11421	0.054931
11345	0.054931
11335	0.054931
8089	0.054898
747	0.054845
10090	0.054766
12501	0.054757
10923	0.054674
13399	0.054631
7712	0.054568
6623	0.054449
10604	0.054412
11070	0.054410
11071	0.054392
11666	0.054310
10935	0.054310
10934	0.054310
10931	0.054310
4794	0.054310
10936	0.054310
10932	0.054248
8080	0.054218
5433	0.054218
8141	0.054182
12073	0.054158
961	0.054020
6923	0.053977
5317	0.053915
9811	0.053854
7306	0.053843
12096	0.053825
9739	0.053782
923	0.053731
10618	0.053687
3254	0.053647
573	0.053624
895	0.053555
5546	0.053492
245	0.053404
542	0.053377
1613	0.053308
9490	0.053306
3805	0.053303
12565	0.053284
13613	0.053231
9587	0.053197
12829	0.053054
216	0.052964
13122	0.052917
43	0.052910
3040	0.052865
12317	0.052761
269	0.052750
11508	0.052743
7094	0.052701
1599	0.052689
3784	0.052657
1829	0.052632
8052	0.052624
12051	0.052612
12359	0.052603
6468	0.052603
46	0.052595
11307	0.052551
4329	0.052516
9392	0.052492
4769	0.052412
10475	0.052405
665	0.052373
12265	0.052361
7128	0.052177
3489	0.052113
2869	0.052112
2724	0.052027
3078	0.051944
8370	0.051804
7127	0.051733
4190	0.051618
4832	0.051572
64	0.051544
12522	0.051526
3341	0.051521
4482	0.051521
6173	0.051502
3801	0.051378
12564	0.051319
13160	0.051309
13161	0.051282
4436	0.051271
11337	0.051150
10001	0.051119
11269	0.051081
820	0.050977
9806	0.050938
9805	0.050938
9802	0.050938
9801	0.050938
377	0.050930
12719	0.050913
8304	0.050882
9906	0.050855
12112	0.050833
4507	0.050823
5239	0.050823
1696	0.050818
6382	0.050808
5686	0.050786
2479	0.050749
5237	0.050696
3038	0.050684
7172	0.050676
12360	0.050628
7711	0.050628
9876	0.050626
7628	0.050626
7627	0.050626
852	0.050608
253	0.050547
220	0.050535
13326	0.050424
10052	0.050406
1581	0.050392
4790	0.050376
11982	0.050372
5414	0.050372
5412	0.050372
653	0.050357
12557	0.050352
1115	0.050327
11507	0.050327
8329	0.050178
1041	0.050173
2106	0.050167
4217	0.050153
10409	0.050075
3185	0.050070
6422	0.050067
5858	0.050052
9694	0.050037
2573	0.050037
9082	0.050011
11921	0.050007
2620	0.049985
315	0.049857
7317	0.049831
7316	0.049831
7174	0.049831
6338	0.049831
12542	0.049700
11914	0.049644
5695	0.049606
2105	0.049557
5164	0.049551
5163	0.049551
6657	0.049429
1022	0.049407
5186	0.049325
5413	0.049304
4049	0.049233
5642	0.049210
7774	0.049203
5641	0.049203
11104	0.049159
13704	0.049124
13702	0.049124
3191	0.049001
7611	0.048978
11553	0.048977
1560	0.048910
5434	0.048887
637	0.048862
4143	0.048778
12277	0.048728
8073	0.048728
6150	0.048728
5944	0.048728
5943	0.048728
9153	0.048690
12570	0.048669
11818	0.048606
6736	0.048570
14315	0.048517
6334	0.048488
9878	0.048480
3867	0.048457
12650	0.048456
696	0.048445
5377	0.048436
10435	0.048434
5347	0.048426
7534	0.048415
2586	0.048376
12584	0.048331
5193	0.048307
10836	0.048304
9623	0.048135
690	0.048092
11539	0.048088
5716	0.048075
13354	0.048001
3208	0.047969
7601	0.047938
5290	0.047847
2790	0.047812
7415	0.047684
13083	0.047556
5238	0.047526
13084	0.047451
9184	0.047451
9180	0.047451
7293	0.047451
7292	0.047451
7291	0.047451
254	0.047336
11082	0.047280
65	0.047240
11374	0.047138
4213	0.047110
10844	0.047103
6784	0.047068
3220	0.047059
11129	0.046991
2889	0.046990
11772	0.046983
3242	0.046947
11584	0.046927
12698	0.046916
11062	0.046905
5011	0.046815
11521	0.046805
11501	0.046792
6470	0.046782
4520	0.046782
5264	0.046778
10492	0.046778
8749	0.046763
8748	0.046763
12314	0.046762
13039	0.046734
10684	0.046715
208	0.046711
3835	0.046629
4116	0.046575
11536	0.046540
14093	0.046527
1419	0.046513
5991	0.046494
4521	0.046493
5261	0.046398
9183	0.046375
13598	0.046373
7330	0.046290
11454	0.046251
4031	0.046221
66	0.046219
1164	0.046204
13521	0.046162
8196	0.046155
8174	0.046155
8122	0.046155
8119	0.046155
7953	0.046155
11895	0.046135
8397	0.046101
12111	0.046024
8087	0.045999
1878	0.045989
1945	0.045911
1260	0.045898
10943	0.045857
11667	0.045831
5044	0.045793
3675	0.045790
12424	0.045753
10933	0.045726
1397	0.045614
3312	0.045612
12090	0.045589
5187	0.045559
4792	0.045498
322	0.045448
1120	0.045428
8800	0.045381
420	0.045331
7540	0.045305
221	0.045298
10342	0.045237
330	0.045232
9828	0.045226
329	0.045216
3504	0.045208
13498	0.045203
1553	0.045197
2240	0.045191
4962	0.045157
1119	0.045116
13497	0.045061
1612	0.045046
7295	0.045023
8638	0.044983
8476	0.044966
13247	0.044936
8346	0.044891
8345	0.044891
6988	0.044802
10164	0.044797
8810	0.044762
7819	0.044750
3486	0.044716
760	0.044712
9039	0.044686
2377	0.044671
13620	0.044638
376	0.044624
8272	0.044622
10463	0.044602
5665	0.044548
10683	0.044521
1286	0.044496
9818	0.044475
9693	0.044475
1336	0.044434
9991	0.044430
8531	0.044419
12763	0.044399
3681	0.044394
9680	0.044372
7308	0.044372
7265	0.044372
5494	0.044372
8208	0.044372
4791	0.044371
8661	0.044362
13686	0.044315
13670	0.044315
10649	0.044251
1190	0.044220
3949	0.044184
13597	0.044117
13596	0.044117
13595	0.044117
13583	0.044117
13554	0.044117
13402	0.044117
7990	0.044117
3111	0.044099
11226	0.044095
7855	0.044086
4022	0.044068
3305	0.044063
3302	0.044063
6381	0.044062
4721	0.044032
13094	0.044003
8799	0.043900
4506	0.043900
4502	0.043900
1947	0.043900
7963	0.043877
11490	0.043873
11543	0.043852
13798	0.043840
2114	0.043829
11124	0.043735
1946	0.043718
4748	0.043711
5344	0.043684
8324	0.043613
1836	0.043563
6245	0.043547
2174	0.043540
1057	0.043500
6565	0.043499
13123	0.043495
10034	0.043495
2547	0.043480
11558	0.043479
9915	0.043442
1882	0.043384
1600	0.043358
1595	0.043358
1590	0.043358
688	0.043331
12592	0.043323
11685	0.043266
4879	0.043243
1352	0.043236
13904	0.043233
10359	0.043208
6627	0.043198
4645	0.043196
9169	0.043148
