3680	0.209342
5176	0.198256
1427	0.172483
2567	0.136385
10410	0.135925
10411	0.135064
11389	0.134757
4731	0.134015
4675	0.134015
4452	0.126923
245	0.124363
2566	0.121758
12675	0.121082
11553	0.120563
12674	0.115040
12676	0.112391
13091	0.110952
12700	0.110189
10481	0.109652
7300	0.109652
10848	0.109621
10704	0.109621
10705	0.109382
11785	0.106792
1928	0.106492
3681	0.105743
13087	0.105342
9222	0.103446
11255	0.102709
10768	0.102483
11352	0.102194
10242	0.101009
5675	0.100475
854	0.099003
723	0.098553
11982	0.097490
5414	0.097490
5412	0.097490
11528	0.097433
1885	0.095538
1884	0.095538
1883	0.095538
1335	0.094969
9839	0.094759
5413	0.094597
8128	0.093692
5344	0.093539
3678	0.092990
3673	0.092990
8617	0.092782
11983	0.092553
9830	0.092391
3232	0.091988
8377	0.091879
1779	0.091685
11218	0.091578
7078	0.091564
11511	0.091235
12628	0.090998
1406	0.090578
14165	0.090477
14321	0.090269
14311	0.090269
14307	0.090269
14114	0.090269
10393	0.090269
8406	0.090269
8368	0.090269
3158	0.090269
9850	0.090169
1141	0.090131
1041	0.090080
1039	0.090051
9036	0.090025
11419	0.090009
4836	0.089710
9453	0.089532
2914	0.087887
4748	0.087753
244	0.087510
5728	0.087504
3178	0.087497
1882	0.087230
3676	0.087210
11561	0.087112
7160	0.087030
12096	0.086915
13421	0.086844
13224	0.086824
11939	0.086559
11634	0.086098
4896	0.085978
2764	0.085771
3669	0.085526
12317	0.085382
3363	0.085244
13460	0.085224
8833	0.085076
9579	0.084972
2106	0.084767
5707	0.084733
13504	0.084385
5851	0.084135
10541	0.084099
4879	0.083701
12823	0.083361
13807	0.083255
4721	0.083076
4857	0.083063
13405	0.083008
3230	0.082652
12558	0.082551
3422	0.082508
10394	0.082500
770	0.082413
1847	0.082257
9718	0.082021
13294	0.082019
13624	0.081988
13623	0.081988
11166	0.081920
12312	0.081869
614	0.081681
14107	0.081605
4340	0.081489
13146	0.081443
2173	0.081441
7223	0.081418
4059	0.081353
11649	0.081352
4722	0.081330
13498	0.081318
10840	0.081181
776	0.081056
3091	0.080959
3089	0.080959
3088	0.080959
14147	0.080953
3090	0.080953
14148	0.080900
3229	0.080681
3855	0.080623
14146	0.080611
4064	0.080314
4063	0.080314
4061	0.080314
4058	0.080314
4057	0.080314
2644	0.080314
5673	0.080271
1626	0.080128
13497	0.080050
5674	0.079747
11262	0.079511
3103	0.079433
6733	0.079358
13550	0.078827
13529	0.078527
2605	0.078405
5718	0.078273
4330	0.078228
9370	0.078027
7176	0.077655
8835	0.077524
11635	0.077273
10315	0.077270
10314	0.077102
13415	0.077076
10292	0.076712
9084	0.076485
13538	0.076393
12602	0.076145
11236	0.075999
7926	0.075897
6745	0.075866
6451	0.075707
11790	0.075213
3872	0.075082
12557	0.074565
6597	0.074239
7275	0.073736
1628	0.073683
12630	0.073681
3240	0.073602
9229	0.073554
8373	0.073465
8240	0.073465
9593	0.073425
9594	0.073271
9592	0.073271
9591	0.073271
9335	0.073271
7299	0.073271
7298	0.073271
8543	0.073263
11585	0.073261
3821	0.073149
6996	0.072916
10069	0.072877
12707	0.072805
10450	0.072691
6121	0.072510
7507	0.072473
8179	0.072450
7502	0.072328
4496	0.072254
12698	0.072181
4337	0.072039
13414	0.071986
5630	0.071855
5734	0.071849
3987	0.071845
11226	0.071781
3231	0.071753
11544	0.071574
7483	0.071463
2500	0.071429
7094	0.071314
2371	0.071178
3427	0.071077
6671	0.071013
3237	0.070999
9216	0.070896
11542	0.070744
3079	0.070726
3955	0.070707
6995	0.070684
8531	0.070617
2817	0.070600
7095	0.070438
9195	0.070417
10650	0.070298
10885	0.070234
9546	0.070005
12730	0.069990
13685	0.069986
13684	0.069986
13683	0.069986
13565	0.069986
5888	0.069961
10654	0.069860
12626	0.069845
3834	0.069803
7439	0.069705
7121	0.069705
14043	0.069696
14277	0.069658
13491	0.069635
10655	0.069458
5346	0.069373
10271	0.069279
8808	0.069197
2286	0.069120
10884	0.069120
9904	0.069025
12801	0.068992
724	0.068928
9218	0.068875
9357	0.068867
9498	0.068787
445	0.068763
2114	0.068740
4169	0.068520
12510	0.068494
13652	0.068464
6443	0.068445
9235	0.068429
9230	0.068429
9228	0.068429
9225	0.068429
9224	0.068429
9221	0.068429
9219	0.068429
9214	0.068429
9213	0.068429
9211	0.068429
9209	0.068429
9208	0.068429
9206	0.068429
9193	0.068429
8807	0.068429
8679	0.068429
8677	0.068429
8675	0.068429
8674	0.068429
8673	0.068429
8670	0.068429
8637	0.068429
8633	0.068429
8631	0.068429
8610	0.068429
8591	0.068429
8539	0.068429
8538	0.068429
8537	0.068429
8536	0.068429
8529	0.068429
8526	0.068429
8525	0.068429
8632	0.068429
8671	0.068425
5858	0.068399
12542	0.068333
1278	0.068321
13613	0.068217
8067	0.068188
2320	0.068010
9200	0.067980
10441	0.067947
1507	0.067937
3182	0.067823
3940	0.067758
6001	0.067603
12426	0.067564
7400	0.067490
12202	0.067488
3988	0.067488
6728	0.067422
7943	0.067157
3469	0.067138
702	0.067111
9944	0.067102
13521	0.067030
6566	0.066651
10844	0.066645
2770	0.066573
8635	0.066505
9597	0.066469
9355	0.066469
6748	0.066469
459	0.066441
8593	0.066340
457	0.066326
3796	0.066271
9201	0.066270
9220	0.066168
246	0.066154
12699	0.066082
14290	0.066066
458	0.066066
8114	0.066005
6934	0.065972
7065	0.065945
12567	0.065909
10433	0.065888
12710	0.065828
3954	0.065820
11507	0.065818
8530	0.065704
8618	0.065626
12382	0.065602
13325	0.065589
6128	0.065568
12770	0.065531
13682	0.065502
13487	0.065502
13345	0.065502
12773	0.065344
5276	0.065281
3169	0.065198
13398	0.065175
3957	0.065167
4728	0.065094
9983	0.064871
6002	0.064829
703	0.064810
9982	0.064668
12561	0.064542
650	0.064467
5129	0.064462
7676	0.064447
6098	0.064409
10876	0.064408
4769	0.064381
4295	0.064285
13333	0.064256
688	0.064191
11532	0.064122
4293	0.064036
7217	0.063991
6476	0.063991
923	0.063914
11325	0.063894
11102	0.063878
13830	0.063792
9207	0.063719
9205	0.063719
8528	0.063719
13598	0.063482
7453	0.063466
9767	0.063399
6376	0.063389
11463	0.063269
7985	0.063253
14037	0.063205
3662	0.063151
12357	0.063120
12565	0.063116
4060	0.063008
3650	0.062936
4051	0.062932
10453	0.062924
12556	0.062833
10052	0.062743
11055	0.062658
593	0.062656
1880	0.062620
10583	0.062560
2	0.062539
4499	0.062517
1669	0.062466
3414	0.062413
8636	0.062361
2724	0.062310
10416	0.062162
12501	0.062122
8697	0.062082
4217	0.062069
5514	0.062063
13092	0.062011
7166	0.061972
2929	0.061847
4484	0.061767
9170	0.061754
1555	0.061707
3163	0.061637
11521	0.061583
7079	0.061533
7642	0.061518
8284	0.061455
12751	0.061453
8700	0.061426
13305	0.061405
12694	0.061400
8612	0.061303
13359	0.061267
14017	0.061224
7914	0.061224
3390	0.061074
5181	0.060989
1337	0.060879
3630	0.060845
2121	0.060833
13686	0.060702
13670	0.060702
10534	0.060670
6810	0.060625
6806	0.060615
13620	0.060613
699	0.060572
855	0.060498
3084	0.060429
7289	0.060410
11412	0.060379
4445	0.060357
12621	0.060313
13449	0.060176
4936	0.060173
10415	0.060170
69	0.060147
5613	0.060112
14349	0.060059
14344	0.060059
14316	0.060059
14309	0.060059
14306	0.060059
14260	0.060059
14240	0.060059
14216	0.060059
14168	0.060059
8634	0.060034
9231	0.060015
3227	0.060008
8253	0.059950
6482	0.059920
5245	0.059833
12736	0.059793
9295	0.059741
8703	0.059713
10174	0.059711
1604	0.059468
3406	0.059434
3960	0.059415
3956	0.059415
6114	0.059332
1963	0.059299
5155	0.059130
12570	0.059117
10856	0.059058
5496	0.058954
5495	0.058929
384	0.058925
7530	0.058908
6254	0.058899
11455	0.058885
11426	0.058885
8821	0.058857
10452	0.058848
9796	0.058800
6500	0.058779
4744	0.058744
11157	0.058733
13609	0.058725
4723	0.058676
2573	0.058621
7376	0.058553
7377	0.058549
477	0.058534
12564	0.058530
8810	0.058410
2278	0.058343
9351	0.058304
9350	0.058304
7401	0.058304
13540	0.058303
3085	0.058299
10949	0.058210
7553	0.058210
10538	0.058181
2093	0.058093
9766	0.058014
9765	0.058014
10966	0.057994
7616	0.057990
7145	0.057990
4456	0.057970
13129	0.057904
6061	0.057904
9210	0.057869
12529	0.057748
10563	0.057736
7815	0.057723
13654	0.057677
14108	0.057669
4745	0.057669
5984	0.057656
8747	0.057635
8725	0.057635
6938	0.057607
3208	0.057605
13326	0.057566
9362	0.057498
12383	0.057492
7814	0.057473
13530	0.057441
13258	0.057419
5961	0.057419
8362	0.057408
1104	0.057406
8239	0.057353
14098	0.057352
10497	0.057341
11364	0.057256
11305	0.057256
11254	0.057256
10868	0.057256
10794	0.057256
10640	0.057241
11308	0.057196
7715	0.057154
9485	0.057139
8024	0.057129
7482	0.057117
8718	0.057116
3316	0.057113
4687	0.057104
10760	0.057102
12148	0.057063
7411	0.057063
7195	0.057040
7193	0.057040
7772	0.056945
2586	0.056944
8696	0.056923
6861	0.056881
4709	0.056849
7509	0.056830
7304	0.056830
2927	0.056827
11069	0.056806
3431	0.056794
8641	0.056766
5941	0.056739
8255	0.056733
10143	0.056721
6069	0.056708
5214	0.056694
4946	0.056583
7305	0.056560
7303	0.056560
9177	0.056537
2260	0.056528
10700	0.056519
8246	0.056464
9258	0.056453
10842	0.056305
11421	0.056305
11345	0.056305
11335	0.056305
12335	0.056292
8105	0.056287
8252	0.056278
3213	0.056265
10090	0.056224
4116	0.056212
13577	0.056205
7959	0.056196
10687	0.056168
8272	0.056134
6976	0.056096
8089	0.056055
7039	0.056037
10593	0.056032
9840	0.055985
7341	0.055949
3732	0.055923
10647	0.055912
9462	0.055751
1613	0.055738
8557	0.055671
8555	0.055671
8547	0.055671
4062	0.055654
11194	0.055639
10836	0.055593
12462	0.055499
10685	0.055499
12601	0.055483
1817	0.055459
3999	0.055423
2434	0.055362
2672	0.055354
9961	0.055283
323	0.055241
10789	0.055220
8699	0.055207
10531	0.055191
11858	0.055095
1399	0.055080
4339	0.055076
4685	0.055061
4425	0.055029
8500	0.055022
9439	0.055016
8701	0.055013
1886	0.054996
6483	0.054978
6556	0.054948
6555	0.054948
10181	0.054946
8724	0.054933
8723	0.054933
8722	0.054933
8721	0.054933
8720	0.054933
8719	0.054933
8702	0.054933
8698	0.054933
8695	0.054933
8694	0.054933
8693	0.054933
8692	0.054933
8691	0.054933
8690	0.054933
8689	0.054933
8688	0.054933
8687	0.054933
8686	0.054933
8685	0.054933
8684	0.054933
8683	0.054933
8682	0.054933
8681	0.054933
8680	0.054933
8649	0.054933
8648	0.054933
8647	0.054933
8646	0.054933
8645	0.054933
8644	0.054933
8643	0.054933
8642	0.054933
8640	0.054933
8554	0.054933
7577	0.054933
11021	0.054891
217	0.054889
9989	0.054844
11216	0.054835
2515	0.054752
11386	0.054726
17	0.054712
12545	0.054691
10649	0.054684
9652	0.054683
7584	0.054676
10686	0.054675
5658	0.054663
1599	0.054500
1593	0.054450
3315	0.054440
12739	0.054385
12738	0.054385
12735	0.054385
1647	0.054370
6257	0.054351
7510	0.054297
10672	0.054255
882	0.054232
10875	0.054224
2802	0.054145
13351	0.054133
6866	0.054113
10857	0.054112
6403	0.054038
3224	0.054002
8472	0.053987
8385	0.053966
6715	0.053959
1815	0.053954
220	0.053944
628	0.053919
2497	0.053885
9994	0.053883
7807	0.053832
14069	0.053816
12725	0.053802
8217	0.053799
7578	0.053799
13361	0.053764
5080	0.053745
10177	0.053654
7782	0.053635
3489	0.053590
7101	0.053588
5478	0.053565
11193	0.053544
11192	0.053544
330	0.053532
10733	0.053517
329	0.053510
6473	0.053494
8609	0.053467
10031	0.053441
2809	0.053432
8192	0.053394
5041	0.053377
6736	0.053367
11700	0.053316
8209	0.053293
12625	0.053288
7692	0.053272
9226	0.053230
9217	0.053230
8534	0.053230
11014	0.053229
7827	0.053219
10904	0.053203
2304	0.053163
10597	0.053149
2305	0.053146
13404	0.053115
13485	0.053088
13468	0.053088
8238	0.053035
11556	0.053032
13762	0.053029
4957	0.053012
9233	0.052990
9870	0.052948
2283	0.052946
12650	0.052928
13628	0.052924
444	0.052877
11337	0.052850
9616	0.052839
3633	0.052830
8051	0.052726
6326	0.052725
7500	0.052715
9675	0.052664
4049	0.052657
1673	0.052616
5937	0.052604
1086	0.052604
5249	0.052574
7955	0.052468
4195	0.052398
12242	0.052361
2479	0.052341
9835	0.052340
1193	0.052297
5489	0.052292
14233	0.052272
1136	0.052272
4338	0.052215
13354	0.052138
9623	0.052056
4259	0.052041
12544	0.052028
8762	0.052020
7499	0.051993
9728	0.051895
9202	0.051840
2279	0.051815
11772	0.051812
8221	0.051769
5398	0.051717
115	0.051615
4912	0.051593
12065	0.051536
852	0.051525
1512	0.051468
114	0.051416
8259	0.051334
7809	0.051305
7601	0.051277
8370	0.051276
12578	0.051272
7479	0.051228
11265	0.051198
11104	0.051189
9237	0.051173
8116	0.051127
9266	0.051029
2370	0.051005
5403	0.050986
4804	0.050977
11007	0.050958
2820	0.050946
5601	0.050928
14370	0.050890
9181	0.050850
1188	0.050781
1121	0.050755
12229	0.050738
10756	0.050722
4007	0.050703
4439	0.050693
9264	0.050687
4085	0.050628
2958	0.050599
4436	0.050592
11471	0.050562
2052	0.050551
11299	0.050543
4500	0.050532
10795	0.050503
5450	0.050487
12979	0.050466
9377	0.050458
6430	0.050458
1123	0.050458
3959	0.050441
2033	0.050429
10402	0.050410
8453	0.050380
14357	0.050377
7787	0.050377
3220	0.050290
13130	0.050267
10144	0.050267
10600	0.050266
12302	0.050245
4773	0.050245
4772	0.050245
10401	0.050243
11543	0.050236
8852	0.050235
3168	0.050218
7947	0.050184
6578	0.050130
6516	0.050120
10790	0.050095
13629	0.050082
5468	0.050082
7508	0.050080
7410	0.049917
10042	0.049911
3668	0.049897
8052	0.049885
1119	0.049857
11587	0.049845
8008	0.049844
6337	0.049841
4820	0.049769
13396	0.049762
13338	0.049762
7302	0.049759
1120	0.049742
5465	0.049716
13247	0.049693
10119	0.049625
4410	0.049614
1656	0.049600
2103	0.049582
10435	0.049570
418	0.049509
7274	0.049508
13394	0.049493
13106	0.049486
1633	0.049467
4771	0.049435
3888	0.049415
5550	0.049401
1089	0.049332
1419	0.049325
12117	0.049296
7345	0.049296
8190	0.049259
221	0.049259
7866	0.049219
1687	0.049211
538	0.049203
6534	0.049201
8523	0.049199
9577	0.049195
1930	0.049159
2660	0.049153
13588	0.049148
6582	0.049135
490	0.049102
11914	0.049076
6838	0.049052
12098	0.049039
3958	0.049039
5602	0.049039
9169	0.048931
690	0.048925
7272	0.048908
11793	0.048906
2475	0.048904
14376	0.048831
14359	0.048831
7998	0.048831
6815	0.048770
235	0.048748
696	0.048727
10919	0.048708
1878	0.048699
9915	0.048647
11355	0.048636
9392	0.048616
7249	0.048596
11290	0.048591
6533	0.048570
9691	0.048476
12597	0.048461
7812	0.048432
13739	0.048415
315	0.048414
2521	0.048406
5642	0.048353
7774	0.048352
5641	0.048352
7813	0.048340
7805	0.048340
6928	0.048325
14073	0.048317
10530	0.048253
5665	0.048249
9082	0.048214
1358	0.048196
7494	0.048184
5174	0.048169
10234	0.048152
311	0.048146
3656	0.048135
9948	0.048043
2952	0.047997
5347	0.047985
3318	0.047957
1115	0.047928
12797	0.047919
3797	0.047902
8307	0.047883
11491	0.047872
3211	0.047866
14254	0.047864
1133	0.047849
9212	0.047839
2780	0.047822
10835	0.047775
5260	0.047775
3728	0.047769
1462	0.047727
7662	0.047685
3808	0.047642
325	0.047627
12642	0.047620
8430	0.047609
700	0.047582
8736	0.047580
10793	0.047576
1653	0.047550
11395	0.047537
5433	0.047533
6287	0.047521
14157	0.047493
7492	0.047491
