6695	0.198980
13076	0.197043
304	0.185308
1285	0.170890
2052	0.167326
9462	0.166892
11858	0.166172
9439	0.165609
1419	0.155838
3739	0.150883
1420	0.150716
3745	0.150055
12053	0.150025
13036	0.149656
1673	0.146418
2958	0.145438
2820	0.143942
2952	0.143826
3209	0.143675
3921	0.139244
4538	0.137527
4537	0.135187
4542	0.133375
3837	0.132011
12252	0.131359
9623	0.130545
13054	0.129419
9135	0.128980
2105	0.128912
5347	0.125235
5642	0.124774
7774	0.124773
5641	0.124773
4106	0.124702
13850	0.124529
8352	0.124457
8351	0.124457
2957	0.124457
2956	0.124457
7872	0.124453
6896	0.124198
4105	0.123511
7659	0.123255
6895	0.122947
9218	0.122075
14407	0.121513
6278	0.121217
9702	0.121038
9711	0.120680
9708	0.120680
9707	0.120680
9705	0.120680
9703	0.120680
9699	0.120668
2902	0.120223
2064	0.119806
14266	0.119725
7752	0.118123
8615	0.117506
9710	0.117006
2277	0.116779
2968	0.116701
3741	0.116658
4304	0.116541
4302	0.116541
11999	0.116534
3212	0.116352
11607	0.115313
6102	0.115227
13545	0.115008
82	0.114771
1919	0.114476
1346	0.113982
12348	0.113962
3738	0.113605
268	0.112795
8312	0.112218
9706	0.112062
14415	0.111990
9277	0.111990
3438	0.110871
5918	0.109848
9704	0.109561
3389	0.108916
235	0.108740
13265	0.108585
51	0.108492
14162	0.108461
11658	0.108299
6838	0.107995
1458	0.107502
13449	0.105920
6532	0.105815
7526	0.105520
8864	0.105483
8863	0.105483
8583	0.105483
8124	0.105483
7904	0.105483
7903	0.105483
7902	0.105483
7901	0.105483
7900	0.105483
7899	0.105483
7897	0.105483
7896	0.105483
7895	0.105483
6806	0.105057
4667	0.105029
86	0.104587
9226	0.103738
9217	0.103738
8534	0.103738
7827	0.103698
4466	0.103676
3437	0.103404
4294	0.102653
1905	0.102640
2114	0.102535
2458	0.102323
8611	0.102306
8892	0.102279
9150	0.102138
12909	0.101945
9413	0.101878
1756	0.101794
10748	0.101642
9834	0.101642
4671	0.101441
4669	0.101441
2990	0.101393
2274	0.101117
9909	0.101107
12868	0.101073
9242	0.101073
9241	0.101073
9240	0.101073
6696	0.101073
9794	0.100753
5500	0.100578
4670	0.100494
155	0.100417
4305	0.100298
8584	0.100285
7379	0.100237
12030	0.099992
3505	0.099982
5038	0.099937
1265	0.099808
2773	0.099625
4672	0.099166
9177	0.099085
2280	0.097931
4111	0.097636
5433	0.097513
9713	0.097456
1293	0.097308
1232	0.097253
1229	0.097253
13633	0.097151
13490	0.096865
13632	0.096865
13631	0.096865
9780	0.096520
5697	0.096092
2523	0.096016
6465	0.095919
9787	0.095916
9786	0.095916
9785	0.095916
9784	0.095916
9783	0.095916
9782	0.095916
9781	0.095916
9778	0.095916
9280	0.095916
8585	0.095916
8567	0.095916
8553	0.095916
2621	0.095558
370	0.095329
7306	0.095315
5746	0.095306
2542	0.095128
9775	0.095096
4383	0.094868
5967	0.094697
7757	0.094626
6295	0.094596
9709	0.094557
7913	0.094395
5968	0.094395
470	0.094395
6889	0.094377
469	0.094346
861	0.094340
9913	0.094329
224	0.094191
6587	0.094001
6149	0.093900
9869	0.093874
7295	0.093773
9460	0.093534
9480	0.093472
8533	0.093472
7686	0.093369
5546	0.093190
9512	0.093150
3736	0.093128
3507	0.093126
2996	0.093081
7767	0.093076
4848	0.092815
13456	0.092742
13342	0.092742
404	0.092706
2950	0.092680
4175	0.092430
5779	0.092380
4668	0.092253
5219	0.092226
10226	0.092202
5778	0.091986
9438	0.091924
10694	0.091914
13517	0.091880
1400	0.091564
2380	0.091477
4176	0.091442
6317	0.091411
5375	0.091293
6217	0.091279
12276	0.091264
14263	0.091264
14002	0.091264
14001	0.091264
14000	0.091264
13998	0.091264
13996	0.091264
6666	0.091264
5064	0.091264
4854	0.091264
4852	0.091264
6482	0.091228
4301	0.091096
11818	0.091014
5299	0.090992
8180	0.090730
12873	0.090609
9415	0.090472
8851	0.090472
8850	0.090472
11739	0.090451
9152	0.090439
6473	0.090434
4231	0.090230
353	0.090218
3588	0.090042
5033	0.090034
1228	0.090033
2263	0.089875
9244	0.089870
14416	0.089849
3604	0.089845
1656	0.089650
2521	0.089588
2892	0.089401
9204	0.089388
8592	0.089388
7954	0.089309
7955	0.089180
8676	0.089070
13665	0.089008
13462	0.088906
9700	0.088817
3666	0.088814
11226	0.088625
5305	0.088614
239	0.088484
2363	0.088384
3311	0.088350
8451	0.088331
3539	0.088272
8207	0.088269
12141	0.088259
8625	0.087943
7288	0.087934
5034	0.087835
1780	0.087716
6277	0.087595
6035	0.087582
8076	0.087493
74	0.087441
2424	0.087415
4160	0.087357
4163	0.087286
2881	0.087281
14418	0.087238
14417	0.087238
13284	0.087238
13152	0.087238
9795	0.087238
9793	0.087238
9792	0.087238
9791	0.087238
9789	0.087238
9745	0.087238
9163	0.087238
8614	0.087238
8613	0.087238
8177	0.087238
2755	0.087181
4168	0.087114
38	0.087097
5424	0.087071
4416	0.086882
3786	0.086863
13320	0.086546
7131	0.086517
4977	0.086484
2954	0.086458
225	0.086221
3007	0.086200
3314	0.086195
392	0.086182
243	0.086154
12275	0.086110
9741	0.086097
3310	0.086097
4624	0.086090
6305	0.086076
13030	0.086061
12069	0.085961
9347	0.085940
9788	0.085860
2841	0.085796
1078	0.085782
9673	0.085689
1094	0.085545
4262	0.085355
8531	0.085230
1173	0.085159
9192	0.085100
9385	0.085079
13997	0.085075
13557	0.085067
13556	0.085067
7453	0.084859
1816	0.084766
4976	0.084744
3388	0.084729
2845	0.084673
7676	0.084659
4834	0.084511
503	0.084378
13945	0.084201
9248	0.084189
6395	0.084129
4463	0.084125
6378	0.084033
9232	0.083724
6851	0.083717
7606	0.083671
11646	0.083524
9231	0.083520
8634	0.083513
12915	0.083506
12914	0.083506
4998	0.083453
14003	0.083400
10661	0.083220
307	0.082893
6127	0.082819
11737	0.082769
9207	0.082669
9205	0.082669
8528	0.082669
2522	0.082657
879	0.082623
5413	0.082588
8604	0.082544
13815	0.082526
13698	0.082456
13544	0.082456
9735	0.082414
2097	0.082408
14283	0.082357
3287	0.082352
12636	0.082336
11681	0.082328
6967	0.082321
6689	0.082321
11798	0.082246
6616	0.082238
10582	0.082191
14358	0.082087
5914	0.082079
11733	0.082073
1133	0.082009
6255	0.081935
2955	0.081932
2953	0.081932
4778	0.081876
9201	0.081869
8090	0.081720
2847	0.081720
2843	0.081720
2839	0.081720
7101	0.081673
5062	0.081658
1090	0.081638
11989	0.081584
12204	0.081510
2840	0.081434
782	0.081413
12182	0.081345
4464	0.081345
9145	0.081332
3934	0.081306
4112	0.081276
13500	0.081232
11806	0.081231
6742	0.081165
6191	0.081055
2817	0.080939
4118	0.080815
6267	0.080607
6302	0.080607
9484	0.080559
9483	0.080559
9761	0.080536
4113	0.080462
6252	0.080454
12530	0.080448
4850	0.080445
71	0.080294
5908	0.080193
6034	0.079991
14071	0.079860
2278	0.079752
12219	0.079649
79	0.079626
13694	0.079584
7830	0.079546
13897	0.079508
5296	0.079388
2980	0.079330
35	0.079325
9840	0.079285
11678	0.079248
6322	0.079232
12462	0.079215
10685	0.079215
5423	0.079187
1906	0.079184
1675	0.079049
8503	0.079038
5006	0.078901
7958	0.078771
876	0.078717
9307	0.078684
13600	0.078629
5354	0.078586
5243	0.078470
2411	0.078431
9870	0.078428
5442	0.078388
238	0.078235
2941	0.077912
4042	0.077746
6155	0.077684
12143	0.077661
5300	0.077634
9726	0.077611
8711	0.077594
8710	0.077582
8732	0.077556
13688	0.077532
13926	0.077514
13552	0.077434
13511	0.077434
13507	0.077434
3774	0.077426
8714	0.077214
12234	0.077187
11996	0.077156
9610	0.077131
2600	0.077061
5289	0.077051
1402	0.076978
6663	0.076970
2275	0.076920
8709	0.076859
1097	0.076821
781	0.076798
9028	0.076764
1300	0.076748
679	0.076627
3002	0.076592
14004	0.076589
4866	0.076589
8712	0.076551
8303	0.076551
8302	0.076551
7362	0.076551
6359	0.076551
6202	0.076483
6731	0.076472
9098	0.076453
524	0.076363
9170	0.076356
5591	0.076354
9081	0.076229
9078	0.076229
2964	0.076113
5780	0.076108
14085	0.076097
10227	0.076019
11715	0.075944
6081	0.075782
2541	0.075762
2951	0.075684
13767	0.075669
2283	0.075604
6677	0.075459
1800	0.075330
5045	0.075243
730	0.075132
4873	0.075123
184	0.075099
7182	0.075064
11147	0.074915
4465	0.074832
8928	0.074802
5911	0.074716
10943	0.074687
6016	0.074666
10232	0.074575
532	0.074526
6598	0.074482
13676	0.074466
13664	0.074432
6044	0.074366
3288	0.074299
9875	0.074255
5777	0.074192
13928	0.074170
5451	0.074110
4855	0.074041
4511	0.074009
13942	0.073861
823	0.073859
3128	0.073811
3121	0.073811
3048	0.073811
2624	0.073811
2303	0.073809
11987	0.073796
14248	0.073770
8047	0.073770
85	0.073705
5235	0.073688
6886	0.073680
7654	0.073675
3448	0.073576
5302	0.073563
1952	0.073563
4281	0.073539
7491	0.073508
3170	0.073464
2666	0.073452
8845	0.073330
2062	0.073305
8792	0.073294
2979	0.073218
10186	0.073214
13013	0.073187
12962	0.073187
11129	0.073141
4619	0.073067
6576	0.073015
10642	0.073000
6913	0.072979
13687	0.072932
11998	0.072872
4377	0.072837
14233	0.072833
1136	0.072833
4450	0.072800
2593	0.072755
5346	0.072669
4361	0.072667
13050	0.072625
9539	0.072623
6501	0.072590
8468	0.072487
2978	0.072487
2977	0.072487
9831	0.072458
5909	0.072458
3071	0.072438
186	0.072433
1254	0.072427
9957	0.072413
10286	0.072301
9796	0.072287
5118	0.072255
12077	0.072249
6461	0.072249
3711	0.072249
4659	0.072239
7655	0.072238
4581	0.072206
2282	0.072194
2365	0.072160
4094	0.072094
13235	0.072080
11019	0.072062
2394	0.072015
3700	0.072002
13533	0.071958
13532	0.071958
13531	0.071958
6065	0.071955
2281	0.071922
7856	0.071874
5737	0.071870
2128	0.071730
3054	0.071690
115	0.071678
6064	0.071622
1119	0.071463
11803	0.071419
6557	0.071249
4958	0.071242
2809	0.071131
9174	0.071130
2632	0.070982
1403	0.070955
1120	0.070948
9942	0.070939
9931	0.070939
9930	0.070939
9921	0.070939
9901	0.070939
9899	0.070939
9895	0.070939
9866	0.070939
9836	0.070939
9832	0.070939
9810	0.070939
9698	0.070939
9636	0.070939
9570	0.070939
9299	0.070939
13247	0.070784
9200	0.070767
13999	0.070723
5005	0.070723
11988	0.070552
8204	0.070543
12125	0.070534
4561	0.070501
3773	0.070469
3142	0.070455
13910	0.070406
948	0.070366
10337	0.070325
13439	0.070250
4922	0.070244
6007	0.070241
2775	0.070230
92	0.070134
11682	0.070015
6761	0.069889
11679	0.069738
2870	0.069715
5272	0.069697
11813	0.069452
2863	0.069430
1850	0.069430
7981	0.069383
4128	0.069331
5963	0.069322
11799	0.069302
4787	0.069236
3957	0.069157
10542	0.069134
2037	0.069099
221	0.069086
13680	0.069050
9237	0.068928
13319	0.068816
1809	0.068787
13626	0.068773
13425	0.068773
468	0.068760
13689	0.068724
13489	0.068724
5913	0.068718
5035	0.068523
7263	0.068521
10648	0.068413
12136	0.068279
5476	0.068231
1889	0.068230
599	0.068192
10723	0.068185
9797	0.068163
3061	0.068104
8026	0.068074
7245	0.068067
9520	0.068059
11325	0.068007
13321	0.067982
2	0.067890
6198	0.067824
13148	0.067808
13147	0.067808
7892	0.067808
6298	0.067808
6297	0.067808
1812	0.067797
1811	0.067797
9686	0.067794
9999	0.067741
4849	0.067494
7510	0.067492
12310	0.067482
4088	0.067430
2382	0.067407
2109	0.067312
678	0.067295
6866	0.067285
1115	0.067234
5044	0.067099
13396	0.067080
13338	0.067080
4306	0.066972
7584	0.066831
1997	0.066769
11840	0.066712
2452	0.066704
352	0.066635
10538	0.066561
10456	0.066424
11703	0.066383
2107	0.066309
4032	0.066308
7617	0.066263
4485	0.066246
331	0.066185
12093	0.065996
12442	0.065976
9613	0.065924
2453	0.065759
406	0.065706
10233	0.065440
837	0.065329
1118	0.065298
685	0.065239
6303	0.065228
6077	0.065182
9361	0.065151
5456	0.065052
10356	0.064978
12273	0.064943
4447	0.064897
2396	0.064812
1121	0.064782
9578	0.064679
3960	0.064668
3956	0.064668
2423	0.064519
11767	0.064391
3320	0.064359
13788	0.064349
13131	0.064339
414	0.064294
13435	0.064157
2059	0.064157
9912	0.064134
9911	0.064134
1491	0.064134
13826	0.064132
5748	0.064104
5177	0.064073
6707	0.064071
11233	0.064067
9381	0.064067
2067	0.064062
5342	0.064049
5306	0.064049
4709	0.064044
9495	0.063958
9147	0.063958
5712	0.063920
5711	0.063920
5710	0.063920
11655	0.063908
2057	0.063863
9779	0.063840
9612	0.063821
2461	0.063789
5012	0.063750
5291	0.063714
6291	0.063667
6072	0.063627
7980	0.063621
6533	0.063615
5268	0.063572
1686	0.063547
2040	0.063521
11926	0.063507
5123	0.063501
3710	0.063496
7951	0.063458
4641	0.063403
6430	0.063384
1123	0.063384
13932	0.063311
9682	0.063266
9605	0.063252
8974	0.063187
7239	0.063092
8171	0.063055
1897	0.063003
4520	0.062951
6881	0.062865
13293	0.062834
10776	0.062822
7942	0.062815
7240	0.062760
4853	0.062665
169	0.062643
2783	0.062635
3596	0.062593
10646	0.062532
613	0.062512
1691	0.062481
13116	0.062461
8929	0.062454
13889	0.062371
4169	0.062302
8671	0.062284
874	0.062264
9235	0.062257
9230	0.062257
9228	0.062257
9225	0.062257
9224	0.062257
9221	0.062257
9219	0.062257
9214	0.062257
9213	0.062257
9211	0.062257
9209	0.062257
9208	0.062257
9206	0.062257
9193	0.062257
8807	0.062257
8679	0.062257
8677	0.062257
8675	0.062257
8674	0.062257
8673	0.062257
8670	0.062257
8637	0.062257
8633	0.062257
8631	0.062257
8610	0.062257
8591	0.062257
8539	0.062257
8538	0.062257
8537	0.062257
8536	0.062257
8529	0.062257
8526	0.062257
8525	0.062257
8632	0.062257
6443	0.062256
12126	0.062238
10761	0.062203
5142	0.062184
12250	0.062181
1958	0.062174
7400	0.062087
10045	0.062076
9466	0.062028
8635	0.061959
10762	0.061938
8391	0.061896
3087	0.061896
12281	0.061834
6619	0.061834
7560	0.061831
14427	0.061813
2286	0.061784
12549	0.061771
7874	0.061763
11077	0.061733
2602	0.061712
9176	0.061676
8809	0.061676
187	0.061641
2110	0.061460
9215	0.061443
4824	0.061380
10982	0.061042
227	0.060991
10330	0.060962
4053	0.060922
758	0.060894
9269	0.060879
9729	0.060860
4363	0.060854
9108	0.060831
6299	0.060827
13651	0.060827
2529	0.060718
3083	0.060714
2185	0.060703
2214	0.060658
2174	0.060495
6055	0.060486
12296	0.060475
6244	0.060475
8535	0.060448
1854	0.060421
9109	0.060352
1266	0.060347
3654	0.060312
6636	0.060297
6747	0.060269
3203	0.060261
3144	0.060200
7880	0.060193
2027	0.060131
5958	0.060113
3940	0.060099
12175	0.060097
4251	0.060077
6725	0.059991
9062	0.059887
3884	0.059877
1238	0.059864
9538	0.059851
426	0.059697
633	0.059665
11968	0.059595
949	0.059595
13427	0.059550
4692	0.059517
4109	0.059457
12785	0.059453
2432	0.059424
6294	0.059422
5588	0.059363
9239	0.059346
743	0.059332
7881	0.059331
2447	0.059328
13325	0.059288
12010	0.059194
7581	0.059120
3613	0.059083
3984	0.059059
10809	0.059057
7580	0.059057
9928	0.059030
2046	0.059009
1785	0.058916
4469	0.058832
11322	0.058767
10511	0.058760
2438	0.058718
12784	0.058679
9222	0.058640
4549	0.058635
9202	0.058590
11964	0.058588
5221	0.058582
2188	0.058575
14269	0.058551
10230	0.058453
11714	0.058433
8530	0.058422
5275	0.058374
11065	0.058347
12285	0.058286
1979	0.058279
2765	0.058251
13394	0.058194
5747	0.058094
81	0.058061
8619	0.058060
8027	0.057910
7458	0.057906
7258	0.057898
1777	0.057888
