4618	0.169399
3428	0.167441
4204	0.146805
7224	0.142102
6574	0.142102
5527	0.142102
3742	0.141010
11091	0.138783
4235	0.137419
4951	0.137255
991	0.136520
5366	0.136389
9938	0.135460
7551	0.135460
7550	0.135460
7539	0.135460
7538	0.135460
3740	0.134190
4947	0.133606
3429	0.133549
677	0.133017
4842	0.129536
5185	0.128754
11073	0.128033
7036	0.126235
6457	0.125711
3441	0.125542
11178	0.125120
2871	0.123337
2486	0.123263
10089	0.121795
11202	0.121510
14128	0.120042
10589	0.119704
3425	0.118427
7422	0.113360
11742	0.113246
5226	0.113246
11109	0.112296
9085	0.111147
9086	0.110975
11416	0.110524
10507	0.110317
3440	0.109069
3077	0.108846
6938	0.108777
10255	0.107839
5815	0.107372
10550	0.107139
11677	0.106507
4494	0.106507
4493	0.106507
4321	0.103968
4463	0.103023
2831	0.102612
6147	0.102302
12315	0.101721
10275	0.101150
4529	0.099673
1178	0.099528
3789	0.099118
10245	0.098547
10801	0.098123
12182	0.097384
4464	0.097384
6754	0.096469
13054	0.096341
3438	0.095334
10274	0.094884
2075	0.093847
3209	0.092731
12367	0.092707
589	0.092209
3986	0.091961
3212	0.091646
11112	0.090619
4093	0.090337
10273	0.090215
2176	0.090122
5375	0.089514
8623	0.089248
14224	0.089233
13391	0.089233
11110	0.089233
13942	0.088685
14248	0.088646
8047	0.088646
247	0.088579
4462	0.087863
3715	0.087696
6836	0.087683
4319	0.087372
9256	0.086615
3135	0.085432
4465	0.084840
5493	0.082873
2833	0.082731
5217	0.082680
13265	0.082606
2832	0.082557
11658	0.081775
1778	0.080421
3426	0.079633
6761	0.078557
5007	0.077373
3823	0.077331
4325	0.077294
11177	0.075645
5154	0.074888
474	0.074873
9545	0.074561
7511	0.074394
3538	0.074288
6987	0.074285
11618	0.074190
4037	0.073952
5940	0.073578
6407	0.073466
3905	0.073187
6829	0.072781
3326	0.072723
12249	0.072692
5008	0.072692
11752	0.072585
8855	0.072290
7713	0.072228
6830	0.072209
5942	0.071560
10249	0.071528
3907	0.071424
10984	0.071316
12101	0.071109
6380	0.070894
5205	0.070833
11402	0.070645
10307	0.070645
3064	0.070625
10308	0.070549
3949	0.070348
10634	0.069488
5918	0.069341
6680	0.068692
7207	0.068253
12527	0.068245
13204	0.067708
10427	0.067455
10638	0.067044
8832	0.066577
6963	0.066142
5184	0.065867
4090	0.065168
10767	0.064832
2841	0.064709
5225	0.064371
3544	0.064283
53	0.064034
7626	0.064013
13036	0.063997
6415	0.063215
10749	0.063185
5582	0.063111
4392	0.063069
12241	0.063066
12240	0.063066
8074	0.063066
7294	0.063066
6054	0.063066
4336	0.063066
5248	0.062693
4000	0.062670
11587	0.062112
3739	0.062054
676	0.062048
4693	0.062045
1359	0.062017
3745	0.061882
12053	0.061879
2175	0.061354
10454	0.061091
13769	0.061018
4288	0.061018
3921	0.061011
4087	0.060869
11123	0.060637
7932	0.060184
8489	0.060057
14269	0.060049
5935	0.059932
5883	0.059782
12286	0.059725
1587	0.059582
3068	0.059520
5934	0.059264
5933	0.059264
4496	0.059235
2281	0.059065
6814	0.059060
6758	0.059047
5292	0.058815
4114	0.058774
11711	0.058760
2344	0.058664
5880	0.058645
3287	0.058543
607	0.058364
4692	0.058223
2174	0.058126
2184	0.057941
11800	0.057858
8432	0.057827
8431	0.057827
2180	0.057798
1535	0.056732
6259	0.056656
4856	0.056350
7297	0.056237
6506	0.056089
13611	0.056068
12247	0.055950
1938	0.055857
4895	0.055822
12044	0.055085
5946	0.054856
6051	0.054850
14	0.054769
5009	0.054566
5441	0.054462
3066	0.054457
6053	0.054451
11839	0.054440
11292	0.054367
6946	0.054167
7908	0.054157
2536	0.054157
10390	0.053855
487	0.053806
2203	0.053785
10567	0.053768
13599	0.053749
8314	0.053606
7205	0.053557
5383	0.053486
3434	0.053483
2823	0.053409
9025	0.053382
10962	0.053320
7457	0.053073
8140	0.052657
3389	0.052595
3545	0.052555
9317	0.052537
5615	0.052451
9354	0.052430
5487	0.052346
5876	0.052181
9694	0.052046
6386	0.051912
12778	0.051893
14236	0.051851
13901	0.051851
13601	0.051851
7863	0.051851
7862	0.051851
7859	0.051851
13356	0.051843
9919	0.051801
14227	0.051775
13295	0.051634
11240	0.051614
13448	0.051442
5583	0.051416
3210	0.051035
377	0.050897
11667	0.050834
8170	0.050816
6583	0.050810
6580	0.050810
6579	0.050754
11349	0.050751
11904	0.050427
6677	0.050292
13602	0.050152
1534	0.050083
1177	0.050041
7893	0.049800
14334	0.049775
5672	0.049739
4841	0.049698
1758	0.049599
7264	0.049502
7670	0.049396
11940	0.049347
2982	0.049309
4913	0.049307
10301	0.049298
1675	0.049264
8471	0.049217
12091	0.049129
5048	0.049129
577	0.049124
13331	0.049095
639	0.049088
3977	0.049036
3388	0.048869
4873	0.048829
6456	0.048686
4389	0.048670
6454	0.048655
5671	0.048588
12311	0.048574
13574	0.048473
7860	0.048362
14126	0.048161
14125	0.048161
3074	0.048090
5679	0.048056
12385	0.047985
472	0.047942
12048	0.047724
850	0.047541
12188	0.047479
9120	0.047390
5484	0.047219
11966	0.047206
13589	0.047157
5207	0.047145
8041	0.047134
1091	0.047086
12955	0.047001
12274	0.046991
8236	0.046991
8235	0.046991
6980	0.046991
6953	0.046991
298	0.046991
12591	0.046910
4497	0.046774
6709	0.046756
6056	0.046733
6009	0.046679
4742	0.046679
3550	0.046412
8570	0.046399
7459	0.046369
6695	0.046276
13293	0.046104
2828	0.046049
10343	0.046022
6718	0.046022
5177	0.045906
13087	0.045744
13810	0.045726
8922	0.045684
8877	0.045642
13180	0.045619
3353	0.045605
475	0.045598
1132	0.045581
9562	0.045542
3100	0.045542
12065	0.045527
11675	0.045517
1085	0.045408
12799	0.045367
12291	0.045293
10214	0.045283
1869	0.045274
592	0.045106
4763	0.044971
2191	0.044967
7118	0.044809
4743	0.044785
6719	0.044784
6317	0.044775
12691	0.044711
1242	0.044676
4756	0.044674
9485	0.044616
5343	0.044597
11728	0.044559
7977	0.044537
2381	0.044479
10347	0.044472
7007	0.044443
4469	0.044424
1111	0.044346
2129	0.044033
12118	0.043976
2083	0.043976
2074	0.043976
1899	0.043976
1896	0.043976
2110	0.043964
3098	0.043917
5712	0.043847
5711	0.043847
5710	0.043847
13900	0.043844
7861	0.043844
8461	0.043830
2185	0.043699
5270	0.043689
4097	0.043675
2690	0.043627
3668	0.043367
1964	0.043359
6306	0.043332
8113	0.043328
1759	0.043317
8572	0.043208
8569	0.043208
8568	0.043208
2107	0.043165
6324	0.043134
574	0.043104
9139	0.043097
3534	0.043078
11729	0.042982
5397	0.042715
5396	0.042715
8171	0.042686
570	0.042614
7858	0.042610
2753	0.042544
13136	0.042541
2517	0.042525
1030	0.042462
10038	0.042344
2600	0.042246
10151	0.042209
2227	0.042192
12283	0.042170
5293	0.042164
3375	0.042000
9026	0.041949
7478	0.041931
5269	0.041911
5395	0.041867
12134	0.041867
1120	0.041842
10498	0.041830
221	0.041675
3194	0.041640
13247	0.041637
6319	0.041560
1119	0.041505
2197	0.041298
7475	0.041269
12263	0.041252
4682	0.041252
11887	0.041245
10733	0.041214
10734	0.041201
5882	0.041146
6458	0.041146
3840	0.041140
12732	0.041006
12070	0.040960
3030	0.040894
2201	0.040894
2105	0.040724
4134	0.040723
6455	0.040541
5695	0.040480
4437	0.040258
7468	0.040242
2967	0.040242
13076	0.040223
11652	0.040139
7281	0.040059
7399	0.040049
12017	0.039945
7359	0.039911
5837	0.039886
6935	0.039879
13805	0.039871
5132	0.039871
10346	0.039818
11989	0.039818
13264	0.039812
3738	0.039811
9987	0.039629
10457	0.039622
1952	0.039586
11599	0.039578
2169	0.039578
5585	0.039518
6776	0.039445
12395	0.039406
164	0.039394
7439	0.039382
7121	0.039382
2170	0.039362
10632	0.039346
4135	0.039286
10821	0.039277
10099	0.039268
10701	0.039197
9433	0.039175
5635	0.039171
2097	0.039069
7774	0.038998
5641	0.038998
5584	0.038997
11381	0.038956
5642	0.038956
11968	0.038955
949	0.038955
12355	0.038902
14317	0.038853
1466	0.038826
11987	0.038760
11753	0.038593
5175	0.038532
5347	0.038248
1094	0.038175
10963	0.038156
10960	0.038156
10958	0.038156
2709	0.038115
2230	0.038029
2188	0.038015
8257	0.037990
1172	0.037987
1785	0.037980
12010	0.037942
14073	0.037840
2524	0.037731
12573	0.037710
8009	0.037394
11754	0.037341
2283	0.037292
1109	0.037291
9237	0.037283
8234	0.037268
8040	0.037222
3984	0.037205
6979	0.037192
1185	0.037175
7200	0.037167
10925	0.037166
969	0.037109
2525	0.037090
4029	0.037082
3315	0.037015
13469	0.036875
10358	0.036822
57	0.036807
1743	0.036807
11428	0.036769
2965	0.036626
8317	0.036622
8316	0.036622
5355	0.036526
6892	0.036397
14218	0.036345
10729	0.036339
716	0.036336
8907	0.036324
184	0.036305
12163	0.036304
4430	0.036304
4429	0.036304
4428	0.036304
6444	0.036301
13854	0.036270
11344	0.036263
11306	0.036263
10728	0.036263
6220	0.036252
10370	0.036233
12670	0.036186
5272	0.036161
6731	0.036116
10896	0.036101
568	0.036074
12756	0.035996
10850	0.035987
2198	0.035985
9087	0.035939
1469	0.035852
12692	0.035804
3797	0.035792
10082	0.035728
10546	0.035713
876	0.035641
2078	0.035623
6657	0.035605
5218	0.035522
10371	0.035489
90	0.035484
11858	0.035482
7541	0.035472
11934	0.035442
4495	0.035441
1879	0.035401
11862	0.035398
6263	0.035361
9439	0.035295
13630	0.035259
3795	0.035132
4023	0.035067
13155	0.035002
10208	0.034963
746	0.034843
11074	0.034842
8059	0.034816
12764	0.034815
11733	0.034793
10639	0.034783
12357	0.034783
11591	0.034766
5745	0.034644
10812	0.034628
304	0.034621
9997	0.034530
10491	0.034520
4836	0.034410
6216	0.034407
11430	0.034389
11304	0.034389
10763	0.034389
6321	0.034339
11076	0.034327
7630	0.034314
2186	0.034310
11279	0.034300
3176	0.034289
10282	0.034277
4376	0.034275
13470	0.034259
11903	0.034234
9462	0.034223
10910	0.034218
3473	0.034196
2109	0.034145
10519	0.034113
2522	0.034069
580	0.034002
13656	0.033934
13655	0.033934
13378	0.033934
9071	0.033934
8636	0.033891
10670	0.033865
11298	0.033721
10994	0.033721
9370	0.033721
13070	0.033697
2674	0.033688
6010	0.033661
111	0.033656
8656	0.033577
1419	0.033574
7972	0.033571
11592	0.033534
11357	0.033467
590	0.033452
11409	0.033443
12354	0.033434
333	0.033381
11356	0.033320
12504	0.033293
13164	0.033281
10452	0.033275
10643	0.033206
12908	0.033119
9411	0.033119
9412	0.033119
8875	0.033089
6406	0.033082
14207	0.033080
14206	0.033080
13824	0.033080
12529	0.033078
3360	0.033076
10037	0.033023
498	0.032993
5477	0.032860
2803	0.032860
5115	0.032812
11564	0.032788
257	0.032699
14004	0.032674
4866	0.032674
2111	0.032654
11440	0.032647
11341	0.032647
3001	0.032631
1420	0.032608
5581	0.032536
11964	0.032445
4792	0.032319
2698	0.032281
1184	0.032223
5563	0.032205
874	0.032169
2124	0.032135
11258	0.032060
13374	0.032057
13373	0.032057
6279	0.032043
12202	0.032024
3988	0.032024
2171	0.032006
2519	0.031981
1199	0.031979
7343	0.031890
11438	0.031877
10593	0.031864
9123	0.031831
5151	0.031799
5033	0.031708
12175	0.031706
3243	0.031679
13657	0.031655
1719	0.031655
3319	0.031650
12572	0.031647
10337	0.031497
633	0.031489
2280	0.031463
10453	0.031436
10098	0.031387
2274	0.031276
11055	0.031249
1835	0.031238
7245	0.031217
4109	0.031215
5382	0.031159
13649	0.031139
9371	0.031129
11812	0.031121
1603	0.031097
3370	0.031020
6405	0.030991
2113	0.030951
13665	0.030871
2821	0.030833
2277	0.030821
10415	0.030762
4834	0.030760
9935	0.030722
4129	0.030722
11237	0.030704
5907	0.030677
8901	0.030656
2206	0.030644
10751	0.030541
1418	0.030533
9094	0.030460
9093	0.030460
9092	0.030460
9065	0.030460
6395	0.030456
13384	0.030426
2207	0.030426
12281	0.030330
6619	0.030330
11565	0.030329
1403	0.030287
2208	0.030273
1236	0.030273
7507	0.030253
8565	0.030119
12687	0.030042
8307	0.030041
2952	0.030011
11353	0.029970
10715	0.029970
7212	0.029967
5424	0.029960
1346	0.029957
5026	0.029938
5027	0.029938
11434	0.029934
11011	0.029919
7894	0.029909
7202	0.029863
8209	0.029847
10056	0.029806
6096	0.029772
1756	0.029753
465	0.029750
13568	0.029724
1115	0.029671
11108	0.029656
10109	0.029612
1018	0.029460
10416	0.029384
10889	0.029363
13162	0.029355
10123	0.029355
5034	0.029319
12637	0.029297
6472	0.029247
875	0.029232
4095	0.029224
4617	0.029218
3737	0.029210
10032	0.029179
4537	0.029147
7261	0.029147
7328	0.029135
679	0.029071
2177	0.029069
120	0.029038
6934	0.028982
3591	0.028929
13008	0.028894
2700	0.028887
10959	0.028861
735	0.028742
683	0.028721
7465	0.028714
2958	0.028696
1707	0.028650
9198	0.028563
9775	0.028552
2991	0.028522
6480	0.028513
11808	0.028483
1273	0.028428
4799	0.028372
11689	0.028343
5039	0.028302
3638	0.028281
964	0.028251
10020	0.028248
5425	0.028220
4514	0.028220
4101	0.028110
4100	0.028110
4092	0.028110
4091	0.028110
3436	0.028098
553	0.028042
1953	0.028042
1954	0.028042
11988	0.027997
4160	0.027964
10844	0.027911
3871	0.027861
4169	0.027858
6838	0.027849
3952	0.027839
9235	0.027835
9230	0.027835
9228	0.027835
9225	0.027835
9224	0.027835
9221	0.027835
9219	0.027835
9214	0.027835
9213	0.027835
9211	0.027835
9209	0.027835
9208	0.027835
9206	0.027835
9193	0.027835
8807	0.027835
8679	0.027835
8677	0.027835
8675	0.027835
8674	0.027835
8673	0.027835
8670	0.027835
8637	0.027835
8633	0.027835
8631	0.027835
8610	0.027835
8591	0.027835
8539	0.027835
8538	0.027835
8537	0.027835
8536	0.027835
8529	0.027835
8526	0.027835
8525	0.027835
8632	0.027835
8671	0.027825
6851	0.027818
1124	0.027783
6443	0.027769
5071	0.027761
10019	0.027756
1951	0.027717
6017	0.027687
3314	0.027657
2981	0.027654
11638	0.027639
3735	0.027613
10961	0.027610
268	0.027605
3666	0.027569
3311	0.027533
3963	0.027466
243	0.027466
9741	0.027464
3310	0.027464
12275	0.027451
4624	0.027447
8430	0.027413
6482	0.027380
9727	0.027366
3328	0.027361
1090	0.027340
3961	0.027340
2820	0.027303
586	0.027285
6732	0.027268
13244	0.027228
5768	0.027217
2128	0.027184
13806	0.027157
2532	0.027137
10305	0.027114
1838	0.027104
14303	0.027053
14302	0.027053
14301	0.027053
14300	0.027053
14299	0.027053
3007	0.027036
5024	0.027014
11853	0.027004
7664	0.026985
7663	0.026985
10511	0.026972
4798	0.026958
7201	0.026954
13360	0.026953
4175	0.026946
1188	0.026927
9683	0.026916
2810	0.026911
5500	0.026864
2052	0.026856
4878	0.026842
3987	0.026838
7167	0.026811
6254	0.026793
2289	0.026788
10608	0.026764
7576	0.026753
392	0.026708
11472	0.026707
2363	0.026696
5775	0.026659
6861	0.026623
1673	0.026593
561	0.026545
7340	0.026541
8635	0.026525
254	0.026456
6366	0.026344
5829	0.026306
678	0.026238
2529	0.026150
3962	0.026132
12400	0.026129
11586	0.026129
5830	0.026050
6023	0.026047
7131	0.026025
6014	0.025995
85	0.025960
8808	0.025939
460	0.025904
5914	0.025903
961	0.025901
6601	0.025894
6069	0.025876
963	0.025875
8947	0.025826
9346	0.025771
2269	0.025746
12277	0.025745
8073	0.025745
6150	0.025745
5944	0.025745
5943	0.025745
6280	0.025671
5271	0.025667
6530	0.025653
10441	0.025639
11459	0.025618
11340	0.025618
6329	0.025618
10237	0.025601
2442	0.025588
10097	0.025544
7920	0.025514
1118	0.025482
1340	0.025465
11781	0.025458
10002	0.025450
10258	0.025445
4193	0.025444
2343	0.025438
