2168	0.150173
1044	0.141734
11658	0.140137
13265	0.140102
1108	0.137465
2970	0.134973
1052	0.130986
2668	0.130116
9346	0.129691
4644	0.124419
1040	0.122099
13337	0.119119
5507	0.119119
1442	0.118466
2942	0.117167
3118	0.116943
919	0.116375
116	0.113284
1362	0.111681
9396	0.111681
4481	0.111681
4478	0.111667
1724	0.110119
7774	0.110064
5641	0.110064
5642	0.110046
5347	0.109869
9424	0.109741
12045	0.109515
3508	0.108147
1728	0.106239
5473	0.106161
2419	0.104488
487	0.104168
9425	0.103263
1363	0.103027
1106	0.102807
11109	0.102345
11940	0.100242
2052	0.099084
9462	0.099054
11416	0.098432
9085	0.098318
1419	0.098249
9086	0.097940
6007	0.097804
2171	0.097638
10226	0.097638
2857	0.097367
10694	0.097365
9493	0.096870
1420	0.096379
11858	0.096253
9439	0.095870
120	0.095850
620	0.095806
1412	0.093964
221	0.093670
1120	0.093577
13247	0.093391
1119	0.093337
1111	0.093071
4299	0.093055
11879	0.093025
2842	0.093025
11321	0.092973
12819	0.092500
7212	0.091769
6006	0.091464
2958	0.091324
11878	0.091298
3119	0.091200
1673	0.090902
2153	0.090759
2820	0.090716
3198	0.090395
2105	0.089997
11989	0.089195
4542	0.089011
2600	0.088782
2097	0.088235
9395	0.088201
4454	0.087794
12287	0.087739
8515	0.087739
3428	0.087597
6813	0.086829
876	0.086314
3749	0.085524
4537	0.083573
2973	0.083544
4463	0.083537
117	0.083481
4618	0.083343
1843	0.083156
12182	0.082789
4464	0.082789
11955	0.082782
3919	0.082683
7519	0.082221
12002	0.082094
3027	0.081895
8009	0.081791
6878	0.081764
2572	0.081503
12301	0.081316
5515	0.081213
11073	0.080614
7281	0.080597
1000	0.080441
2710	0.080386
1950	0.079667
4601	0.079661
991	0.079161
13942	0.079113
14248	0.079074
8047	0.079074
2521	0.078641
2114	0.078322
11279	0.077921
10507	0.077884
4775	0.077793
4204	0.077615
11959	0.077401
3161	0.077288
5745	0.076985
4776	0.076982
13850	0.076982
3176	0.076884
4777	0.076871
2530	0.076303
12286	0.076290
14233	0.076191
1136	0.076191
6896	0.076079
115	0.076028
2667	0.075851
10245	0.075688
2151	0.075431
3438	0.074726
10227	0.074517
5582	0.074235
5815	0.074222
10701	0.074169
1132	0.074109
11144	0.074036
10633	0.074036
2952	0.073951
2828	0.073943
2107	0.073860
5779	0.073813
11415	0.073685
6008	0.073660
734	0.073658
677	0.073638
2841	0.073581
5038	0.073554
6060	0.073549
2428	0.073419
5778	0.073366
4538	0.073330
908	0.073278
10523	0.073217
4465	0.072967
11863	0.072846
2732	0.072846
9438	0.072705
5780	0.072448
2186	0.072419
10821	0.072236
2109	0.072100
35	0.072067
6915	0.071957
6781	0.071543
4106	0.071306
8352	0.071167
8351	0.071167
2957	0.071167
2956	0.071167
7872	0.071166
2214	0.071161
6532	0.071159
10991	0.071030
2845	0.070922
4105	0.070835
10232	0.070781
10627	0.070590
3429	0.070538
6895	0.070440
7278	0.070406
11147	0.070263
11739	0.070186
8920	0.070141
11178	0.070001
1262	0.069797
10544	0.069640
7224	0.069410
6574	0.069410
5527	0.069410
5583	0.069390
6102	0.069384
4497	0.069333
11001	0.069296
10383	0.069161
1112	0.069079
5950	0.069056
2840	0.068985
1460	0.068885
4947	0.068654
8090	0.068604
2847	0.068604
2843	0.068604
2839	0.068604
10827	0.068587
10233	0.068286
2902	0.068286
1952	0.068227
465	0.068199
599	0.068124
4778	0.068075
2486	0.068070
2263	0.068058
2810	0.067968
11328	0.067916
3789	0.067699
3727	0.067624
7035	0.067388
5952	0.067376
1743	0.067339
1370	0.067219
2359	0.067180
1857	0.066845
498	0.066785
12234	0.066656
488	0.066558
2096	0.066467
3389	0.066444
4235	0.066341
6395	0.066153
11817	0.066066
6990	0.066066
11378	0.066045
10264	0.066005
2206	0.065959
1480	0.065799
2208	0.065669
1236	0.065669
14128	0.065667
2827	0.065279
11599	0.065248
2169	0.065248
11091	0.065222
589	0.065169
10511	0.065145
13397	0.065140
1030	0.065087
3162	0.064942
1118	0.064913
12254	0.064702
4814	0.064702
3543	0.064669
12037	0.064654
5951	0.064537
10751	0.064537
11237	0.064434
114	0.064187
1487	0.064165
1835	0.064109
5615	0.064075
7981	0.063907
6279	0.063631
6632	0.063602
11298	0.063559
10994	0.063559
5425	0.063534
2831	0.063412
11987	0.063077
999	0.063028
1110	0.062968
1095	0.062615
7286	0.062368
11902	0.062335
13539	0.062314
2666	0.062134
14269	0.062002
7422	0.061945
5585	0.061896
6868	0.061723
11988	0.061580
6754	0.061314
5219	0.061303
9287	0.061232
5584	0.061134
3441	0.061035
2115	0.060965
1178	0.060911
9484	0.060908
9483	0.060908
4692	0.060900
1924	0.060821
2532	0.060691
12060	0.060630
2267	0.060575
9433	0.060310
5697	0.060269
6720	0.059935
5477	0.059899
9138	0.059725
10249	0.059659
2453	0.059571
2207	0.059476
2110	0.059440
11852	0.059394
9870	0.059358
513	0.059329
8875	0.059324
12908	0.059227
9411	0.059227
9412	0.059226
6406	0.059205
3360	0.059200
9540	0.059081
7379	0.058873
10420	0.058782
11300	0.058605
11677	0.058527
4494	0.058527
4493	0.058527
10643	0.058412
577	0.058384
7134	0.058344
1252	0.057912
6405	0.057909
3636	0.057831
4693	0.057736
5949	0.057679
6938	0.057676
4097	0.057670
1242	0.057591
4029	0.057572
3171	0.057553
2164	0.057509
9840	0.057509
12462	0.057502
10685	0.057502
12296	0.057404
6244	0.057404
11832	0.057396
746	0.057334
6550	0.057210
874	0.057161
5185	0.057153
1392	0.057107
3967	0.057099
1838	0.057098
14120	0.056972
5433	0.056964
11812	0.056806
1145	0.056679
1144	0.056531
12077	0.056453
6461	0.056453
3711	0.056453
12295	0.056372
6243	0.056372
9893	0.056339
9892	0.056339
9888	0.056339
9887	0.056339
9841	0.056339
9821	0.056339
9768	0.056339
9300	0.056339
9294	0.056339
13235	0.056305
1889	0.056242
6662	0.056213
6763	0.056170
6987	0.056111
3117	0.056072
9641	0.056059
994	0.055987
9581	0.055974
499	0.055961
13374	0.055750
13373	0.055750
3135	0.055661
1759	0.055658
13448	0.055656
5627	0.055629
881	0.055555
11035	0.055257
10375	0.055185
3001	0.055163
1238	0.055113
1816	0.055009
11356	0.054696
3873	0.054685
730	0.054678
11357	0.054579
12044	0.054490
4841	0.054473
1094	0.054401
980	0.054391
735	0.054342
7207	0.054308
9875	0.054184
10230	0.054108
11409	0.053990
11639	0.053899
3550	0.053859
7036	0.053644
1418	0.053541
4922	0.053504
2118	0.053463
5375	0.053232
10762	0.053224
13097	0.053207
5217	0.053119
4495	0.053029
10761	0.052894
11112	0.052883
5926	0.052761
1115	0.052741
5366	0.052620
3315	0.052557
4656	0.052470
7911	0.052360
4250	0.052307
633	0.052305
997	0.052287
2203	0.052274
12059	0.052231
1281	0.052159
10089	0.052069
7261	0.052051
13054	0.052016
2524	0.051984
10255	0.051928
9457	0.051902
4152	0.051902
9938	0.051892
7551	0.051892
7550	0.051892
7539	0.051892
7538	0.051892
9683	0.051821
2981	0.051788
496	0.051724
2185	0.051674
7501	0.051653
11202	0.051596
4951	0.051590
7465	0.051584
2871	0.051472
716	0.051390
1142	0.051333
11074	0.051263
10229	0.051221
6280	0.051143
6065	0.051098
4541	0.051072
11968	0.051016
949	0.051016
1133	0.050970
3209	0.050865
11076	0.050864
11028	0.050859
1293	0.050707
9623	0.050670
7468	0.050641
2967	0.050641
10127	0.050619
6393	0.050601
524	0.050600
2132	0.050579
7101	0.050566
6077	0.050457
9099	0.050422
6064	0.050389
5183	0.050313
4865	0.050310
11903	0.050246
9455	0.050158
7664	0.050108
7663	0.050108
1269	0.049989
4319	0.049944
2172	0.049797
3742	0.049794
2099	0.049405
1054	0.049278
5189	0.049228
4842	0.049202
2529	0.049184
3740	0.049143
13649	0.049062
94	0.049057
2187	0.048977
7252	0.048890
7830	0.048858
4660	0.048758
10557	0.048751
6147	0.048733
8019	0.048691
3996	0.048673
10366	0.048671
2965	0.048627
10382	0.048587
592	0.048536
4112	0.048508
481	0.048277
4113	0.048275
2461	0.048273
4155	0.048228
9958	0.048075
11281	0.048046
6250	0.048017
13182	0.047946
10097	0.047902
10678	0.047769
2084	0.047769
10274	0.047694
2127	0.047690
10273	0.047689
2135	0.047631
6732	0.047574
9385	0.047506
13557	0.047416
13556	0.047416
10277	0.047415
2176	0.047409
11966	0.047409
1121	0.047290
12785	0.047275
2125	0.047208
1241	0.047165
13657	0.047164
1719	0.047164
7744	0.047131
13574	0.047086
9935	0.047059
4129	0.047059
6457	0.046988
882	0.046982
12827	0.046925
4659	0.046878
14207	0.046867
14206	0.046867
13824	0.046867
9384	0.046822
3246	0.046822
6761	0.046814
6051	0.046779
613	0.046766
5345	0.046707
4159	0.046691
10198	0.046664
3986	0.046655
6300	0.046627
5168	0.046559
4376	0.046541
11617	0.046537
12403	0.046482
13111	0.046455
13109	0.046455
9959	0.046455
9960	0.046446
4756	0.046388
2182	0.046382
5177	0.046350
11289	0.046332
10556	0.046303
10125	0.046294
14250	0.046255
10558	0.046255
10555	0.046255
6968	0.046255
9317	0.046252
13322	0.046241
8042	0.046221
2674	0.046184
13095	0.046146
6969	0.046146
10365	0.046120
11019	0.046098
11211	0.046088
2442	0.046079
12431	0.046078
5272	0.046053
12784	0.045981
4255	0.045980
5487	0.045962
2527	0.045929
241	0.045885
3629	0.045864
2128	0.045824
8877	0.045822
5746	0.045818
11291	0.045810
2612	0.045787
630	0.045753
4815	0.045743
785	0.045654
6366	0.045642
2595	0.045600
4469	0.045594
8549	0.045574
12311	0.045565
2809	0.045532
10376	0.045468
11679	0.045451
3319	0.045387
11293	0.045317
2519	0.045308
10231	0.045290
4239	0.045290
7530	0.045286
12188	0.045211
1234	0.045209
2709	0.045195
9934	0.045183
8059	0.045152
9686	0.045145
2525	0.045142
641	0.045128
6017	0.045098
10186	0.045075
8129	0.045071
6618	0.044930
11111	0.044846
2579	0.044818
10727	0.044786
8773	0.044722
6621	0.044722
14262	0.044675
6430	0.044630
1123	0.044630
3778	0.044524
12233	0.044516
5418	0.044462
472	0.044445
51	0.044432
13293	0.044410
12010	0.044387
3921	0.044246
14298	0.044173
474	0.044084
6378	0.044083
1244	0.044079
2257	0.043984
4720	0.043904
13394	0.043831
2594	0.043830
4646	0.043809
10275	0.043798
2117	0.043795
10634	0.043787
6665	0.043752
1707	0.043742
301	0.043668
12754	0.043666
3638	0.043573
1729	0.043530
9769	0.043469
2188	0.043405
1175	0.043401
6769	0.043364
1951	0.043351
10506	0.043228
1045	0.043228
7053	0.043188
14249	0.043179
4216	0.043177
3388	0.043121
484	0.043106
586	0.043095
11730	0.043087
1248	0.043066
7950	0.043014
6737	0.042917
3623	0.042902
3984	0.042890
13385	0.042857
5501	0.042842
7920	0.042815
9298	0.042811
11638	0.042807
1146	0.042792
9890	0.042771
5151	0.042758
4787	0.042733
9460	0.042730
3030	0.042694
14322	0.042683
14135	0.042683
913	0.042623
3016	0.042595
3541	0.042590
4043	0.042540
4045	0.042478
10657	0.042439
10836	0.042416
10098	0.042382
2116	0.042381
571	0.042317
118	0.042307
3593	0.042299
2657	0.042287
8343	0.042259
1535	0.042249
14237	0.042235
14327	0.042175
14325	0.042175
14324	0.042175
14323	0.042175
14314	0.042175
14305	0.042175
14293	0.042175
14286	0.042175
14261	0.042175
14244	0.042175
14208	0.042175
14136	0.042175
14104	0.042175
14092	0.042175
14086	0.042175
14082	0.042175
14079	0.042175
13968	0.042175
13857	0.042175
10726	0.042175
9246	0.042092
1953	0.042068
1954	0.042068
10740	0.042052
3440	0.042008
5775	0.041983
3241	0.041970
3977	0.041968
13110	0.041930
6321	0.041919
4321	0.041888
10051	0.041874
7282	0.041843
4672	0.041838
2817	0.041833
7347	0.041768
11616	0.041740
4648	0.041740
4643	0.041740
13969	0.041724
9168	0.041693
2452	0.041683
11904	0.041667
10244	0.041616
3212	0.041606
1942	0.041586
10658	0.041544
1466	0.041534
3782	0.041524
3735	0.041518
8864	0.041510
8863	0.041510
8583	0.041510
8124	0.041510
7904	0.041510
7903	0.041510
7902	0.041510
7901	0.041510
7900	0.041510
7899	0.041510
7897	0.041510
7896	0.041510
7895	0.041510
7526	0.041492
9539	0.041451
2119	0.041434
1169	0.041411
6836	0.041317
3425	0.041255
6347	0.041131
500	0.041079
6122	0.041062
12036	0.041053
875	0.041010
2175	0.040969
3639	0.040959
3434	0.040938
13121	0.040902
4789	0.040902
4788	0.040902
13806	0.040857
3871	0.040857
13360	0.040819
119	0.040817
122	0.040759
11224	0.040727
1053	0.040696
6317	0.040676
6458	0.040659
1777	0.040652
9393	0.040645
5880	0.040633
11751	0.040590
2949	0.040549
8234	0.040524
351	0.040520
11240	0.040460
2517	0.040435
6003	0.040385
3734	0.040383
6838	0.040380
11552	0.040374
10427	0.040356
2126	0.040353
12175	0.040283
3995	0.040254
1731	0.040191
2197	0.040173
11402	0.040151
10307	0.040151
5712	0.040099
5711	0.040099
5710	0.040099
3506	0.040084
10852	0.040040
1734	0.040039
352	0.040032
11733	0.039927
12497	0.039885
12442	0.039883
1310	0.039858
904	0.039755
12686	0.039710
10550	0.039688
11108	0.039629
7295	0.039564
5883	0.039542
10308	0.039495
4109	0.039492
3207	0.039483
5546	0.039474
6157	0.039409
5934	0.039389
5933	0.039389
12669	0.039370
2846	0.039361
6599	0.039344
2577	0.039327
12525	0.039269
5829	0.039262
10984	0.039250
9347	0.039222
9531	0.039211
475	0.039196
10739	0.039189
10788	0.039189
10777	0.039189
10759	0.039189
3907	0.039168
8471	0.039159
10412	0.039137
11593	0.039126
6101	0.039121
1603	0.039112
10459	0.039087
11813	0.039080
1247	0.039070
13716	0.039062
12670	0.039028
5175	0.038945
4111	0.038937
12016	0.038894
9021	0.038884
5830	0.038876
7380	0.038840
354	0.038800
2522	0.038795
12099	0.038789
11753	0.038765
4529	0.038762
11877	0.038752
11587	0.038681
6724	0.038655
6380	0.038628
6530	0.038599
5555	0.038558
5898	0.038541
8432	0.038517
8431	0.038517
8099	0.038448
9307	0.038440
12549	0.038438
2073	0.038384
2382	0.038358
12955	0.038354
12684	0.038338
12274	0.038336
8236	0.038336
8235	0.038336
6980	0.038336
6953	0.038336
298	0.038336
4921	0.038239
11915	0.038226
2451	0.038209
1109	0.038200
7977	0.038173
8837	0.038106
5510	0.038098
8623	0.038095
5424	0.038072
713	0.038041
10548	0.038012
10584	0.037992
11754	0.037991
7005	0.037969
4355	0.037929
11723	0.037927
11004	0.037902
13034	0.037868
7006	0.037868
3313	0.037843
783	0.037794
7457	0.037784
2174	0.037729
13608	0.037719
13409	0.037719
13408	0.037719
461	0.037713
6292	0.037644
11712	0.037637
13578	0.037616
13576	0.037616
13390	0.037616
11123	0.037582
14393	0.037512
14377	0.037512
10830	0.037510
2447	0.037507
5354	0.037501
10458	0.037460
635	0.037456
6423	0.037432
1237	0.037424
4325	0.037338
2198	0.037286
6902	0.037274
3624	0.037244
7245	0.037239
8038	0.037220
587	0.037205
6361	0.037203
6528	0.037178
5032	0.037152
10330	0.037151
2111	0.037151
7730	0.037089
7445	0.037089
7444	0.037089
7175	0.037089
7080	0.037089
4839	0.037075
11197	0.037038
9053	0.037017
9052	0.037017
9051	0.037017
6472	0.036998
8140	0.036974
7328	0.036913
11377	0.036912
8731	0.036900
2191	0.036833
11626	0.036803
5940	0.036781
11934	0.036735
969	0.036730
10389	0.036725
13384	0.036716
6519	0.036691
5057	0.036649
5946	0.036605
4725	0.036601
8248	0.036592
1043	0.036556
2351	0.036513
2350	0.036513
2348	0.036513
2346	0.036513
6677	0.036513
14410	0.036510
14409	0.036510
14408	0.036510
7919	0.036510
2844	0.036396
14433	0.036372
6812	0.036363
7784	0.036361
7960	0.036361
