999	0.231907
2153	0.188388
6878	0.177566
1000	0.177496
1333	0.165370
5429	0.162371
6092	0.162156
919	0.160053
1728	0.158601
2668	0.156469
4478	0.155906
1362	0.155862
9396	0.155862
4481	0.155862
1363	0.153274
1040	0.145749
734	0.144167
908	0.140666
1095	0.135573
1724	0.132382
810	0.131980
5473	0.131570
1924	0.128457
483	0.126570
3919	0.125992
1004	0.123520
1003	0.123520
996	0.123520
757	0.123520
7501	0.122625
3198	0.122291
9424	0.122131
9425	0.120963
7286	0.120641
11310	0.120284
11311	0.120281
7162	0.118691
4965	0.117799
11087	0.116989
4433	0.116913
11877	0.116854
484	0.116187
11067	0.113845
198	0.112502
5515	0.110705
2342	0.110271
10506	0.110193
1045	0.110193
5999	0.109983
5998	0.109983
2710	0.109519
4601	0.109330
7053	0.109217
10912	0.109104
11446	0.109093
497	0.108790
8907	0.108430
6749	0.108367
811	0.108367
8921	0.108168
5430	0.107990
11940	0.107935
794	0.107925
7465	0.107664
12502	0.106947
5650	0.104378
1808	0.103843
6084	0.103736
11710	0.102833
1013	0.102833
4775	0.102341
1567	0.102328
412	0.102283
13122	0.102220
11959	0.102172
13710	0.101880
427	0.101791
11031	0.101773
525	0.101227
4776	0.101098
4777	0.100928
522	0.100477
3920	0.100374
1108	0.099433
208	0.098850
1046	0.098140
2164	0.097603
3350	0.097491
4477	0.097436
10500	0.096796
2530	0.096652
9395	0.095967
3312	0.095850
7134	0.095339
3825	0.095230
3155	0.095214
2670	0.095121
359	0.094847
4052	0.094720
1031	0.094349
1005	0.094230
1541	0.094002
356	0.093974
2667	0.093923
2942	0.093539
7709	0.093472
11191	0.093456
9820	0.093313
8735	0.093313
4867	0.092734
31	0.092183
4349	0.091752
9879	0.091688
10921	0.090485
481	0.089871
5328	0.089828
12039	0.089561
40	0.089559
5649	0.089360
9019	0.088852
13766	0.088568
2038	0.088403
10892	0.088328
10389	0.087958
3117	0.087419
2031	0.087395
9507	0.087055
1018	0.087004
7820	0.086971
2332	0.086962
12255	0.086878
6250	0.086664
8920	0.086664
11626	0.086632
2349	0.086430
9138	0.086206
3822	0.086104
1424	0.085625
8983	0.084600
9493	0.084149
3118	0.084147
620	0.083999
1433	0.083996
3826	0.083941
10739	0.083802
10788	0.083802
10777	0.083802
10759	0.083802
3844	0.083370
10581	0.083327
2241	0.082944
6138	0.082901
8970	0.082879
11447	0.082822
9724	0.082794
10375	0.082626
4966	0.082602
1729	0.082571
10108	0.082088
4056	0.081940
904	0.081785
14251	0.081630
6265	0.081630
13465	0.081503
13385	0.081446
9986	0.081412
12185	0.081254
2671	0.081195
10312	0.081093
10203	0.081061
10671	0.080904
11723	0.080692
4036	0.080641
2048	0.080636
9641	0.080350
2572	0.080290
15	0.080261
9893	0.079961
9892	0.079961
9888	0.079961
9887	0.079961
9841	0.079961
9821	0.079961
9768	0.079961
9300	0.079961
9294	0.079961
10264	0.079886
14167	0.079842
12709	0.079670
5994	0.079529
4514	0.079042
12015	0.078940
360	0.078926
2569	0.078777
12525	0.078761
11853	0.078546
906	0.078371
11761	0.078243
6097	0.078243
5547	0.078243
3595	0.078243
2622	0.078221
10920	0.078055
11237	0.077957
9486	0.077530
2916	0.077214
2063	0.077174
324	0.077099
9827	0.076505
12617	0.076391
4054	0.076260
14072	0.076182
11144	0.076174
10633	0.076174
3499	0.076049
3866	0.075703
3864	0.075703
1892	0.075660
11003	0.075583
13089	0.075543
10523	0.075506
11033	0.075444
12444	0.075343
10384	0.075257
7728	0.075240
2907	0.075165
12445	0.075162
12322	0.075141
11005	0.075040
11878	0.074995
3749	0.074985
11163	0.074659
12623	0.074501
11415	0.074301
12270	0.074227
5327	0.073879
4434	0.073796
9853	0.073286
278	0.073271
1044	0.073195
10212	0.073066
6130	0.072982
2594	0.072947
11154	0.072920
6680	0.072669
9016	0.072556
14091	0.072404
5995	0.072395
3152	0.072393
10608	0.072372
9837	0.072359
9599	0.072319
9308	0.072223
10369	0.072161
2166	0.072046
8135	0.071992
496	0.071899
1428	0.071862
9890	0.071817
7528	0.071530
8794	0.071482
1442	0.071358
8175	0.071200
12861	0.071110
11668	0.070896
355	0.070789
7032	0.070436
2584	0.070434
10513	0.070423
2341	0.070285
1683	0.070090
11819	0.070059
4322	0.069949
3139	0.069919
2583	0.069809
7670	0.069753
7267	0.069751
2473	0.069703
10649	0.069513
7049	0.069315
9917	0.069247
12235	0.069042
1894	0.068574
5220	0.068456
4402	0.068333
1542	0.068276
13121	0.068269
4789	0.068269
4788	0.068269
2130	0.068197
10670	0.067938
642	0.067741
1007	0.067691
336	0.067640
11094	0.067602
1940	0.067595
4751	0.067472
2591	0.067395
14111	0.067376
14080	0.067376
12004	0.067188
5578	0.067188
5577	0.067188
2662	0.067188
12369	0.067171
12361	0.067171
3943	0.067145
7279	0.066821
10927	0.066759
1639	0.066739
8320	0.066681
10954	0.066497
199	0.066472
580	0.066467
8522	0.066467
2347	0.066450
205	0.066355
203	0.066355
6626	0.066342
1034	0.066340
8321	0.066253
13277	0.066219
4379	0.066184
10437	0.066039
487	0.065982
6800	0.065903
1429	0.065848
7595	0.065831
10137	0.065684
3202	0.065669
5382	0.065445
10499	0.065337
10250	0.065262
8757	0.065256
8756	0.065256
8550	0.065256
1015	0.065243
11736	0.065234
1246	0.065215
13838	0.065182
8995	0.065138
11337	0.065123
13337	0.065070
5507	0.065070
12798	0.065014
11188	0.064901
11187	0.064901
11189	0.064859
6416	0.064780
5472	0.064712
11264	0.064685
4531	0.064674
12401	0.064659
12516	0.064538
5740	0.064481
11190	0.064373
4664	0.064095
5491	0.064083
12832	0.064009
3805	0.063970
2228	0.063908
11599	0.063834
2169	0.063834
13	0.063753
1435	0.063683
12153	0.063664
4702	0.063664
3930	0.063612
1239	0.063412
12802	0.063290
2540	0.063194
4299	0.063029
14096	0.062981
8463	0.062933
11175	0.062930
938	0.062794
11281	0.062730
13156	0.062673
10176	0.062673
10087	0.062673
10086	0.062673
10495	0.062656
7050	0.062595
8016	0.062436
372	0.062419
5651	0.062329
5608	0.062316
5951	0.062196
9006	0.062167
9004	0.062167
9003	0.062167
9001	0.062167
9000	0.062167
8999	0.062167
8941	0.062167
11403	0.062135
6148	0.062135
5518	0.062035
1063	0.062013
4431	0.061859
12372	0.061756
413	0.061748
10293	0.061737
10191	0.061697
4530	0.061682
12826	0.061680
3521	0.061541
3306	0.061471
4432	0.061325
10042	0.061291
4218	0.061261
8998	0.061258
6859	0.061249
6702	0.061249
10544	0.061225
1084	0.061191
4787	0.061126
1421	0.061081
10813	0.061075
4174	0.061064
3881	0.060958
9945	0.060861
6649	0.060832
6647	0.060832
6646	0.060832
5610	0.060832
10085	0.060829
14199	0.060766
6038	0.060707
7088	0.060688
13165	0.060675
2040	0.060523
9955	0.060486
1161	0.060379
10049	0.060335
5046	0.060242
2440	0.060152
6042	0.060149
6041	0.060149
6040	0.060149
6039	0.060149
10853	0.060010
10992	0.060005
6858	0.059900
9671	0.059890
10854	0.059865
12454	0.059794
611	0.059757
2997	0.059722
275	0.059692
973	0.059646
547	0.059644
1360	0.059619
1714	0.059463
2613	0.059431
2028	0.059424
2333	0.059404
5047	0.059334
3254	0.059330
1060	0.059287
7025	0.059280
531	0.059223
1413	0.059107
1367	0.059107
11232	0.059099
11230	0.059099
11229	0.059099
11228	0.059099
12492	0.059044
11231	0.059015
10937	0.058867
13943	0.058809
12386	0.058703
13539	0.058691
3584	0.058668
371	0.058654
6662	0.058630
11995	0.058627
10579	0.058535
5021	0.058468
5019	0.058468
3167	0.058346
10827	0.058338
2359	0.058327
12453	0.058312
10578	0.058298
13397	0.058219
6159	0.058213
6158	0.058213
11378	0.058185
12667	0.058170
13618	0.058152
13419	0.058152
6840	0.058152
301	0.058055
10556	0.058042
4535	0.057943
5952	0.057932
7035	0.057926
2595	0.057830
12130	0.057766
2917	0.057765
12161	0.057740
11870	0.057740
11794	0.057740
11204	0.057740
11203	0.057740
6144	0.057740
6143	0.057740
6142	0.057740
6141	0.057740
4774	0.057712
5950	0.057702
2582	0.057500
759	0.057495
11035	0.057490
9926	0.057456
9925	0.057456
9924	0.057456
9852	0.057456
7773	0.057456
7447	0.057456
992	0.057431
2581	0.057419
7278	0.057406
10388	0.057403
435	0.057386
5664	0.057357
11328	0.057298
12804	0.057297
11004	0.057220
10545	0.057214
11138	0.057153
4078	0.057143
9872	0.057131
5023	0.057089
9005	0.057074
5042	0.056940
6632	0.056891
11001	0.056808
8596	0.056777
14250	0.056757
10558	0.056757
10555	0.056757
6968	0.056757
8042	0.056751
6134	0.056629
11377	0.056592
2122	0.056589
11140	0.056539
12301	0.056457
11467	0.056451
11346	0.056436
11879	0.056362
2842	0.056362
6140	0.056356
6139	0.056356
7898	0.056315
12237	0.056304
1543	0.056296
10475	0.056287
12562	0.056275
9809	0.056250
6653	0.056192
5949	0.056127
1778	0.056107
7031	0.056085
3341	0.056033
12436	0.056011
12347	0.056009
3119	0.055977
6652	0.055959
2930	0.055956
11223	0.055918
4119	0.055900
300	0.055874
8890	0.055750
3582	0.055744
10198	0.055732
66	0.055730
1043	0.055695
5343	0.055682
8089	0.055625
1350	0.055613
7033	0.055480
1008	0.055464
875	0.055434
12147	0.055427
3297	0.055418
11101	0.055418
11421	0.055353
11345	0.055353
11335	0.055353
10842	0.055353
4805	0.055250
10090	0.055226
1925	0.055179
8079	0.055104
8959	0.054993
11498	0.054738
6865	0.054724
8111	0.054712
13522	0.054646
9654	0.054620
11956	0.054592
3286	0.054545
8960	0.054482
1274	0.054474
11394	0.054457
7674	0.054406
4536	0.054336
12238	0.054334
10376	0.054310
10557	0.054225
2596	0.054204
12200	0.054198
9627	0.054198
10516	0.054113
11954	0.054069
432	0.054020
7034	0.054007
9037	0.053935
9035	0.053935
5254	0.053904
5616	0.053831
2949	0.053797
5010	0.053781
1460	0.053753
10426	0.053689
1207	0.053656
3162	0.053639
212	0.053595
1508	0.053592
2165	0.053515
13643	0.053499
13642	0.053499
13590	0.053499
5060	0.053493
7481	0.053487
426	0.053483
10650	0.053483
14249	0.053477
7451	0.053412
13039	0.053270
5011	0.053266
3161	0.053197
528	0.053159
5705	0.053140
4194	0.053103
11544	0.053079
8469	0.053059
2032	0.053029
13885	0.053021
2890	0.053021
2503	0.052999
10627	0.052938
12431	0.052695
13095	0.052678
6969	0.052678
2897	0.052567
5381	0.052557
5749	0.052548
10657	0.052499
11321	0.052488
3024	0.052473
10508	0.052414
11180	0.052402
11211	0.052384
3418	0.052331
6320	0.052319
11556	0.052304
3528	0.052274
10756	0.052218
11102	0.052209
1720	0.052087
9358	0.052086
8551	0.052065
3848	0.052002
1340	0.051972
9726	0.051927
6876	0.051889
5017	0.051849
6367	0.051800
13827	0.051755
13108	0.051755
13107	0.051755
12882	0.051755
10121	0.051755
8458	0.051755
1556	0.051735
9958	0.051704
4504	0.051690
5018	0.051682
8162	0.051661
5182	0.051571
9392	0.051540
3072	0.051532
10722	0.051521
10991	0.051490
7090	0.051469
11783	0.051443
6518	0.051435
68	0.051414
9402	0.051405
13132	0.051359
443	0.051333
5580	0.051261
7376	0.050990
7377	0.050989
6479	0.050955
6343	0.050952
1504	0.050952
2489	0.050895
13404	0.050879
2168	0.050834
5834	0.050819
571	0.050763
9800	0.050760
5193	0.050722
3543	0.050693
14276	0.050692
13428	0.050692
1164	0.050681
12287	0.050654
8515	0.050654
11874	0.050648
10658	0.050596
11200	0.050513
12795	0.050478
2696	0.050400
760	0.050381
11162	0.050344
4505	0.050327
4501	0.050327
1503	0.050327
10606	0.050317
2095	0.050312
6069	0.050308
566	0.050300
10554	0.050293
970	0.050230
10526	0.050195
2889	0.050186
9966	0.050164
3746	0.050145
790	0.050132
1456	0.050118
14109	0.050105
10736	0.050105
6882	0.050087
3247	0.050087
3222	0.050083
2036	0.050008
2857	0.050003
439	0.049932
10450	0.049923
11164	0.049922
8622	0.049890
869	0.049882
3764	0.049868
11356	0.049848
13163	0.049831
10169	0.049831
9829	0.049783
10016	0.049656
270	0.049656
5517	0.049629
5897	0.049588
12835	0.049571
749	0.049559
2232	0.049543
1202	0.049509
11409	0.049364
11357	0.049347
971	0.049343
12265	0.049340
5894	0.049298
8837	0.049292
10477	0.049264
12368	0.049213
7163	0.049213
10735	0.049201
10138	0.049169
5221	0.049157
12554	0.049125
402	0.049102
3384	0.049091
7164	0.049058
11444	0.049050
11417	0.049050
10643	0.049045
12045	0.049034
2115	0.049015
11343	0.048995
6289	0.048967
1251	0.048943
8707	0.048899
7523	0.048859
581	0.048851
12505	0.048819
10871	0.048720
7070	0.048679
7385	0.048660
3726	0.048558
968	0.048530
3730	0.048525
14331	0.048448
14330	0.048448
13025	0.048447
13024	0.048447
13022	0.048447
8486	0.048447
4116	0.048405
6686	0.048401
3217	0.048385
12790	0.048384
13374	0.048330
13373	0.048330
447	0.048299
446	0.048297
13201	0.048194
13197	0.048194
11606	0.048138
11605	0.048138
6448	0.048099
12646	0.048098
488	0.048079
10604	0.048079
448	0.048058
1126	0.048053
2263	0.048035
11994	0.047955
2826	0.047955
6854	0.047939
2335	0.047862
616	0.047794
2230	0.047789
2244	0.047772
882	0.047768
2653	0.047766
3981	0.047744
10809	0.047695
7580	0.047695
4712	0.047677
1017	0.047676
6371	0.047650
5020	0.047645
5965	0.047633
8813	0.047616
12157	0.047578
10263	0.047537
10605	0.047518
3819	0.047502
1096	0.047500
7581	0.047495
1411	0.047480
13202	0.047454
3824	0.047438
3684	0.047361
7907	0.047352
9927	0.047275
9896	0.047275
7208	0.047275
12776	0.047257
4608	0.047253
3809	0.047192
9002	0.047186
9874	0.047184
6766	0.047173
13523	0.047161
3687	0.047104
11266	0.047102
2419	0.047085
453	0.047074
5704	0.047055
3301	0.047002
5966	0.046999
9857	0.046997
10127	0.046968
572	0.046924
9677	0.046884
7474	0.046869
9691	0.046833
569	0.046735
4079	0.046716
277	0.046686
13023	0.046673
7929	0.046617
8107	0.046602
6737	0.046549
5379	0.046543
4761	0.046535
9554	0.046457
8200	0.046457
7084	0.046425
11491	0.046412
11002	0.046352
6308	0.046323
4826	0.046230
4263	0.046219
11010	0.046207
12774	0.046152
9505	0.046113
35	0.046079
6043	0.046056
97	0.046034
1103	0.046032
9714	0.046026
1414	0.045948
12145	0.045925
10515	0.045925
5956	0.045925
13592	0.045922
9127	0.045909
5957	0.045902
2045	0.045878
5977	0.045850
438	0.045705
7280	0.045646
5986	0.045630
5427	0.045626
4749	0.045541
10732	0.045539
10731	0.045531
12038	0.045527
272	0.045483
10553	0.045475
11043	0.045457
4066	0.045420
5520	0.045375
2973	0.045374
12181	0.045359
2229	0.045344
4191	0.045296
10547	0.045285
12900	0.045256
399	0.045126
3049	0.045093
6727	0.045086
381	0.045045
11375	0.044993
7194	0.044985
2792	0.044945
12193	0.044887
6979	0.044867
11023	0.044836
11024	0.044836
13362	0.044726
10476	0.044724
3727	0.044681
7201	0.044676
3689	0.044656
10548	0.044652
429	0.044649
11431	0.044574
12058	0.044487
11250	0.044409
7553	0.044397
4026	0.044390
273	0.044374
1583	0.044370
8120	0.044338
9743	0.044288
14222	0.044217
13866	0.044217
8103	0.044172
5612	0.044167
4786	0.044136
9162	0.044130
3991	0.044108
8706	0.044040
8705	0.044040
13971	0.044009
7804	0.044009
2494	0.044009
430	0.044003
12708	0.043992
10502	0.043991
4720	0.043983
14057	0.043963
13820	0.043934
6760	0.043913
4027	0.043913
3587	0.043871
10142	0.043789
10762	0.043771
10761	0.043769
323	0.043765
714	0.043762
10903	0.043723
12726	0.043722
8988	0.043623
10525	0.043616
2318	0.043579
1773	0.043555
12426	0.043538
5974	0.043535
12507	0.043505
692	0.043445
530	0.043443
