5207	0.144246
3428	0.132842
2486	0.132592
14128	0.131874
991	0.129753
5837	0.127855
4947	0.123005
4618	0.120305
7224	0.118463
6574	0.118463
5527	0.118463
11178	0.118180
11091	0.117764
4235	0.116176
3429	0.114432
249	0.112348
13265	0.110148
11658	0.109348
254	0.109127
10733	0.108268
677	0.107436
3441	0.107391
11202	0.106452
5815	0.105012
250	0.104541
2871	0.102647
11073	0.102609
5185	0.102108
4204	0.100700
3212	0.100473
3440	0.099782
698	0.099454
4799	0.099221
10273	0.098603
7774	0.098552
5641	0.098552
5642	0.098527
10089	0.098325
4798	0.097999
5347	0.097959
4037	0.097564
6938	0.097105
5695	0.096091
7036	0.094561
6987	0.094392
3907	0.094283
6380	0.094256
3987	0.094251
10507	0.093991
253	0.093493
3425	0.093048
11921	0.092572
7511	0.092236
3538	0.091357
11618	0.091207
13054	0.090873
3905	0.090865
6407	0.090742
12202	0.090633
3988	0.090633
3789	0.090453
3209	0.089862
1878	0.089352
8635	0.089333
1419	0.088908
7713	0.088607
3715	0.088569
9085	0.088018
9086	0.087901
2588	0.087319
11416	0.087204
6457	0.086372
12315	0.085261
11109	0.085239
4169	0.084720
9235	0.084665
9230	0.084665
9228	0.084665
9225	0.084665
9224	0.084665
9221	0.084665
9219	0.084665
9214	0.084665
9213	0.084665
9211	0.084665
9209	0.084665
9208	0.084665
9206	0.084665
9193	0.084665
8807	0.084665
8679	0.084665
8677	0.084665
8675	0.084665
8674	0.084665
8673	0.084665
8670	0.084665
8637	0.084665
8633	0.084665
8631	0.084665
8610	0.084665
8591	0.084665
8539	0.084665
8538	0.084665
8537	0.084665
8536	0.084665
8529	0.084665
8526	0.084665
8525	0.084665
8632	0.084664
8671	0.084664
6443	0.084537
5184	0.084127
2052	0.084120
12357	0.083771
3940	0.083589
8636	0.083208
1030	0.083118
7676	0.083061
1420	0.082968
10275	0.082966
1952	0.082874
7453	0.082494
3986	0.082199
8634	0.081913
9231	0.081912
10255	0.081763
11587	0.081004
874	0.080720
5413	0.079931
4857	0.079710
5154	0.079626
9202	0.079552
11661	0.079491
10245	0.079263
9220	0.079161
8531	0.079109
10274	0.079041
10801	0.078989
11987	0.078741
457	0.078561
459	0.078556
7642	0.078505
10550	0.078397
2	0.078149
14290	0.077797
13374	0.077738
13373	0.077738
2105	0.077644
11858	0.076926
8530	0.076778
9439	0.076649
6830	0.076488
3064	0.076386
6838	0.076280
2605	0.076184
8864	0.076100
8863	0.076100
8583	0.076100
8124	0.076100
7904	0.076100
7903	0.076100
7902	0.076100
7901	0.076100
7900	0.076100
7899	0.076100
7897	0.076100
7896	0.076100
7895	0.076100
7526	0.076020
9462	0.075721
2344	0.075485
2821	0.075454
7955	0.075393
9005	0.075102
2708	0.074667
4895	0.074549
11216	0.074284
11386	0.074204
10672	0.074037
8832	0.073893
4392	0.073778
12241	0.073758
12240	0.073758
8074	0.073758
7294	0.073758
6054	0.073758
4336	0.073758
6814	0.073674
6829	0.073626
8855	0.073463
6482	0.072997
7207	0.072922
2600	0.072897
3834	0.072896
458	0.072682
10127	0.072411
1734	0.072330
9218	0.072267
3077	0.072073
1403	0.071759
2442	0.071715
11652	0.071613
5546	0.071600
10249	0.071578
1273	0.071115
6056	0.070965
304	0.070905
11989	0.070845
2114	0.070190
9222	0.070067
13087	0.069958
9210	0.069691
2831	0.069468
4319	0.069450
3135	0.069440
4537	0.069390
11112	0.069164
3680	0.069163
5245	0.069040
7400	0.068928
1778	0.068910
11728	0.068597
2709	0.068588
5176	0.068557
6361	0.068457
1918	0.068119
2107	0.068049
5918	0.067993
3389	0.067984
8314	0.067943
1953	0.067867
1954	0.067867
3068	0.067807
9200	0.067763
6758	0.067727
6009	0.067679
4742	0.067679
2823	0.067593
6715	0.067540
14	0.067043
11729	0.066996
6053	0.066977
6695	0.066910
4596	0.066894
6147	0.066790
14126	0.066788
14125	0.066788
11903	0.066633
3506	0.066300
2280	0.066163
333	0.066124
4743	0.066041
3638	0.065989
2968	0.065908
2097	0.065879
6680	0.065661
10813	0.065591
13810	0.065535
9694	0.065506
5033	0.065446
5346	0.065214
11616	0.065023
4648	0.065023
4643	0.065023
568	0.064888
11638	0.064864
876	0.064849
1951	0.064712
5167	0.064655
9207	0.064620
9205	0.064620
8528	0.064620
2820	0.064599
4646	0.064539
3735	0.064329
6134	0.064327
2958	0.064090
2522	0.064060
13665	0.064019
5177	0.063965
9170	0.063921
6963	0.063892
9623	0.063805
9237	0.063788
10756	0.063734
633	0.063702
13449	0.063615
7050	0.063580
6101	0.063434
12372	0.063434
9317	0.063271
5829	0.062978
262	0.062958
6754	0.062864
5034	0.062765
9002	0.062707
7977	0.062667
4968	0.062536
5830	0.062261
11677	0.062095
4494	0.062095
4493	0.062095
6530	0.062011
1673	0.061958
7049	0.061920
1402	0.061800
5926	0.061718
11675	0.061665
6157	0.061654
9105	0.061478
9104	0.061478
2227	0.061424
4463	0.061349
3320	0.061282
9006	0.061078
9004	0.061078
9003	0.061078
9001	0.061078
9000	0.061078
8999	0.061078
8941	0.061078
6528	0.061070
589	0.061021
2540	0.060882
6910	0.060823
498	0.060818
7152	0.060798
1359	0.060755
823	0.060741
4856	0.060469
11624	0.060278
11982	0.060193
5414	0.060193
5412	0.060193
14004	0.060178
4866	0.060178
8998	0.060146
4725	0.060122
11733	0.060114
14120	0.060064
9204	0.059964
8592	0.059964
354	0.059838
4836	0.059780
6415	0.059703
3438	0.059690
3426	0.059679
9195	0.059672
4873	0.059604
6395	0.059568
5746	0.059453
817	0.059400
251	0.059344
7205	0.059340
4668	0.059313
4713	0.059244
2996	0.059169
5007	0.059156
961	0.058847
5217	0.058770
3742	0.058745
13076	0.058518
2203	0.058233
6386	0.058216
5672	0.058173
4118	0.058156
4977	0.058103
9192	0.058036
8110	0.057810
12281	0.057783
6619	0.057783
1956	0.057762
6732	0.057589
4671	0.057388
4669	0.057388
2990	0.057378
5671	0.057286
1237	0.057249
14303	0.057174
14302	0.057174
14301	0.057174
14300	0.057174
14299	0.057174
4800	0.057157
5248	0.057138
7167	0.057135
4538	0.057092
10097	0.057080
3254	0.057000
1400	0.056988
1119	0.056872
1120	0.056825
13028	0.056782
4824	0.056765
10098	0.056765
3469	0.056736
8248	0.056730
9215	0.056693
4670	0.056556
13247	0.056486
9223	0.056395
9436	0.056290
3873	0.056274
4707	0.056256
221	0.056107
7245	0.055959
8572	0.055932
8569	0.055932
8568	0.055932
11438	0.055927
11904	0.055840
12044	0.055790
4106	0.055581
7872	0.055575
8352	0.055558
8351	0.055558
2957	0.055558
2956	0.055558
2952	0.055549
8170	0.055482
7379	0.055383
4976	0.055289
6127	0.055221
12219	0.055212
10427	0.055181
7827	0.054937
4377	0.054935
11998	0.054927
9226	0.054926
9217	0.054926
8534	0.054926
4450	0.054916
8584	0.054916
14073	0.054897
13942	0.054787
781	0.054782
14248	0.054767
8047	0.054767
2110	0.054732
11298	0.054678
10994	0.054678
3375	0.054646
6689	0.054594
6967	0.054594
7295	0.054457
3208	0.054448
2477	0.054318
269	0.054292
12283	0.054210
2281	0.054142
1731	0.054039
4105	0.053998
8959	0.053978
586	0.053809
9347	0.053767
1340	0.053620
4667	0.053602
6946	0.053522
7908	0.053470
12182	0.053463
4464	0.053463
1039	0.053454
7343	0.053370
5500	0.053270
2381	0.053269
7541	0.053266
1193	0.053252
6895	0.053163
10844	0.053096
3210	0.053090
1581	0.053075
8135	0.053031
8259	0.052929
4660	0.052908
2962	0.052875
6934	0.052874
3977	0.052663
9485	0.052605
2283	0.052568
2188	0.052554
4175	0.052543
5942	0.052458
4951	0.052374
2182	0.052355
8329	0.052326
12756	0.052189
11177	0.052035
6191	0.052024
7670	0.051943
3729	0.051913
10589	0.051850
6302	0.051832
12764	0.051831
6267	0.051831
5433	0.051803
2129	0.051768
12249	0.051706
5008	0.051706
8570	0.051670
3326	0.051642
4051	0.051618
4763	0.051564
1238	0.051543
9201	0.051403
9938	0.051384
7551	0.051384
7550	0.051384
7539	0.051384
7538	0.051384
5366	0.051319
7700	0.051308
12010	0.051239
2945	0.051236
13850	0.051233
7686	0.051155
5940	0.051124
4961	0.051106
12367	0.051082
7699	0.051054
7744	0.051043
2191	0.051009
7342	0.050906
5219	0.050896
2979	0.050811
4842	0.050797
8293	0.050729
3642	0.050713
1898	0.050665
8093	0.050663
487	0.050611
6896	0.050588
10031	0.050497
3740	0.050468
4176	0.050465
4094	0.050398
6217	0.050398
51	0.050381
9384	0.050367
3246	0.050367
6806	0.050352
12276	0.050323
14263	0.050323
14002	0.050323
14001	0.050323
14000	0.050323
13998	0.050323
13996	0.050323
6666	0.050323
5064	0.050323
4854	0.050323
4852	0.050323
10347	0.050279
6216	0.050246
1315	0.050151
13939	0.050133
10390	0.050111
10984	0.050038
8171	0.049950
7082	0.049907
4465	0.049843
7635	0.049838
7633	0.049838
7202	0.049824
11737	0.049792
10308	0.049779
5520	0.049656
6935	0.049620
13805	0.049606
5132	0.049606
11292	0.049546
12873	0.049538
5541	0.049400
2902	0.049335
6179	0.049225
12030	0.049191
9766	0.049111
9765	0.049111
9123	0.049057
11402	0.049047
10307	0.049047
11123	0.048951
352	0.048919
8960	0.048875
3870	0.048860
3890	0.048851
8565	0.048848
4113	0.048797
10962	0.048785
3427	0.048778
4706	0.048737
6077	0.048737
4112	0.048714
8916	0.048701
8915	0.048701
8914	0.048701
8913	0.048701
8912	0.048701
8911	0.048701
7634	0.048701
6568	0.048701
3213	0.048701
11977	0.048685
12291	0.048556
404	0.048547
8099	0.048519
13997	0.048466
12915	0.048401
12914	0.048401
700	0.048377
6010	0.048289
268	0.048247
13910	0.048222
14317	0.048076
8621	0.048000
2944	0.047900
9120	0.047836
14269	0.047831
35	0.047628
6306	0.047500
11800	0.047465
14101	0.047418
8365	0.047418
4111	0.047313
247	0.047272
1587	0.047262
4000	0.047163
8922	0.047145
7359	0.047006
11240	0.046962
11743	0.046844
14186	0.046795
10090	0.046784
11472	0.046773
4509	0.046766
8090	0.046757
2847	0.046757
2843	0.046757
2839	0.046757
7681	0.046705
1756	0.046659
13394	0.046572
6616	0.046566
11011	0.046513
4778	0.046492
9370	0.046448
4383	0.046434
683	0.046403
643	0.046399
10842	0.046370
11421	0.046370
11345	0.046370
11335	0.046370
2840	0.046363
4661	0.046308
4850	0.046306
6624	0.046226
3144	0.046224
8382	0.046137
10876	0.046071
1833	0.046065
5354	0.046061
6770	0.046023
14214	0.046011
331	0.045996
8089	0.045985
4692	0.045960
341	0.045946
2844	0.045901
6305	0.045898
14224	0.045837
13391	0.045837
11110	0.045837
13030	0.045825
5035	0.045811
10511	0.045800
1427	0.045785
8862	0.045646
8861	0.045646
8860	0.045646
8859	0.045646
8858	0.045646
8857	0.045646
8844	0.045646
8843	0.045646
8842	0.045646
8841	0.045646
8840	0.045646
8839	0.045646
8838	0.045646
8834	0.045646
8824	0.045646
8823	0.045646
8822	0.045646
8820	0.045646
8818	0.045646
8817	0.045646
8803	0.045646
8798	0.045646
8737	0.045646
8639	0.045646
7682	0.045646
7677	0.045646
7382	0.045646
7247	0.045646
6836	0.045633
4946	0.045626
377	0.045600
9767	0.045589
13263	0.045542
13262	0.045542
5795	0.045536
10229	0.045491
11460	0.045405
11288	0.045405
10749	0.045379
13946	0.045370
1592	0.045370
2267	0.045337
7203	0.045332
11646	0.045331
6319	0.045327
2521	0.045306
370	0.045292
11988	0.045271
393	0.045192
1591	0.045161
10088	0.045134
6078	0.045103
3951	0.045004
10431	0.044986
2119	0.044938
2118	0.044895
2186	0.044847
4855	0.044814
11742	0.044764
5226	0.044764
11300	0.044729
8489	0.044720
1111	0.044659
12277	0.044626
8073	0.044626
6150	0.044626
5944	0.044626
5943	0.044626
10156	0.044547
4542	0.044516
6470	0.044458
4476	0.044370
4114	0.044345
12116	0.044265
6159	0.044245
6158	0.044245
7932	0.044236
628	0.044217
8836	0.044205
4262	0.044194
10441	0.044163
2701	0.044122
10632	0.044120
1596	0.044042
11752	0.044027
14003	0.043986
9415	0.043973
8851	0.043973
8850	0.043973
1020	0.043954
6506	0.043932
12591	0.043923
10683	0.043858
861	0.043846
469	0.043829
4998	0.043817
329	0.043772
330	0.043771
4045	0.043754
4595	0.043721
7913	0.043703
5968	0.043703
470	0.043703
8257	0.043658
4090	0.043535
7249	0.043494
2881	0.043402
4080	0.043388
7767	0.043347
426	0.043310
10346	0.043295
8833	0.043282
12670	0.043243
2612	0.043206
4708	0.043173
2077	0.043163
10099	0.043134
10821	0.043088
2197	0.043077
6979	0.043053
2567	0.043021
11256	0.042995
5270	0.042993
13500	0.042958
2828	0.042957
1118	0.042946
2185	0.042930
5441	0.042912
38	0.042894
1132	0.042841
699	0.042809
3636	0.042751
5967	0.042742
11325	0.042682
6017	0.042658
12442	0.042609
5493	0.042593
220	0.042577
3544	0.042546
570	0.042533
10634	0.042531
1613	0.042528
2773	0.042519
759	0.042492
11964	0.042478
13421	0.042395
2892	0.042386
6044	0.042319
335	0.042267
334	0.042267
327	0.042267
305	0.042267
302	0.042267
2289	0.042237
7475	0.042219
13999	0.042134
5005	0.042134
7584	0.042104
3448	0.042102
9168	0.042033
5343	0.042012
332	0.041961
10812	0.041957
8256	0.041954
7326	0.041942
1616	0.041905
1235	0.041877
8623	0.041876
10963	0.041841
10960	0.041841
10958	0.041841
10237	0.041768
5851	0.041765
12066	0.041742
2980	0.041737
8618	0.041722
316	0.041703
2027	0.041696
10534	0.041679
8837	0.041652
11148	0.041633
8468	0.041613
2978	0.041613
2977	0.041613
10282	0.041586
8307	0.041562
8317	0.041518
8316	0.041518
11818	0.041508
3835	0.041498
11428	0.041416
7920	0.041375
4848	0.041372
10604	0.041317
2841	0.041305
6866	0.041291
1097	0.041286
10850	0.041251
10415	0.041239
6473	0.041228
10896	0.041227
4426	0.041131
5292	0.041122
14218	0.041109
10729	0.041058
3353	0.041042
675	0.041035
13854	0.041017
7399	0.041002
10370	0.040979
8059	0.040923
702	0.040908
1188	0.040887
10862	0.040863
7576	0.040861
14207	0.040829
14206	0.040829
13824	0.040829
10233	0.040800
4193	0.040781
6065	0.040721
6889	0.040711
11344	0.040677
11306	0.040677
10728	0.040677
10751	0.040648
8714	0.040626
9139	0.040552
45	0.040492
11147	0.040473
1598	0.040473
5269	0.040458
10232	0.040399
7364	0.040388
13355	0.040379
314	0.040375
2440	0.040254
10553	0.040253
119	0.040203
1124	0.040192
10863	0.040187
10018	0.040146
10230	0.040144
9717	0.040131
6064	0.040117
10371	0.040103
14233	0.040088
1136	0.040088
1109	0.040082
3066	0.040055
2117	0.040054
8312	0.039907
6699	0.039876
1421	0.039854
9725	0.039826
10050	0.039820
4376	0.039809
12385	0.039771
4117	0.039720
591	0.039706
11430	0.039678
11304	0.039678
10763	0.039678
9307	0.039645
5846	0.039637
8615	0.039537
1339	0.039530
7397	0.039522
4935	0.039522
1593	0.039517
9484	0.039507
9483	0.039507
11349	0.039488
10416	0.039449
10082	0.039391
11212	0.039359
12909	0.039342
6908	0.039342
2674	0.039337
118	0.039323
1556	0.039310
3598	0.039268
9377	0.039259
4758	0.039245
7101	0.039241
6723	0.039226
6722	0.039226
9413	0.039219
6006	0.039210
3004	0.039127
10301	0.039095
1009	0.039055
686	0.039034
11968	0.038932
949	0.038932
10670	0.038910
55	0.038902
1133	0.038901
607	0.038840
40	0.038799
12039	0.038796
3507	0.038775
9095	0.038739
353	0.038723
5151	0.038710
3193	0.038680
13008	0.038647
2546	0.038615
1115	0.038552
383	0.038491
3241	0.038463
7261	0.038444
2753	0.038438
3001	0.038403
8874	0.038375
5735	0.038366
9606	0.038308
1743	0.038217
11409	0.038161
6882	0.038160
3247	0.038160
6892	0.038151
9177	0.038097
11357	0.038058
