3837	0.227639
3389	0.205848
11999	0.200779
4304	0.200770
4302	0.200770
11607	0.200482
5347	0.198118
7774	0.197508
5641	0.197508
5642	0.197505
2105	0.197080
12348	0.195413
9462	0.191253
11858	0.190077
9439	0.189806
121	0.180617
1419	0.180024
4538	0.177953
4305	0.177948
1673	0.177403
1117	0.176894
114	0.176755
2820	0.174840
2958	0.174658
2052	0.174654
221	0.173716
235	0.172205
7757	0.172100
1119	0.170622
1120	0.169989
13247	0.169668
7288	0.169424
7872	0.168304
8352	0.168303
8351	0.168303
2957	0.168303
2956	0.168303
4106	0.168295
1135	0.168077
1420	0.167075
8615	0.166714
4105	0.165805
9177	0.165606
9248	0.165374
224	0.165178
4542	0.164968
6895	0.164966
13850	0.163044
6896	0.162685
14418	0.162114
14417	0.162114
13284	0.162114
13152	0.162114
9795	0.162114
9793	0.162114
9792	0.162114
9791	0.162114
9789	0.162114
9745	0.162114
9163	0.162114
8614	0.162114
8613	0.162114
8177	0.162114
4163	0.162104
8076	0.162057
2902	0.161714
9218	0.161311
9174	0.160759
9794	0.160671
1121	0.160572
10661	0.159763
4294	0.159584
7020	0.159425
1118	0.157759
2952	0.157151
115	0.157051
6806	0.155119
9201	0.154796
9176	0.153994
8809	0.153994
14233	0.153937
1136	0.153937
4168	0.153413
9135	0.153173
6532	0.153121
9226	0.152721
9217	0.152721
8534	0.152721
7827	0.152683
1133	0.152537
8611	0.151973
14358	0.151328
6430	0.151051
1123	0.151051
12252	0.150684
9207	0.149465
9205	0.149465
8528	0.149465
4559	0.149411
13265	0.149342
11658	0.149198
4231	0.148799
7767	0.148741
4537	0.147570
8892	0.147133
9623	0.146498
1115	0.146091
9152	0.146060
9413	0.145437
12909	0.145404
823	0.145163
2128	0.144379
9711	0.144261
9708	0.144261
9707	0.144261
9705	0.144261
9703	0.144261
9699	0.144156
5433	0.142897
1122	0.142427
14415	0.141771
9277	0.141771
6889	0.141066
1114	0.141013
8604	0.140629
1656	0.140420
9709	0.140196
12036	0.139968
9702	0.139350
8584	0.138609
7752	0.136788
2064	0.136604
9258	0.136398
9480	0.135928
8533	0.135928
14365	0.135868
14364	0.135467
6102	0.135249
12979	0.135125
8451	0.134579
9710	0.134272
1458	0.134206
879	0.134159
14407	0.134113
10403	0.133413
12229	0.133326
14370	0.133317
12243	0.133069
4111	0.132973
2827	0.132937
8453	0.132790
10795	0.132783
14357	0.132774
7787	0.132774
5476	0.132700
5403	0.132656
10286	0.132388
14367	0.131801
8625	0.131685
13970	0.131187
2954	0.130981
14375	0.130527
2280	0.130175
6465	0.129893
9787	0.129885
9786	0.129885
9785	0.129885
9784	0.129885
9783	0.129885
9782	0.129885
9781	0.129885
9778	0.129885
9280	0.129885
8585	0.129885
8567	0.129885
8553	0.129885
2114	0.129834
9706	0.129596
222	0.129593
7917	0.129563
14416	0.129233
2955	0.127827
2953	0.127827
8676	0.127795
7606	0.127638
14368	0.127175
5177	0.127144
9244	0.126336
9780	0.125733
6501	0.125723
5033	0.125355
14374	0.125223
14363	0.125223
7918	0.124716
7783	0.124533
14351	0.124366
2968	0.124317
3588	0.124315
13665	0.124054
8180	0.123607
8792	0.123536
6473	0.123513
5034	0.123405
1930	0.123375
4021	0.123273
3706	0.123223
3431	0.122322
9713	0.122274
9913	0.122024
14404	0.121209
14400	0.121209
8143	0.121209
8096	0.121209
11850	0.120937
225	0.120590
8221	0.120315
4485	0.119911
6197	0.119815
8634	0.119757
9231	0.119741
7659	0.119666
4306	0.119582
11566	0.119290
9704	0.118982
4281	0.118221
9415	0.118008
8851	0.118008
8850	0.118008
7479	0.117806
13739	0.117471
9199	0.117131
9775	0.116365
2831	0.116246
1116	0.116152
7999	0.115706
73	0.115536
3116	0.115395
6447	0.115331
6149	0.115222
7954	0.114998
1113	0.114590
3741	0.113764
14219	0.113733
9673	0.113727
7692	0.112899
6695	0.112666
268	0.112662
6295	0.112358
187	0.112289
7782	0.111895
4922	0.111669
4958	0.111251
1694	0.111154
3142	0.111037
2523	0.111028
9145	0.111024
11989	0.110631
6742	0.110600
7227	0.110558
6278	0.110325
679	0.109814
14266	0.109780
11425	0.109670
10379	0.109670
14369	0.109478
14360	0.109468
14366	0.109468
14361	0.109468
14355	0.109468
8456	0.109468
2110	0.109127
5296	0.109078
12030	0.109006
3914	0.108925
2097	0.108624
11937	0.108603
3423	0.108441
1	0.107684
2107	0.107631
404	0.107627
4112	0.107559
8392	0.106644
4113	0.106311
113	0.106141
876	0.105449
9700	0.105333
3539	0.105177
8531	0.105094
9788	0.104823
6557	0.104788
10045	0.104650
141	0.104547
5855	0.104239
12242	0.103955
9178	0.103826
5413	0.103628
10538	0.103383
7654	0.103307
7880	0.103290
3590	0.103249
2621	0.102948
5035	0.102927
7655	0.102894
10329	0.102876
524	0.102789
7866	0.102570
304	0.102335
1132	0.102333
12218	0.102291
2058	0.102291
8874	0.102119
307	0.101741
5219	0.101664
6913	0.101581
2600	0.101422
6754	0.101405
239	0.101218
2828	0.101085
8447	0.100997
9993	0.100856
13533	0.100848
13532	0.100848
13531	0.100848
2	0.100828
4301	0.100744
3209	0.100686
51	0.100661
14395	0.100287
7891	0.100287
9796	0.100260
9302	0.100028
5123	0.099911
2109	0.099748
6725	0.099746
7888	0.099738
7495	0.099696
5696	0.099641
7400	0.099367
3751	0.099295
3750	0.099295
1905	0.099264
13293	0.099253
2108	0.099108
2821	0.099039
9062	0.098666
4511	0.098590
9761	0.098572
129	0.098429
8709	0.098410
2170	0.098266
8711	0.098166
8732	0.098066
8710	0.098056
9204	0.097985
8592	0.097985
3739	0.097982
1285	0.097876
730	0.097722
6395	0.097547
2060	0.097474
861	0.097436
469	0.097425
2660	0.097414
7913	0.097344
5968	0.097344
470	0.097344
9729	0.097333
8712	0.097204
8303	0.097204
8302	0.097204
7362	0.097204
6359	0.097204
4671	0.097132
4669	0.097132
6202	0.097124
2990	0.097098
7228	0.097044
4667	0.096952
13076	0.096894
8845	0.096835
8891	0.096708
5967	0.096688
13442	0.096649
4670	0.096547
3745	0.096322
12201	0.096294
12053	0.096272
6376	0.096270
3093	0.096197
8464	0.096038
7526	0.095808
8864	0.095806
8863	0.095806
8583	0.095806
8124	0.095806
7904	0.095806
7903	0.095806
7902	0.095806
7901	0.095806
7900	0.095806
7899	0.095806
7897	0.095806
7896	0.095806
7895	0.095806
1346	0.095805
4416	0.095678
10664	0.095669
13603	0.095539
13238	0.095539
9553	0.095539
2959	0.095539
12103	0.095539
7131	0.095508
13541	0.095391
13394	0.095317
1836	0.095215
1097	0.095202
12077	0.095061
6461	0.095061
3711	0.095061
7830	0.095046
13235	0.094853
5442	0.094745
4160	0.094731
3427	0.094603
2960	0.094552
9200	0.094246
14376	0.094226
14359	0.094226
7998	0.094226
13036	0.094209
12915	0.094131
12914	0.094131
9143	0.093780
6242	0.093780
6081	0.093408
7002	0.093306
14379	0.093249
1109	0.093228
353	0.093205
877	0.093084
4383	0.092881
6077	0.092860
14373	0.092810
14372	0.092810
14371	0.092810
14362	0.092810
14352	0.092810
14350	0.092810
8455	0.092810
7997	0.092810
7823	0.092810
10236	0.092803
1565	0.092694
9912	0.092442
9911	0.092442
6707	0.092329
2522	0.092309
9150	0.092027
6151	0.091889
2111	0.091839
13334	0.091812
6317	0.091681
2980	0.091655
5268	0.091577
888	0.091378
7569	0.091280
4868	0.091234
9121	0.091188
9112	0.091188
3710	0.091165
414	0.091160
6904	0.090992
3166	0.090881
4668	0.090866
4541	0.090792
3283	0.090684
2996	0.090530
3314	0.090515
3507	0.090431
6838	0.090406
3311	0.090344
13418	0.090243
6443	0.090169
4169	0.090123
8671	0.090078
9235	0.090067
9230	0.090067
9228	0.090067
9225	0.090067
9224	0.090067
9221	0.090067
9219	0.090067
9214	0.090067
9213	0.090067
9211	0.090067
9209	0.090067
9208	0.090067
9206	0.090067
9193	0.090067
8807	0.090067
8679	0.090067
8677	0.090067
8675	0.090067
8674	0.090067
8673	0.090067
8670	0.090067
8637	0.090067
8633	0.090067
8631	0.090067
8610	0.090067
8591	0.090067
8539	0.090067
8538	0.090067
8537	0.090067
8536	0.090067
8529	0.090067
8526	0.090067
8525	0.090067
8632	0.090067
2380	0.089945
5756	0.089762
7955	0.089752
2658	0.089623
6866	0.089484
7584	0.089403
9220	0.089350
7890	0.089333
12873	0.089323
2450	0.089243
7263	0.089226
2659	0.089067
11733	0.088719
981	0.088719
8635	0.088668
1400	0.088571
3906	0.088556
8530	0.088518
11803	0.088401
7686	0.088321
5790	0.088246
3619	0.088244
118	0.088179
7510	0.088161
3666	0.088146
10050	0.088074
1111	0.088002
2363	0.087883
2102	0.087799
1232	0.087791
1229	0.087791
231	0.087727
13054	0.087709
4596	0.087693
12131	0.087436
2641	0.087436
2640	0.087436
14290	0.087385
1979	0.087341
2423	0.087248
13508	0.087223
6016	0.087075
4758	0.086943
578	0.086759
7258	0.086719
3415	0.086645
7295	0.086628
713	0.086623
5546	0.086321
7676	0.086192
12295	0.086186
6243	0.086186
7453	0.086156
370	0.085993
3940	0.085910
9818	0.085736
9693	0.085736
12296	0.085619
6244	0.085619
8714	0.085575
5452	0.085485
122	0.085440
12275	0.085400
8041	0.085394
243	0.085341
9741	0.085336
3310	0.085336
2113	0.085331
4624	0.085313
11646	0.085288
8636	0.085218
9307	0.085100
882	0.085094
3974	0.084946
4595	0.084659
5908	0.084612
3212	0.084542
3921	0.084384
5245	0.084268
11930	0.084101
2192	0.084093
11611	0.084083
8894	0.084083
8893	0.084083
6339	0.084083
3439	0.084083
532	0.084069
4834	0.083995
9414	0.083924
9168	0.083886
14406	0.083861
14405	0.083861
5510	0.083831
8895	0.083663
7642	0.083549
12357	0.083541
8335	0.083513
1269	0.083507
3613	0.083459
11681	0.083359
2773	0.083216
3604	0.083197
11355	0.083100
1958	0.083021
119	0.082912
1850	0.082853
2510	0.082849
4672	0.082830
2521	0.082720
169	0.082711
7379	0.082541
7915	0.082476
2509	0.082444
6851	0.082419
874	0.082413
1228	0.082404
5737	0.082252
3700	0.082237
1300	0.082175
2950	0.082110
2708	0.082001
38	0.081983
948	0.081942
1833	0.081929
1235	0.081921
5243	0.081821
1780	0.081817
2424	0.081660
9735	0.081553
3778	0.081548
11806	0.081513
352	0.081460
5604	0.081270
3736	0.081184
2286	0.081167
5309	0.081066
4142	0.081049
2274	0.080993
2199	0.080833
11682	0.080745
4883	0.080653
1265	0.080647
3430	0.080638
13698	0.080540
13544	0.080540
4334	0.080499
1755	0.080423
2195	0.080410
10582	0.080317
6255	0.080315
295	0.080311
5745	0.080277
9222	0.080272
82	0.080254
1785	0.080233
13075	0.080029
6587	0.080028
6747	0.079902
758	0.079884
2204	0.079846
6519	0.079766
2605	0.079752
13706	0.079635
13738	0.079624
13731	0.079624
8334	0.079579
9347	0.079402
14393	0.079292
14377	0.079292
2014	0.079270
5914	0.079248
13707	0.079211
498	0.079156
5461	0.079000
8468	0.078946
2978	0.078946
2977	0.078946
14433	0.078924
5746	0.078890
14410	0.078868
14409	0.078868
14408	0.078868
7919	0.078868
13456	0.078857
13342	0.078857
3288	0.078823
7889	0.078790
13578	0.078718
13576	0.078718
13390	0.078718
7960	0.078567
12050	0.078549
7784	0.078547
14398	0.078520
14383	0.078520
8454	0.078520
7916	0.078520
7083	0.078520
9195	0.078494
7211	0.078488
2197	0.078472
2748	0.078426
9506	0.078410
11968	0.078354
949	0.078354
2124	0.078269
9192	0.078246
1090	0.078165
2661	0.078136
10232	0.078126
11914	0.078104
4450	0.078079
11147	0.078060
11998	0.078025
4377	0.077985
1457	0.077947
5963	0.077935
7276	0.077677
13050	0.077559
9210	0.077553
1254	0.077484
9232	0.077470
1293	0.077391
2281	0.077266
10030	0.077172
13325	0.077132
4205	0.077077
2190	0.077071
8928	0.076947
8628	0.076897
2104	0.076833
6127	0.076759
1380	0.076603
11798	0.076562
11996	0.076450
2593	0.076344
4463	0.076332
13942	0.076322
14248	0.076266
8047	0.076266
9855	0.076206
8713	0.076206
3536	0.076198
817	0.076171
9311	0.076163
80	0.076138
11625	0.075896
8090	0.075868
2847	0.075868
2843	0.075868
2839	0.075868
4778	0.075759
1853	0.075721
86	0.075640
1589	0.075599
11034	0.075567
2840	0.075545
13400	0.075540
2092	0.075487
2870	0.075465
35	0.075461
11429	0.075429
11324	0.075429
12182	0.075389
4464	0.075389
1754	0.075354
8412	0.075111
7480	0.075088
3786	0.075052
5013	0.074940
9748	0.074871
3388	0.074586
1006	0.074554
5289	0.074542
1952	0.074336
1711	0.074321
3952	0.074156
2283	0.074127
2979	0.074120
3438	0.074061
4581	0.074059
10227	0.074034
2202	0.074029
1756	0.073850
186	0.073849
3420	0.073826
1906	0.073806
6472	0.073705
6307	0.073704
13346	0.073702
11739	0.073688
3071	0.073680
2632	0.073618
10088	0.073558
5911	0.073508
5555	0.073507
5909	0.073450
8207	0.073438
9484	0.073434
9483	0.073434
5354	0.073426
3128	0.073399
3121	0.073399
3048	0.073399
2624	0.073399
2303	0.073394
4465	0.073384
2768	0.073383
6482	0.073302
5423	0.073289
5302	0.073204
9438	0.073178
1586	0.073141
1768	0.073065
7758	0.073060
1402	0.073028
10156	0.072925
9512	0.072920
2542	0.072908
12069	0.072874
9202	0.072843
9237	0.072749
13621	0.072735
8600	0.072723
14382	0.072647
4865	0.072626
7798	0.072587
5523	0.072422
3054	0.072350
13348	0.072336
11678	0.072306
5918	0.072289
9686	0.072178
11987	0.072154
13433	0.072149
3677	0.072143
13320	0.072126
6393	0.072116
104	0.071923
1030	0.071907
3948	0.071896
1992	0.071895
2394	0.071730
6036	0.071685
12721	0.071659
599	0.071655
10233	0.071644
8619	0.071632
5625	0.071596
11715	0.071591
9215	0.071581
2182	0.071548
4824	0.071450
9539	0.071392
3144	0.071288
13417	0.071164
155	0.070976
6292	0.070957
9610	0.070835
4216	0.070821
4857	0.070799
10566	0.070626
6192	0.070582
2442	0.070442
10570	0.070423
12204	0.070329
1837	0.070227
6017	0.070131
9419	0.070059
3592	0.069915
1039	0.069911
13545	0.069816
8176	0.069809
4625	0.069809
997	0.069690
6098	0.069665
79	0.069617
1854	0.069587
5338	0.069510
392	0.069465
6618	0.069320
8026	0.069280
6380	0.069271
4836	0.069151
5330	0.069117
1019	0.069115
14380	0.069087
8075	0.069087
2981	0.068941
8773	0.068934
6621	0.068934
648	0.068835
2758	0.068813
777	0.068718
2191	0.068640
9797	0.068582
3907	0.068558
7029	0.068510
13651	0.068502
2203	0.068483
3320	0.068383
3000	0.068358
2188	0.068218
13509	0.068216
13321	0.068214
7261	0.068194
7920	0.068181
2863	0.068150
74	0.068089
10694	0.068079
633	0.068067
11756	0.068046
6888	0.068046
1665	0.068028
9024	0.067992
9023	0.067992
9022	0.067992
8949	0.067992
5424	0.067987
716	0.067968
92	0.067867
2666	0.067856
3498	0.067799
11298	0.067796
10994	0.067796
2964	0.067795
13448	0.067778
1320	0.067764
4692	0.067743
4799	0.067729
12310	0.067724
14052	0.067708
10065	0.067708
9942	0.067675
9931	0.067675
9930	0.067675
9921	0.067675
9901	0.067675
9899	0.067675
9895	0.067675
9866	0.067675
9836	0.067675
9832	0.067675
9810	0.067675
9698	0.067675
9636	0.067675
9570	0.067675
9299	0.067675
10226	0.067654
8772	0.067615
12012	0.067492
12234	0.067463
4798	0.067455
489	0.067360
5272	0.067358
6623	0.067336
184	0.067328
14269	0.067220
14342	0.067166
2365	0.067015
2275	0.066892
6656	0.066857
1479	0.066807
5183	0.066680
8319	0.066650
6113	0.066622
1903	0.066581
7852	0.066566
10953	0.066542
6833	0.066508
6441	0.066506
8503	0.066407
9712	0.066323
128	0.066322
6464	0.066231
6463	0.066231
3061	0.066226
12868	0.066167
9242	0.066167
9241	0.066167
