5347	0.153503
7774	0.153415
5641	0.153415
5642	0.153407
2105	0.146911
2052	0.146762
9462	0.146256
11858	0.145835
9439	0.145332
1419	0.138752
3837	0.133759
9218	0.131501
1420	0.131207
2952	0.130637
4538	0.130458
1673	0.125692
2968	0.125160
2958	0.124605
2820	0.124209
13265	0.124135
11658	0.123551
8615	0.123298
235	0.120957
12252	0.120871
9226	0.120158
9217	0.120158
8534	0.120158
7827	0.120113
3389	0.119608
5219	0.119102
6806	0.118601
4542	0.118546
823	0.118228
2114	0.117160
9623	0.116653
2064	0.116399
6395	0.115932
7526	0.115830
8864	0.115806
8863	0.115806
8583	0.115806
8124	0.115806
7904	0.115806
7903	0.115806
7902	0.115806
7901	0.115806
7900	0.115806
7899	0.115806
7897	0.115806
7896	0.115806
7895	0.115806
8892	0.114948
9135	0.114629
6695	0.113977
9177	0.113943
9702	0.113925
14415	0.113862
9277	0.113862
3739	0.113837
7767	0.113492
6838	0.113193
12030	0.113086
1119	0.112559
221	0.112361
1120	0.112138
5413	0.112032
13036	0.111937
11607	0.111917
3745	0.111794
12053	0.111762
13247	0.111651
7659	0.111454
11999	0.111445
4304	0.111434
4302	0.111434
14407	0.111040
9152	0.110626
7752	0.109995
51	0.109576
13076	0.109563
268	0.109526
9201	0.109255
9711	0.109119
9708	0.109119
9707	0.109119
9705	0.109119
9703	0.109119
9699	0.109040
6278	0.108186
14266	0.107939
12348	0.107850
1232	0.107784
1229	0.107784
304	0.107409
9794	0.107323
4106	0.107104
6889	0.106970
2280	0.106760
8352	0.106597
8351	0.106597
2957	0.106597
2956	0.106597
7872	0.106597
404	0.106422
861	0.106344
469	0.106328
7913	0.106209
5968	0.106209
470	0.106209
4667	0.106061
4671	0.105364
4669	0.105364
2990	0.105322
5967	0.105272
1118	0.105240
7288	0.105127
4670	0.105035
13850	0.104909
8584	0.104806
5546	0.104767
9207	0.104683
9205	0.104683
8528	0.104683
2107	0.104674
4105	0.104617
6896	0.104305
8611	0.104224
4231	0.103978
9480	0.103887
8533	0.103887
9248	0.103857
6895	0.103776
4537	0.103514
4168	0.103359
1346	0.103265
9706	0.103081
1458	0.102825
6102	0.102727
13545	0.102572
3921	0.101631
9231	0.101370
8634	0.101359
8451	0.101265
1133	0.101229
12873	0.101087
14233	0.101066
1136	0.101066
9775	0.100864
224	0.100823
3507	0.100798
7379	0.100668
2902	0.100640
13449	0.100291
4383	0.100276
115	0.100144
4305	0.100003
353	0.099977
5033	0.099933
9780	0.099430
9787	0.099282
9786	0.099282
9785	0.099282
9784	0.099282
9783	0.099282
9782	0.099282
9781	0.099282
9778	0.099282
9280	0.099282
8585	0.099282
8567	0.099282
8553	0.099282
7131	0.099274
6465	0.099236
8076	0.099164
4163	0.099101
14418	0.099061
14417	0.099061
13284	0.099061
13152	0.099061
9795	0.099061
9793	0.099061
9792	0.099061
9791	0.099061
9789	0.099061
9745	0.099061
9163	0.099061
8614	0.099061
8613	0.099061
8177	0.099061
4416	0.098941
2523	0.098763
13665	0.098679
2110	0.098611
4668	0.098601
14416	0.098600
1228	0.098481
3741	0.097968
2522	0.097954
7295	0.097884
2097	0.097834
11989	0.097729
2109	0.097657
2996	0.097576
9307	0.097369
5034	0.097351
5500	0.096999
2600	0.096705
10661	0.096682
7757	0.096477
11733	0.096404
6473	0.096193
1400	0.096081
3209	0.095968
5746	0.095763
8625	0.095589
12909	0.095518
9413	0.095449
9200	0.095050
8531	0.094774
3588	0.094722
7686	0.094672
9150	0.094275
9415	0.094113
8851	0.094113
8850	0.094113
2821	0.094075
8676	0.093956
3438	0.093862
11646	0.093846
9913	0.093678
8180	0.093652
1121	0.093531
6149	0.093486
13394	0.093435
14358	0.093037
7400	0.093002
11147	0.092804
6532	0.092704
876	0.092672
10232	0.092572
6482	0.092492
370	0.092356
4294	0.092271
9686	0.092267
2	0.092109
9244	0.091829
4672	0.091735
8090	0.091573
2847	0.091573
2843	0.091573
2839	0.091573
4778	0.091475
12077	0.091352
6461	0.091352
3711	0.091352
2892	0.091281
4111	0.091243
2840	0.091220
13235	0.091179
7955	0.090942
7453	0.090855
7676	0.090839
9709	0.090811
35	0.090790
225	0.090429
730	0.090360
38	0.090192
2773	0.090108
9174	0.089889
7954	0.089694
1756	0.089343
9710	0.089326
9347	0.089272
3710	0.088871
4175	0.088350
8604	0.088153
7606	0.088018
10227	0.087980
9673	0.087863
8635	0.087692
5433	0.087588
5346	0.087453
9192	0.087438
8312	0.087417
6430	0.087365
1123	0.087365
4176	0.087069
4848	0.087030
4169	0.087029
6443	0.087018
6217	0.086981
8671	0.086952
9235	0.086942
9230	0.086942
9228	0.086942
9225	0.086942
9224	0.086942
9221	0.086942
9219	0.086942
9214	0.086942
9213	0.086942
9211	0.086942
9209	0.086942
9208	0.086942
9206	0.086942
9193	0.086942
8807	0.086942
8679	0.086942
8677	0.086942
8675	0.086942
8674	0.086942
8673	0.086942
8670	0.086942
8637	0.086942
8633	0.086942
8631	0.086942
8610	0.086942
8591	0.086942
8539	0.086942
8538	0.086942
8537	0.086942
8536	0.086942
8529	0.086942
8526	0.086942
8525	0.086942
8632	0.086942
12276	0.086935
14263	0.086935
14002	0.086935
14001	0.086935
14000	0.086935
13998	0.086935
13996	0.086935
6666	0.086935
5064	0.086935
4854	0.086935
4852	0.086935
4977	0.086899
1115	0.086094
12915	0.085725
12914	0.085725
8792	0.085723
11678	0.085674
9176	0.085671
8809	0.085671
352	0.085572
1905	0.085526
12069	0.085361
5299	0.085255
10694	0.085214
6127	0.085047
8207	0.084850
13997	0.084802
9204	0.084733
8592	0.084733
4976	0.084673
9788	0.084572
2881	0.084539
6317	0.084413
4855	0.084364
10226	0.084201
13054	0.083981
1265	0.083779
9704	0.083726
2979	0.083695
9311	0.083671
599	0.083577
6295	0.083373
4281	0.083205
11715	0.083175
10233	0.083084
6689	0.083070
6967	0.083070
2128	0.082913
4301	0.082729
2845	0.082685
11737	0.082511
1285	0.082491
4511	0.082469
9713	0.082322
1952	0.082142
6305	0.081979
13030	0.081934
498	0.081863
10045	0.081848
4463	0.081781
6501	0.081536
9237	0.081494
2185	0.081439
9220	0.081375
3940	0.081372
1402	0.081281
2188	0.081206
6191	0.081202
8636	0.081193
8530	0.081133
6302	0.080993
6267	0.080993
5442	0.080962
11987	0.080921
11739	0.080841
14290	0.080754
2621	0.080675
633	0.080509
781	0.080234
12357	0.080209
9215	0.080090
4824	0.080088
7642	0.080007
12010	0.079891
1656	0.079842
13970	0.079800
5035	0.079717
9438	0.079714
3212	0.079577
14375	0.079398
2980	0.079379
7917	0.079319
12219	0.079291
11226	0.079233
12182	0.079215
4464	0.079215
6913	0.079210
6616	0.079209
5296	0.079206
11998	0.079136
4450	0.079133
1097	0.079105
4377	0.079089
5354	0.078882
5476	0.078874
7830	0.078742
13533	0.078733
13532	0.078733
13531	0.078733
11806	0.078720
6618	0.078661
8773	0.078656
6621	0.078656
2380	0.078552
11298	0.078437
10994	0.078437
9210	0.078264
2281	0.078217
1785	0.078144
14162	0.078108
4922	0.078042
3738	0.078000
6255	0.077975
4850	0.077825
14003	0.077623
1300	0.077605
4998	0.077596
4112	0.077548
8503	0.077310
4118	0.077247
3320	0.077237
4113	0.077149
879	0.077001
4262	0.076946
13517	0.076859
114	0.076743
817	0.076661
9700	0.076413
4559	0.076340
12141	0.076302
2954	0.076156
4509	0.076029
13942	0.075863
11679	0.075819
14248	0.075812
8047	0.075812
7654	0.075786
1293	0.075772
4849	0.075584
9385	0.075511
7655	0.075498
13557	0.075422
13556	0.075422
3590	0.075370
9145	0.075352
782	0.075237
6742	0.075079
1030	0.075060
4958	0.075060
9912	0.075040
9911	0.075040
11988	0.075019
2283	0.075013
2424	0.074986
5245	0.074619
3934	0.074550
6707	0.074518
586	0.074393
2363	0.074219
14351	0.074076
2277	0.074004
2286	0.074001
4865	0.073928
13928	0.073926
2955	0.073917
2953	0.073917
9361	0.073793
8565	0.073710
3666	0.073661
3700	0.073536
6393	0.073517
7918	0.073488
13897	0.073395
8928	0.073381
13926	0.073278
6587	0.073273
874	0.073178
613	0.073021
239	0.072988
4160	0.072943
86	0.072871
5591	0.072740
4021	0.072675
10229	0.072537
13456	0.072502
13342	0.072502
9484	0.072407
9483	0.072407
6044	0.072357
11850	0.072312
10403	0.072262
3448	0.072102
7888	0.072095
222	0.071992
3193	0.071989
4465	0.071975
1039	0.071950
1114	0.071944
9222	0.071891
2605	0.071805
13462	0.071765
3539	0.071745
14395	0.071694
7891	0.071694
14367	0.071691
6035	0.071545
6277	0.071525
9024	0.071355
9023	0.071355
9022	0.071355
8949	0.071355
1919	0.071329
6378	0.071322
1403	0.071287
2274	0.071238
8468	0.071213
2978	0.071213
2977	0.071213
5177	0.071100
13448	0.071054
9168	0.071008
12243	0.070939
7856	0.070718
12281	0.070655
6619	0.070655
3388	0.070616
243	0.070482
12275	0.070476
9741	0.070469
3310	0.070469
4624	0.070457
3311	0.070448
7263	0.070314
9199	0.070277
3786	0.070264
5790	0.070225
10230	0.070185
4619	0.070056
9942	0.069959
9931	0.069959
9930	0.069959
9921	0.069959
9901	0.069959
9899	0.069959
9895	0.069959
9866	0.069959
9836	0.069959
9832	0.069959
9810	0.069959
9698	0.069959
9636	0.069959
9570	0.069959
9299	0.069959
14303	0.069924
14302	0.069924
14301	0.069924
14300	0.069924
14299	0.069924
9121	0.069921
9112	0.069921
7167	0.069910
8711	0.069909
1307	0.069907
12036	0.069877
1132	0.069844
3314	0.069835
8710	0.069834
8732	0.069830
2964	0.069815
9761	0.069806
10538	0.069791
5908	0.069755
888	0.069750
12310	0.069641
9797	0.069632
9610	0.069555
4447	0.069359
3116	0.069293
119	0.069277
4834	0.069227
524	0.069166
3736	0.069150
9195	0.069136
2828	0.069095
3604	0.068817
3973	0.068782
10748	0.068717
9834	0.068717
2458	0.068681
9957	0.068650
5118	0.068627
578	0.068617
1816	0.068283
4116	0.068194
9170	0.068135
113	0.068051
12229	0.068008
2755	0.067868
13199	0.067862
13198	0.067862
4148	0.067847
2542	0.067813
11982	0.067810
5414	0.067810
5412	0.067810
80	0.067782
4758	0.067733
6034	0.067596
11300	0.067561
8845	0.067481
12093	0.067465
14370	0.067441
2950	0.067270
10286	0.067220
14379	0.067072
14004	0.067018
4866	0.067018
3654	0.066873
118	0.066829
8606	0.066755
13945	0.066709
5914	0.066623
6851	0.066616
13200	0.066563
9320	0.066563
9318	0.066563
9315	0.066563
9314	0.066563
9313	0.066563
9312	0.066563
9310	0.066563
9309	0.066563
9306	0.066563
9305	0.066563
8733	0.066563
8669	0.066563
8668	0.066563
8608	0.066563
8607	0.066563
8605	0.066563
8603	0.066563
7703	0.066563
7477	0.066563
7408	0.066563
4485	0.066434
2263	0.066433
7702	0.066418
4165	0.066380
4853	0.066328
503	0.066239
1800	0.066162
2708	0.066145
9855	0.066123
8713	0.066123
307	0.066116
1094	0.066093
7306	0.066092
13889	0.066083
6598	0.066076
2817	0.066068
9796	0.066040
2846	0.066031
11767	0.066030
5403	0.066027
8453	0.066012
14357	0.066002
7787	0.066002
10795	0.065974
9202	0.065969
4935	0.065967
4836	0.065906
9512	0.065889
948	0.065823
92	0.065747
596	0.065730
11964	0.065722
3144	0.065672
4596	0.065635
8204	0.065630
2182	0.065601
5918	0.065545
7479	0.065542
2841	0.065473
9735	0.065467
14214	0.065444
14406	0.065429
14405	0.065429
10839	0.065428
5375	0.065295
11803	0.065283
2666	0.065217
14085	0.065181
11681	0.065176
10838	0.065104
3974	0.065098
9729	0.065063
11682	0.065042
13739	0.065036
679	0.064949
8621	0.064945
6557	0.064923
7699	0.064831
4581	0.064735
492	0.064713
3613	0.064629
7101	0.064626
6576	0.064617
2423	0.064614
2831	0.064507
3636	0.064472
12979	0.064426
13767	0.064363
4306	0.064311
6077	0.064275
1780	0.064254
1906	0.064143
14219	0.064141
5243	0.064139
9840	0.064138
1930	0.064137
7200	0.064119
12462	0.064056
10685	0.064056
4042	0.064040
12143	0.064032
7700	0.064025
5855	0.064001
12063	0.064000
5289	0.063926
1090	0.063895
13939	0.063875
7082	0.063864
8712	0.063852
8303	0.063852
8302	0.063852
7362	0.063852
6359	0.063852
4883	0.063846
6447	0.063816
6202	0.063761
8628	0.063731
13999	0.063720
5005	0.063720
2027	0.063674
5777	0.063666
14283	0.063645
2118	0.063611
122	0.063604
14269	0.063600
11996	0.063591
2477	0.063475
6016	0.063426
4087	0.063386
9870	0.063315
4873	0.063302
2748	0.063266
2844	0.063258
13815	0.063138
2014	0.063080
6533	0.063045
9223	0.063022
5697	0.062948
4692	0.062928
5123	0.062889
4476	0.062888
10231	0.062876
13050	0.062834
5305	0.062748
2593	0.062506
1254	0.062475
7999	0.062415
14101	0.062375
8365	0.062375
2442	0.062373
3128	0.062359
3121	0.062359
3048	0.062359
2624	0.062359
2303	0.062355
13910	0.062339
5062	0.062293
6007	0.062167
8709	0.062154
6881	0.062133
10050	0.062129
6081	0.062079
3288	0.062066
2060	0.061951
8619	0.061933
117	0.061892
14365	0.061874
6731	0.061872
2941	0.061832
12041	0.061778
3427	0.061735
3071	0.061684
13698	0.061681
13544	0.061681
79	0.061520
7089	0.061518
3430	0.061475
3142	0.061388
4595	0.061273
3054	0.061272
10582	0.061213
11566	0.061121
5038	0.061106
2394	0.061080
6904	0.061059
1992	0.061054
786	0.060967
8714	0.060924
10236	0.060903
1809	0.060888
2117	0.060711
155	0.060641
13374	0.060613
13373	0.060613
13319	0.060612
13680	0.060580
5737	0.060564
609	0.060549
2276	0.060529
2116	0.060523
13689	0.060510
13489	0.060510
1457	0.060509
13633	0.060503
9460	0.060492
6291	0.060492
1812	0.060453
1811	0.060453
10127	0.060432
1238	0.060408
7890	0.060351
7977	0.060346
1111	0.060238
6886	0.060195
9232	0.060144
14364	0.060138
13490	0.060126
13632	0.060125
13631	0.060125
1889	0.060125
837	0.060118
11818	0.060105
5712	0.060037
5711	0.060037
5710	0.060037
5451	0.060031
426	0.059983
8398	0.059967
6464	0.059960
6463	0.059960
2632	0.059958
3287	0.059921
14186	0.059919
3884	0.059747
11325	0.059685
13574	0.059637
5963	0.059632
882	0.059595
2111	0.059577
4053	0.059557
14433	0.059545
14410	0.059545
14409	0.059545
14408	0.059545
7919	0.059545
2227	0.059536
7692	0.059490
4094	0.059486
6908	0.059456
13013	0.059452
12962	0.059452
7889	0.059424
8329	0.059400
5461	0.059370
9308	0.059355
5909	0.059329
5012	0.059263
14209	0.059237
10642	0.059137
184	0.059096
6006	0.059085
5235	0.059029
9466	0.058997
2452	0.058953
7958	0.058898
2602	0.058875
7584	0.058831
13435	0.058813
2059	0.058813
6866	0.058761
14226	0.058730
14225	0.058730
13873	0.058730
13872	0.058730
13871	0.058730
13870	0.058730
8437	0.058730
8435	0.058730
8434	0.058730
11968	0.058712
949	0.058712
1235	0.058648
7915	0.058648
5745	0.058621
3420	0.058620
2067	0.058605
9495	0.058604
9147	0.058604
7782	0.058575
9831	0.058511
169	0.058499
10701	0.058496
9674	0.058466
9540	0.058460
9909	0.058451
3536	0.058400
2057	0.058396
13932	0.058310
12300	0.058297
7510	0.058294
7228	0.058241
4857	0.058186
2809	0.058163
2365	0.058025
456	0.057979
5101	0.057906
10337	0.057878
597	0.057861
4946	0.057857
5423	0.057750
121	0.057676
2189	0.057675
9269	0.057646
6292	0.057642
9539	0.057622
2170	0.057618
10088	0.057502
1042	0.057482
2037	0.057461
9258	0.057447
11798	0.057443
678	0.057383
2453	0.057307
12204	0.057285
5424	0.057172
10405	0.057169
392	0.057168
6754	0.057113
10534	0.057096
4032	0.057090
11019	0.057046
1958	0.057023
4142	0.057022
414	0.057013
6252	0.056944
3505	0.056934
5911	0.056847
4693	0.056812
13497	0.056761
13320	0.056499
