8916	0.142087
8915	0.142087
8914	0.142087
8913	0.142087
8912	0.142087
8911	0.142087
7634	0.142087
6568	0.142087
7635	0.137300
7633	0.137300
8910	0.136171
8293	0.132053
2598	0.117583
8110	0.111032
4707	0.110089
3358	0.109196
12785	0.106854
12784	0.106118
2107	0.105662
4426	0.104737
1315	0.104513
13265	0.104173
11658	0.103928
7774	0.103850
5641	0.103850
5642	0.103834
5347	0.103682
498	0.102847
8093	0.102169
3636	0.100967
2105	0.100918
4706	0.099700
1466	0.099336
2110	0.099306
8773	0.099142
6621	0.099142
6618	0.098862
2600	0.098695
2277	0.098290
2109	0.097475
12281	0.095708
6619	0.095708
9384	0.095305
3246	0.095305
7744	0.095301
2708	0.095099
1952	0.094119
1745	0.093741
9105	0.093710
9104	0.093710
9987	0.093139
823	0.092797
11987	0.092661
3359	0.092001
4466	0.091761
3258	0.091597
5375	0.090521
3437	0.089821
12007	0.089136
1756	0.089054
13076	0.088975
4977	0.088621
3739	0.088444
3241	0.088363
13036	0.088324
3209	0.088000
2821	0.087686
12053	0.087098
3745	0.087083
6838	0.086830
4976	0.086701
11147	0.086081
3921	0.085457
2185	0.085401
304	0.084612
10694	0.084525
6967	0.084370
6689	0.084370
10232	0.084234
2097	0.084148
3550	0.083704
3967	0.083443
12010	0.082986
6191	0.082881
9385	0.082821
14003	0.082750
4873	0.082744
6267	0.082727
6302	0.082727
4998	0.082707
2188	0.082501
13557	0.082477
13556	0.082477
13054	0.082423
6761	0.082375
9686	0.082175
4468	0.082105
13394	0.081891
3212	0.081852
7379	0.081615
10226	0.081360
2979	0.081333
13449	0.081119
11737	0.080954
4175	0.080728
848	0.080699
11858	0.080547
781	0.080294
7306	0.080268
4111	0.080219
5500	0.080204
11989	0.080177
9439	0.080022
2952	0.079900
6378	0.079852
645	0.079606
9095	0.079506
8129	0.079331
10227	0.079322
6217	0.079302
4176	0.079197
12276	0.079193
14263	0.079193
14002	0.079193
14001	0.079193
14000	0.079193
13998	0.079193
13996	0.079193
6666	0.079193
5064	0.079193
4854	0.079193
4852	0.079193
14262	0.079015
9462	0.078804
2052	0.078770
4582	0.078597
1109	0.078541
2892	0.078443
7519	0.078428
11733	0.078387
7131	0.078333
7526	0.077942
8864	0.077941
8863	0.077941
8583	0.077941
8124	0.077941
7904	0.077941
7903	0.077941
7902	0.077941
7901	0.077941
7900	0.077941
7899	0.077941
7897	0.077941
7896	0.077941
7895	0.077941
8740	0.077909
10636	0.077827
2523	0.077771
6695	0.077757
9775	0.077600
2881	0.077524
3778	0.077495
1419	0.077452
6393	0.077368
4416	0.077295
4865	0.077193
2522	0.077122
9861	0.076638
9819	0.076638
4850	0.076581
1837	0.076577
1307	0.076548
876	0.076419
599	0.076332
6065	0.076317
3447	0.076148
10469	0.076130
1946	0.076035
2111	0.075923
6874	0.075776
10233	0.075672
1119	0.075547
11298	0.075502
10994	0.075502
1120	0.075483
8329	0.075364
4542	0.075325
13897	0.075313
6064	0.075283
13247	0.075089
10678	0.075005
5219	0.075002
316	0.074980
3977	0.074956
6305	0.074607
13030	0.074500
1878	0.074420
3438	0.074382
746	0.074202
8635	0.074191
221	0.074103
11321	0.074073
5546	0.073750
14303	0.073643
14302	0.073643
14301	0.073643
14300	0.073643
14299	0.073643
6762	0.073633
1420	0.073482
635	0.073333
7167	0.073307
4094	0.073252
5877	0.073223
4262	0.073147
3638	0.073080
991	0.072813
14162	0.072809
12173	0.072455
13997	0.072354
13360	0.072319
4537	0.072290
1237	0.072196
11548	0.072129
633	0.072108
8312	0.071919
1734	0.071901
11638	0.071809
4855	0.071795
14269	0.071731
5746	0.071666
4029	0.071656
683	0.071613
5118	0.071197
1030	0.071164
13448	0.071159
586	0.071127
260	0.070954
4118	0.070839
1238	0.070807
1945	0.070776
2280	0.070720
10733	0.070662
5395	0.070660
2189	0.070642
12134	0.070635
13429	0.070443
9978	0.070417
5918	0.070340
13545	0.070320
1346	0.070272
4692	0.070196
1953	0.070071
1954	0.070071
4343	0.070047
5397	0.069970
5396	0.069970
2646	0.069450
9769	0.069433
2113	0.069378
997	0.069048
6255	0.069000
6101	0.068888
11779	0.068830
5536	0.068830
5631	0.068768
51	0.068763
5829	0.068620
10230	0.068547
1403	0.068530
6741	0.068416
5830	0.068373
12287	0.068368
8515	0.068368
6530	0.068193
1951	0.068069
12219	0.067922
6317	0.067880
13285	0.067860
8565	0.067802
6841	0.067505
1111	0.067438
2841	0.067415
5183	0.067372
10229	0.067317
6528	0.067234
14186	0.067212
6157	0.067096
6835	0.067089
1232	0.067037
1229	0.067037
702	0.066953
9226	0.066946
9217	0.066946
8534	0.066946
7827	0.066906
5033	0.066855
13355	0.066727
782	0.066603
877	0.066577
6102	0.066540
2168	0.066425
13665	0.066396
6616	0.066291
3539	0.066223
12141	0.066085
9869	0.065837
7659	0.065697
11349	0.065498
5034	0.065485
354	0.065319
314	0.065218
874	0.065198
6875	0.065143
1956	0.065114
12077	0.065073
6461	0.065073
3711	0.065073
12074	0.065072
13633	0.065046
4974	0.065042
1412	0.064958
13235	0.064902
1044	0.064895
6806	0.064887
4848	0.064721
13490	0.064643
13632	0.064643
13631	0.064643
5815	0.064574
12683	0.064572
5299	0.064506
12814	0.064486
11178	0.064356
6472	0.064289
8171	0.064279
11601	0.064165
4080	0.064118
7295	0.064078
6694	0.063996
13517	0.063880
5876	0.063864
713	0.063739
5487	0.063704
3027	0.063477
7258	0.063434
2128	0.063335
837	0.063199
13374	0.063088
13373	0.063088
730	0.063059
9204	0.063057
8592	0.063057
1150	0.062969
10701	0.062938
2648	0.062887
268	0.062855
1118	0.062806
11624	0.062797
3940	0.062794
13561	0.062768
10133	0.062768
9484	0.062582
9483	0.062582
3906	0.062577
2968	0.062480
10505	0.062325
11906	0.062300
1052	0.061988
5305	0.061972
12517	0.061948
2958	0.061889
7937	0.061840
6377	0.061686
835	0.061684
12046	0.061658
13945	0.061647
1673	0.061643
2182	0.061590
14283	0.061550
1094	0.061468
2973	0.061461
2575	0.061454
9347	0.061322
11300	0.061288
7767	0.061241
8636	0.061196
303	0.061162
4169	0.061135
13815	0.061119
9235	0.061068
9230	0.061068
9228	0.061068
9225	0.061068
9224	0.061068
9221	0.061068
9219	0.061068
9214	0.061068
9213	0.061068
9211	0.061068
9209	0.061068
9208	0.061068
9206	0.061068
9193	0.061068
8807	0.061068
8679	0.061068
8677	0.061068
8675	0.061068
8674	0.061068
8673	0.061068
8670	0.061068
8637	0.061068
8633	0.061068
8631	0.061068
8610	0.061068
8591	0.061068
8539	0.061068
8538	0.061068
8537	0.061068
8536	0.061068
8529	0.061068
8526	0.061068
8525	0.061068
8632	0.061068
8671	0.061048
6443	0.061038
12357	0.060988
2	0.060966
6303	0.060961
2945	0.060944
10333	0.060852
4447	0.060849
8168	0.060792
12800	0.060774
2820	0.060755
6395	0.060737
1228	0.060687
3458	0.060557
13199	0.060556
13198	0.060556
11090	0.060537
10132	0.060511
331	0.060487
1132	0.060470
2828	0.060466
9361	0.060460
817	0.060387
549	0.060358
13028	0.060283
5635	0.060278
9253	0.060248
2525	0.060247
6006	0.060172
13999	0.060113
5005	0.060113
13173	0.060099
12678	0.060081
4935	0.060067
13928	0.059968
4853	0.059957
10231	0.059773
13889	0.059711
4849	0.059603
8584	0.059564
14266	0.059533
6278	0.059514
9237	0.059459
4538	0.059429
11004	0.059424
4672	0.059399
13536	0.059384
593	0.059360
6889	0.059335
11781	0.059320
12706	0.059319
11377	0.059242
13926	0.059230
9460	0.059203
12030	0.059127
4619	0.059113
2201	0.059023
9218	0.058904
5745	0.058896
3665	0.058772
10500	0.058746
9231	0.058670
8634	0.058651
7453	0.058557
13932	0.058419
3243	0.058291
7676	0.058197
7642	0.058183
9909	0.058170
14004	0.058154
4866	0.058154
5268	0.058114
11127	0.058052
2124	0.058005
10127	0.057665
4520	0.057548
2151	0.057504
6665	0.057486
13910	0.057485
5460	0.057479
5878	0.057456
10510	0.057440
311	0.057340
5189	0.057332
1919	0.057331
9223	0.057228
12677	0.057011
10457	0.056952
8230	0.056935
3505	0.056909
9120	0.056797
321	0.056659
10534	0.056657
1127	0.056572
9346	0.056519
14085	0.056505
383	0.056420
1718	0.056402
6450	0.056232
353	0.056032
12234	0.056010
330	0.055983
329	0.055977
13060	0.055910
13055	0.055910
13048	0.055910
13014	0.055910
13009	0.055910
12892	0.055910
8379	0.055910
3507	0.055866
5747	0.055738
3710	0.055725
4596	0.055715
861	0.055588
469	0.055571
4660	0.055510
2112	0.055492
405	0.055455
7913	0.055440
5968	0.055440
470	0.055440
13467	0.055355
11527	0.055261
4946	0.055246
4799	0.055149
3738	0.055117
5167	0.055025
13767	0.055017
4659	0.054902
4667	0.054880
2666	0.054851
6482	0.054824
8922	0.054781
1731	0.054781
3494	0.054776
12263	0.054768
4682	0.054768
6044	0.054719
1833	0.054703
5967	0.054444
11818	0.054403
10039	0.054373
6677	0.054342
335	0.054326
334	0.054326
327	0.054326
305	0.054326
302	0.054326
10748	0.054310
9834	0.054310
2198	0.054296
8072	0.054183
312	0.054177
1262	0.054127
3373	0.054123
6473	0.054113
12873	0.054088
7939	0.054075
2970	0.054039
9307	0.054011
2458	0.053926
4396	0.053920
3448	0.053918
1730	0.053868
11968	0.053849
949	0.053849
1964	0.053814
4042	0.053685
9220	0.053683
12143	0.053624
2283	0.053554
14290	0.053531
11977	0.053359
4798	0.053334
2579	0.053217
10366	0.053164
8530	0.053128
698	0.053043
3483	0.053021
13182	0.053014
1285	0.052955
2248	0.052854
6035	0.052793
4106	0.052780
6277	0.052765
2944	0.052697
333	0.052613
6179	0.052612
578	0.052566
3870	0.052536
12142	0.052483
4830	0.052461
4829	0.052461
1173	0.052444
9210	0.052401
5541	0.052382
5245	0.052342
4165	0.052325
10384	0.052248
12434	0.052210
12390	0.052210
10245	0.052194
404	0.052142
11005	0.052126
5346	0.052117
332	0.052093
295	0.052079
11003	0.052046
12827	0.052034
2247	0.052004
2203	0.052003
7976	0.051999
11545	0.051990
4595	0.051969
792	0.051923
10365	0.051900
1293	0.051865
8352	0.051844
8351	0.051844
2957	0.051844
2956	0.051844
7872	0.051840
12391	0.051838
4708	0.051816
7964	0.051685
619	0.051604
6836	0.051602
10312	0.051542
1242	0.051410
1727	0.051389
5472	0.051380
6598	0.051293
3484	0.051285
3508	0.051285
540	0.051285
7380	0.051260
13135	0.051259
2267	0.051234
4088	0.051183
310	0.051131
4112	0.051085
13200	0.050969
9320	0.050969
9318	0.050969
9315	0.050969
9314	0.050969
9313	0.050969
9312	0.050969
9310	0.050969
9309	0.050969
9306	0.050969
9305	0.050969
8733	0.050969
8669	0.050969
8668	0.050969
8608	0.050969
8607	0.050969
8605	0.050969
8603	0.050969
7703	0.050969
7477	0.050969
7408	0.050969
13850	0.050964
4053	0.050930
4148	0.050915
7702	0.050893
7766	0.050891
9099	0.050825
12042	0.050806
3481	0.050806
9192	0.050777
4671	0.050688
4669	0.050688
2990	0.050670
7856	0.050621
6896	0.050469
9540	0.050420
4216	0.050335
883	0.050309
6008	0.050296
1235	0.050225
6060	0.050210
6127	0.050199
814	0.050173
5832	0.050170
7874	0.050070
596	0.050057
2080	0.050033
4113	0.049971
3002	0.049966
352	0.049934
6886	0.049930
11964	0.049927
6732	0.049889
11739	0.049881
4105	0.049849
227	0.049816
6576	0.049791
2442	0.049775
6715	0.049743
306	0.049740
8246	0.049709
2755	0.049662
9202	0.049631
4670	0.049597
85	0.049475
4079	0.049405
5038	0.049376
4824	0.049357
2135	0.049320
9215	0.049295
4383	0.049293
4632	0.049218
7245	0.049135
6895	0.049046
11767	0.049035
11415	0.048996
2197	0.048987
2143	0.048915
11863	0.048910
2732	0.048910
1614	0.048854
13013	0.048738
12962	0.048738
4083	0.048699
2245	0.048575
10847	0.048551
10412	0.048493
503	0.048484
5958	0.048473
11107	0.048298
5935	0.048281
2181	0.048243
326	0.048242
7955	0.048235
11578	0.048218
2480	0.048167
6003	0.048161
11718	0.048052
2263	0.047897
6017	0.047846
12435	0.047811
12403	0.047808
9273	0.047767
4661	0.047734
1145	0.047661
881	0.047630
5035	0.047630
8130	0.047560
4045	0.047550
3717	0.047435
86	0.047355
12176	0.047301
11546	0.047287
12912	0.047240
10611	0.047219
12716	0.047214
1835	0.047194
1038	0.047190
6517	0.047173
5272	0.047142
13061	0.047136
9063	0.047056
13942	0.046921
5423	0.046888
10523	0.046881
3492	0.046879
6361	0.046831
6078	0.046828
1133	0.046813
2964	0.046736
2902	0.046734
10821	0.046723
2073	0.046700
14248	0.046639
8047	0.046639
10051	0.046582
4763	0.046568
11325	0.046557
12723	0.046557
7920	0.046526
2117	0.046477
2292	0.046460
3973	0.046432
553	0.046426
8099	0.046360
2291	0.046343
10762	0.046325
13384	0.046249
2318	0.046228
166	0.046215
13574	0.046205
11840	0.046195
13224	0.046154
12207	0.046109
10761	0.046093
6185	0.046062
12909	0.046056
2714	0.046047
7343	0.046009
3193	0.045989
9413	0.045929
5859	0.045891
2165	0.045857
2961	0.045847
2085	0.045814
7207	0.045809
10982	0.045767
2572	0.045764
4051	0.045704
716	0.045696
2108	0.045632
9940	0.045576
9914	0.045576
7044	0.045576
6848	0.045576
2118	0.045571
5779	0.045483
2278	0.045450
2542	0.045443
7650	0.045400
7096	0.045400
13948	0.045364
7468	0.045360
2967	0.045360
9170	0.045347
4076	0.045234
9727	0.045194
6204	0.045181
7830	0.045167
13184	0.045137
9274	0.045102
7404	0.045096
12310	0.045079
3569	0.045077
7400	0.045031
2996	0.044976
1156	0.044968
12636	0.044958
5778	0.044951
220	0.044927
4463	0.044890
11908	0.044821
4618	0.044787
577	0.044780
10672	0.044773
808	0.044751
4668	0.044739
9881	0.044721
8928	0.044668
7680	0.044665
12048	0.044650
9453	0.044627
10773	0.044618
8552	0.044590
11359	0.044590
2605	0.044548
12252	0.044530
1144	0.044524
2116	0.044522
9357	0.044512
11216	0.044512
9957	0.044491
13689	0.044449
13489	0.044449
252	0.044432
1812	0.044410
1811	0.044410
5424	0.044402
11469	0.044370
8892	0.044363
308	0.044356
10614	0.044348
10040	0.044313
11386	0.044310
13680	0.044301
9150	0.044297
3428	0.044255
11862	0.044248
13319	0.044232
9797	0.044222
2064	0.044217
2274	0.044172
5883	0.044164
589	0.044157
3389	0.044154
6034	0.044145
5934	0.044140
5933	0.044140
3487	0.044119
6296	0.044101
4787	0.044100
11903	0.044057
9356	0.044027
4465	0.044018
11678	0.043996
7261	0.043882
2932	0.043872
2027	0.043860
11817	0.043856
6990	0.043856
11044	0.043838
1809	0.043834
4509	0.043788
12069	0.043781
11393	0.043770
2822	0.043749
8407	0.043699
11559	0.043679
10019	0.043675
5880	0.043646
9780	0.043645
3493	0.043558
10771	0.043556
3007	0.043541
11865	0.043536
9317	0.043400
492	0.043393
2981	0.043360
3379	0.043310
8779	0.043306
8606	0.043288
5860	0.043270
685	0.043239
5451	0.043223
2281	0.043194
6077	0.043181
11966	0.043170
3783	0.043164
5697	0.043135
2931	0.043113
13143	0.043084
2042	0.043010
4604	0.042989
4602	0.042989
1200	0.042917
9207	0.042915
9205	0.042915
8528	0.042915
249	0.042813
2191	0.042779
259	0.042776
8778	0.042769
863	0.042742
11703	0.042729
391	0.042724
630	0.042682
7958	0.042677
12835	0.042594
7455	0.042544
10020	0.042536
13095	0.042507
6969	0.042507
1142	0.042502
390	0.042475
7456	0.042447
10173	0.042421
12431	0.042365
13918	0.042317
11211	0.042316
628	0.042306
2531	0.042281
7130	0.042251
10606	0.042241
235	0.042190
2915	0.042171
12915	0.042159
12914	0.042159
6007	0.042156
7206	0.042155
10800	0.042135
10110	0.042109
3336	0.042069
621	0.041986
1828	0.041946
