137	0.191874
138	0.180370
12071	0.178915
175	0.178915
3519	0.178766
9008	0.178751
12350	0.176644
12349	0.176351
2329	0.166293
2630	0.160340
1391	0.158786
9715	0.155783
126	0.154481
3568	0.153509
8132	0.150789
157	0.148236
4808	0.147705
9316	0.146721
2789	0.146434
2910	0.145917
2311	0.145648
171	0.144432
2859	0.144076
11848	0.143605
3339	0.142146
135	0.140673
1264	0.137797
2778	0.137029
139	0.136012
1033	0.135363
180	0.135318
9550	0.134136
864	0.133820
3530	0.133757
2860	0.133567
3351	0.133340
3335	0.132838
3535	0.132780
1370	0.132519
2680	0.131909
9881	0.131850
2851	0.131686
183	0.131300
11642	0.130912
1426	0.127099
6577	0.126611
5782	0.126151
11740	0.125972
1075	0.125572
2285	0.125481
12097	0.124899
844	0.124531
4255	0.124406
9567	0.124311
6360	0.124227
140	0.124109
834	0.123893
1259	0.123416
2713	0.122845
581	0.122562
11257	0.121743
6460	0.121237
3349	0.121169
176	0.120889
2209	0.120282
2907	0.120270
1289	0.119915
4317	0.119479
4315	0.119479
4311	0.119479
4310	0.119456
9734	0.118918
9732	0.118918
9730	0.118918
8868	0.118918
8866	0.118918
7946	0.118597
182	0.118591
4594	0.118495
5627	0.118219
5311	0.118080
173	0.117882
2317	0.117882
555	0.117419
1301	0.117385
1574	0.116996
134	0.116952
2714	0.116739
3509	0.116361
8944	0.115819
422	0.115677
10163	0.115609
11676	0.115195
11600	0.115044
869	0.114900
717	0.114645
2681	0.114476
1196	0.114036
1102	0.113683
11603	0.113670
4983	0.113627
12874	0.113589
12107	0.113553
1744	0.113277
3475	0.113215
3572	0.113200
4313	0.112933
6991	0.112823
8956	0.112822
8955	0.112822
6469	0.112714
130	0.112556
531	0.112403
233	0.112126
784	0.112061
3021	0.112035
5050	0.111988
728	0.111976
3521	0.111603
3608	0.111600
5049	0.111546
936	0.111461
6131	0.111218
7030	0.111141
152	0.111045
12854	0.110601
9437	0.110564
928	0.110425
1071	0.110408
3346	0.110359
1274	0.110179
12850	0.110073
11891	0.109998
1211	0.109987
1077	0.109842
12435	0.109778
154	0.109765
1941	0.109754
9614	0.109498
2919	0.109234
11720	0.109055
11047	0.108901
2155	0.108856
11604	0.108731
4570	0.108727
9278	0.108574
564	0.108574
11670	0.108540
12415	0.108413
2166	0.108364
1099	0.108281
551	0.108243
158	0.108198
12784	0.107933
4196	0.107793
11094	0.107785
3492	0.107690
147	0.107607
10802	0.107538
5020	0.107455
5814	0.107409
1852	0.107379
11908	0.107272
12785	0.107215
867	0.107203
12412	0.107165
2904	0.106905
2909	0.106813
1037	0.106723
11984	0.106722
1068	0.106626
2596	0.106621
11597	0.106554
862	0.106471
1268	0.106368
1389	0.106290
2722	0.106284
3294	0.105913
2357	0.105838
2736	0.105788
559	0.105778
371	0.105694
2356	0.105674
5201	0.105647
102	0.105577
10142	0.105551
12803	0.105432
575	0.105400
2293	0.105374
9268	0.105180
3291	0.105174
56	0.104892
2137	0.104888
774	0.104840
3378	0.104780
13060	0.104755
13055	0.104755
13048	0.104755
13014	0.104755
13009	0.104755
12892	0.104755
8379	0.104755
5751	0.104737
11721	0.104529
5470	0.104338
12860	0.104115
12859	0.104108
5089	0.103991
13153	0.103976
10171	0.103976
10170	0.103976
4256	0.103877
2597	0.103816
11911	0.103695
933	0.103543
12653	0.103469
9548	0.103415
3920	0.103384
1251	0.103331
999	0.103260
1515	0.103192
387	0.103119
3201	0.103105
12411	0.103075
5619	0.102896
1079	0.102706
13020	0.102655
2425	0.102631
11893	0.102497
9395	0.102408
185	0.102254
4825	0.102246
1213	0.102047
7820	0.102021
2040	0.102004
6130	0.101822
10284	0.101639
13735	0.101636
13728	0.101636
13726	0.101636
9029	0.101599
10879	0.101486
563	0.101465
7528	0.101446
846	0.101354
1728	0.101297
623	0.101134
1186	0.101002
9561	0.100900
1800	0.100640
11769	0.100280
10880	0.100265
10040	0.100263
2214	0.100239
9837	0.100153
8251	0.099830
11140	0.099828
1101	0.099822
1100	0.099822
4115	0.099576
9375	0.099381
1722	0.099370
2162	0.099359
12064	0.099347
11774	0.099327
4630	0.098633
560	0.098610
9827	0.098559
1390	0.098532
5638	0.098407
6074	0.098396
10982	0.098391
1480	0.098295
2589	0.098201
3408	0.098163
4222	0.098096
2226	0.098039
884	0.097909
11099	0.097866
992	0.097759
6523	0.097684
6992	0.097651
11346	0.097586
11159	0.097578
11502	0.097425
1212	0.097366
275	0.097339
4710	0.097308
12391	0.097273
10883	0.097263
2656	0.097243
1298	0.097238
1425	0.097227
783	0.097138
1363	0.097069
12026	0.096968
13796	0.096958
6122	0.096893
1216	0.096813
11400	0.096739
11398	0.096712
8954	0.096690
4273	0.096658
3757	0.096613
11375	0.096569
3155	0.096554
6021	0.096524
5072	0.096482
13255	0.096457
12588	0.096301
5872	0.096290
12695	0.096253
5459	0.096185
6450	0.096031
627	0.095960
11819	0.095956
9687	0.095945
4179	0.095846
3343	0.095774
13135	0.095773
3297	0.095601
391	0.095581
911	0.095570
6247	0.095567
761	0.095521
5391	0.095485
9552	0.095417
3470	0.095395
12434	0.095283
12390	0.095283
5947	0.095239
2719	0.095210
3200	0.095188
181	0.095026
12852	0.094951
4036	0.094892
1432	0.094724
10823	0.094682
8970	0.094670
9069	0.094661
9068	0.094661
9067	0.094661
3709	0.094544
399	0.094414
1487	0.094391
2896	0.094376
6525	0.094293
2257	0.094057
3561	0.093964
10139	0.093797
11492	0.093731
3761	0.093662
1247	0.093591
5904	0.093577
11190	0.093485
12858	0.093449
12027	0.093413
12614	0.093393
153	0.093280
2891	0.093268
5021	0.093243
5019	0.093243
10859	0.093228
94	0.093214
11671	0.093058
12213	0.093023
8054	0.092906
6887	0.092893
12028	0.092812
2063	0.092780
12025	0.092760
2893	0.092760
3983	0.092749
6076	0.092675
6825	0.092672
10722	0.092654
2931	0.092638
4052	0.092608
2631	0.092596
13061	0.092570
6724	0.092537
10644	0.092467
4077	0.092457
9976	0.092455
5114	0.092117
12130	0.092016
412	0.091964
9733	0.091926
11909	0.091888
1275	0.091874
9608	0.091873
7337	0.091867
2360	0.091865
9332	0.091856
2726	0.091856
484	0.091815
2655	0.091741
10114	0.091596
7425	0.091524
5985	0.091502
6915	0.091446
5455	0.091398
935	0.091376
9540	0.091357
1686	0.091302
968	0.091266
1483	0.091218
10392	0.091178
4729	0.091139
6411	0.091126
2912	0.091099
3569	0.091069
5023	0.091058
10682	0.091043
2932	0.091003
11975	0.090996
2974	0.090959
11027	0.090925
8734	0.090917
12853	0.090854
12164	0.090799
7922	0.090799
11252	0.090724
990	0.090692
4916	0.090620
849	0.090612
7327	0.090591
11545	0.090514
11474	0.090468
12741	0.090410
525	0.090378
4478	0.090370
1362	0.090326
9396	0.090325
4481	0.090325
7451	0.090320
11663	0.090315
919	0.090287
10140	0.090275
11151	0.090259
6788	0.090175
11723	0.090034
2895	0.090030
7481	0.089984
9922	0.089853
1735	0.089735
8552	0.089723
5086	0.089694
1328	0.089682
4314	0.089636
11368	0.089634
136	0.089602
7252	0.089532
4067	0.089518
4065	0.089518
13717	0.089497
6	0.089492
8164	0.089431
7389	0.089431
6685	0.089431
6612	0.089431
6611	0.089431
2318	0.089400
530	0.089330
400	0.089330
178	0.089326
8165	0.089268
9088	0.089171
557	0.089113
3345	0.088972
12941	0.088914
11546	0.088891
6436	0.088861
520	0.088855
8019	0.088837
5328	0.088782
4582	0.088738
9499	0.088651
6563	0.088584
7028	0.088572
2520	0.088535
9259	0.088497
622	0.088488
167	0.088443
9584	0.088427
12524	0.088393
358	0.088361
3499	0.088350
3367	0.088305
1501	0.088280
5576	0.088214
4981	0.088080
4226	0.088076
10263	0.088060
174	0.087993
3967	0.087900
3494	0.087889
12793	0.087862
12940	0.087848
5147	0.087755
3350	0.087733
2853	0.087709
5087	0.087671
10423	0.087667
12417	0.087623
4034	0.087623
890	0.087554
12031	0.087479
12401	0.087472
3554	0.087404
12776	0.087400
6626	0.087360
1028	0.087351
863	0.087320
1564	0.087268
978	0.087124
2167	0.087023
11837	0.087021
898	0.087021
1219	0.087014
2150	0.086992
3384	0.086917
960	0.086900
11478	0.086888
899	0.086812
6649	0.086796
6647	0.086796
6646	0.086796
5610	0.086796
938	0.086757
534	0.086703
7964	0.086645
1995	0.086632
10313	0.086625
5608	0.086618
642	0.086596
10918	0.086588
5824	0.086558
11354	0.086509
12872	0.086456
4056	0.086438
7961	0.086435
13019	0.086337
988	0.086321
9731	0.086289
8207	0.086226
7707	0.086225
1078	0.086212
11569	0.086191
1296	0.086157
4086	0.086040
4374	0.086003
10969	0.085972
10373	0.085955
6344	0.085952
8423	0.085936
9859	0.085913
5552	0.085883
12593	0.085882
11719	0.085843
3321	0.085836
6109	0.085790
5229	0.085613
718	0.085552
3763	0.085505
11036	0.085491
6717	0.085452
692	0.085448
1459	0.085427
3047	0.085325
9726	0.085317
4159	0.085316
12899	0.085305
1638	0.085222
9563	0.085213
12950	0.085141
1658	0.085072
6945	0.085048
13223	0.085046
10336	0.084954
9189	0.084944
2145	0.084942
146	0.084802
165	0.084752
533	0.084730
12413	0.084649
9076	0.084552
2635	0.084550
1502	0.084531
12651	0.084508
3322	0.084476
12046	0.084441
521	0.084416
9391	0.084400
7973	0.084346
1096	0.084314
5618	0.084289
5617	0.084289
2153	0.084289
558	0.084230
2265	0.084226
5203	0.084183
3355	0.084165
11443	0.084137
11369	0.084137
13274	0.084101
1376	0.084022
9019	0.084021
11160	0.083999
7081	0.083964
585	0.083927
1901	0.083859
3292	0.083763
5740	0.083748
6648	0.083665
2038	0.083628
8928	0.083563
10892	0.083497
2758	0.083467
8983	0.083458
7762	0.083429
1470	0.083409
3380	0.083397
14267	0.083385
132	0.083375
3500	0.083256
13429	0.083236
3284	0.083128
6007	0.083052
9978	0.083039
2918	0.083013
10719	0.083002
1753	0.082995
11722	0.082984
2139	0.082983
3340	0.082953
5349	0.082939
96	0.082905
6303	0.082896
13040	0.082846
2219	0.082824
2362	0.082788
4629	0.082741
12305	0.082665
9907	0.082647
2741	0.082639
12929	0.082616
5542	0.082614
3126	0.082567
4917	0.082515
7986	0.082407
6410	0.082396
9599	0.082368
10998	0.082366
10997	0.082366
3171	0.082345
3531	0.082344
5499	0.082267
5697	0.082257
6094	0.082256
12952	0.082212
12951	0.082212
8853	0.082131
1924	0.082103
8102	0.082095
11475	0.082071
3285	0.082003
13116	0.081999
2242	0.081988
11992	0.081972
11081	0.081946
9808	0.081933
7694	0.081924
608	0.081906
1444	0.081876
8232	0.081849
8465	0.081790
12743	0.081780
579	0.081698
11571	0.081693
4809	0.081685
3984	0.081637
10658	0.081564
13077	0.081546
12895	0.081546
5022	0.081514
3877	0.081510
12208	0.081507
3843	0.081493
6289	0.081491
13438	0.081469
10437	0.081454
2310	0.081447
12102	0.081420
3026	0.081398
5088	0.081387
8230	0.081357
11547	0.081354
11469	0.081321
3523	0.081314
2915	0.081298
14068	0.081281
1570	0.081262
2290	0.081248
10871	0.081233
9279	0.081220
13081	0.081186
13080	0.081186
13079	0.081186
13078	0.081186
13074	0.081186
13071	0.081186
13057	0.081186
13049	0.081186
13047	0.081186
13045	0.081186
13043	0.081186
13017	0.081186
12959	0.081186
12904	0.081186
7936	0.081186
9149	0.081140
13826	0.081083
10657	0.081081
2313	0.081073
12345	0.081073
12344	0.081073
8095	0.081073
13388	0.081061
13387	0.081061
11610	0.081030
5801	0.081023
5426	0.080998
6005	0.080989
3272	0.080962
9582	0.080945
2316	0.080901
2314	0.080870
2312	0.080870
13140	0.080867
7558	0.080860
7557	0.080860
10318	0.080835
11871	0.080831
5498	0.080831
3602	0.080831
11529	0.080765
9417	0.080763
754	0.080748
6922	0.080744
1491	0.080734
2428	0.080731
13280	0.080731
13279	0.080731
12166	0.080731
7873	0.080731
6248	0.080731
6246	0.080731
3411	0.080698
2905	0.080667
880	0.080616
7951	0.080583
13959	0.080484
7639	0.080473
1793	0.080467
1492	0.080419
1494	0.080385
1385	0.080372
6439	0.080322
151	0.080230
11550	0.080196
12133	0.080181
6418	0.080147
12165	0.080140
10506	0.080133
1045	0.080133
4072	0.080097
2143	0.080083
11792	0.080053
12912	0.080036
3581	0.079972
3495	0.079943
10021	0.079940
11548	0.079924
3528	0.079921
10517	0.079861
10939	0.079849
9341	0.079826
13175	0.079796
12938	0.079789
4932	0.079780
3312	0.079743
9897	0.079734
502	0.079643
894	0.079609
8229	0.079580
3131	0.079556
163	0.079551
3249	0.079533
2048	0.079466
3790	0.079463
902	0.079457
7385	0.079428
13112	0.079416
3381	0.079361
12132	0.079327
9348	0.079305
1261	0.079289
3482	0.079275
1095	0.079192
5228	0.079179
1392	0.079098
2702	0.079093
1074	0.079008
4126	0.078963
10029	0.078912
5111	0.078910
12014	0.078852
12749	0.078845
12748	0.078845
5783	0.078782
6524	0.078738
142	0.078726
10149	0.078667
11013	0.078637
1218	0.078637
11890	0.078624
11889	0.078624
8139	0.078624
2149	0.078624
2148	0.078624
2147	0.078624
11880	0.078618
10832	0.078549
2079	0.078540
11127	0.078461
5439	0.078451
11656	0.078447
7053	0.078438
1827	0.078420
7617	0.078371
8942	0.078366
6300	0.078357
1923	0.078266
11044	0.078243
1373	0.078201
9685	0.078193
170	0.078174
10476	0.078099
3865	0.078085
9568	0.078062
903	0.078055
1302	0.078049
6543	0.078044
2478	0.078013
12958	0.078013
12870	0.078013
12846	0.078013
12159	0.078013
12158	0.078013
1484	0.078013
12838	0.078012
5659	0.077982
3277	0.077909
2541	0.077899
5836	0.077886
11994	0.077840
2826	0.077840
3845	0.077798
12426	0.077763
13909	0.077739
8988	0.077727
12931	0.077650
3493	0.077634
833	0.077609
976	0.077554
6610	0.077504
6608	0.077504
278	0.077375
12780	0.077372
5127	0.077349
734	0.077285
2923	0.077277
12968	0.077277
6219	0.077277
5874	0.077277
11577	0.077170
12272	0.077103
6631	0.077040
6166	0.077031
5471	0.077031
5769	0.077010
6703	0.076964
3980	0.076956
7981	0.076936
8130	0.076933
11431	0.076931
4229	0.076865
1464	0.076852
7664	0.076827
7663	0.076827
12720	0.076813
7666	0.076813
8929	0.076786
11227	0.076756
9324	0.076727
12407	0.076672
1040	0.076645
313	0.076631
962	0.076627
1377	0.076575
11938	0.076568
2922	0.076546
13016	0.076546
12194	0.076540
11250	0.076500
2446	0.076493
5230	0.076489
7609	0.076481
6879	0.076481
11913	0.076447
2924	0.076446
2921	0.076446
13330	0.076343
1214	0.076324
2165	0.076301
1371	0.076266
9522	0.076258
159	0.076255
11807	0.076243
9115	0.076152
3031	0.076139
12702	0.076119
6413	0.076106
11551	0.076091
12160	0.076084
1495	0.076084
11101	0.076037
10091	0.076033
10081	0.076033
13379	0.076002
4441	0.075959
1277	0.075951
13142	0.075916
7430	0.075916
13058	0.075897
7945	0.075897
2898	0.075819
12189	0.075788
11485	0.075785
13788	0.075759
8885	0.075727
3173	0.075717
14167	0.075640
10713	0.075621
12597	0.075621
4318	0.075603
2138	0.075594
209	0.075561
3278	0.075559
529	0.075550
12316	0.075540
12767	0.075511
5017	0.075510
9020	0.075505
5975	0.075451
1070	0.075423
12193	0.075388
1092	0.075355
12518	0.075315
6433	0.075298
9041	0.075267
1435	0.075264
2462	0.075251
1169	0.075247
11303	0.075242
483	0.075227
9747	0.075154
2252	0.075154
6878	0.075081
11741	0.075016
5018	0.075004
74	0.074881
10046	0.074774
8228	0.074765
9009	0.074755
8260	0.074755
7394	0.074751
5803	0.074734
7089	0.074723
1321	0.074652
3487	0.074652
14063	0.074597
11479	0.074583
940	0.074549
965	0.074455
11527	0.074449
3679	0.074432
3935	0.074397
3691	0.074370
