2398	0.283313
9260	0.274546
2399	0.269323
1866	0.268753
9267	0.266385
2012	0.265217
10917	0.261737
3696	0.258235
1868	0.257372
1998	0.256166
6951	0.252435
6511	0.249705
5971	0.249393
4960	0.249381
8755	0.249334
8754	0.249334
8753	0.249334
8752	0.249334
8751	0.249334
5973	0.249334
5972	0.249334
104	0.248073
1873	0.245789
1356	0.242578
10224	0.242256
4730	0.239059
12392	0.237477
1379	0.235693
1994	0.230329
1026	0.223920
1380	0.222624
1874	0.222446
1029	0.221163
11627	0.219616
4928	0.219470
12257	0.219352
13021	0.219345
5405	0.219345
9140	0.219205
982	0.215395
2769	0.215368
5404	0.210952
5300	0.210910
12190	0.209292
3926	0.209212
5263	0.208874
12845	0.206087
2006	0.204616
7868	0.203745
13711	0.203632
5560	0.203632
3015	0.202108
10159	0.201794
8156	0.201333
6925	0.201333
12139	0.200351
2004	0.199797
10160	0.199682
3225	0.193481
10220	0.191280
10326	0.191197
2754	0.189570
2783	0.189394
1958	0.189293
6924	0.189033
11120	0.188104
1895	0.186016
11896	0.185803
10399	0.184962
11197	0.184390
11831	0.183022
1997	0.182813
2073	0.181611
106	0.178850
236	0.178236
3910	0.177418
2757	0.176422
1249	0.175488
1028	0.175414
1962	0.175411
12365	0.175368
2872	0.174631
2011	0.174503
3794	0.172517
11036	0.172517
13244	0.171916
2001	0.171673
11803	0.170329
12136	0.169364
12031	0.168924
9975	0.168686
1996	0.168672
1975	0.168320
1374	0.167105
2393	0.166680
2007	0.166440
1143	0.165337
5236	0.165271
11758	0.165261
4587	0.164489
4132	0.164154
6404	0.163821
2426	0.163758
2374	0.163754
11103	0.163511
3892	0.163306
6105	0.163220
6082	0.162804
182	0.162407
7579	0.161907
10524	0.161869
12113	0.161617
10592	0.161589
13245	0.161184
5305	0.161127
2219	0.160427
2814	0.159817
2397	0.159686
7980	0.159534
7617	0.159521
11277	0.159378
12032	0.159291
2420	0.159133
3893	0.158769
8249	0.158469
2755	0.158400
13393	0.158342
14116	0.157267
5272	0.157147
10258	0.156982
238	0.156831
1502	0.156641
162	0.156486
10265	0.155573
10240	0.155249
84	0.155226
281	0.155102
471	0.154564
5296	0.154330
128	0.154290
7257	0.154002
82	0.153960
3417	0.153650
79	0.153456
2356	0.153355
6295	0.153132
10518	0.153124
1288	0.152969
5043	0.152933
1370	0.152794
2626	0.152119
2213	0.151993
11848	0.151889
6292	0.151840
4488	0.151814
1163	0.151684
309	0.151593
4128	0.151223
5244	0.151167
2646	0.150718
4697	0.150701
10286	0.150525
10241	0.149745
3433	0.149726
12252	0.149583
836	0.149498
233	0.149472
6094	0.148860
1851	0.148549
1810	0.148079
2758	0.147916
709	0.147821
2329	0.147709
9706	0.147648
3195	0.147479
9244	0.147452
4231	0.147108
9419	0.146937
11927	0.146897
2759	0.146897
13272	0.146745
2786	0.146745
2782	0.146745
1505	0.146745
11928	0.146742
8501	0.146742
2779	0.146742
2756	0.146742
1272	0.146737
13227	0.146559
12876	0.146558
3244	0.146452
2768	0.146172
9252	0.146017
1755	0.146015
1672	0.145805
12273	0.145803
2865	0.145565
5359	0.145472
8966	0.145339
12540	0.145208
8804	0.145028
8767	0.145028
8766	0.145028
8764	0.145028
8743	0.145028
8742	0.145028
8741	0.145028
7685	0.145028
7476	0.145028
6637	0.145028
6606	0.145028
7360	0.145006
7679	0.144859
2905	0.144788
4417	0.144699
9454	0.144627
9388	0.144358
8805	0.144130
8765	0.144130
909	0.144071
8772	0.144036
102	0.143963
6650	0.143869
3913	0.143847
4720	0.143798
5407	0.143658
5015	0.143574
4580	0.143213
943	0.143155
10493	0.143086
5365	0.142756
101	0.142486
2717	0.142294
9757	0.142200
2613	0.142081
9607	0.141711
9638	0.141638
12222	0.141583
209	0.141520
6279	0.141329
1092	0.141118
944	0.141053
9325	0.140433
149	0.140042
13276	0.139937
155	0.139765
2221	0.139574
2402	0.139492
4571	0.139335
1377	0.138839
14234	0.138641
2815	0.138601
7301	0.138560
2778	0.138485
1087	0.138339
4272	0.138303
1200	0.137992
2650	0.137963
71	0.137610
467	0.137542
2570	0.137450
1226	0.137102
1153	0.136826
2026	0.136650
11705	0.136601
1223	0.136512
410	0.136453
13844	0.136057
1902	0.135646
5070	0.135546
5242	0.135193
2622	0.135184
6873	0.135039
2022	0.134877
3611	0.134724
5342	0.134709
5306	0.134709
797	0.134679
13714	0.134599
13713	0.134599
10256	0.134573
12054	0.134552
9028	0.134503
12304	0.134467
6872	0.134296
3204	0.134252
1490	0.134250
1282	0.134246
5182	0.133968
9326	0.133912
8736	0.133885
1798	0.133755
3556	0.133725
5724	0.133634
13315	0.133369
12967	0.133364
1088	0.133140
11761	0.133078
6097	0.133078
5547	0.133078
3595	0.133078
8801	0.132995
2431	0.132990
2569	0.132875
9856	0.132798
758	0.132716
9081	0.132474
9078	0.132474
5559	0.132391
4526	0.132256
1760	0.132201
2024	0.132103
9304	0.132053
9397	0.131983
13007	0.131885
6909	0.131865
6213	0.131848
7351	0.131806
7090	0.131412
1307	0.131310
1396	0.131191
3187	0.131185
5001	0.131050
4127	0.130986
7440	0.130883
6262	0.130881
8985	0.130804
7052	0.130716
2810	0.130596
4555	0.130582
11972	0.130332
2854	0.130332
12133	0.130082
11827	0.130023
3159	0.130023
9063	0.130005
1482	0.129939
891	0.129908
2720	0.129893
4923	0.129793
1327	0.129762
1318	0.129659
12652	0.129572
5840	0.129525
2651	0.129521
6198	0.129491
13148	0.129431
13147	0.129431
7892	0.129431
6298	0.129431
6297	0.129431
1317	0.129428
14415	0.129324
9277	0.129324
5798	0.129263
9999	0.129229
13937	0.128979
1376	0.128944
4512	0.128782
2587	0.128776
9102	0.128752
13962	0.128626
889	0.128565
13289	0.128546
13256	0.128546
13127	0.128546
3520	0.128540
13961	0.128276
8506	0.128182
12135	0.128121
2415	0.127992
13667	0.127877
13480	0.127877
307	0.127809
9713	0.127789
7830	0.127711
4255	0.127667
6299	0.127610
440	0.127572
10313	0.127442
9431	0.127165
4234	0.127165
2395	0.127109
9600	0.127024
4996	0.126987
1879	0.126925
4926	0.126880
10296	0.126879
807	0.126614
88	0.126572
9333	0.126504
3530	0.126474
1173	0.126419
1974	0.126413
7572	0.126399
9077	0.126392
12868	0.126285
9242	0.126285
9241	0.126285
9240	0.126285
6696	0.126285
10571	0.126212
3455	0.126177
3292	0.126161
1292	0.126133
5456	0.126082
100	0.126077
4251	0.125706
1395	0.125570
4890	0.125566
11475	0.125492
11641	0.125481
1475	0.125384
13042	0.125375
1897	0.125303
2603	0.125284
4372	0.125272
1444	0.125172
11820	0.125126
2056	0.125061
4884	0.125015
4515	0.124935
1388	0.124909
5233	0.124908
4605	0.124901
4600	0.124901
7894	0.124896
4577	0.124852
4575	0.124852
3535	0.124817
9957	0.124739
12479	0.124580
12478	0.124580
12477	0.124580
12475	0.124580
12472	0.124580
12471	0.124580
12469	0.124580
12467	0.124580
9797	0.124544
2205	0.124497
1199	0.124434
72	0.124402
13849	0.124397
4510	0.124397
4584	0.124395
5013	0.124391
9726	0.124274
2413	0.124240
12353	0.124191
1771	0.124178
9251	0.124118
4407	0.123933
3952	0.123856
5003	0.123617
12071	0.123527
175	0.123527
1266	0.123473
4694	0.123437
13298	0.123359
3772	0.123283
1473	0.123125
1722	0.123018
166	0.122985
1978	0.122886
5782	0.122762
3160	0.122735
13301	0.122706
2450	0.122620
2467	0.122604
4353	0.122582
3192	0.122534
9387	0.122519
1960	0.122516
158	0.122362
146	0.122223
6573	0.122206
11951	0.122182
1155	0.122144
1372	0.122131
1488	0.121992
2403	0.121779
9952	0.121745
1752	0.121724
4195	0.121677
9428	0.121663
3306	0.121657
1865	0.121582
9432	0.121566
4612	0.121549
4781	0.121548
4985	0.121512
12470	0.121434
4559	0.121403
4135	0.121357
12867	0.121312
1764	0.121303
1973	0.121288
5000	0.121284
5105	0.121233
9970	0.121226
11946	0.121213
4753	0.121187
8223	0.121187
3770	0.121182
12310	0.121077
4207	0.121074
2649	0.121051
8335	0.121040
1781	0.121027
1093	0.120939
14310	0.120904
1501	0.120843
13571	0.120833
1691	0.120820
6089	0.120781
11778	0.120742
9645	0.120737
11196	0.120737
14127	0.120734
4992	0.120692
5004	0.120651
5052	0.120646
1846	0.120635
4391	0.120614
6091	0.120596
6090	0.120596
3022	0.120572
4924	0.120457
10278	0.120302
9257	0.120291
4988	0.120288
4574	0.120225
9134	0.120193
154	0.120171
1389	0.120150
13386	0.120150
11948	0.120130
4995	0.120130
4990	0.120020
6853	0.119957
4991	0.119947
13273	0.119923
13232	0.119923
11949	0.119923
9429	0.119923
4989	0.119923
11246	0.119920
4930	0.119917
1293	0.119909
9430	0.119893
4931	0.119842
5463	0.119825
1285	0.119812
4733	0.119788
3991	0.119765
422	0.119734
6359	0.119630
8712	0.119630
8303	0.119630
8302	0.119630
7362	0.119630
6202	0.119625
4396	0.119603
865	0.119581
2134	0.119564
2682	0.119538
9539	0.119530
2633	0.119522
3568	0.119448
4925	0.119426
9715	0.119403
2309	0.119389
9577	0.119221
5084	0.119143
126	0.119072
1320	0.118935
5234	0.118831
13835	0.118775
5082	0.118775
6949	0.118701
989	0.118688
142	0.118560
148	0.118535
11656	0.118512
1864	0.118496
5768	0.118430
3138	0.118413
5286	0.118411
13297	0.118383
8451	0.118290
5439	0.118262
3712	0.118223
6466	0.118137
9247	0.118124
8339	0.118112
848	0.118078
7491	0.118054
13300	0.118016
11704	0.117983
12911	0.117935
2133	0.117873
11950	0.117866
6797	0.117819
7966	0.117777
9427	0.117775
369	0.117655
1795	0.117547
1910	0.117543
13308	0.117531
3249	0.117515
532	0.117468
13572	0.117409
1391	0.117347
6193	0.117277
9040	0.117258
8710	0.117119
6081	0.117109
7697	0.117058
7254	0.117058
3933	0.117037
12958	0.116960
12870	0.116960
12846	0.116960
12159	0.116960
12158	0.116960
1484	0.116960
2478	0.116960
12838	0.116956
4609	0.116949
8732	0.116939
1284	0.116910
8711	0.116908
10448	0.116893
8412	0.116814
2702	0.116800
70	0.116755
13296	0.116715
3241	0.116540
3691	0.116364
3330	0.116250
13874	0.116244
1324	0.116230
4203	0.116220
9126	0.116182
9897	0.116181
2590	0.116013
13945	0.115993
10244	0.115940
9156	0.115934
9584	0.115925
143	0.115715
1870	0.115715
10103	0.115681
1995	0.115666
5754	0.115617
2654	0.115609
12480	0.115586
12476	0.115586
12473	0.115586
12468	0.115586
12463	0.115586
9394	0.115586
2728	0.115586
2721	0.115586
12269	0.115555
1984	0.115534
2704	0.115527
6856	0.115501
2712	0.115487
3190	0.115433
13913	0.115432
8298	0.115432
726	0.115404
11979	0.115341
11157	0.115331
2030	0.115324
3416	0.115234
9144	0.115106
841	0.115097
11708	0.115075
4572	0.115074
1494	0.115031
2711	0.114998
1528	0.114990
1541	0.114982
502	0.114980
2520	0.114926
10980	0.114899
480	0.114869
12123	0.114867
4901	0.114809
5781	0.114776
2748	0.114765
7190	0.114701
1481	0.114699
1323	0.114633
1877	0.114624
1875	0.114624
1768	0.114597
10589	0.114464
13880	0.114407
2290	0.114325
12146	0.114255
8582	0.114255
7599	0.114255
3695	0.114255
3694	0.114255
3616	0.114255
6948	0.114254
4986	0.114253
2392	0.114162
5984	0.114136
3618	0.114124
12234	0.114042
7263	0.114041
10436	0.113995
13310	0.113897
11603	0.113890
1461	0.113836
7142	0.113681
1497	0.113616
9990	0.113611
13815	0.113491
8417	0.113490
8323	0.113490
4290	0.113431
147	0.113428
5949	0.113366
1492	0.113355
2834	0.113324
551	0.113296
12687	0.113277
14416	0.113267
2461	0.113253
10966	0.113183
7616	0.113169
7145	0.113169
1154	0.113147
2020	0.113049
12160	0.113043
1495	0.113043
1267	0.113016
1869	0.112974
4181	0.112942
5152	0.112921
1670	0.112868
5172	0.112843
5230	0.112813
9316	0.112695
1321	0.112548
6557	0.112542
3394	0.112505
839	0.112492
2451	0.112473
12474	0.112435
4334	0.112375
1785	0.112334
14094	0.112332
2616	0.112269
6149	0.112256
11608	0.112210
1254	0.112201
6661	0.112187
3974	0.112102
4581	0.112094
61	0.112074
4657	0.111994
8944	0.111986
8166	0.111898
7365	0.111898
7186	0.111898
8600	0.111856
1500	0.111814
13050	0.111750
11531	0.111642
1458	0.111591
5827	0.111583
13112	0.111571
12530	0.111570
3856	0.111473
11856	0.111394
108	0.111366
1793	0.111163
942	0.111154
974	0.111033
12013	0.110933
5481	0.110933
14220	0.110873
11604	0.110872
4570	0.110863
9702	0.110852
14283	0.110829
5886	0.110826
2614	0.110723
20	0.110717
11805	0.110712
9635	0.110626
12702	0.110619
12035	0.110589
11740	0.110569
6020	0.110527
6662	0.110476
9279	0.110452
1176	0.110375
5102	0.110362
11364	0.110161
11305	0.110161
11254	0.110161
10868	0.110161
10794	0.110161
6317	0.110121
1078	0.110048
9178	0.110028
11690	0.109996
10332	0.109996
6095	0.109983
12494	0.109932
9009	0.109930
8260	0.109930
171	0.109891
6474	0.109871
9548	0.109841
9953	0.109837
2078	0.109789
9106	0.109741
3070	0.109733
1893	0.109699
1326	0.109683
2656	0.109663
132	0.109656
1965	0.109390
1480	0.109255
5287	0.109154
11876	0.109151
2715	0.109151
8261	0.109115
1966	0.109099
6003	0.109062
13581	0.109059
11880	0.109057
2391	0.109045
5904	0.109037
11873	0.109013
2610	0.108978
6553	0.108971
4210	0.108971
9107	0.108968
4480	0.108955
3831	0.108923
8709	0.108909
10192	0.108752
10184	0.108752
2502	0.108694
6192	0.108670
10221	0.108632
9135	0.108618
9041	0.108610
13965	0.108560
1125	0.108514
1845	0.108478
7752	0.108475
1927	0.108426
2005	0.108412
11412	0.108397
7653	0.108308
1275	0.108274
6356	0.108250
9480	0.108215
8533	0.108215
2809	0.108090
1889	0.108077
10870	0.108064
12014	0.108062
9073	0.108052
7038	0.108048
8899	0.108041
1489	0.108014
6552	0.107930
9582	0.107919
5460	0.107851
976	0.107835
730	0.107801
4400	0.107742
843	0.107700
9281	0.107692
9610	0.107566
3336	0.107546
1168	0.107491
10383	0.107419
1890	0.107382
7327	0.107357
10467	0.107347
12164	0.107291
7922	0.107291
937	0.107281
1646	0.107275
2621	0.107247
1657	0.107226
12692	0.107148
10918	0.107123
1987	0.107031
3939	0.106990
6670	0.106966
11529	0.106960
7549	0.106924
3475	0.106860
6475	0.106858
4817	0.106810
6178	0.106798
3707	0.106776
12500	0.106699
1929	0.106693
2718	0.106688
3500	0.106665
9642	0.106560
13304	0.106524
14205	0.106424
1989	0.106357
14407	0.106346
8936	0.106309
10925	0.106302
1460	0.106288
13612	0.106260
2817	0.106257
8132	0.106180
1635	0.106065
4573	0.106033
847	0.105984
5002	0.105967
5123	0.105922
8892	0.105895
2564	0.105868
2562	0.105868
3060	0.105818
7560	0.105769
13261	0.105746
503	0.105743
13299	0.105732
5922	0.105732
8514	0.105679
8505	0.105679
13444	0.105659
4323	0.105655
4232	0.105575
7598	0.105539
2014	0.105531
4641	0.105443
1959	0.105408
3461	0.105357
7483	0.105357
1749	0.105193
9382	0.105100
12006	0.105065
5301	0.105062
8666	0.105003
5981	0.104951
8026	0.104923
8845	0.104906
4987	0.104856
1454	0.104848
5637	0.104837
13005	0.104705
12839	0.104628
13918	0.104619
8438	0.104553
10288	0.104517
13888	0.104517
239	0.104516
8439	0.104411
7435	0.104411
7180	0.104411
2920	0.104405
8104	0.104357
6744	0.104343
2568	0.104315
13617	0.104209
13528	0.104209
7885	0.104209
6855	0.104209
1526	0.104205
6196	0.104177
1550	0.104133
2452	0.104122
13230	0.104108
13229	0.104108
3766	0.104108
3762	0.104108
3769	0.104108
3271	0.104103
10008	0.104084
2837	0.104047
3765	0.103969
10009	0.103914
1338	0.103887
9160	0.103854
6781	0.103840
192	0.103835
6109	0.103782
