6812	0.127657
13265	0.114133
3428	0.113238
11658	0.112989
2952	0.112383
6938	0.109725
2052	0.106388
991	0.105196
6395	0.104971
5413	0.104868
4291	0.104297
11091	0.102299
11178	0.102119
9900	0.100586
9165	0.100586
7387	0.100586
1419	0.100504
9908	0.100488
9164	0.100488
11073	0.100333
235	0.099942
1420	0.099797
3429	0.099265
6667	0.098548
9276	0.098484
9275	0.098484
9166	0.098484
7173	0.098484
7138	0.098484
7133	0.098484
7069	0.098484
4947	0.097439
7224	0.097421
6574	0.097421
5527	0.097421
13376	0.097205
2114	0.097163
9462	0.096828
5185	0.096748
11858	0.096465
9439	0.096384
11988	0.096090
7774	0.095447
5641	0.095447
5642	0.095425
4463	0.095110
5347	0.094672
3389	0.094660
4235	0.094002
5815	0.093535
3441	0.093452
3425	0.092513
4168	0.092179
4208	0.092106
2486	0.092072
677	0.091466
11202	0.090346
2170	0.090246
14128	0.089981
2105	0.089845
3440	0.089812
4204	0.089726
7457	0.089609
12182	0.089476
4464	0.089476
10089	0.088965
7757	0.088628
3739	0.088141
3745	0.088105
12053	0.088079
1673	0.087828
2871	0.087311
4305	0.087197
2958	0.086977
13036	0.086819
2820	0.086768
4538	0.086739
5424	0.086497
7526	0.086492
8864	0.086438
8863	0.086438
8583	0.086438
8124	0.086438
7904	0.086438
7903	0.086438
7902	0.086438
7901	0.086438
7900	0.086438
7899	0.086438
7897	0.086438
7896	0.086438
7895	0.086438
6838	0.085639
1882	0.084641
10249	0.083563
1119	0.083094
7131	0.083088
1120	0.083028
3007	0.082929
3838	0.082654
392	0.082645
13247	0.082469
4416	0.082377
13497	0.082110
221	0.082030
11982	0.081695
5414	0.081695
5412	0.081695
10245	0.081505
3438	0.081504
3886	0.081422
6438	0.080230
13449	0.080183
12197	0.080183
9919	0.079703
1030	0.079148
11635	0.079130
3209	0.079050
3837	0.078851
3921	0.078823
5177	0.078301
4618	0.078038
12279	0.078029
11825	0.078029
6270	0.078029
6269	0.078029
8615	0.077600
11634	0.077555
13498	0.077349
5546	0.077010
10512	0.076817
11314	0.076598
2968	0.076493
4972	0.076478
1039	0.076213
5217	0.075892
5423	0.075472
4721	0.075142
7036	0.075004
4537	0.074899
4106	0.074656
4105	0.074633
10507	0.074601
13054	0.074416
6102	0.074235
7872	0.074067
8352	0.074065
8351	0.074065
2957	0.074065
2956	0.074065
3135	0.074057
14248	0.073643
8047	0.073643
6895	0.073559
6457	0.073526
13942	0.073492
5376	0.073353
9237	0.073336
4542	0.073249
12764	0.073115
11109	0.073076
5346	0.072972
9307	0.072737
3742	0.072707
5680	0.072367
12756	0.072228
7202	0.071846
4725	0.071750
3735	0.071700
1115	0.071485
6017	0.071384
4304	0.071300
4302	0.071300
11999	0.071296
1885	0.071290
1884	0.071290
1883	0.071290
10330	0.071280
14013	0.071197
2253	0.071197
7856	0.071074
13850	0.071052
7201	0.070752
8248	0.070337
7920	0.070257
6896	0.070144
2280	0.069984
6482	0.069865
11416	0.069823
4090	0.069822
9085	0.069791
11964	0.069630
9086	0.069535
7955	0.069376
2281	0.069335
3370	0.069256
4922	0.069191
11689	0.069178
3496	0.069059
14052	0.069020
10065	0.069020
4792	0.068990
5378	0.068924
10550	0.068788
9168	0.068728
924	0.068701
1812	0.068676
1811	0.068676
3068	0.068649
12348	0.068512
10640	0.068494
3591	0.068368
13319	0.068326
13689	0.068308
13489	0.068308
1809	0.068132
4465	0.068043
3789	0.067863
13680	0.067735
9192	0.067633
12403	0.067476
119	0.067436
3740	0.067404
12315	0.067391
10683	0.067369
1133	0.067351
7379	0.067247
13500	0.067238
8319	0.067208
3952	0.067114
7295	0.067061
7114	0.066856
4469	0.066749
5366	0.066726
2902	0.066651
4216	0.066605
7418	0.066492
2831	0.066462
11800	0.066367
12909	0.066236
2996	0.066206
1178	0.066189
1141	0.066109
9413	0.066092
5219	0.066066
11607	0.065960
3738	0.065840
9415	0.065525
8851	0.065525
8850	0.065525
2182	0.065482
8704	0.065423
14132	0.065141
700	0.065102
1118	0.065076
4951	0.065056
5555	0.065053
3371	0.064976
855	0.064900
5377	0.064894
6506	0.064760
3212	0.064752
9796	0.064711
5007	0.064620
5926	0.064600
11818	0.064575
11147	0.064284
8432	0.064223
8431	0.064223
854	0.064134
9794	0.064111
5451	0.064039
2990	0.063929
4671	0.063925
4669	0.063925
4670	0.063883
9938	0.063763
7551	0.063763
7550	0.063763
7539	0.063763
7538	0.063763
11989	0.063726
6127	0.063720
10273	0.063605
2599	0.063510
7510	0.063494
12029	0.063428
11782	0.063363
5033	0.063194
10232	0.063172
10274	0.062966
8606	0.062936
10255	0.062664
2731	0.062493
2600	0.062435
874	0.062327
12687	0.062287
7676	0.062013
8342	0.062005
10801	0.061848
4842	0.061806
7419	0.061731
7453	0.061672
13665	0.061661
6532	0.061603
2097	0.061490
9623	0.061212
4377	0.061199
876	0.061187
11998	0.061172
599	0.061162
4667	0.061134
4450	0.061084
14120	0.061023
8611	0.061017
7288	0.061000
6758	0.060944
9917	0.060925
12187	0.060813
11677	0.060750
4494	0.060750
4493	0.060750
3986	0.060609
4193	0.060469
10233	0.060410
5712	0.060405
5711	0.060405
5710	0.060405
11968	0.060286
949	0.060286
12572	0.060268
2109	0.060131
5034	0.060109
12030	0.060037
13568	0.059748
1359	0.059578
4839	0.059481
10491	0.059472
1694	0.059444
4319	0.059428
3977	0.059406
8140	0.059283
1952	0.059257
5212	0.059111
1402	0.058954
3873	0.058894
5071	0.058792
13394	0.058732
6147	0.058706
5354	0.058662
13545	0.058525
4668	0.058482
5768	0.058456
6754	0.058378
11077	0.058298
3326	0.058271
7942	0.058210
12249	0.058206
5008	0.058206
2320	0.058087
11646	0.058084
13597	0.058053
13596	0.058053
13595	0.058053
13583	0.058053
13554	0.058053
13402	0.058053
7990	0.058053
5942	0.058035
7855	0.058006
3914	0.057998
5679	0.057876
3111	0.057847
3736	0.057759
13094	0.057756
11987	0.057723
11685	0.057722
3320	0.057714
5615	0.057691
3372	0.057537
11817	0.057523
6990	0.057523
10440	0.057513
225	0.057500
12204	0.057486
11937	0.057433
2962	0.057407
13139	0.057286
1400	0.057202
3077	0.057142
11298	0.056923
10994	0.056923
10480	0.056850
14214	0.056487
73	0.056439
5157	0.056398
10305	0.056199
7246	0.056110
2107	0.056052
51	0.056011
13517	0.055991
9717	0.055852
10097	0.055487
7894	0.055423
10694	0.055372
1656	0.055282
5477	0.054844
13199	0.054830
13198	0.054830
11739	0.054757
12093	0.054677
9926	0.054611
9925	0.054611
9924	0.054611
9852	0.054611
7773	0.054611
7447	0.054611
6077	0.054516
10230	0.054502
1780	0.054321
6550	0.054305
8652	0.054256
3922	0.054210
8792	0.054081
1184	0.054079
9438	0.054020
9370	0.053917
14358	0.053901
8875	0.053871
14233	0.053864
1136	0.053864
3426	0.053855
9484	0.053833
9483	0.053833
1619	0.053823
12908	0.053712
9411	0.053712
9412	0.053709
2110	0.053676
6406	0.053655
5355	0.053587
10226	0.053585
3360	0.053569
3388	0.053568
5940	0.053521
2524	0.053507
5946	0.053444
9800	0.053397
4778	0.053356
8076	0.053303
690	0.053293
13427	0.053273
4163	0.053260
2371	0.053228
10661	0.053228
14418	0.053217
14417	0.053217
13284	0.053217
13152	0.053217
9795	0.053217
9793	0.053217
9792	0.053217
9791	0.053217
9789	0.053217
9745	0.053217
9163	0.053217
8614	0.053217
8613	0.053217
8177	0.053217
9998	0.053217
4392	0.053157
5491	0.053144
12241	0.053130
12240	0.053130
8074	0.053130
7294	0.053130
6054	0.053130
4336	0.053130
9840	0.053121
370	0.053101
1732	0.053055
10658	0.053044
3715	0.053039
12832	0.053035
5746	0.053017
12462	0.052907
10685	0.052907
14203	0.052899
13907	0.052899
13906	0.052899
13407	0.052899
11171	0.052899
8372	0.052899
7978	0.052899
3942	0.052899
9870	0.052880
4383	0.052825
1535	0.052808
2128	0.052668
8708	0.052634
8090	0.052579
2847	0.052579
2843	0.052579
2839	0.052579
4294	0.052558
566	0.052526
1346	0.052525
2283	0.052517
2002	0.052514
2522	0.052471
7239	0.052462
9942	0.052451
9931	0.052451
9930	0.052451
9921	0.052451
9901	0.052451
9899	0.052451
9895	0.052451
9866	0.052451
9836	0.052451
9832	0.052451
9810	0.052451
9698	0.052451
9636	0.052451
9570	0.052451
9299	0.052451
4541	0.052372
4205	0.052370
10657	0.052351
4113	0.052256
10227	0.052250
2840	0.052247
13321	0.052223
5433	0.052188
4112	0.052137
404	0.052115
3497	0.052062
4000	0.052015
12252	0.051990
3773	0.051952
9231	0.051933
14266	0.051890
8634	0.051882
10098	0.051789
1583	0.051784
2267	0.051757
10482	0.051713
1110	0.051574
2185	0.051493
6278	0.051480
333	0.051445
13687	0.051385
1690	0.051377
7203	0.051301
4659	0.051288
268	0.051281
11728	0.051250
3507	0.051221
12873	0.051096
1188	0.051053
3066	0.051000
8489	0.050996
9775	0.050895
12636	0.050889
10675	0.050851
4361	0.050841
4660	0.050826
9909	0.050775
1816	0.050719
4569	0.050674
1121	0.050650
596	0.050629
11365	0.050592
11270	0.050592
10957	0.050592
7144	0.050592
331	0.050567
2817	0.050562
9317	0.050550
10275	0.050526
1242	0.050510
6405	0.050510
1232	0.050505
1229	0.050505
3204	0.050479
7007	0.050430
11729	0.050319
3064	0.050301
10839	0.050289
9520	0.050273
11679	0.050189
13490	0.050173
13632	0.050173
13631	0.050173
4114	0.050078
13633	0.050057
115	0.050037
10916	0.049977
10838	0.049912
8383	0.049872
2845	0.049848
698	0.049793
38	0.049789
4799	0.049776
861	0.049753
6319	0.049747
11297	0.049734
469	0.049724
3957	0.049701
11733	0.049679
4798	0.049653
3405	0.049520
7913	0.049514
5968	0.049514
470	0.049514
6830	0.049480
13443	0.049385
8570	0.049371
10212	0.049295
7659	0.049284
224	0.049271
12283	0.049254
8714	0.049250
13374	0.049225
13373	0.049225
11065	0.049131
3434	0.049027
8572	0.048990
8569	0.048990
8568	0.048990
2521	0.048989
577	0.048969
14	0.048805
13200	0.048740
9320	0.048740
9318	0.048740
9315	0.048740
9314	0.048740
9313	0.048740
9312	0.048740
9310	0.048740
9309	0.048740
9306	0.048740
9305	0.048740
8733	0.048740
8669	0.048740
8668	0.048740
8608	0.048740
8607	0.048740
8605	0.048740
8603	0.048740
7703	0.048740
7477	0.048740
7408	0.048740
675	0.048708
6829	0.048685
13440	0.048652
385	0.048589
6430	0.048512
1123	0.048512
9170	0.048478
8855	0.048431
5028	0.048391
11112	0.048381
10127	0.048350
5425	0.048333
11164	0.048325
12881	0.048284
7702	0.048278
11300	0.048266
7101	0.048238
3286	0.048224
13552	0.048218
13511	0.048218
13507	0.048218
10031	0.048062
13332	0.048016
514	0.048008
2709	0.047950
5967	0.047928
4116	0.047926
5189	0.047906
3375	0.047869
7207	0.047848
12692	0.047828
5755	0.047818
2129	0.047726
9460	0.047586
6415	0.047571
7700	0.047459
10229	0.047420
7699	0.047390
4111	0.047357
5780	0.047267
10693	0.047244
3194	0.047213
6291	0.047208
13430	0.047158
498	0.047149
2064	0.047010
3144	0.046921
5777	0.046888
13325	0.046867
633	0.046852
13358	0.046814
13939	0.046784
8832	0.046765
9200	0.046763
2301	0.046648
4476	0.046575
10749	0.046502
11353	0.046489
10715	0.046489
11434	0.046417
12303	0.046395
10642	0.046330
6732	0.046312
10701	0.046290
5044	0.046283
12730	0.046259
2666	0.046159
9706	0.046071
9839	0.045979
11143	0.045959
4293	0.045942
9207	0.045906
9205	0.045906
8528	0.045906
35	0.045845
1898	0.045837
13598	0.045784
11129	0.045726
852	0.045624
7932	0.045610
10889	0.045578
2477	0.045565
6814	0.045524
2179	0.045464
8621	0.045377
13165	0.045303
1111	0.045244
9831	0.045215
4836	0.045088
3774	0.045055
9828	0.045054
4800	0.045053
5045	0.045017
1618	0.044998
10475	0.044954
9226	0.044944
9217	0.044944
8534	0.044944
6781	0.044942
10032	0.044914
7827	0.044912
10943	0.044805
9098	0.044770
10723	0.044766
6321	0.044715
10808	0.044676
12648	0.044660
5009	0.044587
1951	0.044547
2423	0.044544
7082	0.044510
6294	0.044477
6844	0.044463
13435	0.044458
2059	0.044458
14269	0.044455
9495	0.044442
9147	0.044442
8314	0.044399
10837	0.044398
314	0.044380
9218	0.044375
304	0.044363
10191	0.044340
10085	0.044302
2067	0.044252
2057	0.044236
3505	0.044207
6697	0.044173
13156	0.044166
10176	0.044166
10087	0.044166
10086	0.044166
6050	0.044158
8566	0.044158
6052	0.044156
568	0.044136
6806	0.044009
6393	0.043919
10018	0.043914
2497	0.043887
10186	0.043852
5101	0.043792
2111	0.043702
2753	0.043692
10615	0.043661
9174	0.043631
4693	0.043627
2168	0.043607
14101	0.043463
8365	0.043463
8430	0.043441
5634	0.043359
10589	0.043325
613	0.043260
5918	0.043242
13162	0.043238
10123	0.043238
11234	0.043164
13320	0.043122
10632	0.043119
10042	0.043084
4865	0.043069
4306	0.043059
3489	0.043053
2124	0.043048
9109	0.042900
7306	0.042831
10751	0.042810
1862	0.042775
10301	0.042713
2523	0.042702
1861	0.042656
10214	0.042533
2634	0.042519
10038	0.042495
2889	0.042486
7977	0.042467
4692	0.042386
1734	0.042380
5720	0.042334
1785	0.042320
2442	0.042272
11019	0.042264
6051	0.042230
11638	0.042212
8635	0.042200
7200	0.042131
9108	0.042123
735	0.042122
2970	0.042030
2342	0.042020
2177	0.041991
1953	0.041990
1954	0.041990
323	0.041973
9082	0.041897
6946	0.041849
7530	0.041834
12529	0.041807
10628	0.041783
353	0.041763
6091	0.041707
6090	0.041707
6089	0.041701
9176	0.041696
8809	0.041696
6053	0.041695
6695	0.041667
2954	0.041665
11542	0.041617
6098	0.041535
12799	0.041503
3170	0.041499
4856	0.041487
6255	0.041482
9248	0.041444
5928	0.041373
7359	0.041354
3341	0.041354
4087	0.041346
10497	0.041306
3001	0.041220
6055	0.041164
7584	0.041133
8656	0.041022
10498	0.040823
12063	0.040714
2227	0.040711
11177	0.040693
377	0.040689
4664	0.040684
6866	0.040671
13323	0.040632
3960	0.040627
3956	0.040627
6317	0.040604
6731	0.040592
629	0.040582
3728	0.040557
9204	0.040485
8592	0.040485
7245	0.040470
9222	0.040463
817	0.040456
12292	0.040448
9347	0.040443
5038	0.040422
10670	0.040395
8584	0.040368
3587	0.040347
2118	0.040314
2708	0.040285
6366	0.040282
8503	0.040256
6334	0.040252
4661	0.040221
13749	0.040127
9026	0.040105
2322	0.040097
7400	0.040060
6908	0.040021
2453	0.040010
9145	0.039999
11556	0.039980
13679	0.039963
6742	0.039839
14303	0.039808
14302	0.039808
14301	0.039808
14300	0.039808
14299	0.039808
3638	0.039777
4709	0.039764
9875	0.039674
4724	0.039648
7167	0.039615
10420	0.039554
5154	0.039548
11703	0.039511
1241	0.039504
2344	0.039465
11293	0.039459
2955	0.039404
2953	0.039404
5775	0.039359
12442	0.039311
6216	0.039292
5291	0.039263
12573	0.039263
4509	0.039252
881	0.039217
882	0.039212
9201	0.039107
6680	0.039026
2823	0.038951
2113	0.038840
10538	0.038826
12192	0.038813
6257	0.038797
13293	0.038768
1203	0.038766
13026	0.038631
12069	0.038587
2020	0.038567
352	0.038558
879	0.038538
12798	0.038496
3727	0.038474
4787	0.038451
13131	0.038418
13688	0.038397
4838	0.038393
2809	0.038356
11237	0.038352
6056	0.038324
9311	0.038311
9196	0.038303
492	0.038284
12338	0.038230
7205	0.038217
6709	0.038197
13613	0.038175
12663	0.038149
524	0.038125
2542	0.038123
11686	0.038115
12273	0.038112
12199	0.038043
5779	0.038005
11437	0.037990
12170	0.037987
10852	0.037980
5697	0.037971
10198	0.037940
11675	0.037937
11904	0.037924
6299	0.037907
12954	0.037905
4169	0.037898
6987	0.037894
513	0.037810
9262	0.037721
8671	0.037713
9235	0.037696
9230	0.037696
