2829	0.331082
2830	0.329283
3273	0.257779
1387	0.246825
960	0.235036
1378	0.223481
963	0.205924
616	0.200004
11934	0.194662
969	0.193984
535	0.192125
388	0.167877
998	0.164173
10802	0.159819
1935	0.157742
13995	0.153617
611	0.153115
1007	0.151029
3923	0.149633
12162	0.149243
9070	0.148303
165	0.147095
267	0.147035
13174	0.146067
592	0.145659
12717	0.142951
11901	0.140522
12672	0.137733
5563	0.132318
5427	0.131749
562	0.130776
484	0.129849
4300	0.129021
12253	0.127209
11724	0.126755
3350	0.126559
462	0.125893
6660	0.125429
1728	0.124517
967	0.124297
10506	0.122822
1045	0.122822
7053	0.121695
4233	0.121443
264	0.121181
12779	0.119797
565	0.119249
2778	0.117446
2949	0.116280
10586	0.114509
5801	0.114244
5803	0.113796
1362	0.113766
9396	0.113766
4481	0.113766
4478	0.113760
919	0.113077
12644	0.112789
9963	0.112027
7673	0.111376
11902	0.111291
13559	0.111166
10675	0.110676
1363	0.110068
558	0.109187
10682	0.109054
957	0.108478
954	0.108478
740	0.108118
3332	0.107738
3171	0.107682
6471	0.107529
2665	0.107140
5854	0.107108
1046	0.106811
6250	0.106684
11894	0.106467
2747	0.106467
10587	0.105602
999	0.105500
13640	0.104358
10720	0.104155
6842	0.103917
12661	0.103879
132	0.103379
8211	0.103306
7393	0.103306
13339	0.102542
12768	0.102413
265	0.102321
9074	0.101638
7614	0.101233
7613	0.101233
4765	0.101137
11474	0.100697
734	0.100646
3173	0.100245
9992	0.100042
3517	0.100006
8856	0.099995
3269	0.099995
10207	0.099991
3607	0.099899
10126	0.099822
3325	0.099772
8930	0.099688
3597	0.099666
13324	0.099330
13113	0.099131
12495	0.098640
12408	0.098453
581	0.098383
7933	0.098177
347	0.098177
2783	0.097527
10046	0.097157
12639	0.097055
12381	0.096998
8730	0.096940
11829	0.096371
4525	0.096371
5736	0.096248
10484	0.096093
10465	0.095959
10464	0.095872
483	0.095766
9988	0.095750
13606	0.095730
6290	0.095685
8091	0.095647
5061	0.095303
5236	0.094893
13760	0.094784
2663	0.094408
6714	0.094047
10485	0.094046
11928	0.093633
8501	0.093633
2779	0.093633
2756	0.093633
13272	0.093602
2786	0.093602
2782	0.093602
1505	0.093602
13227	0.093581
11927	0.093543
2759	0.093543
2094	0.093490
958	0.093457
11457	0.093350
11117	0.092902
5912	0.092875
4591	0.092677
12606	0.092513
12293	0.092492
7181	0.092492
2816	0.092418
1584	0.092212
2638	0.092143
4523	0.092011
12611	0.091728
8249	0.091456
2471	0.091451
11405	0.091096
12497	0.090850
3845	0.090829
3836	0.090760
733	0.090624
1871	0.090380
12754	0.090292
3593	0.090219
956	0.090132
11654	0.089880
1143	0.089876
3202	0.089684
8422	0.089672
5170	0.089460
1393	0.089450
5244	0.089087
1040	0.088981
738	0.088953
2153	0.088949
6626	0.088813
520	0.088656
11924	0.088299
2995	0.088292
8070	0.088023
736	0.088023
961	0.087902
741	0.087837
2774	0.087650
966	0.087239
3621	0.087207
2767	0.087100
3196	0.086925
7906	0.086883
9948	0.086866
4738	0.086854
12605	0.086744
1934	0.086611
13166	0.086584
11463	0.086422
2667	0.086368
3065	0.086359
1924	0.086142
5350	0.086084
965	0.086077
1000	0.085808
5608	0.085673
737	0.085247
5921	0.084972
387	0.084969
13482	0.084885
13264	0.084745
2580	0.084633
5990	0.084544
6649	0.084453
6647	0.084453
6646	0.084453
5610	0.084453
7022	0.084374
2757	0.083895
12365	0.083846
11523	0.083840
13151	0.083762
11475	0.083676
9757	0.083629
12552	0.083417
1004	0.083218
1003	0.083218
996	0.083218
757	0.083218
3268	0.083142
12589	0.083100
964	0.082735
11650	0.082548
959	0.082415
12388	0.082360
5717	0.082335
7315	0.082316
13314	0.082304
2743	0.082245
4568	0.082216
1108	0.082074
13580	0.082064
496	0.081967
1579	0.081896
3841	0.081800
3541	0.081110
6497	0.080840
10722	0.080814
13944	0.080550
9701	0.080096
8324	0.080045
3203	0.079972
8405	0.079799
9503	0.079738
13567	0.079721
5731	0.079721
5730	0.079721
5726	0.079721
5723	0.079721
5722	0.079721
5721	0.079721
5681	0.079721
14247	0.079690
774	0.079615
3446	0.079340
11312	0.079217
10970	0.079012
1166	0.078938
2290	0.078864
6878	0.078823
9944	0.078648
12503	0.078514
1738	0.078463
2710	0.078201
5296	0.078090
13333	0.077826
5526	0.077824
13112	0.077681
4588	0.077537
2755	0.077388
11919	0.077337
1762	0.077301
8513	0.077220
3213	0.077216
1969	0.077152
12668	0.077093
11094	0.077015
913	0.076926
971	0.076873
2642	0.076771
12741	0.076734
3784	0.076670
758	0.076611
2873	0.076548
3342	0.076435
995	0.076275
176	0.076224
494	0.076060
6854	0.075914
3198	0.075732
1829	0.075694
3519	0.075634
12350	0.075553
12349	0.075540
5607	0.075509
5688	0.075475
5502	0.075463
9008	0.075457
10686	0.075433
137	0.075386
406	0.075362
1332	0.075344
2378	0.075236
12781	0.075220
11920	0.075102
3927	0.075102
3868	0.075102
5609	0.075082
3267	0.075042
6449	0.075040
12597	0.074916
7290	0.074730
10687	0.074727
3390	0.074583
6416	0.074489
10141	0.074414
10035	0.074414
12701	0.074393
1932	0.074379
12459	0.073719
9972	0.073550
1005	0.073420
167	0.073366
3658	0.073103
5670	0.073064
4827	0.073007
10247	0.072884
7553	0.072860
4775	0.072845
10268	0.072813
11959	0.072812
933	0.072739
1783	0.072694
7434	0.072683
6622	0.072565
546	0.072556
13363	0.072424
7159	0.072410
9982	0.072401
9733	0.072393
9983	0.072297
9424	0.072248
7327	0.072191
5511	0.072176
6095	0.072106
8886	0.072032
4776	0.072023
5932	0.072016
5871	0.072002
4777	0.071911
1551	0.071816
3266	0.071805
12553	0.071777
12404	0.071775
4444	0.071740
820	0.071722
9425	0.071669
8558	0.071667
2340	0.071599
3601	0.071529
9029	0.071510
1712	0.071309
2237	0.070959
11048	0.070946
9419	0.070863
342	0.070859
1739	0.070827
1807	0.070784
4832	0.070773
2643	0.070737
4458	0.070701
750	0.070675
11258	0.070653
544	0.070624
10270	0.070500
6887	0.070409
8054	0.070360
534	0.070320
4566	0.070262
2694	0.070262
5486	0.070223
2668	0.070082
4980	0.070071
3929	0.069940
3928	0.069940
4292	0.069877
1179	0.069838
12807	0.069818
402	0.069714
1872	0.069508
1578	0.069342
4585	0.069196
11368	0.069110
739	0.069040
11918	0.068996
9395	0.068867
2680	0.068783
286	0.068720
12627	0.068637
5447	0.068408
3207	0.068359
10721	0.068347
11151	0.068196
12496	0.068058
10436	0.067957
2181	0.067941
2361	0.067869
12156	0.067798
8201	0.067798
3501	0.067798
3502	0.067760
5800	0.067742
391	0.067682
9958	0.067645
160	0.067551
12458	0.067419
12624	0.067403
12421	0.067393
10269	0.067393
10266	0.067393
10262	0.067393
10261	0.067393
2751	0.067345
10267	0.067340
10259	0.067338
14220	0.067307
9126	0.067287
6117	0.067216
4488	0.067162
11326	0.067124
11842	0.067088
6486	0.067088
11843	0.066997
6998	0.066997
6577	0.066996
3013	0.066957
8000	0.066940
1507	0.066835
10743	0.066761
9827	0.066702
6490	0.066681
559	0.066546
4524	0.066536
5250	0.066317
2464	0.066272
9689	0.066244
10278	0.066208
8439	0.066059
7435	0.066059
7180	0.066059
8438	0.065998
4151	0.065972
7865	0.065961
1407	0.065881
5739	0.065805
6479	0.065768
8797	0.065753
4230	0.065698
226	0.065679
7864	0.065586
6971	0.065575
12427	0.065559
10130	0.065246
6849	0.065210
2575	0.065185
13721	0.065160
13709	0.065160
11494	0.065145
5234	0.065062
567	0.064983
5905	0.064943
1828	0.064888
1803	0.064883
9146	0.064707
3516	0.064702
5977	0.064687
9522	0.064674
989	0.064672
194	0.064627
8003	0.064618
5836	0.064617
11343	0.064617
3518	0.064612
569	0.064585
399	0.064546
11496	0.064545
12833	0.064534
10903	0.064527
10362	0.064454
6856	0.064395
11878	0.064353
10188	0.064291
5287	0.064288
10486	0.064284
12422	0.064205
4213	0.064199
1352	0.064132
3867	0.064069
2572	0.064009
7070	0.063981
10859	0.063976
3746	0.063975
529	0.063932
12744	0.063927
3551	0.063922
5750	0.063913
1391	0.063686
12336	0.063536
8144	0.063525
13472	0.063520
4221	0.063430
3903	0.063421
11019	0.063389
12571	0.063371
4684	0.063302
138	0.063301
3265	0.063254
4888	0.063250
2987	0.063219
92	0.063191
4194	0.063187
13222	0.063125
2762	0.063102
583	0.063094
1506	0.063026
10166	0.062978
12821	0.062862
12401	0.062849
2988	0.062710
8661	0.062633
12494	0.062625
5426	0.062599
2315	0.062590
5022	0.062559
11859	0.062482
7132	0.062463
8563	0.062461
8562	0.062461
8561	0.062461
8559	0.062461
7582	0.062461
2989	0.062461
530	0.062440
400	0.062440
3499	0.062366
6289	0.062323
7762	0.062155
12852	0.062149
1453	0.062121
2261	0.062119
11354	0.062085
12129	0.062033
11669	0.062004
6375	0.062004
11385	0.061982
7583	0.061890
938	0.061880
755	0.061849
7091	0.061833
10841	0.061785
11293	0.061729
1218	0.061682
528	0.061615
2761	0.061605
6371	0.061553
12499	0.061552
9417	0.061512
2311	0.061504
12910	0.061502
1017	0.061484
10926	0.061455
1376	0.061432
3197	0.061353
8560	0.061336
10160	0.061319
173	0.061275
5622	0.061262
10159	0.061249
6537	0.061169
12526	0.061120
10292	0.061102
11572	0.061072
7619	0.061003
10451	0.060987
4385	0.060980
288	0.060973
10221	0.060967
908	0.060947
1570	0.060916
12577	0.060863
11366	0.060823
4818	0.060812
2448	0.060748
2210	0.060737
9059	0.060726
11540	0.060653
10863	0.060569
3504	0.060439
13223	0.060429
10927	0.060413
11906	0.060347
10862	0.060335
9578	0.060303
10107	0.060292
10505	0.060289
7221	0.060211
4822	0.060203
9426	0.060197
526	0.060180
5369	0.060161
2655	0.060098
4781	0.060097
6208	0.060071
6485	0.060043
4786	0.060018
12694	0.059995
9401	0.059949
10441	0.059946
11092	0.059941
2758	0.059941
12080	0.059927
5349	0.059919
3625	0.059916
9190	0.059903
11196	0.059900
11642	0.059889
3635	0.059825
11877	0.059817
10265	0.059812
10961	0.059711
3366	0.059595
2178	0.059557
7964	0.059548
2944	0.059465
8132	0.059414
12629	0.059400
10455	0.059378
2535	0.059328
686	0.059232
7560	0.059230
3848	0.059203
3298	0.059139
728	0.059125
12722	0.059100
531	0.059086
4480	0.058979
787	0.058956
9613	0.058898
11575	0.058849
9873	0.058758
2151	0.058677
12428	0.058659
1564	0.058620
12793	0.058586
14109	0.058492
10736	0.058492
9946	0.058469
1333	0.058434
4143	0.058346
14347	0.058343
11498	0.058298
227	0.058297
4909	0.058236
6316	0.058173
12598	0.058131
3549	0.058031
1435	0.057945
3763	0.057936
1501	0.057835
3567	0.057799
12073	0.057741
2726	0.057741
6638	0.057706
11497	0.057672
368	0.057669
10735	0.057665
12931	0.057662
9111	0.057618
10843	0.057604
1464	0.057559
11485	0.057527
11637	0.057503
14063	0.057501
10263	0.057490
9278	0.057374
564	0.057374
11234	0.057362
10872	0.057330
2935	0.057328
7929	0.057298
6600	0.057274
11985	0.057267
8147	0.057267
8100	0.057267
8086	0.057267
8085	0.057267
8084	0.057267
6199	0.057261
12776	0.057183
9646	0.057121
9612	0.057105
8979	0.057068
12816	0.056993
8909	0.056981
521	0.056893
3490	0.056888
7420	0.056864
5150	0.056855
6954	0.056795
11509	0.056788
906	0.056783
9743	0.056756
5430	0.056706
2725	0.056698
9440	0.056640
12146	0.056609
8582	0.056609
7599	0.056609
3695	0.056609
3694	0.056609
3616	0.056609
5639	0.056599
11893	0.056580
3451	0.056570
10478	0.056469
12551	0.056446
282	0.056404
12386	0.056397
12282	0.056322
7531	0.056308
3630	0.056293
3113	0.056272
3818	0.056251
14005	0.056249
2495	0.056249
1729	0.056242
13971	0.056223
7804	0.056223
2494	0.056223
3804	0.056196
14057	0.056196
13159	0.056192
6355	0.056160
4218	0.056004
1450	0.056003
13607	0.055984
962	0.055975
10627	0.055906
12420	0.055904
13719	0.055881
10588	0.055881
7547	0.055881
1364	0.055878
6469	0.055851
1439	0.055849
8594	0.055802
7432	0.055802
13385	0.055756
8660	0.055656
8659	0.055656
8658	0.055656
4629	0.055645
886	0.055641
3540	0.055629
4339	0.055620
10542	0.055595
6354	0.055575
13254	0.055523
12934	0.055523
12933	0.055523
12932	0.055523
12081	0.055523
8996	0.055523
8994	0.055523
8992	0.055523
12935	0.055516
4645	0.055476
3659	0.055470
934	0.055461
10483	0.055459
2095	0.055433
3665	0.055415
968	0.055399
12929	0.055384
3485	0.055374
4261	0.055364
5720	0.055307
11066	0.055302
8918	0.055269
293	0.055269
292	0.055269
291	0.055269
290	0.055269
287	0.055269
11495	0.055264
1209	0.055260
8794	0.055200
9614	0.055159
9955	0.055131
10318	0.055098
10658	0.055074
10948	0.055052
10713	0.055050
10657	0.055044
77	0.055015
2116	0.054961
1289	0.054938
2734	0.054916
5725	0.054879
3615	0.054764
517	0.054732
1897	0.054704
3632	0.054697
4734	0.054692
9436	0.054640
3072	0.054615
2576	0.054615
3984	0.054592
8773	0.054500
6621	0.054500
10432	0.054495
6618	0.054484
7333	0.054458
5041	0.054387
12695	0.054385
6136	0.054378
2752	0.054370
1826	0.054340
12584	0.054294
1168	0.054275
8056	0.054268
481	0.054249
10406	0.054242
1827	0.054139
1999	0.054131
11121	0.054083
7105	0.054028
2209	0.053974
11683	0.053934
7146	0.053934
12930	0.053928
12928	0.053928
2947	0.053920
10124	0.053918
12406	0.053905
10140	0.053890
3303	0.053887
12864	0.053872
7336	0.053835
2530	0.053776
8462	0.053730
519	0.053730
1102	0.053706
11084	0.053695
11083	0.053695
9380	0.053695
9378	0.053695
9376	0.053695
9374	0.053695
7339	0.053695
7338	0.053695
7335	0.053695
7334	0.053695
3155	0.053675
12027	0.053656
5254	0.053601
1648	0.053592
10495	0.053518
1892	0.053500
4327	0.053433
14119	0.053418
7388	0.053385
3557	0.053375
4755	0.053357
2768	0.053341
11977	0.053220
560	0.053184
14326	0.053157
3163	0.053120
8887	0.053116
8330	0.053109
4579	0.053066
9437	0.053032
11765	0.052979
5488	0.052970
10407	0.052949
10983	0.052944
7004	0.052911
9847	0.052893
12169	0.052892
8917	0.052892
3486	0.052871
2577	0.052862
11925	0.052845
5870	0.052842
7517	0.052764
10281	0.052755
5572	0.052708
5065	0.052685
7620	0.052672
6922	0.052658
13992	0.052618
9091	0.052561
1082	0.052555
7140	0.052542
1774	0.052519
5884	0.052471
2293	0.052460
12500	0.052361
9490	0.052342
4819	0.052335
12329	0.052310
8919	0.052223
12343	0.052204
7589	0.052204
13441	0.052182
10456	0.052154
1724	0.052127
12509	0.052120
11515	0.052103
13341	0.052043
7898	0.052014
12666	0.052013
12911	0.051998
11493	0.051992
12927	0.051989
8279	0.051944
9574	0.051934
10228	0.051924
10014	0.051893
2006	0.051883
11571	0.051863
14238	0.051821
14175	0.051821
14044	0.051821
4144	0.051810
12301	0.051780
6467	0.051773
12651	0.051761
14045	0.051759
12530	0.051667
1251	0.051593
11243	0.051575
7534	0.051572
10740	0.051551
11256	0.051542
6234	0.051542
7062	0.051527
4831	0.051525
10804	0.051525
11543	0.051512
13340	0.051488
10339	0.051482
10572	0.051446
1234	0.051423
7026	0.051412
11320	0.051409
13547	0.051391
13546	0.051391
13368	0.051391
13994	0.051334
7931	0.051334
3757	0.051322
4455	0.051308
2355	0.051291
1175	0.051289
12926	0.051253
8993	0.051182
5751	0.051173
9090	0.051167
1434	0.051144
3500	0.051141
12071	0.051126
175	0.051126
1788	0.051125
12524	0.051088
2545	0.051087
11175	0.051027
6550	0.050964
513	0.050931
13592	0.050927
12079	0.050884
532	0.050864
8935	0.050855
3899	0.050847
617	0.050846
5491	0.050844
