5958	0.219839
4521	0.200307
4520	0.187385
6201	0.154526
3654	0.152797
11556	0.120063
4863	0.115728
13449	0.113532
9237	0.110703
11964	0.107648
3505	0.102244
9909	0.101013
12636	0.099611
2052	0.098001
11818	0.095849
7306	0.095453
11019	0.094929
5346	0.094376
5116	0.093848
13490	0.093344
13632	0.093343
13631	0.093343
13633	0.093256
11502	0.091864
1419	0.090578
5697	0.090085
2526	0.090082
12525	0.089689
5350	0.089179
10658	0.088453
331	0.088060
10657	0.087245
11226	0.085935
6252	0.085364
2529	0.084626
1420	0.084552
5650	0.084171
10943	0.084081
6838	0.083360
11129	0.082825
10226	0.082248
10186	0.080206
3764	0.079833
10694	0.079806
7650	0.079648
7096	0.079648
7659	0.079210
6278	0.079047
2411	0.078793
10723	0.078639
808	0.078383
5291	0.077989
14266	0.077820
13545	0.077633
9170	0.077092
10042	0.077051
7526	0.076893
8864	0.076840
8863	0.076840
8583	0.076840
8124	0.076840
7904	0.076840
7903	0.076840
7902	0.076840
7901	0.076840
7900	0.076840
7899	0.076840
7897	0.076840
7896	0.076840
7895	0.076840
12238	0.076680
11007	0.076671
5957	0.076412
8329	0.076298
6482	0.076163
4537	0.075933
12530	0.075926
12145	0.075422
10515	0.075422
5956	0.075422
12716	0.075400
12237	0.075330
268	0.074894
11121	0.074779
9520	0.074770
2594	0.074752
4787	0.074615
10456	0.074430
2263	0.073851
12502	0.073797
13557	0.073622
13556	0.073622
13165	0.073569
10212	0.073514
9385	0.073455
5747	0.072976
10356	0.072836
10921	0.072664
323	0.072593
14407	0.072516
3699	0.072317
9605	0.072264
6378	0.072094
7101	0.071632
5649	0.071595
10389	0.071556
7337	0.071352
10859	0.071279
9989	0.071101
11626	0.070989
5546	0.070887
10475	0.070836
12125	0.070773
12707	0.070626
4569	0.070623
7182	0.070438
9702	0.070410
2944	0.070346
5748	0.070327
12109	0.069854
5948	0.069854
11233	0.069534
9381	0.069534
9135	0.069429
7752	0.069208
11447	0.069189
2889	0.069101
227	0.069029
13131	0.069017
4042	0.068949
13396	0.068834
13338	0.068834
12143	0.068824
304	0.068714
739	0.068702
9218	0.068451
1555	0.068450
3341	0.068426
2952	0.068135
10776	0.068068
11551	0.067990
9835	0.067948
10049	0.067934
3451	0.067833
10497	0.067820
3463	0.067744
2064	0.067681
13036	0.067663
5038	0.067625
8312	0.067516
9964	0.067455
6055	0.067259
5142	0.067158
12250	0.067143
10920	0.067138
11548	0.067131
11534	0.067110
2968	0.067046
10648	0.066918
6636	0.066742
2542	0.066689
10666	0.066686
14427	0.066541
7686	0.066530
2773	0.066472
10547	0.066245
4295	0.066108
3633	0.065942
5413	0.065898
12944	0.065810
3745	0.065757
12053	0.065740
9711	0.065676
9708	0.065676
9707	0.065676
9705	0.065676
9703	0.065676
9699	0.065655
10542	0.065611
13164	0.065436
10318	0.065342
7295	0.065328
3741	0.065292
14415	0.065268
9277	0.065268
11858	0.065256
10048	0.065221
3203	0.065204
3739	0.065189
7881	0.065140
12807	0.065062
6758	0.065020
9462	0.064987
9439	0.064968
4363	0.064910
5833	0.064867
11322	0.064769
11491	0.064763
11977	0.064495
8833	0.064458
11539	0.064316
277	0.064261
2817	0.064230
11033	0.064223
9961	0.064223
9796	0.064213
9840	0.064034
2280	0.063945
11813	0.063925
13691	0.063908
13690	0.063908
8880	0.063908
8879	0.063908
8210	0.063908
6989	0.063886
6234	0.063822
12252	0.063754
14342	0.063725
12462	0.063683
10685	0.063683
7114	0.063637
6623	0.063617
10130	0.063564
1507	0.063563
8615	0.063483
9375	0.063457
9538	0.063389
5851	0.063236
6138	0.063235
9870	0.063208
8611	0.063206
9682	0.063181
9512	0.063160
10330	0.063156
9623	0.063089
5500	0.063027
9747	0.063000
3672	0.062974
8622	0.062902
5779	0.062868
11394	0.062850
11463	0.062782
9192	0.062777
4670	0.062770
5778	0.062649
5434	0.062629
4671	0.062620
4669	0.062620
2990	0.062572
1952	0.062523
9579	0.062385
9150	0.062301
10852	0.062290
12400	0.062278
11586	0.062278
6695	0.062223
2447	0.062097
7388	0.062067
11065	0.061913
12795	0.061902
6155	0.061876
4667	0.061864
3957	0.061646
10838	0.061621
11522	0.061569
10127	0.061566
370	0.061492
10609	0.061478
2062	0.061408
10556	0.061405
13517	0.061370
8207	0.061274
14071	0.061173
9917	0.061142
5033	0.061065
5888	0.061000
10227	0.060961
11987	0.060913
5426	0.060896
4848	0.060867
10376	0.060820
14162	0.060680
235	0.060629
6731	0.060609
10839	0.060567
10050	0.060547
9704	0.060508
6134	0.060429
11467	0.060393
9168	0.060356
10045	0.060333
5006	0.060290
12542	0.060273
4349	0.060253
3921	0.060213
569	0.060193
2778	0.060128
11419	0.060120
10683	0.060097
6255	0.060075
12873	0.059915
13500	0.059901
13121	0.059790
4789	0.059790
4788	0.059790
13665	0.059781
861	0.059555
469	0.059554
7913	0.059550
5968	0.059550
470	0.059550
7379	0.059522
5967	0.059480
4977	0.059369
9794	0.059354
12074	0.059345
12804	0.059313
5022	0.059292
5491	0.059202
13693	0.059176
3004	0.059144
6737	0.059036
7676	0.059017
6806	0.059004
7453	0.058915
119	0.058908
13462	0.058869
8794	0.058855
10836	0.058704
7530	0.058697
329	0.058650
1400	0.058608
330	0.058606
9706	0.058549
2595	0.058535
6371	0.058522
12679	0.058507
1017	0.058506
4976	0.058422
14250	0.058405
10558	0.058405
10555	0.058405
6968	0.058405
10088	0.058391
10156	0.058364
8042	0.058359
9610	0.058346
6564	0.058308
567	0.058303
10531	0.058250
12496	0.058239
5344	0.058232
7284	0.058230
11838	0.058209
7283	0.058209
5954	0.058152
338	0.058067
5034	0.058062
14249	0.058010
5321	0.057975
13361	0.057810
12730	0.057760
12704	0.057733
4668	0.057707
5953	0.057589
11678	0.057518
805	0.057517
6127	0.057477
11528	0.057432
12548	0.057398
12799	0.057358
4873	0.057345
7131	0.057283
4416	0.057260
4744	0.057257
9460	0.057227
7028	0.057185
8882	0.057158
4201	0.057158
7268	0.057118
13166	0.057073
12832	0.057041
6372	0.057008
9948	0.056984
8884	0.056955
11737	0.056919
10761	0.056833
3630	0.056832
10762	0.056688
6967	0.056647
6689	0.056647
4664	0.056573
4175	0.056487
14108	0.056446
4745	0.056446
12756	0.056431
10554	0.056395
5129	0.056387
4111	0.056328
7961	0.056222
2950	0.056210
6217	0.056188
7981	0.056185
12561	0.056171
10642	0.056132
12276	0.056130
14263	0.056130
14002	0.056130
14001	0.056130
14000	0.056130
13998	0.056130
13996	0.056130
6666	0.056130
5064	0.056130
4854	0.056130
4852	0.056130
4176	0.056110
11988	0.056105
9831	0.056049
1826	0.056042
2278	0.056002
6741	0.055914
9099	0.055903
10557	0.055848
11564	0.055829
6191	0.055810
10232	0.055776
7553	0.055754
2185	0.055719
1078	0.055712
1521	0.055653
781	0.055623
6267	0.055621
6302	0.055621
11147	0.055607
6841	0.055594
1756	0.055585
10482	0.055540
10491	0.055528
10441	0.055510
12764	0.055482
9710	0.055481
2283	0.055458
6835	0.055453
51	0.055449
3170	0.055407
9691	0.055379
4530	0.055359
13626	0.055357
13425	0.055357
12426	0.055307
5433	0.055304
13076	0.055201
3596	0.055170
3418	0.055166
12457	0.055155
12456	0.055155
12450	0.055155
12443	0.055155
9798	0.055155
10236	0.055143
10337	0.055122
11781	0.055071
7926	0.054987
4672	0.054964
11682	0.054949
3242	0.054948
11799	0.054917
792	0.054901
3342	0.054889
9788	0.054828
13285	0.054824
2105	0.054822
13360	0.054784
7137	0.054720
10739	0.054710
10788	0.054710
10777	0.054710
10759	0.054710
2941	0.054635
1828	0.054613
2964	0.054582
12654	0.054572
2996	0.054538
2174	0.054511
1232	0.054461
1229	0.054461
2114	0.054404
6102	0.054396
1119	0.054336
1538	0.054309
5289	0.054238
11237	0.054223
4974	0.054205
11477	0.054190
1120	0.054172
3793	0.054162
2625	0.054154
12803	0.054153
705	0.054124
1800	0.054106
5221	0.054104
13247	0.054098
11211	0.054079
6361	0.054068
10809	0.054054
7580	0.054054
7581	0.054046
6294	0.054039
13716	0.054020
12442	0.054005
9717	0.053999
5877	0.053966
3389	0.053855
678	0.053848
11646	0.053836
12638	0.053784
1963	0.053732
10517	0.053727
12089	0.053722
11681	0.053704
13552	0.053685
13511	0.053685
13507	0.053685
13095	0.053672
6969	0.053672
12431	0.053585
13928	0.053562
13374	0.053540
13373	0.053540
5191	0.053516
6733	0.053514
7094	0.053459
12797	0.053426
13926	0.053394
10949	0.053360
4168	0.053310
2958	0.053307
12093	0.053256
14004	0.053255
4866	0.053255
12792	0.053202
4032	0.053158
11455	0.053145
11426	0.053145
3774	0.053119
4279	0.053025
12141	0.052998
11510	0.052949
7760	0.052941
12557	0.052931
6035	0.052899
6277	0.052886
10534	0.052871
11439	0.052856
4112	0.052832
3604	0.052819
5746	0.052810
1183	0.052805
12701	0.052764
1673	0.052756
3837	0.052739
4113	0.052690
314	0.052675
2845	0.052625
12536	0.052601
6305	0.052594
11715	0.052573
12170	0.052558
11437	0.052556
782	0.052552
13030	0.052538
10530	0.052427
8292	0.052398
12219	0.052378
12030	0.052342
311	0.052301
12791	0.052271
12788	0.052271
221	0.052207
3313	0.052203
13838	0.052199
12507	0.052196
4383	0.052190
565	0.052140
2731	0.052109
9098	0.052107
5719	0.052083
2424	0.052042
10538	0.052039
364	0.052031
700	0.052019
5908	0.052019
7954	0.051966
2820	0.051952
11161	0.051938
426	0.051932
2521	0.051912
10443	0.051901
9141	0.051900
1058	0.051900
13826	0.051897
12063	0.051878
11607	0.051866
6616	0.051862
10368	0.051829
10714	0.051824
4536	0.051819
6418	0.051744
6050	0.051676
11542	0.051546
1686	0.051531
8531	0.051524
10511	0.051512
3724	0.051508
5208	0.051494
10230	0.051465
13820	0.051417
2881	0.051416
12444	0.051394
13118	0.051384
3653	0.051384
1055	0.051384
11475	0.051378
12445	0.051371
7958	0.051347
12572	0.051330
5045	0.051281
1403	0.051264
13384	0.051255
4531	0.051245
5913	0.051235
4118	0.051216
4262	0.051206
7951	0.051183
4434	0.051182
6098	0.051182
2951	0.051161
10499	0.051090
8081	0.051084
5579	0.051065
11575	0.051048
4712	0.051038
10649	0.051026
5651	0.051024
3773	0.050964
13398	0.050892
9226	0.050891
9217	0.050891
8534	0.050891
5430	0.050881
5299	0.050880
7827	0.050877
12607	0.050849
10198	0.050834
10305	0.050761
303	0.050741
10647	0.050726
10264	0.050699
2892	0.050656
12621	0.050655
12785	0.050652
1986	0.050608
38	0.050591
5026	0.050591
5027	0.050591
6048	0.050576
3623	0.050520
9021	0.050519
1649	0.050499
4534	0.050440
406	0.050386
11415	0.050369
319	0.050369
9307	0.050353
566	0.050269
3960	0.050254
3956	0.050254
1094	0.050226
11989	0.050181
5909	0.050164
3591	0.050132
9423	0.050085
11486	0.050079
8584	0.049973
12281	0.049967
6619	0.049967
13012	0.049942
13004	0.049942
12784	0.049919
13569	0.049893
10682	0.049795
13997	0.049770
9913	0.049756
503	0.049744
9769	0.049714
12262	0.049700
5832	0.049685
10523	0.049657
1458	0.049655
12628	0.049655
6663	0.049629
1636	0.049517
12637	0.049485
11506	0.049426
11895	0.049416
4998	0.049371
876	0.049336
14003	0.049327
4948	0.049299
9200	0.049295
11569	0.049253
12403	0.049253
7289	0.049242
2097	0.049231
6045	0.049212
7856	0.049122
10751	0.049103
4709	0.049079
10972	0.049075
9950	0.049048
12698	0.049022
10674	0.049001
1224	0.048990
1228	0.048972
2947	0.048926
3303	0.048900
6062	0.048865
404	0.048860
11798	0.048854
8929	0.048849
5254	0.048843
14111	0.048839
14080	0.048839
12626	0.048830
4581	0.048779
1905	0.048776
8656	0.048745
11638	0.048720
6747	0.048719
5035	0.048707
5495	0.048706
2600	0.048666
11082	0.048646
5910	0.048611
8168	0.048606
5488	0.048582
109	0.048534
10902	0.048485
11996	0.048482
3700	0.048433
3638	0.048391
1951	0.048362
4786	0.048347
12575	0.048312
6303	0.048292
12521	0.048278
9780	0.048263
6322	0.048259
12710	0.048184
7555	0.048119
12516	0.048098
11362	0.048090
9519	0.048035
4855	0.048017
353	0.047985
9926	0.047979
9925	0.047979
9924	0.047979
9852	0.047979
7773	0.047979
7447	0.047979
5419	0.047964
312	0.047954
3539	0.047923
13945	0.047871
13116	0.047830
10684	0.047825
4542	0.047825
11242	0.047785
2251	0.047772
7874	0.047730
5482	0.047680
6730	0.047665
3507	0.047623
13999	0.047600
5005	0.047600
12538	0.047597
14233	0.047592
1136	0.047592
13815	0.047556
1572	0.047555
13023	0.047544
4933	0.047439
1506	0.047433
3370	0.047400
8678	0.047392
9415	0.047390
8851	0.047390
8850	0.047390
1734	0.047360
12602	0.047350
14283	0.047338
3786	0.047327
3277	0.047281
12597	0.047280
12773	0.047229
9875	0.047103
3791	0.047070
12551	0.047036
6886	0.047021
9484	0.047019
9483	0.047019
11290	0.046999
604	0.046976
12720	0.046941
7666	0.046941
10166	0.046937
11424	0.046933
2821	0.046928
1056	0.046902
310	0.046899
6496	0.046857
5432	0.046857
2453	0.046856
12625	0.046819
12348	0.046803
2303	0.046803
3128	0.046798
3121	0.046798
3048	0.046798
2624	0.046798
12508	0.046783
11999	0.046783
13897	0.046782
1346	0.046768
12515	0.046766
11052	0.046759
4304	0.046745
4302	0.046745
3838	0.046696
115	0.046672
10024	0.046655
4612	0.046647
2541	0.046634
4301	0.046631
1823	0.046619
6660	0.046590
11057	0.046581
11516	0.046491
332	0.046475
2593	0.046469
4051	0.046461
9713	0.046440
5354	0.046413
4850	0.046393
9539	0.046373
6525	0.046360
6614	0.046354
5492	0.046352
12630	0.046323
9790	0.046323
10447	0.046308
10446	0.046308
10445	0.046308
10442	0.046308
9596	0.046299
2699	0.046276
11518	0.046227
10841	0.046202
10646	0.046198
10916	0.046188
2315	0.046183
6598	0.046158
6465	0.046149
9787	0.046148
9786	0.046148
9785	0.046148
9784	0.046148
9783	0.046148
9782	0.046148
9781	0.046148
9778	0.046148
9280	0.046148
8585	0.046148
8567	0.046148
8553	0.046148
7977	0.046122
10419	0.046117
5243	0.046100
3738	0.046073
9689	0.046068
12836	0.046064
12824	0.046064
1964	0.046059
6007	0.046035
7964	0.046028
2394	0.045982
3054	0.045975
8708	0.045936
3071	0.045886
9673	0.045886
12812	0.045879
11565	0.045878
2282	0.045868
9944	0.045861
306	0.045848
14416	0.045842
2396	0.045820
599	0.045796
1925	0.045770
225	0.045761
13910	0.045740
11325	0.045684
9700	0.045647
3664	0.045599
683	0.045592
8405	0.045571
7973	0.045553
11637	0.045552
8010	0.045536
11492	0.045530
6101	0.045500
8503	0.045469
9726	0.045468
13574	0.045441
6664	0.045433
5451	0.045428
3822	0.045417
11689	0.045384
6576	0.045378
11403	0.045368
6148	0.045368
7767	0.045358
12949	0.045345
12947	0.045345
12946	0.045345
12945	0.045345
12943	0.045345
12942	0.045345
5178	0.045335
224	0.045316
11675	0.045276
2227	0.045275
11176	0.045255
5830	0.045249
9927	0.045240
9896	0.045240
7208	0.045240
4532	0.045227
5829	0.045197
6530	0.045176
12732	0.045161
12592	0.045158
8076	0.045153
9169	0.045144
10478	0.045117
10707	0.045108
11554	0.045108
7955	0.045097
7245	0.045068
12695	0.045020
5995	0.045018
1209	0.045014
4823	0.045013
335	0.044988
334	0.044988
327	0.044988
305	0.044988
302	0.044988
3553	0.044973
2599	0.044951
12787	0.044940
3152	0.044921
2535	0.044878
4163	0.044829
14418	0.044816
14417	0.044816
13284	0.044816
13152	0.044816
9795	0.044816
9793	0.044816
9792	0.044816
9791	0.044816
9789	0.044816
9745	0.044816
9163	0.044816
8614	0.044816
8613	0.044816
8177	0.044816
13932	0.044813
7343	0.044810
3113	0.044808
8180	0.044776
11307	0.044731
3061	0.044715
7774	0.044707
5641	0.044707
6157	0.044705
5642	0.044702
