1030	0.244256
11989	0.227007
2708	0.225244
876	0.221787
2097	0.205584
2105	0.205327
2962	0.204809
5347	0.202210
7774	0.201820
5641	0.201820
5642	0.201818
2600	0.196057
2182	0.195452
2107	0.194444
10097	0.194394
874	0.190541
10098	0.190150
2267	0.184080
2110	0.175577
498	0.165526
9623	0.164831
11658	0.162628
13265	0.162387
352	0.162248
2109	0.158838
2709	0.158024
9393	0.156131
1111	0.153903
8531	0.153742
351	0.151876
997	0.151292
221	0.149766
9177	0.146127
1119	0.145400
633	0.144973
1120	0.144952
13247	0.143926
13394	0.143849
3636	0.142352
5183	0.140851
4652	0.139855
8604	0.139840
9367	0.138889
877	0.138588
10018	0.138584
8792	0.137717
8625	0.135827
13515	0.135389
8676	0.134976
1109	0.134155
1112	0.133655
1118	0.133418
241	0.132455
578	0.132281
1833	0.131559
3778	0.131552
2119	0.131418
2116	0.131413
2118	0.131196
6618	0.130367
8452	0.130225
8449	0.130225
9462	0.130205
823	0.130103
8773	0.130096
6621	0.130096
354	0.130058
7288	0.130012
7526	0.130006
8864	0.129985
8863	0.129985
8583	0.129985
8124	0.129985
7904	0.129985
7903	0.129985
7902	0.129985
7901	0.129985
7900	0.129985
7899	0.129985
7897	0.129985
7896	0.129985
7895	0.129985
5546	0.128174
2108	0.126456
492	0.126006
1836	0.125808
9175	0.125265
9173	0.125265
8831	0.125265
8830	0.125265
7688	0.125265
888	0.124698
9121	0.124649
9112	0.124649
4865	0.124446
13448	0.124336
4882	0.124224
6393	0.123859
6501	0.123709
11858	0.123473
9439	0.123254
12414	0.123092
8938	0.122644
9152	0.122351
6117	0.122248
882	0.122162
6838	0.121806
8634	0.121540
9231	0.121526
9218	0.121518
4538	0.121205
8980	0.120259
8978	0.120259
8977	0.120259
8976	0.120259
8940	0.120259
1952	0.119999
4037	0.119996
2102	0.119808
881	0.119714
5184	0.119672
11914	0.119616
2128	0.119536
9633	0.119367
9630	0.119367
9628	0.119367
9626	0.119367
9625	0.119367
9624	0.119367
9622	0.119367
9621	0.119367
9620	0.119367
9619	0.119367
9618	0.119367
9615	0.119367
9482	0.119367
2117	0.119314
1132	0.118583
2827	0.118294
1231	0.118164
6380	0.118162
3907	0.117421
11930	0.117175
2192	0.117168
2828	0.117103
4650	0.116931
11679	0.116886
9503	0.116754
2111	0.116543
7511	0.116261
6407	0.116153
11987	0.115770
3905	0.115713
2114	0.115701
3538	0.115691
6623	0.115672
11618	0.115589
14342	0.115570
1711	0.114776
2968	0.114188
1419	0.114180
7295	0.113872
7420	0.113827
2821	0.113748
713	0.113698
7713	0.113302
9610	0.112852
5745	0.112700
9199	0.112513
9578	0.112496
4596	0.112127
8661	0.111916
7453	0.111291
2	0.110876
2820	0.110817
7676	0.110741
8972	0.110505
2181	0.110083
51	0.109809
2113	0.109626
13270	0.109169
6149	0.108920
4485	0.108844
1673	0.108756
2958	0.108693
2658	0.108589
9226	0.108479
9217	0.108479
8534	0.108479
7827	0.108448
11212	0.108440
9606	0.108300
9613	0.108293
9210	0.108220
9174	0.107526
9612	0.107509
4542	0.107322
2052	0.107275
1121	0.107241
2351	0.107208
2350	0.107208
2348	0.107208
2346	0.107208
9201	0.107064
8997	0.106555
716	0.106279
9215	0.106222
4824	0.106179
5788	0.105865
5123	0.105724
8615	0.105596
11902	0.105523
4427	0.105334
6971	0.105254
5013	0.105142
9204	0.105035
8592	0.105035
4922	0.104885
8635	0.104832
2191	0.104686
6913	0.104492
6771	0.104459
4231	0.104424
977	0.104206
13533	0.104199
13532	0.104199
13531	0.104199
9207	0.104023
9205	0.104023
8528	0.104023
4595	0.103990
7400	0.103879
8910	0.103771
9058	0.103634
6701	0.103634
648	0.103588
2120	0.103452
13707	0.103194
9413	0.102858
12909	0.102843
13706	0.102733
13738	0.102724
13731	0.102724
120	0.102684
875	0.102674
1420	0.102647
9457	0.102551
4152	0.102551
7767	0.102475
2104	0.102472
1235	0.102452
2188	0.102145
8584	0.102071
6806	0.101938
2981	0.101320
3741	0.101183
3279	0.101032
8671	0.101031
4169	0.101028
9235	0.101017
9230	0.101017
9228	0.101017
9225	0.101017
9224	0.101017
9221	0.101017
9219	0.101017
9214	0.101017
9213	0.101017
9211	0.101017
9209	0.101017
9208	0.101017
9206	0.101017
9193	0.101017
8807	0.101017
8679	0.101017
8677	0.101017
8675	0.101017
8674	0.101017
8673	0.101017
8670	0.101017
8637	0.101017
8633	0.101017
8631	0.101017
8610	0.101017
8591	0.101017
8539	0.101017
8538	0.101017
8537	0.101017
8536	0.101017
8529	0.101017
8526	0.101017
8525	0.101017
8632	0.101017
6443	0.101011
9176	0.100317
8809	0.100317
9609	0.100167
9580	0.100167
7261	0.100077
3841	0.099913
342	0.099627
2952	0.099325
3389	0.099280
7933	0.099269
347	0.099269
1861	0.099176
6482	0.099141
414	0.099101
3940	0.099045
6891	0.099010
3837	0.098984
5433	0.098973
6472	0.098120
1254	0.097923
13050	0.097824
2522	0.097629
12010	0.097463
115	0.097422
6987	0.097377
2199	0.097374
2965	0.097363
12670	0.097269
7872	0.097231
8352	0.097230
8351	0.097230
2957	0.097230
2956	0.097230
2202	0.097180
3973	0.097168
8711	0.097068
4106	0.097038
8732	0.096979
2204	0.096955
8710	0.096902
2124	0.096478
686	0.096401
8530	0.096356
5296	0.096352
225	0.096270
8636	0.096078
2195	0.096045
7468	0.095532
2967	0.095532
1044	0.095502
6081	0.095451
9415	0.095429
8851	0.095429
8850	0.095429
9338	0.095419
8712	0.095408
8303	0.095408
8302	0.095408
7362	0.095408
6359	0.095408
14290	0.095393
6202	0.095327
307	0.095305
591	0.095268
1950	0.095047
11988	0.094967
14233	0.094790
1136	0.094790
2190	0.094729
8709	0.094650
9200	0.094564
4105	0.094515
4651	0.094482
1867	0.094396
2612	0.094382
2197	0.094347
6557	0.094260
6295	0.094216
12357	0.094166
7642	0.094141
8847	0.094051
6895	0.093848
4849	0.093605
2172	0.093462
3934	0.093418
5219	0.093397
9347	0.093229
879	0.093198
6102	0.092896
11733	0.092882
9220	0.092780
1893	0.092714
1127	0.092668
8099	0.092645
13850	0.092484
2347	0.092290
1006	0.092108
6896	0.092093
9361	0.092040
2902	0.091935
8845	0.091903
1768	0.091868
586	0.091409
6889	0.091387
9436	0.091181
7828	0.091080
116	0.091055
9366	0.090873
9365	0.090873
9364	0.090873
9363	0.090873
9359	0.090873
8869	0.090873
8849	0.090873
8848	0.090873
8846	0.090873
9611	0.090836
11625	0.090810
6532	0.090668
35	0.090607
5245	0.090184
5915	0.089848
9202	0.089688
1837	0.089548
12043	0.089497
1835	0.089375
2112	0.089365
4541	0.089241
5059	0.089223
2203	0.089199
2442	0.089148
2954	0.088762
777	0.088369
3710	0.088363
56	0.088363
3506	0.088321
6430	0.087977
1123	0.087977
2103	0.087651
8892	0.087372
1743	0.087342
7830	0.087194
1955	0.086974
5990	0.086397
1051	0.086162
1133	0.085807
4144	0.085681
13994	0.085597
7931	0.085597
9307	0.085507
3902	0.085342
699	0.085310
11920	0.084965
3927	0.084965
3868	0.084965
1115	0.084948
5354	0.084728
6449	0.084584
2171	0.084528
6225	0.084348
582	0.084147
3427	0.084091
9794	0.084056
487	0.083682
6473	0.083419
4644	0.083379
9775	0.083363
13281	0.083358
13282	0.083330
8886	0.083211
9631	0.083116
295	0.082521
4262	0.082420
11903	0.082080
12873	0.081828
1040	0.081743
4559	0.081690
2605	0.081636
9145	0.081187
11919	0.081162
2621	0.081083
9135	0.081028
6742	0.080717
609	0.080356
353	0.080187
1097	0.080046
1001	0.079779
4416	0.079718
7131	0.079623
861	0.079588
1237	0.079579
469	0.079563
7913	0.079376
5968	0.079376
470	0.079376
224	0.079349
7560	0.079226
86	0.079053
8207	0.079044
2955	0.078949
2953	0.078949
5916	0.078713
4725	0.078652
7553	0.078645
7917	0.078568
1265	0.078438
5746	0.078407
820	0.078372
4672	0.078353
1751	0.078131
12041	0.078010
5967	0.077951
6955	0.077927
2123	0.077836
4832	0.077826
11739	0.077817
7263	0.077672
6956	0.077513
8889	0.077452
8090	0.077450
2847	0.077450
2843	0.077450
2839	0.077450
1126	0.077388
2840	0.077313
2845	0.077204
2122	0.077147
2121	0.077047
9212	0.076836
6697	0.076829
9248	0.076815
9024	0.076789
9023	0.076789
9022	0.076789
8949	0.076789
222	0.076758
114	0.076704
8248	0.076687
5862	0.076606
4758	0.076584
8714	0.076406
758	0.076404
8778	0.076401
8779	0.076392
9709	0.076376
13222	0.076252
9531	0.076245
3735	0.076181
3929	0.076131
3928	0.076131
2093	0.076120
12030	0.076060
5413	0.076042
3867	0.075997
2532	0.075831
2422	0.075803
426	0.075742
6127	0.075718
8744	0.075663
235	0.075625
4778	0.075516
9198	0.075406
9105	0.075402
9104	0.075402
3536	0.075182
404	0.075096
4671	0.075076
4669	0.075076
2990	0.075056
4537	0.074974
565	0.074821
4670	0.074685
14415	0.074637
9277	0.074637
13721	0.074618
13709	0.074618
5268	0.074580
4667	0.074556
7089	0.074366
588	0.074330
5905	0.074187
9942	0.074028
9931	0.074028
9930	0.074028
9921	0.074028
9901	0.074028
9899	0.074028
9895	0.074028
9866	0.074028
9836	0.074028
9832	0.074028
9810	0.074028
9698	0.074028
9636	0.074028
9570	0.074028
9299	0.074028
8565	0.073896
4281	0.073822
1113	0.073814
1228	0.073645
1	0.073625
7864	0.073584
11616	0.073557
4648	0.073557
4643	0.073557
14404	0.073481
14400	0.073481
8143	0.073481
8096	0.073481
5033	0.073475
7715	0.073447
11918	0.073423
7195	0.073401
7193	0.073401
817	0.073296
9702	0.073268
10110	0.073253
6763	0.073212
1734	0.073207
10800	0.073190
3784	0.073103
7772	0.073018
6208	0.073010
316	0.072980
13076	0.072979
1238	0.072948
13621	0.072927
6307	0.072901
2523	0.072715
2186	0.072712
2106	0.072668
14407	0.072658
10862	0.072523
2280	0.072382
11607	0.072355
8611	0.072314
10863	0.072270
1801	0.072094
5034	0.072056
4646	0.072055
9711	0.072054
9708	0.072054
9707	0.072054
9705	0.072054
9703	0.072054
2538	0.072010
2979	0.072004
9699	0.071964
13970	0.071835
11999	0.071822
14375	0.071821
4304	0.071818
4302	0.071818
2996	0.071811
268	0.071797
730	0.071770
1953	0.071715
1954	0.071715
9102	0.071678
1951	0.071658
4383	0.071652
6695	0.071647
4163	0.071608
14418	0.071567
14417	0.071567
13284	0.071567
13152	0.071567
9795	0.071567
9793	0.071567
9792	0.071567
9791	0.071567
9789	0.071567
9745	0.071567
9163	0.071567
8614	0.071567
8613	0.071567
8177	0.071567
13665	0.071505
786	0.071496
4977	0.071485
10403	0.071424
8076	0.071420
12721	0.071409
9195	0.071263
4148	0.071128
891	0.071095
14367	0.071057
1930	0.071022
12229	0.070992
4121	0.070936
14303	0.070879
14302	0.070879
14301	0.070879
14300	0.070879
14299	0.070879
7167	0.070877
10661	0.070746
5571	0.070712
532	0.070709
2115	0.070634
2579	0.070532
2064	0.070460
14248	0.070433
8047	0.070433
2444	0.070432
7752	0.070429
12036	0.070425
12243	0.070396
13942	0.070109
1232	0.070011
1229	0.070011
5186	0.069763
14370	0.069686
7692	0.069658
5346	0.069625
4976	0.069600
7977	0.069568
12915	0.069543
12914	0.069543
6605	0.069486
9269	0.069437
2170	0.069219
1131	0.069199
6006	0.069172
12120	0.069141
3993	0.069141
4946	0.068904
5403	0.068880
3213	0.068820
1375	0.068692
1315	0.068660
113	0.068629
3974	0.068621
8453	0.068526
14357	0.068516
7787	0.068516
10795	0.068470
4021	0.068462
488	0.068457
671	0.068421
2227	0.068289
12252	0.068268
11715	0.068265
9818	0.068223
9693	0.068223
11678	0.068218
8928	0.068209
14351	0.068198
792	0.068185
3398	0.068182
370	0.068168
304	0.068035
12348	0.067980
5425	0.067937
489	0.067907
1829	0.067785
3507	0.067767
1640	0.067668
3590	0.067517
7918	0.067401
13075	0.067346
14358	0.067227
7888	0.067157
12281	0.067108
6619	0.067108
9192	0.067089
12069	0.066983
8412	0.066982
12077	0.066906
6461	0.066906
3711	0.066906
1656	0.066902
4668	0.066880
121	0.066841
13235	0.066756
1114	0.066745
6078	0.066629
5197	0.066552
6689	0.066529
6967	0.066529
1840	0.066447
14393	0.066246
14377	0.066246
1458	0.066205
14395	0.066194
7891	0.066194
8468	0.066164
2978	0.066164
2977	0.066164
11256	0.065990
9480	0.065973
8533	0.065973
1731	0.065765
11646	0.065585
2599	0.065457
8870	0.065452
6772	0.065401
211	0.065380
11737	0.065306
9360	0.065157
7947	0.065149
12979	0.065143
11806	0.065060
2014	0.065040
9297	0.065039
793	0.065014
13625	0.064997
7136	0.064997
6191	0.064985
5510	0.064882
8312	0.064870
6302	0.064856
6267	0.064856
3952	0.064823
6519	0.064768
781	0.064697
14379	0.064679
7880	0.064662
5348	0.064653
9686	0.064648
7784	0.064645
7960	0.064640
14398	0.064625
14383	0.064625
8454	0.064625
7916	0.064625
7083	0.064625
7211	0.064574
118	0.064508
4857	0.064388
10045	0.064372
9143	0.064361
6242	0.064361
1117	0.064279
5461	0.064223
3116	0.064113
4961	0.064090
1260	0.064060
1270	0.063894
7915	0.063851
8451	0.063836
14416	0.063701
12333	0.063691
9616	0.063616
4306	0.063538
4294	0.063435
38	0.063389
4111	0.063377
7999	0.063363
4142	0.063314
2831	0.063296
8903	0.063267
8902	0.063267
4838	0.063234
3438	0.063030
4053	0.062978
1956	0.062976
286	0.062908
2426	0.062891
12338	0.062857
1400	0.062820
3592	0.062803
8874	0.062802
3448	0.062773
3292	0.062750
9704	0.062698
11850	0.062683
1262	0.062678
3705	0.062613
2189	0.062611
3383	0.062531
9237	0.062527
7686	0.062508
1291	0.062504
3681	0.062491
4465	0.062487
122	0.062356
6920	0.062333
7381	0.062333
9168	0.062308
4239	0.062287
4301	0.062233
12310	0.062164
11624	0.062144
9797	0.062095
2773	0.062074
7414	0.061763
7379	0.061762
10232	0.061710
2660	0.061684
9233	0.061606
12954	0.061501
6709	0.061492
2060	0.061415
11147	0.061404
4935	0.061216
6754	0.061207
1693	0.061162
9356	0.061084
1194	0.060989
5302	0.060971
9957	0.060881
6447	0.060789
9787	0.060681
9786	0.060681
9785	0.060681
9784	0.060681
9783	0.060681
9782	0.060681
9781	0.060681
9778	0.060681
9280	0.060681
8585	0.060681
8567	0.060681
8553	0.060681
2286	0.060632
465	0.060626
4240	0.060622
4168	0.060607
6465	0.060578
6908	0.060577
9222	0.060523
6044	0.060425
1800	0.060321
4154	0.060302
1039	0.060297
14366	0.060292
14361	0.060292
14355	0.060292
8456	0.060292
8038	0.060261
6804	0.060259
2129	0.060256
14369	0.060252
119	0.060150
9095	0.060074
10839	0.060072
630	0.060061
683	0.059940
14410	0.059924
14409	0.059924
14408	0.059924
7919	0.059924
14433	0.059907
11680	0.059825
1654	0.059779
7889	0.059754
13156	0.059665
10176	0.059665
10087	0.059665
10086	0.059665
4305	0.059657
6250	0.059586
10584	0.059572
1135	0.059544
5035	0.059485
2892	0.059484
13739	0.059430
14269	0.059256
7479	0.059255
4848	0.059232
5735	0.059175
14365	0.059036
14186	0.059005
13026	0.058975
5024	0.058962
7955	0.058956
4407	0.058916
2440	0.058913
5434	0.058863
10838	0.058858
9913	0.058855
596	0.058817
3209	0.058790
4692	0.058782
10085	0.058673
1457	0.058637
14219	0.058557
10191	0.058556
9258	0.058543
8813	0.058512
880	0.058438
2575	0.058429
5790	0.058348
117	0.058341
9311	0.058281
6904	0.058260
2521	0.058113
1002	0.058042
2185	0.057965
5500	0.057953
4707	0.057873
11587	0.057855
8110	0.057778
3504	0.057730
7659	0.057689
14364	0.057633
10534	0.057610
5855	0.057392
7757	0.057290
6707	0.057269
231	0.057160
3638	0.057097
5407	0.057096
12131	0.057084
2641	0.057084
