7030	0.125189
137	0.123665
11502	0.123382
10636	0.122850
6825	0.118380
10114	0.118028
9008	0.117269
3519	0.117221
12350	0.116124
5086	0.115996
12349	0.115972
2778	0.114335
12524	0.112623
358	0.111922
5751	0.111836
864	0.110461
520	0.109819
12784	0.109391
6577	0.109135
2680	0.109120
12785	0.108444
138	0.106098
4582	0.105561
12695	0.104501
2329	0.104354
6360	0.103411
3277	0.103116
7964	0.102674
12720	0.102628
7666	0.102628
11597	0.102228
1264	0.101666
12593	0.101602
10373	0.101592
3454	0.101434
11848	0.101350
3335	0.101158
10149	0.100930
157	0.100909
6877	0.100702
9499	0.100368
4744	0.100272
10674	0.099992
2984	0.099920
1075	0.099887
8465	0.099818
2910	0.099614
4117	0.099580
7028	0.099557
7946	0.099406
4317	0.099277
4315	0.099277
4311	0.099277
4310	0.099205
1391	0.099085
14108	0.098974
4745	0.098974
10163	0.098962
3021	0.098914
10939	0.098901
13140	0.098777
11600	0.098707
13959	0.098617
7961	0.098197
9395	0.098031
11213	0.097731
8132	0.097585
10517	0.097582
968	0.097542
9881	0.097409
10437	0.097308
844	0.097208
10510	0.097053
3155	0.097036
1370	0.096924
176	0.096745
8079	0.096723
3339	0.096670
12555	0.096647
9715	0.096514
12711	0.096454
6874	0.096396
521	0.096297
5638	0.095632
2857	0.095602
2285	0.095180
10476	0.095099
5620	0.095028
12588	0.094974
9550	0.094851
7465	0.094757
10095	0.094674
2596	0.094634
11431	0.094499
2714	0.094400
623	0.093833
1289	0.093729
3535	0.093493
3530	0.093466
2860	0.093141
834	0.092953
784	0.092878
5985	0.092657
2859	0.092593
5311	0.092537
3869	0.092244
7337	0.092205
4313	0.092066
7687	0.091865
9375	0.091803
1095	0.091380
11551	0.091112
2630	0.091068
387	0.090746
6469	0.090621
7639	0.090587
867	0.090548
10859	0.090542
11301	0.090534
399	0.090522
13470	0.090240
2851	0.090212
1686	0.090180
11539	0.090150
412	0.090020
928	0.089990
531	0.089979
5288	0.089726
2035	0.089653
2681	0.089636
12097	0.089572
9837	0.089221
7528	0.089155
7388	0.089109
12874	0.089093
2425	0.089052
11492	0.089050
3474	0.088908
2357	0.088615
10400	0.088572
11400	0.088492
11676	0.088486
2462	0.088457
2789	0.088420
11518	0.088357
3845	0.088351
13469	0.088253
4629	0.088056
12678	0.088035
12071	0.088000
175	0.088000
4808	0.087952
530	0.087853
400	0.087853
11529	0.087815
11047	0.087803
8881	0.087230
1035	0.087015
5259	0.086971
12107	0.086918
3495	0.086889
12677	0.086817
4729	0.086674
2252	0.086621
1077	0.086616
13619	0.086495
1728	0.086316
1901	0.086191
1744	0.086012
9769	0.085825
9827	0.085814
12426	0.085788
12683	0.085716
12567	0.085578
5050	0.085573
4710	0.085429
6660	0.085426
12550	0.085364
5201	0.085270
525	0.085262
10505	0.085258
13825	0.085183
9835	0.085157
11571	0.085140
10832	0.084909
11670	0.084895
1538	0.084747
9614	0.084676
1425	0.084664
862	0.084606
11223	0.084310
12596	0.084277
10873	0.084231
391	0.084204
12860	0.084201
717	0.084196
2167	0.084190
12859	0.084189
11740	0.084180
960	0.084159
12542	0.084055
11037	0.084051
13060	0.084038
13055	0.084038
13048	0.084038
13014	0.084038
13009	0.084038
12892	0.084038
8379	0.084038
12272	0.084035
10412	0.083954
3172	0.083814
6247	0.083803
13826	0.083800
3633	0.083698
12814	0.083652
5836	0.083567
4597	0.083454
528	0.083443
12854	0.083397
7951	0.083121
11579	0.082851
402	0.082790
6654	0.082765
9389	0.082735
4226	0.082709
3568	0.082700
13061	0.082669
12850	0.082632
6076	0.082582
11569	0.082551
12411	0.082542
774	0.082530
9762	0.082508
551	0.082109
1096	0.082087
1363	0.082032
5089	0.081921
567	0.081919
8054	0.081903
3920	0.081876
6887	0.081842
3531	0.081823
4196	0.081680
1274	0.081661
10142	0.081660
13828	0.081650
4953	0.081641
11354	0.081605
5192	0.081576
11151	0.081574
7609	0.081513
6879	0.081513
6450	0.081341
13020	0.081339
11719	0.081324
8944	0.081286
9029	0.081248
5611	0.081223
13475	0.081050
9948	0.081048
13153	0.080930
10171	0.080930
10170	0.080930
13735	0.080925
13728	0.080925
13726	0.080925
1941	0.080676
12571	0.080663
4907	0.080643
10647	0.080638
9976	0.080618
13166	0.080494
11368	0.080446
10046	0.080362
4478	0.080354
2137	0.080327
1362	0.080327
9396	0.080327
4481	0.080327
7976	0.080014
2597	0.080002
11508	0.079779
9020	0.079773
4889	0.079717
11398	0.079590
622	0.079520
6991	0.079503
966	0.079489
6289	0.079421
4563	0.079323
5455	0.079320
11257	0.079237
2983	0.079198
8080	0.079118
11485	0.079080
2040	0.078924
9437	0.078893
1071	0.078839
6915	0.078708
1251	0.078702
11911	0.078701
7817	0.078666
2722	0.078568
12194	0.078498
1061	0.078442
5872	0.078372
14063	0.078342
5865	0.078296
12701	0.078248
11082	0.078240
10392	0.078185
11315	0.078078
1294	0.078052
6021	0.078039
12812	0.078028
12742	0.078009
422	0.078005
5490	0.077980
12435	0.077954
5975	0.077934
12557	0.077922
6974	0.077847
12743	0.077812
9721	0.077782
7948	0.077782
7778	0.077782
7618	0.077782
7113	0.077782
4077	0.077774
12804	0.077768
1442	0.077719
6418	0.077705
4908	0.077703
11642	0.077513
3935	0.077325
12858	0.077305
6626	0.077293
4255	0.077281
6130	0.077276
6063	0.077179
6012	0.077158
2048	0.077143
3470	0.077090
4517	0.077051
10441	0.077009
7327	0.076982
260	0.076966
11683	0.076859
2919	0.076856
4981	0.076850
5196	0.076760
12629	0.076747
4036	0.076732
1079	0.076709
12803	0.076677
10284	0.076667
3026	0.076647
12807	0.076598
11604	0.076597
4570	0.076588
7661	0.076425
7975	0.076333
7973	0.076309
919	0.076285
12189	0.076192
10684	0.076139
9724	0.076117
4932	0.076085
7820	0.076063
8496	0.076051
8405	0.076039
1060	0.076026
12749	0.076006
12748	0.076006
12064	0.075985
734	0.075897
6673	0.075739
9922	0.075684
10374	0.075634
10535	0.075556
12941	0.075537
5542	0.075428
7134	0.075295
4714	0.075128
4179	0.075012
10678	0.075003
1555	0.074995
8186	0.074920
135	0.074868
11392	0.074862
1464	0.074818
12415	0.074779
12008	0.074721
3937	0.074721
9764	0.074707
6433	0.074658
6460	0.074638
2417	0.074634
12762	0.074621
171	0.074609
13561	0.074539
10133	0.074539
12741	0.074537
1940	0.074509
10139	0.074448
3689	0.074445
12398	0.074421
9763	0.074363
9759	0.074363
9758	0.074363
8717	0.074363
8716	0.074363
8715	0.074363
9916	0.074359
9880	0.074359
9842	0.074359
9838	0.074359
9822	0.074359
9372	0.074359
8791	0.074359
8790	0.074359
8768	0.074359
2904	0.074355
10132	0.074299
4052	0.074278
12653	0.074269
6525	0.074138
1793	0.074119
1033	0.074036
11107	0.074034
9142	0.074017
6436	0.073826
2293	0.073804
933	0.073773
12412	0.073765
11332	0.073637
11723	0.073600
7214	0.073597
1205	0.073565
12698	0.073450
9548	0.073424
139	0.073295
10941	0.073291
8251	0.073228
11089	0.073141
12790	0.073073
2713	0.073070
10802	0.073040
12727	0.073005
581	0.072947
10278	0.072835
3312	0.072819
10772	0.072783
13495	0.072692
10581	0.072671
10020	0.072615
4917	0.072598
10780	0.072496
1488	0.072490
6007	0.072478
11474	0.072443
11769	0.072421
958	0.072339
11671	0.072284
10069	0.072280
8918	0.072233
1426	0.072103
4297	0.072076
5391	0.072067
6945	0.071959
1574	0.071954
8929	0.071930
2063	0.071923
6563	0.071894
8970	0.071883
3171	0.071864
126	0.071839
9316	0.071812
11263	0.071787
10108	0.071721
10907	0.071688
5072	0.071662
6875	0.071648
13280	0.071541
13279	0.071541
12166	0.071541
7873	0.071541
6248	0.071541
6246	0.071541
3408	0.071517
11603	0.071507
11090	0.071504
2726	0.071500
3047	0.071496
8934	0.071491
9714	0.071488
5367	0.071480
11598	0.071479
6672	0.071479
12597	0.071455
13175	0.071380
10021	0.071378
3272	0.071332
12950	0.071317
8442	0.071311
13173	0.071310
11997	0.071223
4749	0.071193
10048	0.071157
9332	0.071138
8423	0.071137
3342	0.071117
140	0.071069
4568	0.071066
12575	0.071059
3368	0.071055
5382	0.071052
12940	0.071025
6283	0.071025
10351	0.070979
6717	0.070968
959	0.070939
6733	0.070898
13040	0.070890
11290	0.070868
3175	0.070809
12793	0.070771
938	0.070771
6497	0.070764
1507	0.070762
8931	0.070724
4630	0.070720
3027	0.070636
12697	0.070590
2168	0.070588
11250	0.070585
12706	0.070553
183	0.070529
10019	0.070523
12780	0.070516
6203	0.070511
10318	0.070504
11522	0.070466
9268	0.070439
13696	0.070434
1298	0.070399
10969	0.070333
3500	0.070293
869	0.070283
1098	0.070241
12635	0.070239
7269	0.070188
3451	0.070109
6049	0.070088
2907	0.070068
3764	0.070068
3754	0.070056
12601	0.070041
10313	0.070040
6062	0.069955
1196	0.069949
2166	0.069933
5087	0.069926
4339	0.069912
12640	0.069897
9179	0.069839
12632	0.069833
413	0.069819
12617	0.069784
9519	0.069775
7520	0.069742
9726	0.069727
10435	0.069645
7425	0.069623
8094	0.069610
8909	0.069553
10463	0.069499
12397	0.069438
13429	0.069431
9978	0.069390
12852	0.069312
10502	0.069305
11491	0.069297
1028	0.069295
10425	0.069276
1666	0.069231
1040	0.069225
10140	0.069181
9944	0.069181
9608	0.069180
10852	0.069122
11495	0.069112
3350	0.069106
13261	0.069102
7081	0.069037
3351	0.068990
8421	0.068954
364	0.068928
11684	0.068922
7268	0.068883
6195	0.068837
228	0.068779
9859	0.068721
11072	0.068701
2655	0.068692
1445	0.068603
6411	0.068598
11572	0.068586
13073	0.068570
6941	0.068570
5368	0.068570
3763	0.068516
10077	0.068508
6523	0.068498
9281	0.068483
10076	0.068476
13195	0.068469
3173	0.068391
12872	0.068367
11544	0.068365
13406	0.068351
11493	0.068281
2079	0.068198
6570	0.068147
14205	0.068132
12401	0.068121
12647	0.068096
11036	0.068092
1163	0.068015
13136	0.067987
11533	0.067975
10682	0.067941
9790	0.067884
12408	0.067864
2317	0.067860
3919	0.067825
4551	0.067825
10151	0.067812
13019	0.067807
6655	0.067804
12899	0.067795
13750	0.067784
10946	0.067687
12521	0.067633
12379	0.067612
12952	0.067591
12951	0.067591
8930	0.067486
10982	0.067450
10352	0.067409
10503	0.067372
6613	0.067262
12853	0.067244
4822	0.067216
1800	0.067158
12638	0.067133
8956	0.067130
8955	0.067130
12827	0.067126
8397	0.067125
5492	0.067095
3508	0.067061
13441	0.067031
11321	0.067023
2719	0.067004
3267	0.067001
10492	0.066979
5579	0.066978
12929	0.066964
12515	0.066946
10609	0.066931
3343	0.066930
13081	0.066901
13080	0.066901
13079	0.066901
13078	0.066901
13074	0.066901
13071	0.066901
13057	0.066901
13049	0.066901
13047	0.066901
13045	0.066901
13043	0.066901
13017	0.066901
12959	0.066901
12904	0.066901
7936	0.066901
11573	0.066867
4190	0.066853
8065	0.066847
10879	0.066843
12078	0.066828
3102	0.066711
10537	0.066678
642	0.066678
6110	0.066647
9027	0.066623
5202	0.066623
132	0.066558
9599	0.066550
3661	0.066510
620	0.066502
7728	0.066484
13388	0.066445
13387	0.066445
992	0.066403
11547	0.066399
11436	0.066375
10711	0.066375
12407	0.066276
13547	0.066270
13546	0.066270
13368	0.066270
2209	0.066238
2263	0.066229
7668	0.066197
10712	0.066194
9076	0.066166
6803	0.066164
1729	0.066108
6334	0.066095
10365	0.066082
3630	0.066078
13413	0.066052
12547	0.066049
9286	0.066047
4314	0.066013
13385	0.066006
815	0.065994
8232	0.065976
4054	0.065940
12765	0.065899
5088	0.065881
10531	0.065853
14167	0.065839
11992	0.065837
11590	0.065792
1642	0.065779
5627	0.065700
13038	0.065686
13037	0.065686
10880	0.065627
11550	0.065605
4374	0.065581
10250	0.065560
4754	0.065552
10967	0.065488
812	0.065472
14068	0.065463
11478	0.065460
10954	0.065362
13116	0.065362
2586	0.065339
978	0.065316
13438	0.065293
5020	0.065261
9346	0.065257
12864	0.065251
2656	0.065233
13493	0.065209
6176	0.065187
1186	0.065182
173	0.065164
11554	0.065164
3521	0.065112
10816	0.065099
11494	0.065097
11007	0.065085
11546	0.065075
11099	0.065030
11955	0.065011
627	0.064987
13182	0.064985
1814	0.064983
12795	0.064968
3482	0.064967
2257	0.064949
5616	0.064925
773	0.064908
5957	0.064872
194	0.064852
12536	0.064850
6843	0.064809
3810	0.064756
12789	0.064739
2328	0.064739
12165	0.064725
6809	0.064720
12200	0.064663
7385	0.064594
2642	0.064581
10926	0.064570
12122	0.064547
2684	0.064547
2541	0.064539
8103	0.064523
11807	0.064512
929	0.064504
4903	0.064484
12514	0.064479
1480	0.064466
10992	0.064453
1328	0.064441
2638	0.064433
11819	0.064428
9349	0.064336
12602	0.064315
9189	0.064291
12538	0.064288
7949	0.064262
8066	0.064241
2292	0.064227
9744	0.064226
5904	0.064215
12822	0.064195
2449	0.064192
4072	0.064184
14222	0.064162
13866	0.064162
8954	0.064137
3382	0.064112
12539	0.064067
849	0.064061
1389	0.064039
13856	0.064038
14008	0.064024
12726	0.063980
11516	0.063968
12654	0.063967
12926	0.063961
4983	0.063928
12668	0.063898
6614	0.063863
3031	0.063820
2005	0.063815
12208	0.063813
12543	0.063808
12910	0.063803
965	0.063765
2487	0.063753
5639	0.063708
11588	0.063694
11496	0.063628
4017	0.063625
4256	0.063586
12517	0.063577
10040	0.063563
5203	0.063553
4221	0.063532
12145	0.063513
10515	0.063513
5956	0.063513
12503	0.063506
9493	0.063482
4915	0.063425
7286	0.063410
3551	0.063404
9889	0.063392
4914	0.063374
7984	0.063342
7105	0.063286
10771	0.063276
9643	0.063260
5328	0.063259
8357	0.063241
7161	0.063240
7617	0.063226
6131	0.063179
9857	0.063165
4561	0.063116
10912	0.063061
3819	0.063060
3049	0.063044
3157	0.063029
11792	0.063026
1277	0.063024
9146	0.063011
3516	0.063005
10713	0.062999
13077	0.062993
12895	0.062993
10303	0.062986
9505	0.062973
6802	0.062911
10547	0.062894
2635	0.062865
12500	0.062859
902	0.062823
10336	0.062775
12164	0.062768
7922	0.062768
4823	0.062744
12417	0.062716
4034	0.062716
999	0.062671
5608	0.062654
995	0.062646
278	0.062600
11252	0.062576
2333	0.062547
6252	0.062542
5049	0.062531
10068	0.062513
10508	0.062480
371	0.062478
13117	0.062478
2327	0.062450
12891	0.062418
11366	0.062393
11069	0.062389
12957	0.062380
3499	0.062378
1483	0.062364
8552	0.062363
12220	0.062346
154	0.062318
10406	0.062292
9865	0.062281
9128	0.062280
10773	0.062228
3572	0.062224
6025	0.062218
7289	0.062209
1963	0.062196
6649	0.062172
6647	0.062172
6646	0.062172
5610	0.062172
4720	0.062142
7252	0.062113
11536	0.062093
12621	0.062080
11961	0.062052
9344	0.062037
10526	0.062028
10366	0.062012
12413	0.061991
9808	0.061974
11575	0.061956
4978	0.061932
4295	0.061915
5567	0.061910
10836	0.061903
10041	0.061902
11160	0.061865
11577	0.061831
3349	0.061808
9639	0.061779
13181	0.061756
9278	0.061747
564	0.061747
2255	0.061735
12406	0.061733
13383	0.061726
5670	0.061704
7165	0.061693
7146	0.061665
12930	0.061664
12928	0.061664
401	0.061638
1435	0.061634
7958	0.061631
5740	0.061610
4933	0.061546
608	0.061538
8622	0.061527
180	0.061527
12751	0.061520
12931	0.061473
6174	0.061453
5041	0.061434
6929	0.061431
5135	0.061426
1638	0.061421
3671	0.061409
8594	0.061392
7432	0.061392
522	0.061380
988	0.061374
936	0.061357
11913	0.061316
11132	0.061315
10495	0.061309
5208	0.061292
12592	0.061269
6922	0.061257
10407	0.061245
10353	0.061220
3411	0.061210
2353	0.061191
7991	0.061151
12287	0.061116
8515	0.061116
12095	0.061101
12504	0.061098
11960	0.061080
12079	0.061056
4655	0.061053
4862	0.061053
