137	0.157592
6360	0.153237
3519	0.151538
9008	0.151423
6074	0.151138
12350	0.150435
12349	0.150280
1075	0.150124
10163	0.147945
135	0.147810
2680	0.147499
6577	0.144999
2329	0.143914
12850	0.141640
2904	0.141364
9715	0.140098
12854	0.140057
12874	0.136855
12107	0.135579
157	0.134740
4808	0.134240
12411	0.134239
9614	0.134116
5089	0.133692
9437	0.133469
6413	0.132478
9115	0.132408
12785	0.131949
1264	0.131626
12784	0.131193
11047	0.131145
2425	0.130789
5020	0.130320
2293	0.130193
1941	0.128787
5072	0.128005
11723	0.127940
11600	0.127792
11398	0.127506
12860	0.127181
12859	0.127166
10939	0.126317
4036	0.124242
525	0.123771
3825	0.123514
6130	0.123408
8954	0.123186
11027	0.123126
9881	0.122772
774	0.122011
784	0.121942
13058	0.121536
7945	0.121536
2860	0.121127
9044	0.120733
8970	0.120660
10284	0.120312
7820	0.119664
2851	0.119591
5259	0.119391
1274	0.119234
275	0.119195
2789	0.118627
1079	0.118525
11719	0.117881
1077	0.117084
4052	0.117046
9019	0.117035
1196	0.117009
5328	0.116908
138	0.116792
2681	0.116652
5086	0.116431
9550	0.116340
10892	0.115932
1251	0.115858
3155	0.115840
11670	0.115555
2596	0.115444
8983	0.115311
12623	0.114938
2682	0.114161
622	0.113998
9029	0.113983
8132	0.113720
2063	0.113551
4056	0.113532
4179	0.113480
3408	0.113044
1391	0.112933
3564	0.112731
864	0.112678
5147	0.111936
1433	0.111844
7385	0.111376
5542	0.111376
11671	0.111009
11502	0.110514
2038	0.110214
1483	0.110036
3581	0.109820
11683	0.109783
3819	0.109641
9028	0.109549
12208	0.109333
412	0.109129
780	0.109118
2630	0.109099
9081	0.108793
9078	0.108793
9986	0.108212
4710	0.107770
2722	0.107752
12950	0.107665
534	0.107580
5639	0.107386
5087	0.107329
6436	0.107152
12852	0.107030
9859	0.106897
6411	0.106887
13060	0.106753
13055	0.106753
13048	0.106753
13014	0.106753
13009	0.106753
12892	0.106753
8379	0.106753
13089	0.106675
9790	0.106662
12940	0.106376
12306	0.106314
6369	0.106314
6368	0.106314
3826	0.106164
14072	0.106090
869	0.106075
12322	0.105866
2321	0.105824
12080	0.105799
10203	0.105564
5088	0.105314
12270	0.105296
12415	0.105160
11992	0.104976
2079	0.104940
12079	0.104771
4196	0.104637
9923	0.104634
10671	0.104530
12872	0.104512
9343	0.104406
3521	0.104240
12412	0.104228
3540	0.104062
12853	0.104023
12941	0.103805
1459	0.103747
4582	0.103745
2907	0.103696
936	0.103678
6717	0.103644
7394	0.103036
6631	0.103028
6563	0.103009
5455	0.102902
12015	0.102874
13081	0.102843
13080	0.102843
13079	0.102843
13078	0.102843
13074	0.102843
13071	0.102843
13057	0.102843
13049	0.102843
13047	0.102843
13045	0.102843
13043	0.102843
13017	0.102843
12959	0.102843
12904	0.102843
7936	0.102843
2714	0.102822
12858	0.102810
5343	0.102771
13019	0.102712
9608	0.102617
13254	0.102506
12934	0.102506
12933	0.102506
12932	0.102506
12081	0.102506
8996	0.102506
8994	0.102506
8992	0.102506
6354	0.102502
5459	0.102489
12935	0.102466
10501	0.102381
9522	0.102345
1574	0.102163
9076	0.101866
12927	0.101651
9599	0.101456
11769	0.101438
4317	0.101421
4315	0.101421
4311	0.101421
7946	0.101407
4310	0.101370
3933	0.101324
8918	0.101311
5315	0.101237
12929	0.101108
5627	0.101082
8232	0.100975
1686	0.100863
4917	0.100855
2311	0.100783
5073	0.100741
6991	0.100643
12899	0.100554
13040	0.100522
1186	0.100493
14068	0.100342
3047	0.100337
844	0.100326
12952	0.100321
12951	0.100321
6076	0.100270
4261	0.100057
11257	0.100028
9486	0.099856
6021	0.099682
12165	0.099649
13438	0.099633
2210	0.099405
13826	0.099387
13388	0.099296
13387	0.099296
358	0.099292
12406	0.099281
12930	0.099272
12928	0.099272
7146	0.099264
12435	0.099116
11848	0.099106
2166	0.099048
4455	0.099021
12926	0.098767
5740	0.098687
7951	0.098630
7619	0.098537
10983	0.098396
8907	0.098382
12235	0.098355
10871	0.098057
1464	0.097936
7028	0.097720
14167	0.097669
4822	0.097479
5111	0.097427
6992	0.097165
7961	0.097112
2357	0.097054
5229	0.097014
2040	0.097013
4086	0.096891
5201	0.096788
96	0.096641
371	0.096271
1071	0.096263
2931	0.096223
183	0.096210
1096	0.096020
3623	0.095782
8423	0.095692
11407	0.095672
4322	0.095627
12931	0.095438
3339	0.095426
2932	0.095119
278	0.094717
7425	0.094713
5311	0.094640
2048	0.094631
6281	0.094466
11597	0.094365
10140	0.094333
9734	0.094300
9732	0.094300
9730	0.094300
8868	0.094300
8866	0.094300
12114	0.094256
11642	0.094038
8425	0.093982
13061	0.093827
6525	0.093753
12864	0.092823
5065	0.092813
5391	0.092746
12071	0.092698
175	0.092698
3573	0.092671
8552	0.092667
1564	0.092660
10883	0.092610
11474	0.092564
3561	0.092503
3572	0.092303
13116	0.092295
6131	0.092261
4313	0.092087
1370	0.091845
10859	0.091825
4754	0.091773
4374	0.091740
3530	0.091727
9726	0.091683
9259	0.091623
3291	0.091548
2292	0.091458
3535	0.091384
2332	0.091281
13959	0.091244
11491	0.091228
10644	0.091217
9020	0.091192
13140	0.091049
12891	0.090936
10392	0.090792
3026	0.090763
1562	0.090477
4630	0.090447
1163	0.090415
7156	0.090368
11492	0.090356
3335	0.090083
3661	0.089875
10505	0.089844
11851	0.089746
6927	0.089746
6673	0.089708
9499	0.089426
11159	0.089398
12793	0.089380
2778	0.089310
12070	0.089215
4579	0.089102
5203	0.089041
9724	0.088957
4256	0.088596
10139	0.088559
1034	0.088486
559	0.088450
7030	0.088430
521	0.088426
13035	0.088391
11443	0.088282
11369	0.088282
3378	0.088259
10719	0.088212
560	0.088114
6929	0.087804
13676	0.087787
13664	0.087671
11984	0.087603
10040	0.087514
13261	0.087471
7694	0.087445
6303	0.087286
4981	0.087283
13142	0.087123
7430	0.087123
12588	0.087044
2137	0.087012
5751	0.086964
5021	0.086938
5019	0.086938
3102	0.086889
12391	0.086863
2597	0.086778
2541	0.086745
5655	0.086728
10076	0.086709
13038	0.086652
13037	0.086652
11957	0.086586
3575	0.086586
10077	0.086566
12524	0.086545
3920	0.086530
11676	0.086422
3492	0.086392
968	0.086370
6439	0.086238
3494	0.086226
3568	0.086217
2449	0.086191
1247	0.086062
11551	0.086058
11908	0.086027
12130	0.085999
2145	0.085994
12329	0.085977
10982	0.085914
9042	0.085894
2318	0.085802
2743	0.085792
1028	0.085764
9764	0.085687
2910	0.085651
387	0.085599
1940	0.085530
1446	0.085490
11072	0.085457
11036	0.085439
12046	0.085435
10802	0.085420
12169	0.085357
8917	0.085357
9047	0.085247
10581	0.085240
6467	0.085173
3021	0.085114
6025	0.085089
13135	0.085083
642	0.085073
9763	0.085072
9759	0.085072
9758	0.085072
8717	0.085072
8716	0.085072
8715	0.085072
5254	0.085035
4379	0.084995
9916	0.084950
9880	0.084950
9842	0.084950
9838	0.084950
9822	0.084950
9372	0.084950
8791	0.084950
8790	0.084950
8768	0.084950
5865	0.084947
2209	0.084913
12434	0.084891
12390	0.084891
520	0.084877
2915	0.084872
1328	0.084858
4255	0.084857
7964	0.084843
5659	0.084800
12803	0.084800
12343	0.084791
7589	0.084791
11368	0.084771
6355	0.084710
7153	0.084522
717	0.084465
1095	0.084459
10108	0.084386
890	0.084323
391	0.084318
11151	0.084285
1259	0.084224
9837	0.084198
834	0.084156
12122	0.084094
2684	0.084094
7528	0.084071
10682	0.083992
3560	0.083906
4629	0.083891
3008	0.083847
1445	0.083809
6136	0.083796
2713	0.083680
8056	0.083587
10336	0.083552
6460	0.083503
4921	0.083400
988	0.083306
3574	0.083251
12413	0.083249
787	0.083114
6134	0.083080
5023	0.083024
6594	0.082966
11160	0.082942
8418	0.082829
2001	0.082809
2973	0.082713
10028	0.082698
6768	0.082622
4704	0.082582
2623	0.082573
10437	0.082565
11099	0.082544
8419	0.082478
8919	0.082450
623	0.082377
7620	0.082372
11877	0.082296
5985	0.081939
10998	0.081883
10997	0.081883
10969	0.081857
5518	0.081681
6512	0.081632
12653	0.081188
4040	0.081181
1735	0.080886
13274	0.080755
1645	0.080740
867	0.080640
12912	0.080501
10722	0.080427
3967	0.080414
8953	0.080394
5492	0.080376
7949	0.080372
1800	0.080359
13389	0.080345
7488	0.080328
2139	0.080270
12776	0.080180
1515	0.080178
13523	0.080172
10362	0.080143
10879	0.080131
4909	0.080096
10263	0.080021
13027	0.079904
9049	0.079904
9048	0.079904
9046	0.079904
8420	0.079904
7027	0.079904
5216	0.079904
9043	0.079880
9050	0.079873
11392	0.079860
7388	0.079840
5416	0.079616
4222	0.079602
2143	0.079581
862	0.079515
12064	0.079449
10373	0.079430
2285	0.079416
8993	0.079321
619	0.079297
2165	0.079204
12593	0.079193
13255	0.079172
11740	0.079149
5698	0.079142
9016	0.079129
10880	0.079100
5652	0.079042
5114	0.079038
1793	0.079034
1425	0.079009
3639	0.079008
336	0.079002
3569	0.078897
5196	0.078785
522	0.078778
11252	0.078639
5732	0.078595
1726	0.078478
2859	0.078386
12957	0.078278
3915	0.078274
154	0.078170
11545	0.078165
9943	0.078142
10455	0.078108
9375	0.078076
1068	0.078020
7617	0.078002
3483	0.077917
176	0.077779
7745	0.077755
8956	0.077682
8955	0.077682
6974	0.077678
3493	0.077552
10278	0.077547
6450	0.077201
6652	0.077140
6653	0.077071
140	0.076951
2919	0.076923
5975	0.076705
9552	0.076632
8207	0.076556
5999	0.076513
5998	0.076513
10092	0.076488
11569	0.076413
399	0.076408
9922	0.076342
2167	0.076335
8931	0.076304
1480	0.076296
2520	0.076153
10912	0.076149
6922	0.076120
9733	0.076073
3562	0.076066
12287	0.076060
8515	0.076060
12042	0.076033
3481	0.076033
13430	0.076012
10693	0.076012
4042	0.075922
3351	0.075919
12097	0.075913
13117	0.075845
12143	0.075817
530	0.075806
400	0.075806
8465	0.075788
2252	0.075767
8054	0.075743
2266	0.075711
1094	0.075706
6887	0.075694
1922	0.075622
2045	0.075561
9402	0.075559
3822	0.075549
11010	0.075526
8934	0.075504
13295	0.075390
4612	0.075382
1035	0.075371
10200	0.075245
3277	0.075209
3484	0.075092
863	0.075067
3763	0.075066
8921	0.074959
4712	0.074943
12720	0.074919
7666	0.074919
966	0.074886
5769	0.074860
8251	0.074828
3531	0.074777
7639	0.074739
12089	0.074715
4017	0.074595
5191	0.074567
884	0.074552
10589	0.074464
11321	0.074367
11911	0.074273
13429	0.074240
4119	0.074168
783	0.074117
9978	0.074110
1099	0.074109
12638	0.073971
1914	0.073933
992	0.073809
12615	0.073693
728	0.073548
13028	0.073544
2317	0.073515
13593	0.073361
9964	0.073281
5656	0.073151
14222	0.073141
13866	0.073141
903	0.073096
5415	0.073086
5895	0.073083
11819	0.073076
8230	0.073026
928	0.073005
1901	0.072985
3761	0.072922
2503	0.072919
8247	0.072871
5047	0.072797
5548	0.072743
10824	0.072702
960	0.072668
10318	0.072603
3608	0.072545
4126	0.072528
11127	0.072523
5894	0.072383
8229	0.072219
3157	0.072213
5897	0.072134
7523	0.071944
9627	0.071916
2622	0.071858
794	0.071784
171	0.071782
849	0.071755
12749	0.071754
12748	0.071754
11610	0.071591
4932	0.071505
13639	0.071503
3027	0.071425
13647	0.071350
3487	0.071235
3343	0.071226
4594	0.071131
9567	0.071015
1040	0.071013
4830	0.070977
4829	0.070977
1939	0.070976
729	0.070775
1487	0.070762
3297	0.070716
670	0.070716
2487	0.070716
11276	0.070711
10623	0.070711
2333	0.070630
1725	0.070595
147	0.070591
9645	0.070590
6230	0.070578
1650	0.070565
9927	0.070529
9896	0.070529
7208	0.070529
1541	0.070521
13724	0.070480
11578	0.070447
2569	0.070438
2228	0.070418
2416	0.070390
2150	0.070354
12646	0.070300
7973	0.070280
11761	0.070268
6097	0.070268
5547	0.070268
3595	0.070268
8944	0.070244
6289	0.070240
7081	0.070225
933	0.070181
9844	0.070150
11786	0.070119
13223	0.069839
12193	0.069824
11134	0.069785
2226	0.069782
11603	0.069768
9872	0.069760
11487	0.069742
12800	0.069726
7644	0.069650
7409	0.069649
11577	0.069648
5183	0.069640
7894	0.069595
139	0.069494
9691	0.069455
6626	0.069425
9061	0.069409
9060	0.069409
5715	0.069409
2565	0.069409
7710	0.069404
2339	0.069386
3509	0.069324
6122	0.069315
9926	0.069268
9925	0.069268
9924	0.069268
9852	0.069268
7773	0.069268
7447	0.069268
6523	0.069187
3477	0.069142
1461	0.069061
10788	0.068943
10777	0.068943
10759	0.068943
10739	0.068943
13082	0.068919
9133	0.068919
9129	0.068919
3379	0.068856
3983	0.068783
1426	0.068783
1010	0.068772
12041	0.068703
13825	0.068637
581	0.068635
9316	0.068629
3250	0.068618
734	0.068602
5010	0.068575
10915	0.068441
1101	0.068413
1100	0.068413
136	0.068372
12031	0.068351
9976	0.068341
12426	0.068341
1298	0.068340
11231	0.068326
7084	0.068294
6433	0.068289
1289	0.068289
1381	0.068258
182	0.068185
11546	0.068165
10046	0.068156
8923	0.067986
10142	0.067899
10396	0.067896
609	0.067840
11232	0.067780
11230	0.067780
11229	0.067780
11228	0.067780
4858	0.067761
6724	0.067745
12774	0.067704
12683	0.067651
13006	0.067643
873	0.067615
5042	0.067538
3865	0.067535
3806	0.067532
2214	0.067507
13379	0.067479
3499	0.067437
14162	0.067426
11663	0.067398
9389	0.067374
11400	0.067330
11013	0.067312
4159	0.067271
7427	0.067254
1550	0.067244
3495	0.067241
826	0.067172
13965	0.067161
320	0.067148
159	0.067135
2310	0.067121
4072	0.067121
8115	0.067100
12102	0.067099
4459	0.067018
12818	0.066956
10700	0.066918
2313	0.066914
12345	0.066913
12344	0.066913
8095	0.066913
579	0.066903
5824	0.066899
3843	0.066870
130	0.066862
13611	0.066843
2314	0.066801
2312	0.066801
7558	0.066795
7557	0.066795
13077	0.066767
12895	0.066767
5074	0.066757
13153	0.066716
10171	0.066716
10170	0.066716
6648	0.066706
2316	0.066672
6766	0.066655
9332	0.066649
2867	0.066606
6418	0.066582
126	0.066570
6880	0.066377
12695	0.066328
1722	0.066316
11537	0.066273
11547	0.066253
1778	0.066246
11308	0.066244
3877	0.066224
9917	0.066197
163	0.066168
4349	0.066127
1442	0.066034
3845	0.066021
963	0.065975
158	0.065862
5517	0.065861
11207	0.065857
13495	0.065803
4077	0.065796
5872	0.065708
566	0.065680
10666	0.065629
3824	0.065617
11469	0.065572
11358	0.065558
3664	0.065540
8391	0.065481
3087	0.065481
2571	0.065465
2857	0.065463
10678	0.065457
9238	0.065435
10333	0.065434
12530	0.065398
1125	0.065376
934	0.065337
6739	0.065324
6738	0.065324
2485	0.065311
6694	0.065311
4314	0.065290
2255	0.065275
5947	0.065267
4285	0.065262
4280	0.065262
9561	0.065173
902	0.065147
11593	0.065144
5323	0.065140
10212	0.065133
7707	0.065115
3866	0.065070
3864	0.065070
12238	0.065035
4598	0.065026
12814	0.064983
1376	0.064943
11601	0.064908
12938	0.064896
3764	0.064890
9769	0.064805
3083	0.064796
2397	0.064760
7004	0.064738
1371	0.064700
12534	0.064561
8734	0.064556
8496	0.064541
6599	0.064531
1061	0.064524
5485	0.064425
557	0.064347
12679	0.064307
10614	0.064272
422	0.064259
9654	0.064255
1662	0.064226
8678	0.064219
6172	0.064201
5957	0.064167
5700	0.064098
9388	0.063990
2135	0.063945
11599	0.063944
2169	0.063944
6389	0.063881
2395	0.063847
9611	0.063846
3482	0.063842
8231	0.063821
11869	0.063785
4268	0.063765
4983	0.063713
11431	0.063703
7451	0.063686
9170	0.063573
2731	0.063571
11938	0.063562
10832	0.063547
5373	0.063530
5647	0.063518
7481	0.063516
13218	0.063511
9128	0.063496
6706	0.063471
12222	0.063444
10476	0.063433
11868	0.063410
