2622	0.313260
11761	0.308341
6097	0.308341
5547	0.308341
3595	0.308341
2569	0.308231
1541	0.280394
3306	0.270899
2613	0.256397
1798	0.244930
1542	0.236362
3933	0.233754
7966	0.231902
9028	0.231018
9081	0.230565
9078	0.230565
1125	0.230104
13444	0.229085
2616	0.227944
1327	0.227819
6032	0.214076
2618	0.212810
2619	0.212522
1245	0.212280
1034	0.204546
3548	0.202319
2682	0.199969
9402	0.193332
12306	0.189459
6369	0.189459
6368	0.189459
2614	0.189054
8726	0.184784
3594	0.182668
12041	0.182503
609	0.181504
2617	0.180421
9980	0.180102
1509	0.177628
13341	0.176190
1714	0.174992
1131	0.173909
3934	0.171814
2629	0.170866
1128	0.169033
259	0.165845
2174	0.157451
1511	0.157140
9358	0.156793
6400	0.156703
7450	0.156451
5179	0.155642
5180	0.155491
1129	0.154562
9645	0.149804
4158	0.149608
1520	0.149359
1454	0.147998
7939	0.147110
2615	0.145834
12058	0.144152
13252	0.139733
13251	0.139733
578	0.138004
1745	0.138001
1781	0.131612
3549	0.131474
3476	0.128333
891	0.128044
3504	0.127501
11146	0.127490
14230	0.126270
14229	0.126270
13886	0.126270
1997	0.124548
11877	0.120796
3854	0.118710
11873	0.118431
875	0.116927
2838	0.116725
12136	0.116391
1010	0.116145
3579	0.115647
10518	0.114162
6126	0.113916
6125	0.113916
13874	0.111980
12844	0.111913
12843	0.111913
12841	0.111913
12840	0.111913
2648	0.110179
2452	0.109641
2531	0.109483
200	0.109254
2175	0.108556
5042	0.107719
11231	0.107538
11232	0.107468
11230	0.107468
11229	0.107468
11228	0.107468
2783	0.104983
9304	0.104665
1959	0.104643
2228	0.103445
257	0.102640
7491	0.102127
12070	0.101182
13298	0.100446
3772	0.100408
6018	0.100400
5637	0.099655
2812	0.099524
11207	0.099010
14310	0.098984
11358	0.098721
13582	0.098513
5410	0.098513
5409	0.098513
5408	0.098513
5356	0.098513
4153	0.096831
1151	0.096023
1778	0.095950
3544	0.095760
3545	0.095463
1889	0.095032
13847	0.095013
2626	0.094800
3081	0.094581
13914	0.093568
8296	0.093568
346	0.093539
11096	0.093474
7893	0.091874
2904	0.091664
9401	0.091486
1797	0.091223
3473	0.090917
5125	0.090611
14253	0.090533
5183	0.090532
7909	0.090525
13076	0.090457
2459	0.090424
13300	0.090379
9469	0.090302
2810	0.090126
13301	0.089785
1700	0.089743
2460	0.089275
836	0.089125
438	0.088970
14127	0.088672
9627	0.088622
1792	0.088221
10666	0.088117
5359	0.087797
1223	0.087651
997	0.087303
6650	0.087188
1226	0.087183
2014	0.086963
13581	0.086809
6680	0.086538
3949	0.086363
12446	0.086058
4154	0.085433
2755	0.085261
2623	0.085189
6279	0.085153
5407	0.084870
12101	0.084523
5456	0.084234
2045	0.084189
4719	0.084080
640	0.083692
2816	0.083660
2116	0.083444
6260	0.083311
7301	0.082975
13898	0.082919
5287	0.082888
2646	0.082835
13315	0.082553
12850	0.082542
12967	0.082536
12854	0.082194
6942	0.081842
12106	0.081741
2451	0.081577
1897	0.081408
5375	0.081394
6034	0.080847
540	0.080748
2502	0.080706
2461	0.080658
12581	0.080656
503	0.080411
6702	0.080159
6277	0.080085
6035	0.080034
4605	0.079824
4600	0.079824
1514	0.079570
1536	0.079511
9122	0.079407
497	0.079279
507	0.079261
7894	0.079123
7968	0.079119
12631	0.078897
6695	0.078461
13299	0.078323
10559	0.077681
2815	0.077603
780	0.077585
13523	0.076878
8223	0.076845
1249	0.076579
5879	0.076429
9477	0.076285
9481	0.076252
9479	0.076252
9478	0.076252
9476	0.076252
9475	0.076252
9473	0.076252
9472	0.076252
9471	0.076252
9470	0.076252
9468	0.076252
9345	0.076252
8667	0.076252
8665	0.076252
8664	0.076252
8663	0.076252
8662	0.076252
8630	0.076252
8629	0.076252
8627	0.076252
8626	0.076252
6351	0.076143
6592	0.076131
8628	0.076002
11677	0.075863
4494	0.075863
4493	0.075863
7433	0.075635
13894	0.075419
6074	0.075318
10162	0.074969
588	0.074821
13025	0.074745
13024	0.074745
13022	0.074745
8486	0.074745
1855	0.074720
3110	0.074182
11531	0.074022
1929	0.073910
9514	0.073896
3241	0.073811
13899	0.073488
13892	0.073488
7965	0.073488
1788	0.073484
7967	0.073386
4886	0.073173
10511	0.073154
2976	0.072924
9503	0.072819
13512	0.072757
4459	0.072443
12006	0.072269
4087	0.072199
832	0.072008
1043	0.071973
3204	0.071916
10369	0.071895
1519	0.071851
2414	0.071783
10396	0.071506
12851	0.071441
9198	0.071332
13913	0.071179
8298	0.071179
9437	0.070872
496	0.070738
977	0.070691
1537	0.070470
2809	0.070265
1795	0.070117
2814	0.069881
13819	0.069671
1130	0.069537
1526	0.069434
2293	0.069119
6280	0.069085
8923	0.069011
8997	0.068816
1510	0.068572
1662	0.068358
1132	0.068288
13	0.068245
716	0.068167
2828	0.068106
1126	0.068098
9393	0.067772
3209	0.067680
2173	0.067560
6886	0.067489
342	0.067442
4128	0.067415
2453	0.067208
7670	0.067135
11027	0.067063
12146	0.066959
8582	0.066959
7599	0.066959
3695	0.066959
3694	0.066959
3616	0.066959
6761	0.066943
13271	0.066884
13302	0.066739
7468	0.066697
2967	0.066697
4599	0.066643
9683	0.066554
10278	0.066330
12172	0.066243
2122	0.066103
7744	0.065908
13760	0.065824
9384	0.065808
3246	0.065808
1376	0.065637
2837	0.065617
11220	0.065403
831	0.065397
1534	0.065263
7933	0.065072
347	0.065072
2329	0.064910
7380	0.064910
5357	0.064588
11196	0.064506
774	0.064396
148	0.064285
1785	0.064191
12781	0.064038
12530	0.064038
12692	0.064027
4204	0.063958
2117	0.063832
2001	0.063657
2965	0.063544
4579	0.063272
1285	0.063250
1483	0.063034
12411	0.063007
7200	0.062959
10240	0.062840
534	0.062671
1529	0.062617
9797	0.062521
11679	0.062505
6026	0.062470
4656	0.062392
1361	0.062332
13054	0.062169
4612	0.062116
936	0.061990
10589	0.061984
5553	0.061906
12670	0.061808
12687	0.061795
9354	0.061693
9870	0.061673
6117	0.061624
1563	0.061620
12310	0.061525
6631	0.061318
4179	0.061287
12267	0.061235
5126	0.061235
2982	0.061209
9840	0.061143
12462	0.061138
10685	0.061138
7394	0.061075
3846	0.061074
5768	0.060995
3008	0.060898
5089	0.060894
3018	0.060836
11992	0.060528
12107	0.060477
14236	0.060452
13901	0.060452
13601	0.060452
7863	0.060452
7862	0.060452
7859	0.060452
13356	0.060443
13835	0.060417
5082	0.060417
12778	0.060378
4358	0.060374
918	0.060287
9986	0.060157
6583	0.060121
6580	0.060121
9333	0.060114
6707	0.060038
6579	0.059986
9733	0.059981
797	0.059887
7860	0.059743
565	0.059649
3177	0.059566
1293	0.059504
9912	0.059449
9911	0.059449
5918	0.059432
2118	0.059388
1768	0.059378
6281	0.059315
3825	0.059289
5013	0.059258
10258	0.059198
13589	0.059142
5745	0.058970
5220	0.058889
11291	0.058850
12208	0.058771
9934	0.058689
9610	0.058649
3737	0.058640
9957	0.058607
1127	0.058559
10455	0.058496
4888	0.058408
9578	0.058353
1973	0.058323
4322	0.058147
4495	0.058031
9715	0.057981
9935	0.057885
4129	0.057885
9613	0.057876
406	0.057704
10009	0.057620
351	0.057606
7264	0.057578
7560	0.057512
3212	0.057512
13853	0.057498
4093	0.057491
6347	0.057483
889	0.057441
9923	0.057437
9343	0.057385
890	0.057354
3607	0.057335
179	0.057320
9311	0.057303
2813	0.057303
1675	0.057275
1163	0.057160
2754	0.057141
9612	0.057084
10241	0.056916
6025	0.056852
4746	0.056787
12722	0.056786
11048	0.056746
9804	0.056669
8549	0.056656
10008	0.056462
4921	0.056450
6944	0.056382
1871	0.056303
2416	0.056283
10653	0.056283
3952	0.056265
1372	0.056222
2426	0.056207
13965	0.056162
8022	0.056141
12874	0.055906
182	0.055856
12061	0.055757
3677	0.055696
3615	0.055645
1166	0.055640
914	0.055571
9726	0.055561
10467	0.055517
273	0.055507
10203	0.055423
10651	0.055373
2006	0.055345
2841	0.055333
10652	0.055248
2729	0.055199
11367	0.055072
8979	0.055059
9319	0.055056
9614	0.054922
13005	0.054903
2532	0.054903
10466	0.054853
10671	0.054815
7630	0.054772
13900	0.054762
7861	0.054762
848	0.054761
2817	0.054640
10302	0.054633
8202	0.054606
10482	0.054598
13897	0.054577
6912	0.054574
840	0.054531
12352	0.054507
5300	0.054486
13089	0.054484
12270	0.054417
192	0.054400
11758	0.054380
3826	0.054374
3991	0.054298
13602	0.054286
5182	0.054275
648	0.054259
13028	0.054216
4619	0.054103
96	0.054050
7090	0.054020
5459	0.053986
7617	0.053920
8661	0.053846
6656	0.053841
9984	0.053803
1893	0.053800
11683	0.053737
1513	0.053691
7858	0.053671
9856	0.053651
14072	0.053603
838	0.053575
12927	0.053521
934	0.053485
3567	0.053414
8110	0.053406
1439	0.053374
5305	0.053332
6916	0.053290
111	0.053284
1028	0.053263
7937	0.053235
4707	0.053226
12623	0.053221
79	0.053199
5534	0.053195
9260	0.053130
11036	0.053072
12133	0.052951
12322	0.052927
10682	0.052924
11111	0.052895
1958	0.052880
415	0.052850
10028	0.052777
6199	0.052759
9512	0.052758
6147	0.052751
14247	0.052705
6204	0.052621
6413	0.052558
3841	0.052475
4909	0.052426
4808	0.052416
81	0.052404
10159	0.052383
3195	0.052328
9115	0.052306
3639	0.052243
3243	0.052227
11474	0.052225
9608	0.052204
5993	0.052163
12853	0.052050
4781	0.052042
10160	0.051893
8907	0.051883
7938	0.051877
12702	0.051852
9342	0.051821
3739	0.051717
2010	0.051577
1375	0.051557
13286	0.051473
10915	0.051323
7207	0.051297
13036	0.051253
13851	0.051181
6551	0.051146
11845	0.051145
11746	0.051126
2212	0.051098
6772	0.051090
3225	0.051084
2981	0.051045
10693	0.051035
14151	0.051035
12860	0.051017
3745	0.051015
12859	0.051006
12053	0.050999
11902	0.050984
7261	0.050927
7385	0.050889
13430	0.050879
1978	0.050862
13119	0.050861
9486	0.050772
10326	0.050710
10220	0.050706
8847	0.050705
9204	0.050658
8592	0.050658
841	0.050628
12455	0.050498
11289	0.050449
6292	0.050435
1231	0.050412
13625	0.050375
7136	0.050375
5066	0.050357
229	0.050331
7741	0.050296
142	0.050294
11307	0.050285
1975	0.050210
7496	0.050152
7980	0.050145
521	0.050141
7743	0.050107
7742	0.050107
13815	0.050086
6295	0.050078
5990	0.050050
726	0.050013
7101	0.049951
2722	0.049943
12497	0.049939
9465	0.049899
2868	0.049863
9881	0.049852
2120	0.049838
4824	0.049828
6198	0.049816
1396	0.049803
1148	0.049796
9215	0.049783
13148	0.049769
13147	0.049769
7892	0.049769
6298	0.049769
6297	0.049769
1497	0.049739
10939	0.049727
155	0.049723
3926	0.049714
13058	0.049664
7945	0.049664
2520	0.049656
2637	0.049633
9999	0.049593
8425	0.049549
9058	0.049463
6701	0.049463
352	0.049416
7941	0.049377
4858	0.049280
12432	0.049226
12015	0.049214
2201	0.049186
1828	0.049114
12238	0.049109
11523	0.049101
3292	0.049082
1648	0.049079
3811	0.049063
12355	0.049057
13244	0.049036
13787	0.048995
11100	0.048933
787	0.048927
3155	0.048906
2422	0.048849
9463	0.048826
10383	0.048760
12703	0.048735
5059	0.048723
14283	0.048647
13168	0.048644
4706	0.048632
2730	0.048543
1682	0.048469
10917	0.048455
11398	0.048452
4171	0.048445
12652	0.048407
11385	0.048392
6698	0.048348
4396	0.048331
11047	0.048327
488	0.048304
8092	0.048301
7619	0.048301
2398	0.048259
12502	0.048162
3287	0.048036
1751	0.048019
13945	0.047964
2195	0.047963
7830	0.047909
13917	0.047906
9633	0.047878
9630	0.047878
9628	0.047878
9626	0.047878
9625	0.047878
9624	0.047878
9622	0.047878
9621	0.047878
9620	0.047878
9619	0.047878
9618	0.047878
9615	0.047878
9482	0.047878
5123	0.047805
5977	0.047714
8441	0.047702
8440	0.047702
433	0.047648
10163	0.047633
5111	0.047631
2681	0.047620
4657	0.047612
1433	0.047585
13829	0.047580
7067	0.047580
2215	0.047580
10889	0.047579
1941	0.047551
1922	0.047539
2218	0.047514
9388	0.047503
11803	0.047495
100	0.047494
10700	0.047470
11862	0.047455
12685	0.047425
2011	0.047422
412	0.047395
2020	0.047375
6599	0.047371
10725	0.047333
11308	0.047297
989	0.047263
304	0.047247
13868	0.047141
7103	0.047133
7801	0.047060
1187	0.047043
12582	0.047033
11157	0.047024
4136	0.047011
9464	0.046961
8517	0.046961
8516	0.046961
4139	0.046961
4138	0.046961
1371	0.046955
12222	0.046843
3162	0.046840
532	0.046693
12273	0.046692
837	0.046675
6172	0.046659
4135	0.046630
12459	0.046597
10871	0.046555
4587	0.046552
12386	0.046439
11593	0.046417
9974	0.046288
1461	0.046245
4131	0.046242
10032	0.046237
6251	0.046222
6249	0.046222
9267	0.046219
12354	0.046217
10724	0.046212
1784	0.046209
10224	0.046171
5272	0.046164
7073	0.046131
3564	0.046118
3822	0.046095
9611	0.046062
10378	0.046028
12754	0.045993
2492	0.045992
7072	0.045979
1006	0.045967
1635	0.045950
10377	0.045945
12486	0.045887
12483	0.045887
12482	0.045887
12481	0.045887
12465	0.045887
12464	0.045887
3975	0.045887
11985	0.045875
8147	0.045875
8100	0.045875
8086	0.045875
8085	0.045875
8084	0.045875
1377	0.045844
6600	0.045837
10303	0.045831
12852	0.045778
8972	0.045760
1866	0.045705
80	0.045621
1234	0.045602
1370	0.045594
2399	0.045565
2216	0.045551
11353	0.045506
10715	0.045506
2214	0.045471
9474	0.045427
6961	0.045427
2012	0.045398
11434	0.045390
7239	0.045384
11464	0.045340
8438	0.045334
11655	0.045322
8439	0.045313
7435	0.045313
7180	0.045313
1380	0.045281
2073	0.045255
1186	0.045251
8993	0.045220
12392	0.045208
13060	0.045207
13055	0.045207
13048	0.045207
13014	0.045207
13009	0.045207
12892	0.045207
8379	0.045207
13162	0.045177
10123	0.045177
539	0.045140
4140	0.045122
7546	0.045103
12237	0.045083
9371	0.045068
1446	0.045060
2973	0.045039
3710	0.045011
10882	0.045007
1011	0.045004
5581	0.044934
12080	0.044923
4407	0.044910
4316	0.044906
10491	0.044875
10222	0.044842
1379	0.044816
7038	0.044814
10294	0.044813
82	0.044789
10822	0.044729
3921	0.044709
633	0.044659
11924	0.044647
5259	0.044619
107	0.044605
10277	0.044526
5505	0.044487
1759	0.044473
2197	0.044462
2603	0.044444
10749	0.044429
1981	0.044421
2210	0.044416
10238	0.044374
1993	0.044374
9007	0.044333
823	0.044321
7932	0.044297
1284	0.044295
1800	0.044250
12252	0.044230
3562	0.044222
13599	0.044196
2079	0.044194
9436	0.044129
1307	0.044128
6662	0.044120
12724	0.043973
11016	0.043960
4130	0.043953
2774	0.043934
3503	0.043919
12961	0.043900
4554	0.043900
12365	0.043886
10594	0.043881
11719	0.043848
2199	0.043796
5345	0.043780
9872	0.043747
11716	0.043715
13427	0.043645
4651	0.043639
5698	0.043633
2397	0.043618
7115	0.043602
6587	0.043520
2757	0.043520
11379	0.043499
6997	0.043471
344	0.043449
7011	0.043425
10881	0.043395
7190	0.043391
1969	0.043391
3691	0.043371
4132	0.043342
1437	0.043261
1315	0.043260
9366	0.043248
9365	0.043248
9364	0.043248
9363	0.043248
9359	0.043248
8869	0.043248
8849	0.043248
8848	0.043248
8846	0.043248
11442	0.043235
11396	0.043235
2673	0.043116
5591	0.043111
2971	0.043100
6105	0.043081
3518	0.043054
12069	0.043036
1837	0.042979
2219	0.042972
1460	0.042946
2204	0.042926
777	0.042915
12793	0.042900
11769	0.042825
4251	0.042819
13456	0.042806
13342	0.042806
1890	0.042790
1968	0.042790
2425	0.042759
530	0.042749
400	0.042749
4195	0.042746
14162	0.042745
6739	0.042731
6738	0.042731
3712	0.042701
13245	0.042684
12642	0.042679
5147	0.042659
3547	0.042633
12929	0.042506
1786	0.042492
