894	0.130440
2240	0.130426
892	0.125781
12163	0.125484
4430	0.125484
4429	0.125484
4428	0.125484
6444	0.125482
1469	0.125335
4023	0.124489
2162	0.123882
12638	0.123046
3163	0.115441
9835	0.115358
9790	0.112536
12148	0.112528
7411	0.112528
10647	0.110653
1418	0.109240
10349	0.108509
6808	0.108251
12512	0.107301
6809	0.107092
5028	0.106744
12660	0.106612
1053	0.105635
2933	0.102551
11491	0.102513
3250	0.102364
3006	0.101726
12654	0.101665
11486	0.101489
5542	0.101321
13058	0.101273
7945	0.101273
13416	0.101112
7463	0.100056
6066	0.100056
9857	0.098837
1552	0.098678
6512	0.098540
11173	0.098433
4064	0.098142
4063	0.098142
4061	0.098142
4058	0.098142
4057	0.098142
2644	0.098142
3564	0.097811
4819	0.097631
2155	0.097620
12426	0.097284
1538	0.097191
6451	0.097125
11931	0.097071
10654	0.096959
10655	0.096950
11790	0.096935
12508	0.096829
9817	0.096318
11283	0.096167
10048	0.095335
6810	0.095319
4059	0.095294
7137	0.094593
3245	0.094563
1554	0.094428
13451	0.094411
13450	0.094411
13410	0.094411
6613	0.093652
11536	0.093597
1407	0.093586
11963	0.093572
10561	0.093365
3368	0.093256
10609	0.093005
11225	0.092543
10909	0.092543
12594	0.092455
724	0.092376
11780	0.092364
7419	0.092175
10681	0.092088
6120	0.091892
9351	0.091803
9350	0.091803
7401	0.091803
11539	0.091439
7639	0.091402
1560	0.091331
6887	0.091309
8054	0.091296
912	0.090983
12812	0.090472
6052	0.090461
7875	0.090395
2406	0.090379
6762	0.090376
11082	0.090325
3562	0.090318
6062	0.090191
5570	0.089919
4062	0.089697
12801	0.089595
9830	0.089586
723	0.089525
10597	0.089427
1779	0.089351
482	0.088979
366	0.088889
12409	0.088730
1278	0.088658
1585	0.088512
7530	0.088495
5249	0.088444
566	0.088373
12697	0.088333
10684	0.088214
10857	0.088201
244	0.088051
6660	0.088045
7418	0.087518
10319	0.087137
5937	0.086982
24	0.086958
12710	0.086800
12773	0.086677
12804	0.086661
10836	0.086514
4841	0.086489
11337	0.086389
7238	0.086185
1669	0.086126
11492	0.086039
6628	0.085931
13138	0.085674
12537	0.085539
13793	0.085005
8136	0.085005
11351	0.084983
10090	0.084722
10842	0.084689
11421	0.084689
11345	0.084689
11335	0.084689
11551	0.084646
10692	0.084603
2519	0.084477
12536	0.084438
8089	0.084322
12419	0.084301
8704	0.083697
10153	0.083636
2252	0.083492
4060	0.083485
4898	0.083481
7949	0.083290
7236	0.083174
1279	0.082987
2016	0.082978
12542	0.082850
2332	0.082702
13375	0.082527
12897	0.082432
11518	0.082345
9389	0.082157
12607	0.082139
9951	0.081739
12679	0.081691
10353	0.081612
6733	0.081551
1770	0.081510
5936	0.081462
6919	0.081431
9872	0.081424
9392	0.081237
6523	0.081122
6283	0.080964
7156	0.080753
6098	0.080599
3845	0.080538
1593	0.080528
10437	0.080400
9929	0.080297
7745	0.080031
11788	0.079918
6700	0.079863
6067	0.079812
7535	0.079663
5571	0.079630
6556	0.079481
6555	0.079481
6988	0.079457
7529	0.079376
12510	0.079313
10024	0.079108
1600	0.079087
1595	0.079087
1590	0.079087
11159	0.079083
5670	0.079036
5250	0.078916
12630	0.078839
12597	0.078726
6289	0.078620
2383	0.078544
13654	0.078531
12711	0.078491
12587	0.078439
5856	0.078385
1858	0.078288
10318	0.078245
3103	0.078147
12576	0.078084
11262	0.078033
4712	0.077974
7819	0.077803
5897	0.077797
11010	0.077732
3872	0.077520
7701	0.077346
7540	0.077280
1555	0.077190
12412	0.077134
8652	0.077103
12415	0.077036
12818	0.076964
11542	0.076936
8141	0.076863
5455	0.076854
7523	0.076779
1963	0.076767
10424	0.076750
8496	0.076741
527	0.076634
3664	0.076348
7964	0.076342
12505	0.076338
9084	0.076245
1188	0.076202
9015	0.076120
12625	0.076100
4022	0.076071
9961	0.075851
10139	0.075839
2705	0.075766
8654	0.075710
8653	0.075710
12657	0.075703
14037	0.075631
7246	0.075434
6367	0.075378
11085	0.075373
12506	0.075290
9170	0.075230
6768	0.075079
10531	0.075068
5129	0.075021
12500	0.074828
801	0.074775
7505	0.074737
9691	0.074689
10046	0.074647
13422	0.074637
12127	0.074482
9916	0.074379
9880	0.074379
9842	0.074379
9838	0.074379
9822	0.074379
9372	0.074379
8791	0.074379
8790	0.074379
8768	0.074379
3738	0.074299
9763	0.074252
9759	0.074252
9758	0.074252
8717	0.074252
8716	0.074252
8715	0.074252
9694	0.074084
9764	0.074059
10140	0.073899
11398	0.073673
4308	0.073578
3825	0.073545
2408	0.073508
12636	0.073483
9029	0.073450
10674	0.073410
7425	0.073402
12708	0.073351
915	0.073342
2301	0.073285
373	0.073276
10336	0.073230
421	0.073074
12341	0.073054
9800	0.073011
12776	0.072994
12413	0.072988
4490	0.072976
12803	0.072932
11160	0.072893
1599	0.072890
4744	0.072880
7028	0.072758
4498	0.072754
5613	0.072744
10263	0.072727
3690	0.072693
7234	0.072551
1350	0.072480
4489	0.072470
12438	0.072468
13361	0.072439
3451	0.072416
10998	0.072175
10997	0.072175
11529	0.072120
4189	0.072117
1507	0.072110
12628	0.072019
9926	0.071927
9925	0.071927
9924	0.071927
9852	0.071927
7773	0.071927
7447	0.071927
11522	0.071831
6629	0.071813
12650	0.071791
7961	0.071781
6312	0.071725
11124	0.071702
11419	0.071613
13750	0.071608
8397	0.071601
4729	0.071529
12199	0.071476
12621	0.071332
6947	0.071154
14108	0.071017
4745	0.071017
12808	0.070956
9859	0.070943
542	0.070938
2400	0.070833
12753	0.070760
12435	0.070751
9904	0.070718
4889	0.070674
3822	0.070631
8488	0.070510
5894	0.070485
4655	0.070379
11133	0.070289
3316	0.070271
7030	0.070180
13129	0.070167
6061	0.070167
3408	0.070162
14165	0.070126
12408	0.070089
6974	0.070082
14321	0.070064
14311	0.070064
14307	0.070064
14114	0.070064
10393	0.070064
8406	0.070064
8368	0.070064
3158	0.070064
10284	0.070062
10547	0.070024
12513	0.070002
11519	0.069909
12538	0.069905
3726	0.069892
11500	0.069878
11213	0.069847
7289	0.069765
5087	0.069757
13530	0.069698
543	0.069697
10856	0.069622
12187	0.069577
10042	0.069513
12730	0.069476
7201	0.069405
13639	0.069345
11528	0.069328
6123	0.069231
1084	0.069155
5495	0.069148
4295	0.069027
2425	0.069014
5089	0.068951
1671	0.068883
10239	0.068858
2731	0.068847
11502	0.068789
5652	0.068788
11671	0.068750
4221	0.068714
7818	0.068711
9844	0.068706
9946	0.068688
12535	0.068661
10969	0.068658
7337	0.068652
5858	0.068617
5675	0.068477
232	0.068391
2586	0.068286
10735	0.068268
968	0.068235
10691	0.068182
12950	0.068147
6031	0.068135
6030	0.068135
5992	0.068135
8003	0.068134
11687	0.068131
10758	0.068115
604	0.068081
6027	0.068060
10486	0.067929
13737	0.067744
13388	0.067725
13387	0.067725
3633	0.067624
3035	0.067623
10225	0.067576
6922	0.067241
10174	0.067218
9555	0.067200
10552	0.067166
2503	0.067094
12941	0.066988
12829	0.066889
5135	0.066877
10528	0.066775
11439	0.066764
9016	0.066704
14068	0.066619
14109	0.066565
10736	0.066565
10859	0.066535
11533	0.066522
7166	0.066520
7668	0.066494
9650	0.066444
10163	0.066368
7762	0.066353
13081	0.066334
13080	0.066334
13079	0.066334
13078	0.066334
13074	0.066334
13071	0.066334
13057	0.066334
13049	0.066334
13047	0.066334
13045	0.066334
13043	0.066334
13017	0.066334
12959	0.066334
12904	0.066334
7936	0.066334
4066	0.066297
12698	0.066280
11290	0.066276
5010	0.066248
5945	0.066247
10941	0.066195
5615	0.066186
9076	0.066157
9717	0.066120
11487	0.066099
11151	0.066089
12749	0.066083
12748	0.066083
10069	0.066082
12952	0.066071
12951	0.066071
6411	0.066007
10492	0.065993
12732	0.065905
12411	0.065903
12782	0.065895
10858	0.065872
5134	0.065870
11544	0.065799
4917	0.065786
11404	0.065768
10922	0.065768
12658	0.065660
11116	0.065660
2795	0.065660
2794	0.065660
12401	0.065638
2800	0.065594
13389	0.065515
7312	0.065444
11510	0.065436
11580	0.065363
5088	0.065277
12100	0.065224
3819	0.065143
5311	0.065121
12666	0.065097
3763	0.065094
4474	0.065083
10641	0.065058
11047	0.065027
12783	0.065015
10215	0.065015
6499	0.065008
5491	0.064977
2914	0.064954
9943	0.064925
12872	0.064830
11485	0.064801
1941	0.064727
1433	0.064676
11818	0.064637
5254	0.064617
11368	0.064459
14063	0.064444
12165	0.064411
9649	0.064406
12774	0.064326
9169	0.064324
13040	0.064234
9927	0.064202
9896	0.064202
7208	0.064202
12874	0.064181
10141	0.064148
10035	0.064148
427	0.064104
13329	0.063981
12792	0.063957
11508	0.063888
1406	0.063807
9915	0.063750
6266	0.063736
13696	0.063706
12832	0.063644
893	0.063525
2248	0.063516
4710	0.063475
9270	0.063463
6308	0.063411
2246	0.063377
8232	0.063370
12791	0.063358
12788	0.063358
7094	0.063358
8080	0.063357
10212	0.063350
774	0.063348
9917	0.063302
3230	0.063271
3242	0.063212
9614	0.063200
12056	0.063194
11554	0.063160
11154	0.063157
3764	0.063124
6245	0.063121
5660	0.063103
6563	0.063042
13438	0.063027
6627	0.063019
4263	0.063013
10907	0.062999
2497	0.062941
12940	0.062937
6717	0.062849
11516	0.062784
4410	0.062618
12009	0.062586
11665	0.062586
4818	0.062577
5259	0.062560
12526	0.062545
11474	0.062501
8622	0.062461
13116	0.062459
12107	0.062456
11126	0.062417
1885	0.062390
1884	0.062390
1883	0.062390
4826	0.062365
12555	0.062341
11247	0.062336
10164	0.062266
1643	0.062252
11252	0.062228
10040	0.062223
4042	0.062193
1686	0.062189
12554	0.062172
12143	0.062168
2247	0.062151
5586	0.062108
7500	0.061986
3033	0.061973
4374	0.061828
13165	0.061797
13676	0.061769
8821	0.061722
5345	0.061685
9992	0.061670
11534	0.061645
10939	0.061622
12743	0.061597
13664	0.061549
10033	0.061544
13019	0.061418
12528	0.061411
10394	0.061387
8513	0.061367
12637	0.061346
2367	0.061308
12575	0.061279
13359	0.061274
11332	0.061252
10658	0.061167
3792	0.061101
9128	0.061089
12516	0.061082
13181	0.061077
12899	0.061025
9964	0.061007
12548	0.060996
3217	0.060979
11315	0.060950
378	0.060929
4279	0.060911
8551	0.060870
11464	0.060852
4119	0.060838
11493	0.060838
11535	0.060837
2664	0.060821
11662	0.060801
11728	0.060792
9847	0.060791
1619	0.060786
2536	0.060748
12925	0.060707
2541	0.060698
13529	0.060697
11312	0.060695
11729	0.060684
1613	0.060669
10640	0.060645
11993	0.060618
3413	0.060486
12796	0.060412
10423	0.060400
1077	0.060372
747	0.060337
1141	0.060306
4880	0.060297
3215	0.060269
10993	0.060180
83	0.060111
2043	0.060101
9990	0.060056
11752	0.060051
11670	0.060051
7385	0.059999
8401	0.059989
11698	0.059945
12109	0.059932
5948	0.059932
5106	0.059902
5104	0.059902
854	0.059885
5023	0.059855
13406	0.059854
554	0.059853
11688	0.059843
6021	0.059821
10200	0.059761
13440	0.059736
10392	0.059712
9596	0.059644
5518	0.059613
10657	0.059598
10313	0.059583
7898	0.059527
1848	0.059524
10517	0.059517
10149	0.059465
2714	0.059460
6684	0.059449
6655	0.059430
11890	0.059421
11889	0.059421
8139	0.059421
2149	0.059421
2148	0.059421
2147	0.059421
6683	0.059405
6432	0.059404
8476	0.059377
7611	0.059368
10400	0.059304
14331	0.059297
14330	0.059297
6124	0.059246
12695	0.059239
277	0.059229
5299	0.059228
10687	0.059203
3216	0.059200
11506	0.059196
11490	0.059140
4190	0.059115
12858	0.059101
13802	0.059096
10682	0.059092
12391	0.059088
13061	0.059041
10068	0.059036
13443	0.059001
4341	0.058973
210	0.058964
12064	0.058916
13154	0.058916
12850	0.058913
6653	0.058906
10513	0.058901
6313	0.058893
523	0.058808
10005	0.058795
3790	0.058770
10530	0.058764
10092	0.058758
10612	0.058648
11694	0.058609
12604	0.058536
12795	0.058529
1608	0.058466
550	0.058442
5047	0.058423
13038	0.058387
13037	0.058387
10493	0.058384
10714	0.058251
703	0.058189
10680	0.058115
5628	0.058062
12860	0.058034
12859	0.058019
12786	0.058003
12623	0.057986
6803	0.057953
4208	0.057947
11511	0.057944
10158	0.057918
6114	0.057904
12559	0.057902
11019	0.057890
11496	0.057858
12515	0.057797
13135	0.057785
7722	0.057753
7010	0.057682
12098	0.057623
3958	0.057623
3959	0.057570
12130	0.057527
5398	0.057453
9803	0.057442
11455	0.057413
11426	0.057413
5021	0.057410
5019	0.057410
9179	0.057390
2079	0.057376
5222	0.057351
10441	0.057304
12434	0.057303
12390	0.057303
2163	0.057280
12707	0.057279
12905	0.057273
13405	0.057208
4611	0.057186
10538	0.057117
12557	0.057110
12208	0.057101
9989	0.057097
11524	0.057068
10949	0.057039
10686	0.057038
9948	0.057000
9747	0.056971
12906	0.056953
13117	0.056947
11013	0.056933
13060	0.056902
13055	0.056902
13048	0.056902
13014	0.056902
13009	0.056902
12892	0.056902
8379	0.056902
12854	0.056893
10435	0.056815
10111	0.056780
7930	0.056716
4807	0.056610
11572	0.056559
10974	0.056501
11540	0.056397
5865	0.056365
5101	0.056346
5212	0.056345
8001	0.056276
3231	0.056178
10764	0.056146
10679	0.056146
11343	0.056084
5086	0.056070
10505	0.056024
10545	0.055991
4808	0.055956
11226	0.055942
13295	0.055924
10766	0.055876
10765	0.055876
13186	0.055845
13166	0.055827
12785	0.055810
10450	0.055789
6334	0.055746
13291	0.055696
13185	0.055684
10166	0.055674
7260	0.055671
2266	0.055624
10819	0.055578
5364	0.055500
3042	0.055445
3787	0.055432
10573	0.055429
13192	0.055415
10784	0.055371
13550	0.055358
4484	0.055313
11526	0.055261
10574	0.055218
11992	0.055213
4330	0.055213
6812	0.055064
5391	0.055052
9865	0.054996
11054	0.054976
520	0.054961
12787	0.054859
12784	0.054851
6311	0.054822
6310	0.054822
4843	0.054822
6436	0.054780
4792	0.054758
3938	0.054756
3489	0.054736
4329	0.054727
7817	0.054699
7055	0.054668
1553	0.054655
5692	0.054647
11069	0.054616
5690	0.054606
10028	0.054545
5201	0.054504
614	0.054500
9575	0.054451
3505	0.054418
7988	0.054405
11162	0.054396
10235	0.054392
10903	0.054390
12561	0.054378
3263	0.054327
5805	0.054308
6281	0.054295
12617	0.054272
6535	0.054270
13077	0.054218
12895	0.054218
11287	0.054202
11285	0.054202
11284	0.054202
5154	0.054155
1626	0.054150
1849	0.054135
13826	0.054112
14285	0.054110
1821	0.054096
4805	0.054071
8423	0.054061
7672	0.054054
1408	0.054031
6758	0.054014
7951	0.054004
12656	0.053996
12595	0.053970
9680	0.053914
7308	0.053914
7265	0.053914
5494	0.053914
2798	0.053903
10368	0.053827
10926	0.053796
12400	0.053772
11586	0.053772
1147	0.053768
9949	0.053736
10815	0.053730
9932	0.053730
7268	0.053714
10625	0.053699
990	0.053618
5112	0.053590
13908	0.053576
4933	0.053572
7364	0.053548
10315	0.053523
6525	0.053497
12727	0.053489
14203	0.053437
13907	0.053437
13906	0.053437
13407	0.053437
11171	0.053437
8372	0.053437
7978	0.053437
3942	0.053437
12499	0.053435
4791	0.053434
10314	0.053391
12418	0.053386
6577	0.053331
4747	0.053315
10430	0.053311
10814	0.053301
9933	0.053301
8186	0.053301
10673	0.053296
638	0.053262
570	0.053257
5648	0.053246
2293	0.053233
508	0.053185
529	0.053185
10671	0.053167
2027	0.053143
3793	0.053103
2061	0.053097
2900	0.053032
13491	0.052994
3342	0.052989
9998	0.052924
12522	0.052923
10407	0.052876
10613	0.052856
12704	0.052830
10076	0.052819
10077	0.052815
10875	0.052757
11072	0.052754
3876	0.052741
11571	0.052731
5323	0.052700
5744	0.052674
11520	0.052668
12720	0.052592
7666	0.052592
12853	0.052567
3661	0.052461
11837	0.052388
898	0.052388
899	0.052370
1140	0.052346
10852	0.052320
13398	0.052288
6630	0.052284
10667	0.052268
