7828	0.218779
3902	0.209801
1861	0.190901
5320	0.174450
785	0.165914
5915	0.160548
5916	0.158529
2548	0.151709
2547	0.150410
1455	0.147180
13515	0.143569
6697	0.143173
641	0.142907
4652	0.141932
680	0.141672
1030	0.140633
4832	0.140268
5497	0.140204
9119	0.139781
5533	0.139781
2267	0.139155
9367	0.138604
4025	0.138273
2182	0.138104
4764	0.137541
4398	0.136937
50	0.136487
8452	0.134857
8449	0.134857
3078	0.134661
11639	0.134360
13270	0.133938
3652	0.132898
12381	0.131513
1414	0.131256
461	0.130554
4882	0.129340
1629	0.129274
1867	0.128078
9053	0.127967
9052	0.127967
9051	0.127967
12299	0.127383
12298	0.127383
3583	0.127383
4155	0.127379
1472	0.127000
9541	0.126506
4001	0.126439
4308	0.125635
665	0.125533
6126	0.124935
6125	0.124935
1009	0.124191
9725	0.124005
1471	0.123635
8792	0.122931
5946	0.122219
5788	0.121667
686	0.121548
241	0.121271
6117	0.121050
2181	0.120968
10018	0.120340
3996	0.120149
286	0.119956
11920	0.119561
3927	0.119561
3868	0.119561
6449	0.119183
1781	0.118937
3929	0.118670
3928	0.118670
1112	0.117135
8886	0.117105
1417	0.116884
12178	0.116810
274	0.116545
10628	0.116193
11919	0.116099
2628	0.116022
2627	0.116022
8383	0.115739
3099	0.115667
13059	0.115582
12334	0.115582
6549	0.115582
10097	0.115205
3478	0.115161
5217	0.114256
6844	0.114221
57	0.113921
891	0.113602
9503	0.113509
1918	0.113465
12058	0.112617
1415	0.112606
10098	0.111996
9358	0.111928
5239	0.111886
820	0.111404
76	0.111182
2991	0.110720
10617	0.110694
13252	0.110681
13251	0.110681
294	0.110577
3644	0.110214
9175	0.110181
9173	0.110181
8831	0.110181
8830	0.110181
7688	0.110181
5925	0.110002
5924	0.109908
5920	0.109908
2962	0.109061
2614	0.108996
2708	0.108884
4031	0.108776
3074	0.108701
6454	0.108433
4389	0.108409
6456	0.108405
9072	0.108265
120	0.108233
12314	0.107964
8749	0.107961
8748	0.107961
1829	0.107861
6506	0.107710
806	0.107675
7864	0.106954
10837	0.106852
13721	0.106528
13709	0.106528
11711	0.106484
4950	0.106475
9873	0.106463
5905	0.106134
2696	0.105931
2171	0.105856
6225	0.105728
7719	0.105722
3867	0.105122
11661	0.105115
8598	0.104486
8597	0.104486
6208	0.104251
5425	0.103877
10862	0.103834
10863	0.103583
2642	0.103215
3784	0.103036
2620	0.102928
8661	0.102863
2178	0.102557
697	0.102555
11432	0.102335
10616	0.102335
8963	0.102136
1447	0.101485
9130	0.100984
9113	0.100984
1270	0.100636
11918	0.100288
4650	0.100226
2997	0.100040
13314	0.100009
1892	0.099970
699	0.099875
7420	0.099773
4651	0.099717
5238	0.099660
4644	0.099421
13580	0.099420
6550	0.099353
12191	0.099183
14096	0.099154
3743	0.099079
8463	0.099044
3841	0.098784
6971	0.098255
3460	0.098232
2179	0.098173
4797	0.098048
8208	0.098026
1384	0.097914
10458	0.097818
11293	0.097724
9366	0.097461
9365	0.097461
9364	0.097461
9363	0.097461
9359	0.097461
8869	0.097461
8849	0.097461
8848	0.097461
8846	0.097461
3828	0.097224
276	0.097045
10459	0.097010
4144	0.096353
6440	0.096171
6908	0.096095
6822	0.096057
11667	0.095845
13994	0.095719
7931	0.095719
10474	0.095665
11628	0.095649
6907	0.095649
6891	0.095646
6676	0.095533
3899	0.095521
876	0.095307
8847	0.095043
3995	0.094962
13025	0.094791
13024	0.094791
13022	0.094791
8486	0.094791
6253	0.094647
4114	0.094273
3805	0.094264
6458	0.094253
11701	0.094118
11989	0.093644
46	0.093543
3350	0.093497
8489	0.093493
14230	0.093462
14229	0.093462
13886	0.093462
11256	0.093253
10675	0.093166
2838	0.093124
1520	0.093119
5237	0.093037
7947	0.092908
1231	0.092877
12585	0.092587
1344	0.092318
10830	0.092121
12360	0.092066
7711	0.092066
7807	0.091981
9992	0.091980
12247	0.091953
2575	0.091715
6370	0.091554
9633	0.091385
9630	0.091385
9628	0.091385
9626	0.091385
9625	0.091385
9624	0.091385
9622	0.091385
9621	0.091385
9620	0.091385
9619	0.091385
9618	0.091385
9615	0.091385
9482	0.091385
788	0.091048
12541	0.090987
4408	0.090965
3827	0.090914
9508	0.090809
882	0.090770
13812	0.090327
8265	0.090327
3746	0.090252
3213	0.089862
671	0.089624
3725	0.089522
2579	0.089473
9034	0.089089
1640	0.089053
4910	0.088967
288	0.088802
3649	0.088277
5709	0.088235
4252	0.088173
5708	0.088157
12862	0.088078
261	0.087911
8264	0.087771
3643	0.087705
11860	0.087699
4523	0.087688
7003	0.087583
1634	0.087413
2544	0.087246
5318	0.087230
2615	0.087206
1935	0.087158
9269	0.087052
5068	0.086984
5069	0.086821
7553	0.086806
188	0.086778
8714	0.086766
6435	0.086746
225	0.086560
2444	0.086547
116	0.086521
2472	0.085619
9415	0.085613
8851	0.085613
8850	0.085613
1439	0.085231
11902	0.085176
6250	0.084877
12844	0.084620
12843	0.084620
12841	0.084620
12840	0.084620
3456	0.084588
5917	0.084427
1551	0.084406
4191	0.084333
3062	0.084100
7371	0.084024
4404	0.083983
3135	0.083864
12249	0.083782
5008	0.083782
1579	0.083771
2343	0.083725
3326	0.083714
9942	0.083664
9931	0.083664
9930	0.083664
9921	0.083664
9901	0.083664
9899	0.083664
9895	0.083664
9866	0.083664
9836	0.083664
9832	0.083664
9810	0.083664
9698	0.083664
9636	0.083664
9570	0.083664
9299	0.083664
9606	0.083617
630	0.083566
9572	0.083478
9436	0.083200
11212	0.083092
606	0.083033
7024	0.083013
13494	0.082975
8972	0.082907
4394	0.082761
4406	0.082650
9613	0.082571
1359	0.082327
2177	0.082181
1893	0.082166
4399	0.082124
2709	0.082000
3804	0.081886
41	0.081861
6600	0.081759
2144	0.081743
8319	0.081699
11906	0.081694
11985	0.081622
8147	0.081622
8100	0.081622
8086	0.081622
8085	0.081622
8084	0.081622
9297	0.081382
12073	0.081350
10102	0.081301
1178	0.081211
14052	0.081204
10065	0.081204
3053	0.081182
13170	0.080880
13502	0.080863
10668	0.080863
10494	0.080863
10209	0.080734
1345	0.080566
2600	0.080406
1243	0.080313
9623	0.080233
9612	0.079972
1190	0.079820
3964	0.079670
4639	0.079486
4635	0.079486
4634	0.079486
3082	0.079486
11830	0.079485
4396	0.079445
638	0.079405
3579	0.079405
5354	0.079388
9039	0.079371
12414	0.079161
5940	0.078798
9124	0.078790
3582	0.078481
2549	0.078425
9075	0.078344
3809	0.078303
2580	0.078089
10632	0.078037
9024	0.077875
9023	0.077875
9022	0.077875
8949	0.077875
601	0.077844
388	0.077739
1456	0.077721
7288	0.077657
10878	0.077603
4944	0.077470
4943	0.077470
2613	0.077398
4796	0.077367
9863	0.077339
9145	0.077144
6742	0.076935
847	0.076885
11835	0.076790
4409	0.076790
7473	0.076688
8109	0.076680
9804	0.076576
13881	0.076557
8964	0.076557
8063	0.076557
4401	0.076416
5942	0.076285
484	0.076184
307	0.076160
4856	0.076039
8324	0.075858
12359	0.075777
6468	0.075777
5923	0.075745
786	0.075733
1126	0.075565
2097	0.075523
5059	0.075436
1913	0.075433
13567	0.075415
5731	0.075415
5730	0.075415
5726	0.075415
5723	0.075415
5722	0.075415
5721	0.075415
5681	0.075415
11910	0.075043
3708	0.075008
1201	0.074964
9531	0.074855
206	0.074750
8965	0.074675
3203	0.074627
195	0.074531
9190	0.074515
1416	0.074288
6702	0.074286
3059	0.074211
888	0.074174
11971	0.074115
7022	0.074084
6623	0.074075
3665	0.074053
8707	0.073962
4922	0.073915
6882	0.073768
3247	0.073768
11702	0.073743
7040	0.073659
14342	0.073634
14241	0.073592
3549	0.073425
9121	0.073389
9112	0.073389
6295	0.073377
874	0.073296
9457	0.073275
4152	0.073275
6729	0.073207
4540	0.073119
10506	0.073091
1045	0.073091
4543	0.073009
6316	0.072842
2518	0.072760
3077	0.072599
7053	0.072576
12655	0.072526
12428	0.072468
2727	0.072456
7433	0.072442
3600	0.072427
1368	0.072403
269	0.072387
1127	0.072377
8712	0.072374
8303	0.072374
8302	0.072374
7362	0.072374
6359	0.072374
8923	0.072339
6202	0.072319
6955	0.072256
1341	0.072244
3735	0.072175
4400	0.072118
9338	0.072100
293	0.071997
292	0.071997
291	0.071997
290	0.071997
287	0.071997
4000	0.071915
1375	0.071902
2577	0.071748
6956	0.071747
12834	0.071719
12828	0.071719
9054	0.071706
8889	0.071673
6708	0.071622
4800	0.071582
5007	0.071457
12669	0.071369
5319	0.070892
4213	0.070801
1973	0.070788
219	0.070705
9534	0.070691
9533	0.070691
9529	0.070691
9509	0.070691
282	0.070572
1751	0.070495
5197	0.070475
8248	0.070383
1332	0.070307
55	0.070290
5296	0.070287
9578	0.070201
11365	0.070151
11270	0.070151
10957	0.070151
7144	0.070151
13363	0.070048
2047	0.069966
12948	0.069927
4725	0.069897
6638	0.069828
11297	0.069789
8711	0.069770
8732	0.069765
5061	0.069729
13222	0.069615
7825	0.069613
4734	0.069591
8710	0.069559
1768	0.069521
8800	0.069481
272	0.069469
6264	0.069453
11829	0.069452
4525	0.069452
13638	0.069423
2422	0.069120
285	0.069035
611	0.069016
56	0.068981
3504	0.068962
3161	0.068956
2995	0.068934
9360	0.068862
12277	0.068844
8073	0.068844
6150	0.068844
5944	0.068844
5943	0.068844
9928	0.068764
51	0.068733
13732	0.068639
7933	0.068598
347	0.068598
8845	0.068495
6043	0.068492
8816	0.068470
8815	0.068470
8814	0.068470
8812	0.068470
8796	0.068470
8795	0.068470
8777	0.068470
7923	0.068470
279	0.068440
11812	0.068354
6605	0.068268
10294	0.068238
9611	0.068204
2045	0.068143
5758	0.068105
10580	0.068028
5930	0.068028
3741	0.067972
2999	0.067942
10473	0.067764
1197	0.067751
429	0.067723
280	0.067721
6926	0.067708
967	0.067576
9609	0.067508
9580	0.067508
2094	0.067501
4934	0.067364
5572	0.067328
11148	0.067132
11164	0.067103
901	0.067021
5781	0.066931
9631	0.066878
629	0.066749
204	0.066693
13606	0.066670
9610	0.066653
13339	0.066638
10916	0.066597
13282	0.066524
13281	0.066475
5219	0.066403
438	0.066333
5684	0.066240
4541	0.066203
6081	0.066193
4154	0.066176
3140	0.066122
6479	0.066041
3065	0.065882
6814	0.065652
5029	0.065578
7534	0.065524
9172	0.065505
7717	0.065453
12342	0.065453
7684	0.065453
7718	0.065453
5525	0.065422
5119	0.065363
6816	0.065363
194	0.065302
12333	0.065299
7560	0.065228
342	0.065094
125	0.065083
1950	0.065068
2186	0.065067
4407	0.064939
6149	0.064914
9664	0.064755
9519	0.064659
10110	0.064547
5736	0.064501
11653	0.064396
10800	0.064331
6557	0.064297
5688	0.064286
2730	0.064196
3435	0.064184
3584	0.064158
1984	0.064095
11995	0.064026
11026	0.063872
11264	0.063747
8829	0.063676
4921	0.063665
6213	0.063656
3485	0.063633
9393	0.063594
8618	0.063508
9640	0.063484
426	0.063449
4980	0.063410
346	0.063405
7052	0.063379
60	0.063275
11680	0.063259
2901	0.063229
9307	0.063189
13072	0.063150
13069	0.063150
12857	0.063150
3486	0.062932
8709	0.062858
2120	0.062783
592	0.062653
2969	0.062509
507	0.062479
10965	0.062397
1544	0.062376
11988	0.062359
9302	0.062340
9212	0.062291
12910	0.062220
2535	0.062123
12856	0.062094
5317	0.062043
141	0.062005
352	0.061935
5555	0.061899
1342	0.061896
758	0.061862
5188	0.061837
9070	0.061776
3052	0.061590
270	0.061260
267	0.061239
10198	0.061220
732	0.061189
3943	0.060989
1260	0.060975
6457	0.060975
3721	0.060975
13570	0.060929
13228	0.060929
731	0.060929
858	0.060879
4143	0.060864
88	0.060822
1152	0.060712
289	0.060663
12408	0.060655
10950	0.060612
2845	0.060571
49	0.060545
13524	0.060441
11537	0.060405
5977	0.060308
3705	0.060213
5031	0.060107
4965	0.060101
10496	0.060037
2618	0.059965
4932	0.059940
751	0.059911
1444	0.059807
2550	0.059792
12116	0.059716
9433	0.059645
4765	0.059603
5032	0.059458
216	0.059444
1051	0.059396
10549	0.059253
10253	0.059253
9102	0.059033
9843	0.058888
5186	0.058876
6017	0.058841
7162	0.058753
8604	0.058725
4240	0.058702
5347	0.058654
4378	0.058621
3146	0.058615
9943	0.058591
7774	0.058564
5641	0.058564
5642	0.058560
12066	0.058514
4393	0.058489
7920	0.058440
672	0.058268
5898	0.058264
10740	0.058213
5123	0.058151
9497	0.058099
10472	0.058071
3636	0.058035
1747	0.058027
8938	0.058021
3753	0.058008
14078	0.057995
4391	0.057913
13847	0.057853
9864	0.057830
1529	0.057821
9413	0.057738
3597	0.057731
8855	0.057724
12909	0.057706
649	0.057664
1917	0.057581
6829	0.057531
211	0.057374
2351	0.057366
2350	0.057366
2348	0.057366
2346	0.057366
8531	0.057331
5009	0.057302
414	0.057302
2122	0.057278
3985	0.057220
7406	0.057211
5717	0.057193
12388	0.057185
2238	0.057163
3279	0.057105
12245	0.057078
3729	0.057070
2109	0.056962
9692	0.056868
390	0.056862
10615	0.056856
1766	0.056666
5902	0.056582
5901	0.056582
5900	0.056582
5899	0.056582
4838	0.056529
4659	0.056411
6459	0.056406
351	0.056397
1519	0.056390
5893	0.056386
5892	0.056386
5891	0.056386
5890	0.056386
5889	0.056386
11138	0.056369
1659	0.056333
3751	0.056319
3750	0.056319
6960	0.056220
674	0.056220
673	0.056220
664	0.056220
657	0.056220
652	0.056220
646	0.056220
189	0.056220
9616	0.056173
2154	0.056137
11849	0.055968
10467	0.055924
5725	0.055859
8980	0.055832
8978	0.055832
8977	0.055832
8976	0.055832
8940	0.055832
13020	0.055826
3068	0.055593
12338	0.055579
8744	0.055553
4522	0.055544
4241	0.055531
644	0.055498
6471	0.055485
666	0.055474
13735	0.055451
13728	0.055451
13726	0.055451
98	0.055382
4482	0.055367
11846	0.055262
5784	0.055262
7730	0.055257
7445	0.055257
7444	0.055257
7175	0.055257
7080	0.055257
3558	0.055222
7414	0.055217
2440	0.055214
227	0.055200
10956	0.055182
960	0.055164
6188	0.055085
5990	0.055060
6920	0.055057
7381	0.055056
10466	0.055007
3383	0.054988
12154	0.054927
520	0.054913
13523	0.054870
1248	0.054836
4849	0.054759
3066	0.054738
2538	0.054726
13827	0.054687
13108	0.054687
13107	0.054687
12882	0.054687
10121	0.054687
8458	0.054687
498	0.054682
12162	0.054672
12954	0.054658
1929	0.054639
1743	0.054629
1254	0.054557
2658	0.054528
2968	0.054498
13482	0.054413
13472	0.054408
2187	0.054365
9356	0.054341
2621	0.054256
2189	0.054181
4216	0.054126
986	0.054124
7957	0.054092
930	0.054065
11538	0.054049
12560	0.054016
2827	0.054009
387	0.054003
13050	0.053967
5546	0.053875
11374	0.053851
7912	0.053839
383	0.053807
11371	0.053710
11370	0.053710
10955	0.053710
3709	0.053649
43	0.053564
9361	0.053541
13313	0.053486
8507	0.053486
714	0.053446
7100	0.053372
10936	0.053318
11666	0.053318
10935	0.053318
10934	0.053318
10931	0.053318
4794	0.053318
10932	0.053302
6078	0.053291
6541	0.053269
8544	0.053229
655	0.053224
7213	0.053205
12135	0.053204
8789	0.053180
8788	0.053180
8787	0.053180
8786	0.053180
8785	0.053180
8784	0.053180
8783	0.053180
8782	0.053180
8781	0.053180
8388	0.053180
9490	0.053176
2023	0.053151
4839	0.053141
8389	0.053089
7412	0.053014
5989	0.052991
265	0.052983
4306	0.052951
819	0.052867
7870	0.052856
11976	0.052806
7336	0.052728
1111	0.052712
11084	0.052699
11083	0.052699
9380	0.052699
9378	0.052699
9376	0.052699
9374	0.052699
7339	0.052699
7338	0.052699
7335	0.052699
7334	0.052699
12313	0.052618
8167	0.052618
10106	0.052614
2051	0.052409
11071	0.052407
8144	0.052393
7712	0.052369
2666	0.052364
