11742	0.188505
5226	0.188505
6259	0.186407
5846	0.162503
5248	0.159809
7285	0.156341
4895	0.146974
6963	0.143481
4947	0.143470
5843	0.142914
5293	0.135539
11591	0.133472
11592	0.132709
12358	0.129087
11697	0.128742
6009	0.125722
4742	0.125722
6480	0.124251
4743	0.121471
7908	0.121329
10275	0.120296
9123	0.119401
11292	0.118830
10390	0.118710
3226	0.116750
6935	0.115927
13805	0.115913
5132	0.115913
3428	0.115846
2381	0.115656
10347	0.114229
14317	0.114202
8877	0.113199
4828	0.112726
5582	0.112264
12385	0.112080
3030	0.111983
12591	0.111217
8257	0.111107
45	0.110024
2823	0.109254
10099	0.108737
10346	0.108623
8317	0.108536
8316	0.108536
11428	0.108139
10729	0.107913
10370	0.107812
14218	0.107785
10963	0.107737
10960	0.107737
10958	0.107737
10896	0.107555
10850	0.107422
11344	0.107337
11306	0.107337
10728	0.107337
10812	0.106901
10082	0.106875
4618	0.106762
10371	0.106605
5292	0.106495
13854	0.106295
11430	0.105703
11304	0.105703
10763	0.105703
6934	0.105052
10734	0.105030
6394	0.104997
4204	0.104293
10282	0.103771
11178	0.102674
12504	0.102533
2585	0.102493
10507	0.102117
7224	0.101958
6574	0.101958
5527	0.101958
1778	0.101425
14128	0.101010
2486	0.100966
10109	0.100952
11754	0.100949
11753	0.100943
5175	0.100852
11091	0.099813
10519	0.099492
6010	0.099415
4235	0.099117
7475	0.098932
13204	0.098613
12286	0.098575
3353	0.098196
7399	0.097981
11472	0.097014
13265	0.096988
991	0.096811
3429	0.096805
5441	0.096713
12091	0.095907
5048	0.095907
11658	0.095840
10056	0.095174
10959	0.094946
11202	0.094781
1182	0.093409
2871	0.093354
7359	0.092275
10733	0.092125
5583	0.091846
850	0.091746
677	0.090620
14126	0.089749
14125	0.089749
10237	0.089458
8113	0.089135
11587	0.089085
5185	0.088917
10961	0.088715
11240	0.088605
3440	0.088522
6481	0.088221
4529	0.088059
3441	0.088049
3425	0.087573
13810	0.087149
14073	0.086972
4658	0.086964
7478	0.086668
2674	0.086287
4376	0.086016
10280	0.085873
2230	0.085702
589	0.085557
5225	0.085371
5815	0.084925
8307	0.084913
10089	0.084402
6776	0.084347
10962	0.084200
6987	0.084146
11409	0.083723
12691	0.083710
11073	0.083595
11357	0.083508
11356	0.083262
9981	0.082999
7774	0.082705
5641	0.082705
474	0.082694
5642	0.082687
10806	0.082509
13318	0.082411
6680	0.082347
11241	0.082226
5347	0.081770
10427	0.081585
10343	0.081235
6718	0.081235
10643	0.081201
6719	0.081077
7036	0.081005
568	0.080820
11055	0.080734
11752	0.080503
8402	0.080260
5343	0.080162
6415	0.079835
8497	0.079745
6220	0.079591
9086	0.079457
9085	0.079245
11677	0.078956
4494	0.078956
4493	0.078956
11416	0.078924
10273	0.078795
10511	0.077591
11109	0.077432
6147	0.077353
3789	0.077180
4841	0.076891
8238	0.076206
4037	0.076081
10274	0.075886
2186	0.075824
8217	0.075773
7578	0.075773
9357	0.075546
1030	0.075515
5395	0.074932
12134	0.074925
5397	0.074640
5396	0.074640
4500	0.074073
14254	0.073871
11349	0.073261
7511	0.073240
3538	0.072711
11618	0.072513
221	0.072491
6407	0.071992
12315	0.071834
5159	0.071823
14334	0.071701
3905	0.071363
2129	0.070793
3375	0.070762
1050	0.070634
1120	0.070620
11699	0.070551
7417	0.070551
1119	0.070514
8572	0.070511
8569	0.070511
8568	0.070511
13247	0.070495
10670	0.070478
1743	0.070417
11298	0.070189
10994	0.070189
7713	0.070042
2831	0.069851
3986	0.069758
6380	0.069705
9026	0.069632
3907	0.069611
11808	0.069606
1452	0.069152
10553	0.068990
2386	0.068988
2387	0.068988
4497	0.068815
11812	0.068803
6758	0.068710
598	0.068695
4321	0.068527
9551	0.068523
3041	0.068508
8314	0.068411
10567	0.068406
14332	0.068344
14320	0.068344
14257	0.068344
14235	0.068344
14231	0.068344
14217	0.068344
14143	0.068344
11459	0.068210
11340	0.068210
6329	0.068210
12283	0.067983
13087	0.067915
8570	0.067864
10002	0.067770
10255	0.067687
3823	0.067325
3389	0.067012
2709	0.066918
11579	0.066628
6709	0.066342
10821	0.066129
254	0.065850
10550	0.065833
6938	0.065730
4437	0.065533
13947	0.064999
5184	0.064973
8813	0.064922
8836	0.064687
874	0.064584
14291	0.064190
10801	0.063868
6754	0.063865
3715	0.063631
4297	0.063392
4913	0.063217
6216	0.063191
6946	0.063080
4319	0.062910
1403	0.062742
13821	0.062275
4359	0.062221
3210	0.061994
2477	0.061789
13374	0.061139
13373	0.061139
2269	0.061049
4725	0.060988
8135	0.060834
7977	0.060630
1952	0.060606
6254	0.060570
3735	0.060548
6056	0.060509
10457	0.060389
10229	0.060248
7670	0.060135
3987	0.060118
10589	0.060090
5695	0.059954
333	0.059918
9139	0.059883
9356	0.059660
2519	0.059537
10138	0.059360
10249	0.059330
13448	0.059268
2105	0.059194
10245	0.059043
1185	0.059023
8259	0.058918
2227	0.058889
12395	0.058761
2496	0.058722
8780	0.058556
10839	0.058542
12202	0.058469
3988	0.058469
11200	0.058373
10862	0.058338
9089	0.058306
9094	0.058142
9093	0.058142
9092	0.058142
9065	0.058142
8564	0.057852
1109	0.057614
5574	0.057610
10863	0.057397
3175	0.057285
12734	0.057282
10895	0.057240
1295	0.057193
10127	0.057168
10348	0.056988
11987	0.056965
10210	0.056648
10838	0.056581
8248	0.056472
11112	0.056457
12757	0.056446
472	0.056416
11743	0.056395
10834	0.056262
7681	0.056235
12794	0.056204
8276	0.056179
11054	0.056157
1734	0.056050
12747	0.056021
14339	0.055994
14338	0.055994
14312	0.055994
14272	0.055994
14259	0.055994
14160	0.055994
14159	0.055994
14158	0.055994
14156	0.055994
14144	0.055994
14133	0.055994
14123	0.055994
14110	0.055994
14102	0.055994
14053	0.055994
13501	0.055994
8311	0.055994
8309	0.055994
8308	0.055994
8306	0.055994
8288	0.055994
8286	0.055994
8285	0.055994
8283	0.055994
8282	0.055994
8280	0.055994
8278	0.055994
8277	0.055994
8046	0.055994
4603	0.055994
11300	0.055931
8310	0.055918
8907	0.055873
13542	0.055811
14006	0.055744
3804	0.055703
5103	0.055611
5154	0.055548
3426	0.055529
2182	0.055496
13394	0.055460
4392	0.055453
12241	0.055427
12240	0.055427
8074	0.055427
7294	0.055427
6054	0.055427
4336	0.055427
8382	0.055279
3135	0.055255
1351	0.055178
1419	0.055105
2289	0.055013
8862	0.055011
8861	0.055011
8860	0.055011
8859	0.055011
8858	0.055011
8857	0.055011
8844	0.055011
8843	0.055011
8842	0.055011
8841	0.055011
8840	0.055011
8839	0.055011
8838	0.055011
8834	0.055011
8824	0.055011
8823	0.055011
8822	0.055011
8820	0.055011
8818	0.055011
8817	0.055011
8803	0.055011
8798	0.055011
8737	0.055011
8639	0.055011
7682	0.055011
7677	0.055011
7382	0.055011
7247	0.055011
5795	0.054924
11256	0.054880
5024	0.054584
8289	0.054493
3951	0.054491
14034	0.054400
7857	0.054379
1898	0.054366
8305	0.054328
2109	0.054260
7527	0.054120
10428	0.053541
1115	0.053500
2191	0.053448
1020	0.053351
5177	0.053283
3212	0.053173
7943	0.053092
8947	0.052953
12772	0.052911
11989	0.052841
10984	0.052806
14224	0.052772
13391	0.052772
11110	0.052772
1411	0.052734
5524	0.052674
13939	0.052603
7700	0.052562
2267	0.052519
487	0.052505
7082	0.052476
2110	0.052238
6854	0.052200
4799	0.052154
6053	0.052023
14214	0.051974
7699	0.051971
5585	0.051828
12665	0.051819
10308	0.051604
11402	0.051457
10307	0.051457
12670	0.051320
6625	0.051253
3963	0.051220
1616	0.051161
9120	0.051049
4798	0.051031
1121	0.050956
10441	0.050882
698	0.050808
3961	0.050798
851	0.050643
5584	0.050626
10098	0.050589
1953	0.050436
1954	0.050436
6324	0.050428
6558	0.050358
10853	0.050312
10913	0.050308
14269	0.050282
11887	0.050275
3319	0.050157
498	0.050034
12090	0.049872
8922	0.049831
12101	0.049831
10754	0.049828
7708	0.049811
13369	0.049807
11326	0.049795
12384	0.049706
7207	0.049661
8621	0.049651
7544	0.049580
10743	0.049471
10844	0.049352
13054	0.049317
5493	0.049299
4338	0.049270
1420	0.049220
249	0.049073
10634	0.049007
2097	0.048991
2600	0.048928
14	0.048915
12427	0.048891
2107	0.048837
11675	0.048813
4692	0.048800
1951	0.048730
10749	0.048722
2828	0.048695
11968	0.048577
949	0.048577
5672	0.048527
13331	0.048527
10854	0.048482
1132	0.048455
876	0.048434
14101	0.048286
8365	0.048286
2440	0.048172
4857	0.048053
10097	0.047996
3617	0.047927
6430	0.047875
1123	0.047875
3638	0.047852
11177	0.047822
6017	0.047808
459	0.047653
8837	0.047643
457	0.047579
3962	0.047565
12145	0.047495
10515	0.047495
5956	0.047495
13396	0.047488
13338	0.047488
5671	0.047477
7542	0.047353
6688	0.047353
12367	0.047312
11263	0.047307
3209	0.047250
10475	0.047183
11638	0.047100
1133	0.047045
7865	0.046993
12521	0.046964
7932	0.046882
10699	0.046733
10608	0.046708
590	0.046701
6455	0.046615
1118	0.046588
11512	0.046573
6101	0.046472
250	0.046466
7422	0.046464
11313	0.046361
5957	0.046191
2124	0.046189
2111	0.046184
7920	0.045844
8175	0.045837
5829	0.045809
11002	0.045770
11373	0.045715
10202	0.045715
14233	0.045665
1136	0.045665
115	0.045639
10335	0.045633
5219	0.045628
1359	0.045496
10739	0.045471
10788	0.045471
10777	0.045471
10759	0.045471
12357	0.045447
5402	0.045443
12400	0.045438
11586	0.045438
11700	0.045416
10901	0.045366
2708	0.045361
4296	0.045265
12632	0.045183
5830	0.045139
12511	0.045098
7950	0.045089
13946	0.045081
1592	0.045081
1591	0.044975
1237	0.044974
8636	0.044909
3576	0.044903
2113	0.044852
1596	0.044828
6457	0.044822
6530	0.044809
13769	0.044746
4288	0.044746
6966	0.044688
4724	0.044676
4741	0.044586
3315	0.044470
3341	0.044448
4328	0.044226
2962	0.044128
4340	0.044068
6366	0.044042
5168	0.044041
2344	0.043955
4349	0.043913
10557	0.043872
11728	0.043842
9581	0.043784
2198	0.043731
7730	0.043716
7445	0.043716
7444	0.043716
7175	0.043716
7080	0.043716
6157	0.043668
9222	0.043616
5650	0.043574
1405	0.043546
10156	0.043545
5487	0.043508
1587	0.043485
3405	0.043446
2039	0.043430
13598	0.043418
7205	0.043326
6528	0.043322
10497	0.043285
262	0.043258
6687	0.043234
9237	0.043234
4087	0.043181
14329	0.043085
10088	0.043060
2821	0.043008
2594	0.042965
561	0.042957
6556	0.042929
6555	0.042929
11800	0.042861
5046	0.042854
7507	0.042830
4537	0.042721
14250	0.042708
10558	0.042708
10555	0.042708
6968	0.042708
8042	0.042697
3631	0.042687
14249	0.042673
4968	0.042636
7101	0.042606
2185	0.042533
1111	0.042518
6527	0.042494
10050	0.042466
11795	0.042446
475	0.042445
10751	0.042402
5446	0.042335
11729	0.042263
12017	0.042217
574	0.042197
4662	0.042151
10415	0.042146
6386	0.042071
2595	0.042048
10661	0.041986
877	0.041973
11371	0.041872
11370	0.041872
10955	0.041872
11624	0.041839
9030	0.041673
4348	0.041664
10376	0.041636
6566	0.041596
570	0.041575
10556	0.041544
1581	0.041471
3193	0.041463
13095	0.041458
6969	0.041458
11211	0.041378
8887	0.041371
5870	0.041352
12431	0.041273
3318	0.041270
4856	0.041213
7676	0.041189
5918	0.041188
7245	0.041174
13136	0.041136
9005	0.041047
10921	0.041029
10151	0.040997
1956	0.040979
8255	0.040943
6727	0.040919
607	0.040905
2889	0.040892
8635	0.040888
10416	0.040844
6484	0.040829
7453	0.040805
14004	0.040714
4866	0.040714
11415	0.040670
4509	0.040543
7177	0.040467
9938	0.040255
7551	0.040255
7550	0.040255
7539	0.040255
7538	0.040255
11447	0.040248
11237	0.040222
1192	0.040219
8623	0.040195
9894	0.040156
3256	0.040122
3742	0.040110
247	0.040103
4216	0.040069
6426	0.040045
7421	0.040011
9202	0.039992
10956	0.039978
8566	0.039973
5207	0.039838
5555	0.039799
7465	0.039779
4842	0.039750
8482	0.039606
13820	0.039586
14199	0.039527
2052	0.039509
3056	0.039477
8611	0.039430
11534	0.039428
4951	0.039305
7428	0.039297
7102	0.039297
10675	0.039270
5007	0.039252
11698	0.039240
5141	0.039180
6472	0.039155
10344	0.039145
4169	0.039079
251	0.039074
8671	0.039066
9235	0.039063
9230	0.039063
9228	0.039063
9225	0.039063
9224	0.039063
9221	0.039063
9219	0.039063
9214	0.039063
9213	0.039063
9211	0.039063
9209	0.039063
9208	0.039063
9206	0.039063
9193	0.039063
8807	0.039063
8679	0.039063
8677	0.039063
8675	0.039063
8674	0.039063
8673	0.039063
8670	0.039063
8637	0.039063
8633	0.039063
8631	0.039063
8610	0.039063
8591	0.039063
8539	0.039063
8538	0.039063
8537	0.039063
8536	0.039063
8529	0.039063
8526	0.039063
8525	0.039063
8632	0.039063
5366	0.039060
7789	0.039059
11858	0.039007
9439	0.038994
6443	0.038980
13372	0.038894
12798	0.038882
11123	0.038875
4402	0.038791
10523	0.038788
2102	0.038710
4476	0.038655
3778	0.038609
1413	0.038533
1367	0.038533
3977	0.038521
9960	0.038416
13111	0.038409
13109	0.038409
9959	0.038409
8747	0.038372
8725	0.038372
4495	0.038307
10125	0.038192
13180	0.038141
6261	0.038120
3990	0.038106
10301	0.038076
11556	0.037993
5167	0.037871
9436	0.037802
6532	0.037764
2602	0.037724
13577	0.037708
8959	0.037663
9462	0.037638
4463	0.037636
2521	0.037635
9207	0.037619
9205	0.037619
8528	0.037619
4504	0.037584
4967	0.037582
11652	0.037569
7200	0.037565
14290	0.037524
10693	0.037503
11914	0.037445
10277	0.037443
13430	0.037406
7729	0.037400
4090	0.037207
4596	0.037146
5433	0.037127
12556	0.037086
7468	0.037072
2967	0.037072
8855	0.037070
1113	0.037063
4824	0.037061
11011	0.037037
6393	0.037036
2965	0.036961
9215	0.036961
6830	0.036945
8339	0.036904
3740	0.036866
6829	0.036864
1785	0.036835
8530	0.036809
13363	0.036771
11940	0.036768
699	0.036764
10632	0.036727
9192	0.036673
5166	0.036672
4542	0.036628
8617	0.036614
12713	0.036593
4959	0.036543
626	0.036437
9220	0.036433
3213	0.036343
2108	0.036328
6889	0.036301
13942	0.036233
10639	0.036223
2952	0.036219
14248	0.036149
8047	0.036149
4865	0.036099
3940	0.036095
13164	0.035922
14243	0.035899
12120	0.035855
3993	0.035855
6187	0.035827
6470	0.035822
3320	0.035786
14157	0.035632
2820	0.035625
2203	0.035603
3211	0.035484
4475	0.035444
4839	0.035418
4538	0.035415
6564	0.035277
2114	0.035237
3982	0.035189
2958	0.035158
3999	0.035151
6127	0.035100
253	0.035055
2701	0.035052
8128	0.035042
1836	0.035010
10712	0.035010
7584	0.034970
8387	0.034952
10264	0.034942
6972	0.034888
683	0.034873
591	0.034866
5931	0.034861
11436	0.034841
10711	0.034841
4595	0.034834
10646	0.034818
11921	0.034761
10920	0.034751
8162	0.034706
7907	0.034653
8584	0.034647
9114	0.034646
11988	0.034642
3001	0.034642
3077	0.034617
9917	0.034597
2588	0.034578
6737	0.034571
716	0.034547
12507	0.034540
12528	0.034524
11823	0.034511
8531	0.034498
3544	0.034299
9915	0.034284
10756	0.034248
9958	0.034217
6138	0.034214
12764	0.034208
6376	0.034207
7158	0.034200
10389	0.034199
4963	0.034184
354	0.034174
6591	0.034120
633	0.034074
6866	0.034027
10833	0.034012
8209	0.033969
12514	0.033932
10197	0.033844
2	0.033837
10453	0.033832
7642	0.033816
13910	0.033751
961	0.033708
12403	0.033686
10638	0.033617
9170	0.033600
1950	0.033586
10946	0.033583
11964	0.033577
1833	0.033553
7356	0.033553
13146	0.033552
2077	0.033538
7759	0.033535
7357	0.033535
7355	0.033535
13263	0.033513
13262	0.033513
14282	0.033505
14281	0.033505
10813	0.033494
2172	0.033353
7049	0.033339
8960	0.033339
