5611	0.272928
358	0.212463
7687	0.163038
1060	0.121745
1061	0.108333
7269	0.105483
1062	0.104788
10095	0.102951
137	0.096899
7728	0.096019
12071	0.095899
175	0.095899
520	0.094058
12742	0.093419
413	0.092726
12762	0.092474
9837	0.092319
3519	0.092104
7528	0.092058
9008	0.092029
4054	0.091716
176	0.091507
12350	0.091288
12349	0.091174
4434	0.090076
12445	0.090022
12444	0.090010
12695	0.089735
6418	0.089465
3568	0.089373
4226	0.089027
11223	0.087810
11848	0.087097
12647	0.086146
2778	0.085534
521	0.085531
6416	0.084854
167	0.084817
8079	0.084782
359	0.084366
11400	0.083837
6201	0.083763
530	0.083604
400	0.083604
356	0.083051
13469	0.082574
1289	0.082466
13470	0.082326
173	0.082265
5638	0.082238
3530	0.082141
3535	0.081838
9881	0.081706
3155	0.081627
126	0.081535
2464	0.081274
379	0.081119
6469	0.081029
10682	0.080914
853	0.080625
7531	0.080423
8321	0.080269
8320	0.080165
1063	0.079937
12401	0.079545
12200	0.079504
412	0.079473
399	0.079454
12790	0.079342
138	0.079050
11502	0.078836
6289	0.078807
2860	0.078728
12597	0.078659
960	0.078612
11721	0.078449
3312	0.078369
12807	0.078298
9689	0.078005
397	0.077886
1033	0.077830
933	0.077637
4729	0.077473
8054	0.077408
6887	0.077400
9401	0.077124
11650	0.076802
3304	0.076301
3200	0.076214
5208	0.076153
12213	0.075816
11161	0.075811
616	0.075599
2916	0.075442
2635	0.075184
2237	0.075081
575	0.074803
228	0.074743
142	0.074533
12797	0.074520
2630	0.074513
5434	0.074473
531	0.074343
2680	0.074236
1098	0.074111
9316	0.074004
11874	0.073921
13122	0.073896
864	0.073758
387	0.073719
3305	0.073715
3302	0.073715
7520	0.073583
9853	0.073403
12743	0.073398
528	0.073299
10149	0.073226
12701	0.073195
2545	0.073088
7030	0.072909
134	0.072866
12653	0.072617
11007	0.072464
1391	0.072454
10535	0.072374
11901	0.072212
2152	0.072125
10547	0.072048
10502	0.071938
5608	0.071855
10114	0.071808
11579	0.071793
6577	0.071726
13157	0.071693
8887	0.071644
5870	0.071583
6825	0.071496
10927	0.071437
391	0.071289
4744	0.071089
3499	0.070992
12741	0.070965
774	0.070889
139	0.070856
3346	0.070840
3349	0.070830
10350	0.070775
569	0.070742
5349	0.070723
8132	0.070642
14108	0.070547
4745	0.070547
6649	0.070546
6647	0.070546
6646	0.070546
5610	0.070546
10278	0.070515
171	0.070376
12542	0.070346
1017	0.070338
13465	0.070272
402	0.070228
6371	0.070159
5459	0.070099
9614	0.069985
14251	0.069877
6265	0.069877
9029	0.069750
12185	0.069437
3633	0.069414
6360	0.069378
1007	0.069284
12939	0.069212
12084	0.069212
4286	0.069212
4283	0.069212
4220	0.069212
13006	0.069146
8405	0.068972
12624	0.068913
6768	0.068886
10982	0.068855
611	0.068843
1941	0.068739
2360	0.068714
12874	0.068709
11600	0.068651
12518	0.068543
2583	0.068525
180	0.068407
182	0.068331
12386	0.068322
2910	0.068214
11368	0.068196
11151	0.068168
3923	0.067950
10722	0.067929
3021	0.067926
12496	0.067904
12850	0.067860
8247	0.067857
12617	0.067829
12854	0.067821
12305	0.067787
3689	0.067775
11642	0.067688
5288	0.067666
12627	0.067648
11891	0.067458
9724	0.067331
1570	0.067296
11492	0.067259
3201	0.067210
12107	0.066961
1901	0.066865
9550	0.066863
10205	0.066617
43	0.066600
9088	0.066566
2776	0.066560
7425	0.066520
11047	0.066494
6195	0.066471
12640	0.066426
12727	0.066294
5086	0.066213
5391	0.066187
5652	0.066073
10303	0.066072
2743	0.066060
11539	0.066052
7704	0.065998
12521	0.065959
3339	0.065886
2167	0.065882
4557	0.065846
10581	0.065799
10939	0.065782
5201	0.065716
9437	0.065708
1435	0.065679
5427	0.065678
13020	0.065563
529	0.065503
277	0.065480
5389	0.065440
5833	0.065431
1218	0.065386
787	0.065358
6247	0.065233
7337	0.065182
13735	0.065167
13728	0.065167
13726	0.065167
938	0.065138
13060	0.065130
13055	0.065130
13048	0.065130
13014	0.065130
13009	0.065130
12892	0.065130
8379	0.065130
15	0.065078
1075	0.065042
1096	0.065035
10108	0.065019
2714	0.064949
6868	0.064944
39	0.064647
2734	0.064609
2290	0.064608
1211	0.064428
805	0.064414
8881	0.064261
5311	0.064258
12109	0.064237
5948	0.064237
10508	0.064229
3451	0.064220
5684	0.064194
13112	0.064172
10046	0.064097
11859	0.064060
9417	0.064010
4567	0.063925
4565	0.063925
12411	0.063892
2293	0.063862
10441	0.063792
8381	0.063771
8469	0.063705
7661	0.063697
2713	0.063608
5670	0.063500
1212	0.063410
1213	0.063302
10992	0.063280
12910	0.063255
4966	0.063176
12938	0.063103
12859	0.063041
12860	0.063035
2266	0.062976
958	0.062917
1037	0.062916
6991	0.062906
11683	0.062898
3013	0.062869
2851	0.062827
8111	0.062820
10912	0.062798
10866	0.062761
2317	0.062653
10867	0.062597
12095	0.062555
2663	0.062536
5999	0.062528
5998	0.062528
9142	0.062527
194	0.062490
11723	0.062424
3672	0.062418
3500	0.062338
8622	0.062292
11584	0.062238
11907	0.062224
4551	0.062197
11556	0.062160
11474	0.062135
5458	0.062017
2390	0.061951
10175	0.061939
581	0.061939
4568	0.061924
525	0.061869
5502	0.061855
2789	0.061833
959	0.061761
10206	0.061760
12596	0.061756
6525	0.061734
388	0.061675
9927	0.061648
9896	0.061648
7208	0.061648
10859	0.061635
9857	0.061621
6497	0.061620
2665	0.061574
4174	0.061475
10495	0.061448
12804	0.061444
10204	0.061365
12499	0.061327
971	0.061268
11398	0.061199
10163	0.061139
4563	0.061112
10476	0.061038
9348	0.060960
10130	0.060869
7218	0.060860
784	0.060849
6626	0.060793
1370	0.060738
7327	0.060735
11252	0.060691
1216	0.060666
2596	0.060659
11431	0.060656
5782	0.060652
2983	0.060636
11809	0.060629
11571	0.060625
1169	0.060616
3175	0.060578
3367	0.060544
4932	0.060461
4196	0.060451
3726	0.060312
565	0.060283
3173	0.060242
815	0.060169
3345	0.060143
12426	0.060133
12765	0.060120
9608	0.060101
2209	0.060021
4629	0.060012
8884	0.059951
11964	0.059902
1081	0.059801
4041	0.059800
6759	0.059740
8930	0.059715
6703	0.059698
11407	0.059673
12408	0.059665
4313	0.059652
11550	0.059647
11547	0.059602
3350	0.059594
8921	0.059592
6915	0.059571
10596	0.059550
13441	0.059547
2642	0.059545
9762	0.059509
12936	0.059499
9944	0.059497
1648	0.059486
2751	0.059480
7388	0.059448
2252	0.059440
3531	0.059430
7709	0.059394
4285	0.059373
4280	0.059373
2859	0.059338
12347	0.059327
2722	0.059288
4077	0.059220
2972	0.059201
9948	0.059168
2507	0.059161
5127	0.059058
1294	0.059032
3845	0.059026
10092	0.058969
4179	0.058961
9820	0.058948
8735	0.058948
12524	0.058832
5751	0.058808
978	0.058798
13591	0.058759
2353	0.058758
12940	0.058725
1283	0.058634
3332	0.058557
3171	0.058530
2736	0.058527
2904	0.058478
12194	0.058460
11691	0.058454
10802	0.058406
8564	0.058369
532	0.058368
1209	0.058348
957	0.058336
954	0.058336
13166	0.058323
2986	0.058152
5607	0.058135
3865	0.058128
844	0.058088
4260	0.058076
13547	0.058072
13546	0.058072
13368	0.058072
794	0.058067
5089	0.058059
11720	0.058052
602	0.058023
4964	0.057988
5259	0.057987
7762	0.057981
1040	0.057902
12189	0.057862
5609	0.057853
10200	0.057825
10713	0.057748
5947	0.057724
1426	0.057718
10823	0.057643
3791	0.057589
1077	0.057529
5854	0.057518
2742	0.057458
6871	0.057439
6710	0.057439
869	0.057362
5020	0.057361
2441	0.057250
3518	0.057243
13826	0.057235
12872	0.057179
10364	0.057146
4630	0.056975
11506	0.056932
7951	0.056929
13018	0.056913
11631	0.056913
11510	0.056901
4818	0.056894
5455	0.056881
13263	0.056816
13262	0.056816
4317	0.056815
4315	0.056815
4311	0.056815
2655	0.056812
10879	0.056782
9265	0.056773
4310	0.056754
12726	0.056748
9996	0.056739
13061	0.056735
5719	0.056729
11670	0.056682
968	0.056636
5957	0.056635
8970	0.056582
9808	0.056563
7946	0.056555
10880	0.056552
4078	0.056448
13169	0.056436
13141	0.056436
10417	0.056434
11633	0.056404
11632	0.056404
9027	0.056370
5202	0.056370
522	0.056364
371	0.056363
13639	0.056362
12588	0.056330
11257	0.056317
6021	0.056279
12580	0.056250
11992	0.056236
11554	0.056208
8883	0.056189
5836	0.056178
1214	0.056161
66	0.056126
10662	0.056114
7062	0.056092
8882	0.056072
4201	0.056072
9146	0.056059
4036	0.056059
5958	0.056056
1686	0.056045
3516	0.056043
5872	0.055949
5394	0.055917
1101	0.055899
1100	0.055899
13116	0.055899
567	0.055729
7369	0.055716
3551	0.055709
11572	0.055702
2038	0.055677
12145	0.055653
10515	0.055653
5956	0.055653
5619	0.055624
2889	0.055601
11522	0.055593
7028	0.055554
2368	0.055515
4908	0.055508
10885	0.055456
10517	0.055441
12208	0.055440
3664	0.055436
10061	0.055421
634	0.055418
6485	0.055375
12064	0.055349
11637	0.055313
6563	0.055300
13592	0.055294
2868	0.055289
14109	0.055268
10736	0.055268
10374	0.055234
10234	0.055206
3335	0.055197
9440	0.055195
11657	0.055171
12398	0.055147
12941	0.055139
5865	0.055109
4230	0.055107
5832	0.055105
6945	0.055104
12795	0.055026
10884	0.055021
3341	0.054965
6007	0.054946
12767	0.054944
2311	0.054937
4520	0.054891
11769	0.054889
10437	0.054884
2156	0.054866
11491	0.054773
9917	0.054772
7961	0.054701
12571	0.054700
1239	0.054667
13019	0.054610
555	0.054605
2681	0.054573
5072	0.054549
6654	0.054517
6470	0.054503
12602	0.054497
13635	0.054468
13548	0.054468
10735	0.054432
4488	0.054415
2040	0.054359
4433	0.054246
7465	0.054219
10649	0.054207
12853	0.054156
14167	0.054154
9989	0.054145
4297	0.054136
3920	0.054133
3031	0.054118
10140	0.054077
535	0.054063
9375	0.054039
12749	0.054020
12748	0.054020
12576	0.054016
208	0.054014
11569	0.054006
7964	0.053957
10954	0.053941
10284	0.053937
3026	0.053925
3203	0.053902
10947	0.053901
4719	0.053898
2512	0.053891
7779	0.053768
13696	0.053736
12852	0.053730
4933	0.053709
8211	0.053695
7393	0.053695
12631	0.053663
5871	0.053624
4052	0.053596
10595	0.053580
136	0.053566
934	0.053559
12803	0.053557
10945	0.053553
1014	0.053515
11094	0.053485
13038	0.053464
13037	0.053464
1488	0.053415
11807	0.053406
372	0.053382
3764	0.053351
9865	0.053328
1432	0.053319
2594	0.053310
13383	0.053270
13142	0.053257
7430	0.053257
608	0.053257
11154	0.053234
2761	0.053229
1079	0.053169
11493	0.053168
3654	0.053149
11478	0.053139
12858	0.053126
11894	0.053118
2747	0.053118
920	0.053110
2233	0.053067
13223	0.053066
992	0.053032
10373	0.052998
13097	0.052996
61	0.052977
11537	0.052976
9324	0.052945
6203	0.052921
12593	0.052911
1434	0.052904
4765	0.052827
103	0.052815
3025	0.052813
6411	0.052809
3303	0.052797
9599	0.052791
2947	0.052788
10049	0.052784
1483	0.052743
11195	0.052702
2923	0.052702
12968	0.052702
6219	0.052702
5874	0.052702
2425	0.052692
1168	0.052688
13324	0.052659
7142	0.052658
2606	0.052650
8329	0.052649
7070	0.052619
10183	0.052612
10475	0.052578
6922	0.052561
2234	0.052560
10428	0.052559
4263	0.052558
2922	0.052553
13016	0.052553
2285	0.052538
2924	0.052531
2921	0.052531
1584	0.052528
11343	0.052502
484	0.052501
9016	0.052454
1800	0.052393
12629	0.052372
8944	0.052357
6673	0.052351
7385	0.052314
10832	0.052239
4349	0.052233
758	0.052231
9889	0.052230
12000	0.052228
4593	0.052228
4592	0.052228
12525	0.052197
9268	0.052194
5912	0.052172
3266	0.052156
13012	0.052122
13004	0.052122
6045	0.052099
12950	0.052071
1217	0.052050
11671	0.052048
7081	0.052034
12601	0.052033
1783	0.051945
9567	0.051933
5849	0.051932
2063	0.051895
3903	0.051870
3881	0.051860
7286	0.051850
5021	0.051850
5019	0.051850
999	0.051835
467	0.051791
9747	0.051773
10921	0.051772
12097	0.051734
10926	0.051729
13825	0.051714
3630	0.051691
1219	0.051679
2315	0.051674
1940	0.051661
13438	0.051637
3585	0.051619
7989	0.051572
9499	0.051545
7290	0.051544
7368	0.051527
8465	0.051513
9946	0.051445
8232	0.051361
7284	0.051355
11838	0.051306
7283	0.051306
12130	0.051304
2263	0.051303
5254	0.051294
1609	0.051292
13333	0.051292
3626	0.051283
6316	0.051269
9535	0.051267
9530	0.051267
9527	0.051267
9526	0.051267
9525	0.051267
9524	0.051267
9523	0.051267
9521	0.051267
9517	0.051267
9516	0.051267
9515	0.051267
9513	0.051267
9511	0.051267
9510	0.051267
9243	0.051267
9161	0.051267
6099	0.051267
2726	0.051265
2608	0.051251
9080	0.051195
8757	0.051168
8756	0.051168
8550	0.051168
5954	0.051157
11651	0.051145
5575	0.051145
1376	0.051143
10780	0.051129
7165	0.051107
9532	0.051099
12083	0.051062
12899	0.051039
12027	0.051011
6049	0.051004
278	0.050998
9237	0.050981
1369	0.050967
13388	0.050949
13387	0.050949
7820	0.050938
9687	0.050922
2415	0.050914
12165	0.050899
7061	0.050896
10139	0.050876
7032	0.050869
13196	0.050850
12237	0.050738
11175	0.050708
11258	0.050707
6163	0.050699
2226	0.050695
10833	0.050666
10162	0.050653
2907	0.050616
13734	0.050615
1961	0.050581
6471	0.050544
6877	0.050530
4649	0.050515
6100	0.050511
12413	0.050508
4271	0.050494
4710	0.050476
10969	0.050400
7041	0.050372
7129	0.050369
5847	0.050369
14068	0.050321
13040	0.050299
13406	0.050294
1078	0.050281
7625	0.050226
12952	0.050218
12951	0.050218
13828	0.050202
4953	0.050184
8421	0.050178
10506	0.050168
1045	0.050168
4917	0.050167
3763	0.050166
367	0.050150
9281	0.050145
13524	0.050109
4590	0.050105
11766	0.050086
10336	0.050062
9519	0.050026
3597	0.049993
11101	0.049988
10516	0.049972
9444	0.049960
12698	0.049930
5904	0.049892
11736	0.049884
7162	0.049884
1364	0.049876
11540	0.049859
5953	0.049835
11893	0.049834
4786	0.049822
14205	0.049811
9353	0.049808
7053	0.049788
2896	0.049782
3179	0.049775
422	0.049775
1302	0.049746
4980	0.049744
6436	0.049702
8730	0.049686
12031	0.049677
8069	0.049656
11160	0.049630
11676	0.049628
8008	0.049623
5087	0.049622
2240	0.049619
12613	0.049614
11740	0.049594
956	0.049594
6564	0.049585
12929	0.049582
2035	0.049473
132	0.049458
9504	0.049443
1208	0.049437
1393	0.049414
4965	0.049407
4983	0.049394
5023	0.049374
2864	0.049367
9859	0.049338
3167	0.049330
56	0.049309
8802	0.049307
12822	0.049306
1506	0.049300
11394	0.049287
6344	0.049282
563	0.049268
10998	0.049252
10997	0.049252
5095	0.049245
1922	0.049238
12215	0.049238
12026	0.049223
13641	0.049205
4181	0.049197
12896	0.049150
4513	0.049150
3806	0.049150
12789	0.049116
6824	0.049092
13495	0.049056
4339	0.049043
7130	0.049041
12232	0.049027
5435	0.049010
5985	0.049008
11886	0.048993
12397	0.048977
151	0.048962
11872	0.048935
12651	0.048930
96	0.048890
5482	0.048876
1215	0.048866
2984	0.048857
3542	0.048817
7456	0.048800
237	0.048791
9398	0.048778
6717	0.048768
929	0.048763
11463	0.048755
7156	0.048747
11079	0.048737
11078	0.048737
10999	0.048737
8650	0.048737
4862	0.048722
172	0.048721
12113	0.048714
12336	0.048691
1501	0.048682
9399	0.048662
8353	0.048662
11089	0.048649
9418	0.048632
13081	0.048623
13080	0.048623
13079	0.048623
13078	0.048623
13074	0.048623
13071	0.048623
13057	0.048623
13049	0.048623
13047	0.048623
13045	0.048623
13043	0.048623
13017	0.048623
12959	0.048623
12904	0.048623
7936	0.048623
12164	0.048620
7922	0.048620
7455	0.048616
