2105	0.171922
5347	0.153829
7774	0.153457
5641	0.153457
5642	0.153456
2107	0.152532
13265	0.145958
11658	0.145683
221	0.135888
9462	0.135726
11858	0.135543
9439	0.135059
2110	0.133687
1119	0.132741
498	0.132527
1120	0.132306
13247	0.131839
8773	0.122415
6621	0.122415
6618	0.122096
2119	0.118573
2600	0.118298
633	0.117310
2820	0.117144
2958	0.116822
2128	0.116319
1673	0.116285
5433	0.114823
2097	0.114806
11989	0.114214
6395	0.114201
8864	0.112805
8863	0.112805
8583	0.112805
8124	0.112805
7904	0.112805
7903	0.112805
7902	0.112805
7901	0.112805
7900	0.112805
7899	0.112805
7897	0.112805
7896	0.112805
7895	0.112805
7526	0.112759
1419	0.112110
876	0.111566
9623	0.111302
1109	0.110868
823	0.110815
877	0.110157
2052	0.109997
6838	0.109288
881	0.108134
4106	0.107894
8352	0.107883
8351	0.107883
2957	0.107883
2956	0.107883
7872	0.107878
3636	0.107016
1118	0.106745
4538	0.106441
5546	0.106401
4105	0.105170
8910	0.105107
2114	0.105079
13850	0.104722
6895	0.104358
352	0.104219
6896	0.104098
8329	0.103502
2954	0.101829
2902	0.101628
2979	0.101471
4542	0.101090
12281	0.100924
6619	0.100924
4231	0.100454
5510	0.100283
1836	0.099894
7295	0.099880
882	0.099500
2109	0.098803
879	0.098411
4596	0.097865
7676	0.097343
7453	0.096809
1420	0.096519
2708	0.096514
2598	0.096201
1111	0.096085
1121	0.095484
13394	0.095473
2108	0.095129
2821	0.094611
2952	0.094537
1833	0.094332
35	0.094252
2955	0.094201
2953	0.094201
5299	0.094146
115	0.093619
1040	0.092542
4848	0.092452
4977	0.091912
11914	0.091385
2892	0.091349
2522	0.091186
14233	0.091168
1136	0.091168
2104	0.090900
12909	0.090858
9413	0.090846
1711	0.090472
5500	0.090447
6102	0.090072
4976	0.089919
1044	0.089842
9775	0.089465
9024	0.089391
9023	0.089391
9022	0.089391
8949	0.089391
8312	0.089334
2118	0.089319
578	0.089138
2111	0.089114
11733	0.089096
6482	0.088679
351	0.088442
4175	0.088338
5745	0.088153
3389	0.087689
9218	0.087664
6806	0.087443
9226	0.087175
9217	0.087175
8534	0.087175
7827	0.087157
4176	0.087134
6217	0.086993
2190	0.086983
14263	0.086910
14002	0.086910
14001	0.086910
14000	0.086910
13998	0.086910
13996	0.086910
6666	0.086910
5064	0.086910
4854	0.086910
4852	0.086910
12276	0.086910
2968	0.086786
2192	0.086550
11930	0.086545
8293	0.086416
3536	0.086182
2523	0.086070
11806	0.086020
6967	0.085825
6689	0.085825
2117	0.085541
792	0.085457
781	0.085420
129	0.085338
7767	0.085285
13026	0.085057
304	0.084991
645	0.084933
13707	0.084869
13706	0.084853
13738	0.084852
13731	0.084852
997	0.084830
13997	0.084754
6695	0.084651
713	0.084524
12141	0.084520
1133	0.084508
8090	0.084394
2847	0.084394
2843	0.084394
2839	0.084394
2840	0.084344
6430	0.084211
1123	0.084211
6267	0.084106
6302	0.084106
6191	0.084060
2188	0.084032
7659	0.083820
2845	0.083811
14407	0.083758
2102	0.083717
4262	0.083714
9237	0.083563
786	0.083541
6532	0.083424
2113	0.083310
3778	0.083129
4595	0.083060
11737	0.083028
4778	0.082898
7752	0.082840
4111	0.082728
2442	0.082671
4537	0.082531
2116	0.082236
5268	0.082070
3837	0.082041
51	0.082039
6725	0.081994
14162	0.081977
14415	0.081812
9277	0.081812
10045	0.081654
8892	0.081582
1235	0.081561
3741	0.081455
9702	0.081229
7958	0.081224
5413	0.080773
7880	0.080704
8531	0.080637
9152	0.080516
11988	0.080400
1232	0.080394
1229	0.080394
4850	0.080390
586	0.080303
9177	0.080298
6149	0.080191
13060	0.080157
13055	0.080157
13048	0.080157
13014	0.080157
13009	0.080157
12892	0.080157
8379	0.080157
4148	0.080127
12010	0.080096
1228	0.080035
6598	0.079998
6305	0.079900
13030	0.079819
1132	0.079662
7131	0.079434
2103	0.079313
4416	0.079293
12219	0.078855
2828	0.078797
6576	0.078785
1115	0.078762
5183	0.078658
2280	0.078655
4118	0.078429
222	0.078305
13013	0.078178
12962	0.078178
4427	0.078086
5746	0.077854
8928	0.077832
2199	0.077591
4672	0.077571
2841	0.077492
6472	0.077440
9881	0.077386
1837	0.077214
6278	0.077153
9347	0.077115
2204	0.077112
14266	0.077095
9135	0.077005
3171	0.076989
1030	0.076880
12670	0.076748
6255	0.076554
2458	0.076506
7434	0.076469
10748	0.076465
9834	0.076465
13926	0.076444
9121	0.076429
9112	0.076429
8584	0.076260
56	0.076179
12201	0.076147
9578	0.076138
8676	0.076131
888	0.076129
9610	0.076129
86	0.076096
1006	0.076053
11964	0.075784
13928	0.075756
12785	0.075604
8916	0.075598
8915	0.075598
8914	0.075598
8913	0.075598
8912	0.075598
8911	0.075598
7634	0.075598
6568	0.075598
13076	0.075439
2203	0.075294
11679	0.075284
3093	0.075275
782	0.075243
12873	0.075104
9460	0.075068
5033	0.075036
2195	0.074990
3934	0.074945
2881	0.074901
4855	0.074769
14416	0.074732
7830	0.074611
2170	0.074597
8779	0.074589
13061	0.074524
8778	0.074255
13665	0.074133
12784	0.074114
3973	0.074084
12252	0.074019
2197	0.074002
12036	0.073947
13698	0.073920
13544	0.073920
5591	0.073906
10549	0.073870
8207	0.073670
8625	0.073665
4865	0.073541
793	0.073493
5118	0.073442
10582	0.073439
861	0.073354
469	0.073345
5034	0.073299
2714	0.073288
7913	0.073276
5968	0.073276
470	0.073276
11625	0.073264
9393	0.073035
6616	0.072884
4094	0.072803
5967	0.072727
13449	0.072685
12030	0.072479
2064	0.072363
6393	0.072359
8604	0.072350
5346	0.072234
10982	0.072158
6473	0.072134
10050	0.072069
9686	0.072024
9711	0.071898
9708	0.071898
9707	0.071898
9705	0.071898
9703	0.071898
9699	0.071850
4112	0.071751
5862	0.071722
3506	0.071649
7917	0.071481
8451	0.071454
8935	0.071395
977	0.071385
9780	0.071082
487	0.071017
13999	0.071012
5005	0.071012
4113	0.070960
777	0.070882
9414	0.070834
8464	0.070745
9231	0.070704
8634	0.070702
9613	0.070654
6889	0.070651
4646	0.070628
114	0.070564
13442	0.070460
13603	0.070448
13238	0.070448
9553	0.070448
2959	0.070448
12103	0.070448
13541	0.070322
9232	0.070311
3283	0.070116
2286	0.070036
13970	0.069980
9612	0.069975
6533	0.069913
11646	0.069894
14375	0.069820
10664	0.069815
11903	0.069783
2960	0.069782
4853	0.069780
13889	0.069597
6007	0.069581
295	0.069455
4216	0.069244
4520	0.069201
9787	0.069155
9786	0.069155
9785	0.069155
9784	0.069155
9783	0.069155
9782	0.069155
9781	0.069155
9778	0.069155
9280	0.069155
8585	0.069155
8567	0.069155
8553	0.069155
6465	0.069127
7288	0.069084
9913	0.068979
11902	0.068700
10226	0.068687
9168	0.068642
10088	0.068573
4485	0.068531
6006	0.068517
11616	0.068513
4648	0.068513
4643	0.068513
2202	0.068430
10694	0.068365
13334	0.068343
10156	0.068263
1458	0.068258
2844	0.068234
6017	0.068219
4165	0.068149
8565	0.068085
7635	0.068058
7633	0.068058
7920	0.068055
11968	0.067923
949	0.067923
5375	0.067655
14351	0.067631
2657	0.067620
1919	0.067556
2124	0.067552
2185	0.067523
9207	0.067453
9205	0.067453
8528	0.067453
268	0.067409
7379	0.067341
5296	0.067340
4849	0.067130
9480	0.067068
8533	0.067068
14085	0.066936
7026	0.066914
404	0.066870
6295	0.066844
7918	0.066782
5555	0.066739
4021	0.066729
2981	0.066694
7261	0.066492
1740	0.066456
11678	0.066384
8468	0.066360
2978	0.066360
2977	0.066360
7089	0.066304
119	0.066254
10127	0.066209
1835	0.066180
12915	0.066169
12914	0.066169
14283	0.066132
874	0.066122
4667	0.066092
14003	0.066066
9199	0.066053
6501	0.066027
4998	0.066012
6361	0.065957
9201	0.065847
8845	0.065846
13767	0.065828
1039	0.065762
13545	0.065648
1756	0.065643
13945	0.065642
4961	0.065619
13815	0.065608
13325	0.065229
13374	0.065227
13373	0.065227
6072	0.065138
235	0.065089
1952	0.065033
13719	0.065009
10588	0.065009
7547	0.065009
4447	0.064928
2112	0.064898
9204	0.064879
8592	0.064879
9503	0.064723
13340	0.064704
1110	0.064678
2846	0.064649
981	0.064535
9794	0.064477
1114	0.064458
3539	0.064444
5035	0.064393
9062	0.064310
1001	0.064215
3588	0.064198
4671	0.064107
4669	0.064107
2990	0.064066
6587	0.064060
2168	0.064049
9673	0.064043
4281	0.063988
4670	0.063980
13320	0.063979
8635	0.063975
1094	0.063904
9361	0.063846
2275	0.063698
3590	0.063654
3496	0.063640
1097	0.063545
13456	0.063484
13342	0.063484
6380	0.063448
3613	0.063389
113	0.063347
11325	0.063282
4582	0.063250
11226	0.063161
7999	0.063007
14395	0.062990
7891	0.062990
353	0.062981
8615	0.062835
2709	0.062786
2612	0.062746
130	0.062722
2	0.062718
8709	0.062685
3907	0.062666
6065	0.062618
14004	0.062617
4866	0.062617
11715	0.062597
14367	0.062579
10403	0.062560
7954	0.062361
8611	0.062329
8792	0.062247
9244	0.062201
6064	0.062198
6303	0.062176
13574	0.062126
11739	0.062002
3438	0.061970
591	0.061787
11607	0.061775
4294	0.061764
3116	0.061653
2521	0.061625
38	0.061597
2541	0.061585
5697	0.061563
1656	0.061518
13517	0.061497
13050	0.061309
8180	0.061246
9957	0.061228
12243	0.061211
5554	0.061185
1254	0.061148
1930	0.061135
4511	0.061000
6081	0.060901
13293	0.060776
11987	0.060750
1113	0.060672
5219	0.060656
716	0.060600
13427	0.060469
6987	0.060366
9706	0.060334
11999	0.060322
4304	0.060315
4302	0.060315
10232	0.060227
4383	0.060224
8711	0.060183
14365	0.060180
1840	0.060154
8732	0.060147
13664	0.060118
730	0.060109
11609	0.060106
414	0.060092
11850	0.060083
13676	0.060083
9709	0.060021
8710	0.060021
2115	0.059981
1403	0.059968
6304	0.059953
13182	0.059938
1800	0.059933
11147	0.059880
10412	0.059709
2950	0.059682
613	0.059653
9415	0.059588
8851	0.059588
8850	0.059588
5790	0.059513
2827	0.059497
2621	0.059456
9484	0.059443
9483	0.059443
2542	0.059440
4836	0.059396
10227	0.059396
9713	0.059287
121	0.059173
2450	0.059124
13739	0.059021
6447	0.058990
9438	0.058926
1307	0.058920
9788	0.058836
3507	0.058799
7606	0.058775
1285	0.058753
12043	0.058715
2191	0.058715
2182	0.058672
12827	0.058658
13932	0.058624
7479	0.058604
4096	0.058546
13651	0.058540
8712	0.058487
8303	0.058487
8302	0.058487
7362	0.058487
6359	0.058487
14342	0.058451
6202	0.058423
6623	0.058404
14364	0.058401
307	0.058389
10366	0.058380
10414	0.058331
837	0.058318
2121	0.058296
9099	0.058145
1457	0.058141
2666	0.058129
3448	0.058084
224	0.058053
225	0.058022
4169	0.057985
8671	0.057979
9235	0.057968
9230	0.057968
9228	0.057968
9225	0.057968
9224	0.057968
9221	0.057968
9219	0.057968
9214	0.057968
9213	0.057968
9211	0.057968
9209	0.057968
9208	0.057968
9206	0.057968
9193	0.057968
8807	0.057968
8679	0.057968
8677	0.057968
8675	0.057968
8674	0.057968
8673	0.057968
8670	0.057968
8637	0.057968
8633	0.057968
8631	0.057968
8610	0.057968
8591	0.057968
8539	0.057968
8538	0.057968
8537	0.057968
8536	0.057968
8529	0.057968
8526	0.057968
8525	0.057968
8632	0.057968
4053	0.057946
6443	0.057930
8903	0.057894
8902	0.057894
7888	0.057791
370	0.057757
7977	0.057733
4042	0.057700
8552	0.057686
12143	0.057644
6044	0.057644
12348	0.057578
582	0.057502
4810	0.057389
3612	0.057313
1302	0.057295
875	0.057256
6378	0.057144
8335	0.057131
9174	0.057120
6077	0.057077
13321	0.056933
14379	0.056825
11982	0.056805
5414	0.056805
5412	0.056805
13897	0.056804
12077	0.056794
6461	0.056794
3711	0.056794
6525	0.056697
13235	0.056616
3358	0.056612
6868	0.056606
2980	0.056579
2227	0.056578
1117	0.056555
2996	0.056444
3900	0.056399
7915	0.056379
4839	0.056354
14406	0.056272
14405	0.056272
12229	0.056266
1955	0.056185
7692	0.056118
5461	0.056117
4873	0.056112
13116	0.056080
5123	0.056078
2060	0.056069
5855	0.056058
4668	0.055956
1002	0.055953
2965	0.055918
2278	0.055909
8334	0.055883
3739	0.055827
1346	0.055787
4163	0.055784
13462	0.055776
1839	0.055775
14418	0.055764
14417	0.055764
13284	0.055764
13152	0.055764
9795	0.055764
9793	0.055764
9792	0.055764
9791	0.055764
9789	0.055764
9745	0.055764
9163	0.055764
8614	0.055764
8613	0.055764
8177	0.055764
8636	0.055755
5877	0.055620
2277	0.055617
14360	0.055598
14219	0.055500
7025	0.055483
4632	0.055439
9385	0.055438
8076	0.055410
4509	0.055363
13557	0.055219
13556	0.055219
3974	0.055194
12310	0.055190
6737	0.055161
3948	0.055148
8530	0.055128
4301	0.055077
2768	0.055063
3373	0.055057
9797	0.055045
7879	0.054969
3370	0.054961
7468	0.054945
2967	0.054945
1654	0.054940
12357	0.054918
11816	0.054908
11815	0.054887
3940	0.054857
5178	0.054842
13036	0.054834
11689	0.054819
2658	0.054795
7655	0.054782
3745	0.054754
12053	0.054753
5496	0.054730
10557	0.054726
2660	0.054687
14370	0.054626
14290	0.054620
1078	0.054568
155	0.054562
9704	0.054559
12525	0.054549
2263	0.054488
2831	0.054449
7654	0.054427
7395	0.054421
9849	0.054408
3371	0.054403
10186	0.054359
9608	0.054338
13578	0.054300
13576	0.054300
13390	0.054300
5885	0.054240
6470	0.054183
10800	0.054182
10110	0.054177
6557	0.054154
9220	0.054075
1106	0.054049
6317	0.053820
8168	0.053801
2755	0.053778
2510	0.053747
9145	0.053673
3151	0.053662
5403	0.053630
4037	0.053622
10661	0.053601
4168	0.053594
10236	0.053544
2282	0.053525
2093	0.053508
3498	0.053504
2509	0.053466
343	0.053406
74	0.053392
9710	0.053364
14249	0.053320
5235	0.053272
7400	0.053261
9248	0.053258
8026	0.053253
8041	0.053247
6742	0.053228
118	0.053187
7715	0.053175
10795	0.053161
14357	0.053151
7787	0.053151
8453	0.053129
14269	0.053119
7772	0.053066
7195	0.053043
7193	0.053043
5062	0.053003
14358	0.052977
2411	0.052912
10556	0.052906
4692	0.052906
4142	0.052886
9751	0.052840
1400	0.052789
4334	0.052663
5696	0.052573
9633	0.052485
9630	0.052485
9628	0.052485
9626	0.052485
9625	0.052485
9624	0.052485
9622	0.052485
9621	0.052485
9620	0.052485
9619	0.052485
9618	0.052485
9615	0.052485
9482	0.052485
1108	0.052468
14368	0.052454
14250	0.052402
10558	0.052402
10555	0.052402
6968	0.052402
6771	0.052381
8042	0.052322
6761	0.052320
12063	0.052270
5184	0.052266
5245	0.052216
10376	0.052206
13621	0.052165
6294	0.052137
13448	0.052080
7962	0.052072
795	0.052029
13222	0.051996
4946	0.051975
11211	0.051973
3700	0.051960
117	0.051952
3839	0.051934
13095	0.051930
6969	0.051930
12979	0.051923
12721	0.051877
9058	0.051869
6701	0.051869
6904	0.051832
4787	0.051829
13439	0.051794
3372	0.051761
12431	0.051758
2274	0.051696
2962	0.051690
2595	0.051682
10330	0.051588
4922	0.051585
3905	0.051550
2659	0.051515
13389	0.051514
9958	0.051496
14248	0.051493
8047	0.051493
6412	0.051379
9442	0.051372
6913	0.051326
13942	0.051313
7511	0.051303
11072	0.051264
3538	0.051209
6715	0.051194
10365	0.051123
13533	0.051112
13532	0.051112
13531	0.051112
10077	0.051086
524	0.051071
10076	0.051057
11618	0.050991
835	0.050982
3497	0.050966
13910	0.050928
6754	0.050888
4079	0.050855
3369	0.050838
4426	0.050825
6407	0.050806
2248	0.050802
7182	0.050727
11681	0.050700
3906	0.050610
1024	0.050598
2970	0.050584
3921	0.050531
171	0.050512
3681	0.050503
3258	0.050484
5013	0.050480
2291	0.050376
7560	0.050353
10542	0.050269
7782	0.050228
