2398	0.353056
1866	0.342217
2399	0.337366
9267	0.336819
1868	0.334580
3696	0.331591
6951	0.329886
4960	0.326056
5971	0.325762
8755	0.325709
8754	0.325709
8753	0.325709
8752	0.325709
8751	0.325709
5973	0.325709
5972	0.325709
2012	0.325409
6511	0.324788
1998	0.323859
9260	0.317007
4730	0.315813
104	0.307443
1873	0.306139
10917	0.305619
1356	0.290234
1379	0.286848
10224	0.283389
4928	0.281826
9140	0.281746
1994	0.278746
12392	0.277950
1380	0.273668
5263	0.272992
1026	0.272266
3015	0.271142
11627	0.270288
12257	0.269810
13021	0.269801
5405	0.269801
1874	0.266890
1029	0.263667
2006	0.262803
5404	0.262134
982	0.260611
7868	0.254452
13711	0.254348
5560	0.254348
2004	0.253330
2769	0.252843
12190	0.252068
5300	0.244794
12139	0.242957
8156	0.241252
6925	0.241252
12845	0.235808
3926	0.231950
236	0.230194
11120	0.229759
10286	0.223385
3417	0.222963
11896	0.221585
10524	0.221272
10159	0.221180
6924	0.220904
10160	0.219079
3433	0.218050
11831	0.217345
6404	0.216949
2872	0.214809
3910	0.213907
9975	0.213356
3225	0.212542
1895	0.211512
281	0.210093
10220	0.210036
10326	0.209927
11103	0.208915
3893	0.208114
1962	0.207614
1958	0.207413
11197	0.206316
11277	0.205153
14116	0.203845
2757	0.200441
1755	0.200045
12365	0.198877
8772	0.197278
10399	0.197192
106	0.197003
5296	0.196373
128	0.195236
2374	0.194614
7257	0.194427
2073	0.194149
2426	0.193363
11803	0.191956
3913	0.191128
2011	0.190454
10265	0.189536
5365	0.189344
6295	0.189146
9244	0.189071
3416	0.188480
2754	0.188137
1249	0.187365
13244	0.186299
1996	0.184654
3794	0.184561
2393	0.183445
7579	0.183323
1975	0.183109
10258	0.182926
3892	0.182730
12252	0.182350
1810	0.182245
11758	0.181791
13245	0.180786
9706	0.180655
2865	0.179988
12032	0.179192
12031	0.178636
2001	0.178562
9325	0.177626
1028	0.177548
7617	0.177478
13393	0.177390
1760	0.177161
82	0.177124
2007	0.175972
10592	0.175774
2397	0.175506
909	0.175497
79	0.175106
5043	0.174725
2783	0.174229
8736	0.174228
309	0.174134
11036	0.173981
238	0.173534
1374	0.172968
8801	0.172761
12273	0.171676
4231	0.171664
410	0.171006
3195	0.170936
1997	0.170252
5305	0.170064
943	0.169867
5242	0.169828
5015	0.169708
4559	0.169126
162	0.168819
2758	0.168596
4587	0.167931
1482	0.167867
7980	0.167372
6292	0.167203
7351	0.167108
10571	0.167010
12113	0.165997
13276	0.165463
5559	0.165286
1910	0.164710
155	0.164323
6872	0.164192
10296	0.164007
1502	0.163937
71	0.163859
2403	0.163827
10493	0.163447
1902	0.163375
1388	0.162668
4128	0.162548
4720	0.162177
102	0.162143
1143	0.162018
6094	0.161178
233	0.161080
307	0.161073
6082	0.161069
1092	0.160832
4697	0.160628
11827	0.160337
3159	0.160337
11246	0.159916
1960	0.159355
8985	0.159033
84	0.158947
5052	0.158830
1288	0.158616
758	0.158397
1395	0.158352
5272	0.158280
1851	0.157702
5236	0.157289
11820	0.157218
8506	0.157106
1088	0.156789
3244	0.156750
6873	0.156422
1488	0.156390
1877	0.156357
1875	0.156357
4417	0.156327
9077	0.156319
471	0.156250
2905	0.156048
13880	0.155999
12136	0.155988
13667	0.155701
13480	0.155701
8249	0.155665
4132	0.155290
467	0.154088
2356	0.154048
6105	0.153961
182	0.153860
2768	0.153770
1691	0.153737
12054	0.153460
6299	0.152933
1481	0.152909
1370	0.152488
9388	0.152306
709	0.151816
2213	0.151509
11708	0.151133
1272	0.151113
2420	0.151109
1647	0.150937
12540	0.150859
944	0.150754
11979	0.150690
14415	0.150582
9277	0.150582
2026	0.150524
2329	0.150146
1490	0.149742
9713	0.149578
8712	0.149535
8303	0.149535
8302	0.149535
7362	0.149535
6359	0.149535
6202	0.149525
12876	0.149470
4488	0.149317
1153	0.149279
12222	0.149212
7360	0.149028
8804	0.149014
8767	0.149014
8766	0.149014
8764	0.149014
8743	0.149014
8742	0.149014
8741	0.149014
7685	0.149014
7476	0.149014
6637	0.149014
6606	0.149014
6279	0.148988
3160	0.148966
2022	0.148931
7679	0.148790
2219	0.148651
72	0.148480
7263	0.148312
6557	0.148219
9252	0.148065
8710	0.148054
8732	0.147935
8711	0.147904
2810	0.147849
8805	0.147696
8765	0.147696
5244	0.147624
9397	0.147597
6081	0.147211
6198	0.147030
13148	0.146929
13147	0.146929
7892	0.146929
6298	0.146929
6297	0.146929
9999	0.146816
149	0.146302
8451	0.146176
4555	0.146116
10436	0.146108
2402	0.145974
101	0.145792
4580	0.145671
2814	0.145395
2415	0.145302
1444	0.145162
12211	0.145161
4571	0.145152
2450	0.145134
5152	0.144777
1672	0.144560
8709	0.144496
3691	0.144488
209	0.144419
6089	0.144323
5070	0.144310
6091	0.144231
6090	0.144231
2570	0.144039
141	0.143788
9247	0.143551
9178	0.143443
5988	0.143383
9638	0.143325
2413	0.143169
7830	0.143005
14220	0.142965
1396	0.142814
6149	0.142708
7190	0.142668
12123	0.142568
10313	0.142480
1870	0.142461
1317	0.142126
9607	0.142071
11705	0.142029
1292	0.141964
5330	0.141916
5342	0.141876
5306	0.141876
1646	0.141680
12652	0.141621
9304	0.141267
5001	0.141261
9251	0.140908
2717	0.140751
145	0.140740
1458	0.140478
8335	0.140424
4127	0.140370
9757	0.140166
11856	0.140126
1377	0.139988
4272	0.139984
14416	0.139926
2024	0.139872
12868	0.139718
9242	0.139718
9241	0.139718
9240	0.139718
6696	0.139718
9797	0.139454
11848	0.139312
14094	0.139116
5481	0.139101
2568	0.139086
1199	0.139082
3974	0.139034
4526	0.139031
12013	0.139023
5102	0.138948
9135	0.138880
4581	0.138837
158	0.138776
1479	0.138749
4251	0.138742
1087	0.138696
80	0.138597
1226	0.138564
5724	0.138539
12135	0.138501
8412	0.138295
12304	0.138258
532	0.138198
1845	0.137884
1223	0.137848
5182	0.137845
1879	0.137606
13272	0.137460
2786	0.137460
2782	0.137460
1505	0.137460
11928	0.137456
8501	0.137456
2779	0.137456
2756	0.137456
11927	0.137454
2759	0.137454
13227	0.137453
2621	0.137369
5407	0.137363
5827	0.137308
2650	0.137216
4926	0.137138
10240	0.137082
3394	0.137025
88	0.136937
1639	0.136889
989	0.136850
7440	0.136838
8845	0.136746
11761	0.136661
6097	0.136661
5547	0.136661
3595	0.136661
2221	0.136659
4753	0.136619
2622	0.136611
3292	0.136545
5286	0.136541
2569	0.136534
2134	0.136512
495	0.136448
9102	0.136157
7654	0.135916
369	0.135799
5234	0.135771
4996	0.135768
9952	0.135697
1320	0.135647
1163	0.135598
14234	0.135566
2755	0.135544
9740	0.135464
4657	0.135382
12310	0.135350
6554	0.135292
8600	0.135254
5233	0.135199
5302	0.134934
4512	0.134835
13937	0.134786
1742	0.134667
5341	0.134623
8966	0.134586
7090	0.134532
2133	0.134251
9326	0.134190
13042	0.134129
807	0.134112
2720	0.134077
3712	0.134017
9431	0.133951
4234	0.133951
5523	0.133929
2748	0.133876
1282	0.133729
7655	0.133661
3619	0.133563
5338	0.133499
1974	0.133266
9441	0.133053
2392	0.133025
5782	0.132832
2815	0.132808
3017	0.132796
4890	0.132699
100	0.132647
4485	0.132610
9539	0.132522
7480	0.132239
3933	0.132164
10518	0.132122
1093	0.132116
1846	0.132110
237	0.132034
1323	0.132008
9419	0.132005
3520	0.131973
4334	0.131957
7142	0.131895
5013	0.131734
1200	0.131630
11641	0.131623
6856	0.131607
9990	0.131511
13844	0.131463
4901	0.131457
1326	0.131404
4694	0.131346
1752	0.131339
9645	0.131293
4781	0.131132
6466	0.131128
1749	0.131075
3611	0.131036
5781	0.130835
9710	0.130807
5406	0.130803
2395	0.130727
1637	0.130683
422	0.130658
2646	0.130629
1771	0.130567
1318	0.130346
3500	0.130342
2590	0.130329
4515	0.130244
942	0.130190
5000	0.129978
1324	0.129913
4923	0.129803
10980	0.129800
9302	0.129743
13289	0.129719
13256	0.129719
13127	0.129719
6670	0.129667
4884	0.129658
7301	0.129574
1973	0.129456
5463	0.129448
2030	0.129432
9702	0.129372
20	0.129219
9387	0.129206
1284	0.129027
10241	0.128902
1473	0.128886
839	0.128861
1785	0.128828
2405	0.128794
1254	0.128749
9600	0.128569
3455	0.128557
9860	0.128524
4924	0.128505
6213	0.128410
2391	0.128207
3568	0.128143
13050	0.128120
1321	0.128051
1798	0.127965
3116	0.127960
2656	0.127870
2610	0.127860
7752	0.127854
3530	0.127823
3741	0.127742
2626	0.127736
7227	0.127677
4353	0.127527
9257	0.127457
1754	0.127328
1327	0.127319
1376	0.127234
4255	0.127233
231	0.127227
9316	0.127194
6095	0.127190
6356	0.127072
7052	0.127037
4988	0.126996
239	0.126952
2587	0.126939
797	0.126928
9957	0.126818
5840	0.126757
8925	0.126737
3330	0.126626
5004	0.126602
7697	0.126481
7254	0.126481
2778	0.126446
1281	0.126434
9432	0.126376
2649	0.126371
8892	0.126369
12499	0.126270
5759	0.126239
3022	0.126229
1173	0.126214
1635	0.126209
11951	0.126145
4301	0.126144
12867	0.126117
12285	0.125976
3535	0.125918
12131	0.125882
2641	0.125882
2640	0.125882
1293	0.125814
1475	0.125811
974	0.125728
3556	0.125709
12353	0.125709
6909	0.125679
5625	0.125671
4733	0.125585
4990	0.125512
4207	0.125500
4868	0.125464
1389	0.125460
11425	0.125250
10379	0.125250
11946	0.125227
9428	0.125200
2651	0.125066
6262	0.125024
3891	0.124911
6797	0.124839
2467	0.124837
11778	0.124807
12494	0.124752
2658	0.124749
13386	0.124727
6704	0.124720
4759	0.124718
5123	0.124715
1979	0.124705
1865	0.124598
13308	0.124571
1155	0.124486
9134	0.124366
5084	0.124199
9480	0.124195
8533	0.124195
9430	0.124177
2633	0.124127
4985	0.124101
1271	0.124096
1813	0.124073
13296	0.124041
13273	0.124015
13232	0.124015
11949	0.124015
9429	0.124015
4989	0.124015
4930	0.124007
9041	0.123975
14407	0.123973
6317	0.123969
4931	0.123947
4991	0.123929
6818	0.123878
1	0.123795
4925	0.123761
836	0.123746
7598	0.123689
126	0.123684
4858	0.123674
4992	0.123665
2309	0.123657
1486	0.123619
11850	0.123615
4407	0.123547
5003	0.123513
2470	0.123472
1263	0.123471
5790	0.123464
5501	0.123408
9156	0.123375
1722	0.123199
6509	0.123179
865	0.123131
1768	0.123098
10256	0.123091
9073	0.123089
10288	0.123003
13571	0.122999
2455	0.122974
9427	0.122946
3613	0.122937
11805	0.122858
1267	0.122765
9856	0.122731
5359	0.122712
1275	0.122646
1266	0.122622
9106	0.122616
2520	0.122586
9970	0.122584
11948	0.122549
4995	0.122549
1864	0.122546
4574	0.122490
11656	0.122427
10278	0.122411
8417	0.122333
8323	0.122333
11740	0.122233
1501	0.122135
13297	0.122061
9780	0.122050
11603	0.122010
8625	0.122006
5107	0.121875
8676	0.121864
2704	0.121762
4577	0.121697
4575	0.121697
9107	0.121674
13370	0.121672
3192	0.121615
7532	0.121556
7358	0.121556
11950	0.121551
11972	0.121547
2854	0.121547
2431	0.121507
4986	0.121484
6192	0.121416
7705	0.121385
6897	0.121385
7270	0.121335
3249	0.121328
13510	0.121252
440	0.121241
4039	0.121198
3618	0.121156
1657	0.121128
6853	0.121017
166	0.120979
143	0.120926
9063	0.120828
6650	0.120821
4570	0.120794
11604	0.120785
11475	0.120767
2274	0.120729
12958	0.120722
12870	0.120722
12846	0.120722
12159	0.120722
12158	0.120722
1484	0.120722
2478	0.120722
12838	0.120717
2707	0.120697
9548	0.120693
11773	0.120677
3461	0.120469
13572	0.120366
1307	0.120364
6948	0.120189
4609	0.120093
11704	0.120071
7915	0.120007
132	0.120007
3751	0.119971
3750	0.119971
5439	0.119946
8438	0.119918
1903	0.119917
1528	0.119876
2775	0.119868
1927	0.119863
5798	0.119853
1929	0.119806
8439	0.119738
7435	0.119738
7180	0.119738
9584	0.119733
8944	0.119640
9239	0.119626
6501	0.119624
7934	0.119596
1176	0.119576
13849	0.119558
4510	0.119558
5456	0.119445
12035	0.119434
5172	0.119378
2750	0.119327
10448	0.119293
9897	0.119275
61	0.119265
7572	0.119228
12071	0.119207
175	0.119207
8000	0.119182
5476	0.119154
5158	0.119120
9699	0.119063
9711	0.119057
9708	0.119057
9707	0.119057
9705	0.119057
9703	0.119057
2603	0.119041
8604	0.119030
4290	0.119018
9709	0.119000
6465	0.118929
6291	0.118856
9787	0.118789
9786	0.118789
9785	0.118789
9784	0.118789
9783	0.118789
9782	0.118789
9781	0.118789
9778	0.118789
9280	0.118789
8585	0.118789
8567	0.118789
8553	0.118789
4005	0.118666
4391	0.118612
3187	0.118521
5800	0.118491
4135	0.118450
4656	0.118443
3130	0.118437
3770	0.118398
8975	0.118295
9729	0.118190
8549	0.118147
1494	0.118127
730	0.118036
4203	0.117930
2441	0.117921
551	0.117839
11771	0.117787
2702	0.117741
3532	0.117707
171	0.117612
4817	0.117599
9715	0.117553
12014	0.117536
13400	0.117387
12160	0.117368
1495	0.117368
1510	0.117356
1492	0.117279
6949	0.117256
2454	0.117243
13007	0.117225
9333	0.117139
13310	0.117092
5105	0.117016
1457	0.116927
8180	0.116867
12500	0.116853
8026	0.116799
2078	0.116776
12234	0.116740
1905	0.116651
12967	0.116616
13315	0.116606
3186	0.116598
9368	0.116566
3856	0.116495
2020	0.116411
726	0.116371
3204	0.116292
2499	0.116220
1312	0.116175
9144	0.116096
2205	0.116013
7803	0.115995
10222	0.115961
9279	0.115931
74	0.115925
13962	0.115922
3329	0.115875
11842	0.115791
6486	0.115791
3101	0.115763
6193	0.115673
13961	0.115567
13418	0.115541
4511	0.115429
11843	0.115420
6998	0.115420
1489	0.115415
3832	0.115361
4584	0.115309
6197	0.115305
3336	0.115284
13859	0.115239
12479	0.115089
12478	0.115089
12477	0.115089
12475	0.115089
12472	0.115089
12471	0.115089
12469	0.115089
12467	0.115089
4612	0.115075
1989	0.115064
6005	0.115037
1966	0.114967
1105	0.114909
1984	0.114906
1942	0.114629
1881	0.114426
3328	0.114423
3836	0.114299
10103	0.114290
224	0.114237
9454	0.114169
937	0.114048
1764	0.114013
1165	0.113973
3831	0.113920
3710	0.113911
9673	0.113884
5461	0.113852
848	0.113794
11840	0.113736
12839	0.113729
9695	0.113636
8540	0.113636
6752	0.113636
6751	0.113636
6750	0.113636
1148	0.113572
3306	0.113502
6020	0.113468
502	0.113376
4372	0.113330
1287	0.113269
3776	0.113218
1310	0.113201
12118	0.113190
2083	0.113190
2074	0.113190
1899	0.113190
1896	0.113190
3098	0.113089
3704	0.113056
1634	0.113026
6003	0.112989
12174	0.112941
8726	0.112938
12470	0.112888
10925	0.112786
9913	0.112596
7767	0.112553
6553	0.112543
4210	0.112543
1995	0.112481
2749	0.112452
2512	0.112438
1048	0.112396
9334	0.112365
1978	0.112309
1786	0.112301
11636	0.112216
70	0.112186
169	0.112186
6571	0.112158
2941	0.112086
147	0.112033
3190	0.111869
10257	0.111858
9246	0.111854
2389	0.111844
12146	0.111819
8582	0.111819
7599	0.111819
3695	0.111819
3694	0.111819
3616	0.111819
7606	0.111816
5619	0.111756
13301	0.111744
11926	0.111689
108	0.111643
13918	0.111593
2388	0.111574
708	0.111561
5243	0.111523
1750	0.111480
571	0.111348
1936	0.111315
6552	0.111268
7219	0.111253
1541	0.111206
3991	0.111190
2378	0.111169
2505	0.111121
11196	0.111015
2817	0.110991
1758	0.110976
9268	0.110968
5754	0.110911
3063	0.110896
841	0.110833
1461	0.110822
3475	0.110775
3578	0.110742
11529	0.110723
4294	0.110546
1500	0.110451
648	0.110377
5090	0.110341
2056	0.110331
8946	0.110276
2005	0.110186
1670	0.110102
8339	0.110037
3588	0.110032
4987	0.110004
3179	0.110002
2745	0.109902
10221	0.109840
6913	0.109798
480	0.109790
