8916	0.136295
8915	0.136295
8914	0.136295
8913	0.136295
8912	0.136295
8911	0.136295
7634	0.136295
6568	0.136295
7635	0.132925
7633	0.132925
8910	0.124723
8293	0.123222
3358	0.109798
2598	0.109344
4426	0.106650
12785	0.103088
12784	0.102464
3550	0.101263
2708	0.101158
1466	0.096493
10636	0.096095
3359	0.095993
3258	0.095202
7774	0.094604
5641	0.094604
5642	0.094590
5347	0.094394
10469	0.094161
6762	0.093888
12281	0.093338
6619	0.093338
7519	0.092811
1315	0.092387
13265	0.092307
2107	0.092207
498	0.092157
11658	0.092114
6874	0.090989
1946	0.090980
8110	0.090742
8773	0.090488
6621	0.090488
6618	0.090091
4707	0.089870
5375	0.089606
3636	0.088417
2105	0.088225
2600	0.088069
12007	0.087806
12173	0.087460
2110	0.087175
9105	0.087129
9104	0.087129
7744	0.086986
9384	0.086923
3246	0.086923
1945	0.085847
12010	0.085414
2188	0.085287
5395	0.084972
12134	0.084950
5397	0.084666
5396	0.084666
6761	0.082681
8093	0.082513
4111	0.081958
2821	0.081816
11733	0.081803
2522	0.081591
823	0.081437
4582	0.081399
4029	0.081167
3241	0.081043
5877	0.080658
13374	0.080388
13373	0.080388
4977	0.080330
10694	0.080171
746	0.080112
4706	0.080061
3447	0.079653
1412	0.079140
2979	0.078958
2646	0.078711
1030	0.078484
4976	0.078415
7306	0.078378
1952	0.078339
13076	0.078185
3209	0.078138
10226	0.077611
1150	0.077473
6875	0.077432
645	0.077327
11987	0.077245
8129	0.077052
9987	0.076928
2109	0.076916
12683	0.076760
14262	0.076728
12814	0.076642
6967	0.076342
6689	0.076342
304	0.076183
3212	0.075994
13561	0.075887
10133	0.075887
3967	0.075872
2189	0.075796
6267	0.074692
6302	0.074692
6191	0.074679
5876	0.074495
1119	0.074458
1120	0.074424
10132	0.074354
13054	0.074289
1419	0.074283
6695	0.074263
13247	0.074150
781	0.074117
2052	0.073980
260	0.073752
2097	0.073749
9095	0.073670
6377	0.073564
221	0.073538
10701	0.073515
10127	0.073509
1837	0.073417
11737	0.073160
8565	0.073008
11090	0.072922
9686	0.072866
12678	0.072735
13173	0.072717
11321	0.072677
11858	0.072543
12706	0.072515
9439	0.072135
10510	0.072011
3739	0.071831
586	0.071805
991	0.071753
13036	0.071670
2182	0.071551
1307	0.071377
1420	0.071361
7379	0.071145
635	0.071130
2168	0.071129
1878	0.070826
9462	0.070693
3243	0.070527
2151	0.070438
2185	0.070367
6838	0.070307
12053	0.070247
3745	0.070235
8635	0.070213
12677	0.070078
633	0.070010
2952	0.069775
14003	0.069560
702	0.069542
4998	0.069468
12517	0.069430
11147	0.069192
11779	0.069066
5536	0.069066
6665	0.068871
4262	0.068744
13449	0.068735
3921	0.068685
837	0.068611
6006	0.068580
6065	0.068445
383	0.068316
4873	0.068283
9978	0.068161
13429	0.068149
5500	0.067996
1109	0.067790
5746	0.067679
11989	0.067601
12287	0.067591
8515	0.067591
10232	0.067511
6064	0.067424
4175	0.067401
7976	0.067222
1745	0.067136
5918	0.067115
7964	0.067046
10733	0.066981
4799	0.066676
2280	0.066445
5878	0.066358
593	0.066201
10366	0.066103
2841	0.066042
6217	0.065986
12276	0.065848
14263	0.065848
14002	0.065848
14001	0.065848
14000	0.065848
13998	0.065848
13996	0.065848
6666	0.065848
5064	0.065848
4854	0.065848
4852	0.065848
4176	0.065810
4798	0.065794
6395	0.065794
13182	0.065676
10678	0.065634
2892	0.065622
10365	0.065521
9099	0.065475
4855	0.065396
1052	0.065349
13199	0.065347
13198	0.065347
4537	0.065071
2881	0.065064
2248	0.064871
10505	0.064844
2525	0.064805
12827	0.064601
13360	0.064427
5472	0.064294
9385	0.064255
10227	0.064236
11415	0.064223
4850	0.064126
8740	0.063992
13557	0.063977
13556	0.063977
9237	0.063974
5033	0.063912
2247	0.063757
7131	0.063595
12142	0.063480
1756	0.063480
9346	0.063313
997	0.063285
13665	0.063281
4660	0.063203
4396	0.063063
8864	0.063036
8863	0.063036
8583	0.063036
8124	0.063036
7904	0.063036
7903	0.063036
7902	0.063036
7901	0.063036
7900	0.063036
7899	0.063036
7897	0.063036
7896	0.063036
7895	0.063036
7526	0.062997
9204	0.062980
8592	0.062980
10523	0.062820
1238	0.062792
3027	0.062774
11178	0.062722
316	0.062709
12077	0.062705
6461	0.062705
3711	0.062705
14269	0.062647
6715	0.062556
9861	0.062520
9819	0.062520
4416	0.062502
13235	0.062498
1734	0.062458
5034	0.062419
876	0.062328
5183	0.062298
2111	0.062261
5219	0.062191
6393	0.062187
4865	0.062098
4094	0.062047
698	0.061919
3539	0.061849
7258	0.061782
817	0.061776
11968	0.061712
949	0.061712
6305	0.061694
9775	0.061693
848	0.061600
13030	0.061559
1346	0.061487
11298	0.061223
10994	0.061223
3906	0.061136
683	0.061087
2828	0.060917
1132	0.060895
4692	0.060885
14303	0.060871
14302	0.060871
14301	0.060871
14300	0.060871
14299	0.060871
2277	0.060806
1403	0.060696
13897	0.060653
2523	0.060591
6732	0.060576
9769	0.060568
730	0.060553
3940	0.060472
7167	0.060446
874	0.060383
599	0.060370
11906	0.060365
13545	0.060335
6836	0.060327
8312	0.060210
6008	0.060192
4216	0.060163
6060	0.060118
5546	0.060043
2201	0.060027
3778	0.060023
2970	0.059913
3638	0.059870
6317	0.059770
10233	0.059759
1044	0.059731
5832	0.059631
10412	0.059544
1237	0.059509
13997	0.059500
2648	0.059484
14162	0.059434
4542	0.059406
2267	0.059193
2480	0.059183
8246	0.059162
7453	0.059132
8329	0.059052
3977	0.059032
4763	0.058965
9226	0.058931
9217	0.058931
8534	0.058931
13394	0.058914
7827	0.058893
11863	0.058890
2732	0.058890
6378	0.058865
7676	0.058841
2973	0.058809
7766	0.058801
1118	0.058710
11638	0.058696
6017	0.058676
10821	0.058672
4343	0.058530
11718	0.058450
10672	0.058435
1953	0.058325
1954	0.058325
4118	0.058295
9273	0.058202
2575	0.058186
9460	0.058163
5118	0.058113
11386	0.058097
4080	0.058087
11216	0.057944
11548	0.057856
13517	0.057808
1111	0.057769
405	0.057661
4672	0.057568
13633	0.057518
6517	0.057508
4848	0.057459
7920	0.057445
10611	0.057408
8636	0.057300
13490	0.057239
13632	0.057239
13631	0.057239
9356	0.057152
12141	0.057134
12357	0.057073
1145	0.057024
4169	0.057007
9235	0.056963
9230	0.056963
9228	0.056963
9225	0.056963
9224	0.056963
9221	0.056963
9219	0.056963
9214	0.056963
9213	0.056963
9211	0.056963
9209	0.056963
9208	0.056963
9206	0.056963
9193	0.056963
8807	0.056963
8679	0.056963
8677	0.056963
8675	0.056963
8674	0.056963
8673	0.056963
8670	0.056963
8637	0.056963
8633	0.056963
8631	0.056963
8610	0.056963
8591	0.056963
8539	0.056963
8538	0.056963
8537	0.056963
8536	0.056963
8529	0.056963
8526	0.056963
8525	0.056963
8632	0.056963
8671	0.056944
6443	0.056918
6185	0.056852
314	0.056797
10500	0.056764
1262	0.056692
7245	0.056688
6806	0.056639
2	0.056626
9347	0.056540
13945	0.056507
2572	0.056489
3665	0.056467
6101	0.056428
5859	0.056426
13028	0.056379
4468	0.056371
6255	0.056338
13224	0.056317
9940	0.056308
9914	0.056308
7044	0.056308
6848	0.056308
6741	0.056266
1133	0.056226
3508	0.056125
835	0.056125
2113	0.056039
5487	0.056039
5829	0.056034
4045	0.056011
12403	0.055855
9274	0.055718
13095	0.055706
6969	0.055706
12219	0.055682
5830	0.055682
13285	0.055643
7404	0.055642
12431	0.055570
6530	0.055566
13574	0.055557
1951	0.055482
12074	0.055472
11211	0.055463
2246	0.055457
14283	0.055417
7207	0.055285
6841	0.055276
13448	0.055247
1094	0.055201
13948	0.055199
2198	0.055137
6528	0.055124
11964	0.055105
1242	0.055097
13355	0.055014
6472	0.055002
4399	0.054887
6835	0.054874
6450	0.054855
10230	0.054853
5815	0.054840
13815	0.054822
5631	0.054784
9453	0.054779
10556	0.054653
10051	0.054609
2579	0.054547
11237	0.054503
11349	0.054440
6157	0.054333
51	0.054299
1956	0.054257
4112	0.054255
12546	0.054201
14250	0.054193
10558	0.054193
10555	0.054193
6968	0.054193
10534	0.054179
8042	0.054171
4466	0.054166
10264	0.054068
268	0.054067
792	0.054027
7767	0.054015
9218	0.053902
10229	0.053869
4946	0.053855
5860	0.053843
4404	0.053808
877	0.053803
13143	0.053763
6616	0.053744
14186	0.053743
1718	0.053680
1144	0.053464
7702	0.053409
4974	0.053363
13200	0.053358
9320	0.053358
9318	0.053358
9315	0.053358
9314	0.053358
9313	0.053358
9312	0.053358
9310	0.053358
9309	0.053358
9306	0.053358
9305	0.053358
8733	0.053358
8669	0.053358
8668	0.053358
8608	0.053358
8607	0.053358
8605	0.053358
8603	0.053358
7703	0.053358
7477	0.053358
7408	0.053358
13820	0.053345
2958	0.053337
7659	0.053337
782	0.053337
5299	0.053164
2595	0.053160
6102	0.053138
2128	0.053110
9909	0.053097
4113	0.053055
4787	0.053040
10019	0.053029
6303	0.052923
1673	0.052890
9484	0.052889
9483	0.052889
5555	0.052781
4406	0.052747
6889	0.052637
249	0.052629
2820	0.052611
10557	0.052611
9231	0.052567
9223	0.052556
8634	0.052541
12234	0.052396
7642	0.052346
11527	0.052344
3710	0.052338
6204	0.052320
390	0.052277
5745	0.052165
6044	0.052157
10020	0.052070
10376	0.052057
7456	0.051995
11624	0.051973
5189	0.051954
11004	0.051952
7455	0.051934
8584	0.051896
7130	0.051829
1142	0.051747
14249	0.051718
11377	0.051640
1232	0.051623
1229	0.051623
4394	0.051580
13714	0.051478
13713	0.051478
11601	0.051463
596	0.051449
3437	0.051435
4447	0.051383
6694	0.051345
4520	0.051264
3448	0.051235
11652	0.051224
4604	0.051177
4602	0.051177
12176	0.051141
10751	0.051084
7295	0.051018
713	0.050856
2968	0.050733
7129	0.050649
5847	0.050649
578	0.050615
4659	0.050596
2181	0.050551
5167	0.050528
6003	0.050526
8965	0.050487
354	0.050347
303	0.050346
8171	0.050159
6737	0.050100
4944	0.050065
4943	0.050065
7937	0.050060
9540	0.050036
14290	0.049983
6755	0.049976
10045	0.049962
13881	0.049947
8964	0.049947
8063	0.049947
9220	0.049944
11835	0.049928
4409	0.049928
5460	0.049874
1127	0.049810
1730	0.049733
9124	0.049612
3505	0.049605
8530	0.049566
8168	0.049562
492	0.049422
2836	0.049332
6649	0.049246
6647	0.049246
6646	0.049246
5610	0.049246
4661	0.049191
5935	0.049049
10548	0.048984
3438	0.048881
11300	0.048823
4148	0.048811
4839	0.048778
11781	0.048775
5245	0.048743
13337	0.048733
5507	0.048733
1022	0.048720
13928	0.048713
4051	0.048705
7830	0.048679
1727	0.048658
12030	0.048638
6987	0.048575
227	0.048570
3458	0.048554
331	0.048483
13060	0.048459
13055	0.048459
13048	0.048459
13014	0.048459
13009	0.048459
12892	0.048459
8379	0.048459
553	0.048456
2135	0.048406
13926	0.048382
10499	0.048305
1285	0.048204
5030	0.048197
5608	0.048155
12461	0.048136
2245	0.048136
10031	0.048092
630	0.048082
11107	0.048069
12046	0.048061
13121	0.048037
4789	0.048037
4788	0.048037
10312	0.048019
2755	0.047992
12800	0.047984
2945	0.047920
10333	0.047852
10384	0.047734
12572	0.047733
10511	0.047724
5883	0.047693
11003	0.047641
11005	0.047617
5934	0.047603
5933	0.047603
4853	0.047603
883	0.047545
4079	0.047525
8109	0.047525
13932	0.047486
9210	0.047387
13889	0.047334
9120	0.047275
2574	0.047273
5880	0.047161
14266	0.047134
3870	0.047115
9960	0.047113
10125	0.047068
4619	0.047044
9849	0.047031
6179	0.047014
11127	0.047007
6278	0.047001
13111	0.046998
13109	0.046998
9959	0.046998
4935	0.046996
4106	0.046991
4538	0.046963
2476	0.046901
5541	0.046893
4708	0.046855
13850	0.046842
577	0.046830
8888	0.046762
5268	0.046738
4053	0.046722
5885	0.046708
10186	0.046695
11037	0.046676
9307	0.046676
14233	0.046617
1136	0.046617
11158	0.046541
660	0.046527
628	0.046521
5898	0.046516
259	0.046509
9253	0.046486
13627	0.046471
2203	0.046430
2666	0.046422
6896	0.046403
1115	0.046393
2571	0.046387
12756	0.046352
6677	0.046287
7395	0.046263
311	0.046211
7114	0.046156
8352	0.046125
8351	0.046125
2957	0.046125
2956	0.046125
7872	0.046123
6077	0.046123
2531	0.046119
13910	0.046098
330	0.046070
329	0.046062
11732	0.045962
4596	0.045874
8230	0.045864
8606	0.045825
14004	0.045824
4866	0.045824
13110	0.045811
9202	0.045799
10457	0.045793
2124	0.045784
1293	0.045772
1038	0.045751
7939	0.045749
4400	0.045648
5032	0.045574
5035	0.045530
7874	0.045524
14128	0.045502
5305	0.045481
4618	0.045468
333	0.045439
321	0.045432
4204	0.045427
2442	0.045347
12525	0.045311
8922	0.045297
9958	0.045265
1833	0.045261
1228	0.045255
1723	0.045181
5029	0.045122
4824	0.045106
3428	0.045067
9215	0.045042
2486	0.044848
11818	0.044747
6473	0.044744
2278	0.044741
549	0.044622
3840	0.044612
8343	0.044581
5031	0.044512
13536	0.044484
614	0.044373
10302	0.044328
4105	0.044301
335	0.044282
334	0.044282
327	0.044282
305	0.044282
302	0.044282
11367	0.044232
3785	0.044166
9357	0.044060
5871	0.044016
3483	0.044004
13999	0.043966
5005	0.043966
9531	0.043889
3717	0.043859
250	0.043836
5346	0.043791
2112	0.043666
5747	0.043663
6895	0.043502
12	0.043501
3373	0.043491
10554	0.043462
7856	0.043456
9170	0.043454
861	0.043414
469	0.043393
4165	0.043366
10773	0.043339
1725	0.043265
6804	0.043248
7913	0.043243
5968	0.043243
470	0.043243
540	0.043135
2962	0.043099
306	0.042949
4830	0.042930
4829	0.042930
4667	0.042928
3957	0.042917
643	0.042875
312	0.042869
9692	0.042845
13918	0.042835
2197	0.042765
6482	0.042754
5036	0.042717
1273	0.042644
1731	0.042605
5902	0.042560
5901	0.042560
5900	0.042560
5899	0.042560
10163	0.042549
10982	0.042543
12434	0.042537
12390	0.042537
12457	0.042532
12456	0.042532
12450	0.042532
12443	0.042532
9798	0.042532
10507	0.042519
332	0.042511
12061	0.042490
5178	0.042488
1272	0.042473
353	0.042421
6598	0.042385
5775	0.042381
6731	0.042298
12391	0.042293
14085	0.042287
11112	0.042266
8170	0.042177
7955	0.042164
10771	0.042149
3336	0.042147
6138	0.042131
7050	0.042128
115	0.042109
5967	0.042103
2263	0.042101
391	0.042090
12372	0.042066
404	0.042034
7962	0.042030
5893	0.041963
5892	0.041963
5891	0.041963
5890	0.041963
5889	0.041963
4709	0.041959
2283	0.041942
3960	0.041939
3956	0.041939
10813	0.041834
639	0.041834
619	0.041820
11692	0.041797
9025	0.041688
13135	0.041682
3507	0.041659
3738	0.041649
9454	0.041636
7400	0.041625
4595	0.041618
7380	0.041586
716	0.041578
7023	0.041542
7468	0.041532
2967	0.041532
7159	0.041342
5635	0.041329
2605	0.041236
3882	0.041230
326	0.041230
8072	0.041191
9172	0.041166
2822	0.041125
1933	0.041081
11677	0.041050
4494	0.041050
4493	0.041050
2902	0.040987
658	0.040960
13767	0.040927
6576	0.040899
1950	0.040891
3484	0.040784
2594	0.040741
8115	0.040733
2419	0.040716
9192	0.040714
10847	0.040702
5433	0.040666
12002	0.040660
11862	0.040617
5949	0.040583
735	0.040558
2473	0.040557
9317	0.040538
7049	0.040494
190	0.040459
4817	0.040415
12042	0.040407
3481	0.040407
11977	0.040402
1835	0.040375
2932	0.040332
4087	0.040313
4671	0.040307
4669	0.040307
2990	0.040288
4042	0.040280
3494	0.040272
12143	0.040218
3193	0.040210
3257	0.040201
5496	0.040186
253	0.040183
1248	0.040129
13061	0.040108
6366	0.040104
6127	0.040048
2540	0.040040
14111	0.040002
14080	0.040002
10762	0.039944
310	0.039937
12636	0.039918
12412	0.039917
7650	0.039898
