12252	0.173725
9135	0.166537
9710	0.161213
9706	0.160501
9702	0.158332
3741	0.157598
14407	0.155193
7752	0.153290
9711	0.152535
9708	0.152535
9707	0.152535
9705	0.152535
9703	0.152535
9699	0.152495
14415	0.152460
9277	0.152460
6295	0.150389
8892	0.145439
3837	0.145310
2052	0.141823
9462	0.141008
6149	0.140889
2064	0.140480
11858	0.139890
1458	0.139549
9713	0.139459
9439	0.139439
4538	0.139158
2968	0.139157
155	0.139148
8615	0.137528
307	0.137475
5296	0.137459
9709	0.136228
4301	0.136158
2621	0.134998
9413	0.134444
12909	0.134439
9794	0.132891
7659	0.132831
9218	0.131369
8711	0.131287
8732	0.131283
8710	0.130932
6081	0.130130
8845	0.130012
225	0.129554
6278	0.129512
5413	0.128886
9415	0.128803
8851	0.128803
8850	0.128803
1905	0.128696
8712	0.128171
8303	0.128171
8302	0.128171
7362	0.128171
6359	0.128171
6202	0.128079
7288	0.128032
14266	0.127603
51	0.127601
6465	0.126105
9787	0.126092
9786	0.126092
9785	0.126092
9784	0.126092
9783	0.126092
9782	0.126092
9781	0.126092
9778	0.126092
9280	0.126092
8585	0.126092
8567	0.126092
8553	0.126092
8709	0.125833
1656	0.125680
9145	0.125507
6742	0.125402
1419	0.124801
8676	0.124179
9244	0.124015
4542	0.123800
2380	0.123599
9780	0.123544
1673	0.123425
8451	0.123312
8180	0.123284
8792	0.123004
9704	0.122853
9177	0.122125
239	0.121993
9913	0.121747
14416	0.120878
9539	0.120766
79	0.120668
6557	0.120581
4485	0.120547
9623	0.120328
2114	0.120002
8604	0.119696
224	0.119372
4294	0.119335
2958	0.119190
9788	0.119020
9700	0.118743
2820	0.118698
11607	0.118216
2952	0.118127
4304	0.118007
4302	0.118007
11999	0.118005
7954	0.117977
6806	0.117836
1420	0.117806
7263	0.117503
4111	0.117067
5347	0.116552
3588	0.116246
7774	0.115609
5641	0.115609
5642	0.115605
9480	0.115541
8533	0.115541
4667	0.115274
5302	0.114897
12348	0.114268
4581	0.114218
235	0.114169
4231	0.113806
12030	0.113693
5038	0.113660
8625	0.113503
532	0.113140
4671	0.113122
4669	0.113122
2990	0.113105
2523	0.113035
4670	0.112464
4383	0.112278
7606	0.112186
9673	0.112118
4305	0.111994
9226	0.111860
9217	0.111860
8534	0.111860
7827	0.111836
9775	0.111590
5219	0.111098
2274	0.111070
2996	0.111016
6501	0.110961
7767	0.110669
38	0.110430
9152	0.110225
11806	0.110107
6896	0.109745
13850	0.109666
6155	0.109542
370	0.109505
1232	0.109478
1229	0.109478
8412	0.109406
12285	0.109117
5967	0.108890
10286	0.108674
404	0.108655
2424	0.108529
8611	0.108416
3604	0.108395
4160	0.108304
7913	0.108148
5968	0.108148
470	0.108148
4537	0.108137
469	0.108039
861	0.108024
6016	0.107685
4281	0.107582
9831	0.107233
10642	0.107230
13688	0.107135
8076	0.106950
758	0.106873
4163	0.106800
14418	0.106776
14417	0.106776
13284	0.106776
13152	0.106776
9795	0.106776
9793	0.106776
9792	0.106776
9791	0.106776
9789	0.106776
9745	0.106776
9163	0.106776
8614	0.106776
8613	0.106776
8177	0.106776
5442	0.106516
4672	0.106509
1228	0.106267
7379	0.106239
1400	0.105498
9150	0.105478
13600	0.105320
6889	0.104943
74	0.104861
3507	0.104772
7757	0.104636
353	0.104524
7654	0.104479
8352	0.104421
8351	0.104421
2957	0.104421
2956	0.104421
7872	0.104413
4106	0.104395
4668	0.104315
2542	0.104264
6913	0.104130
4105	0.104036
10661	0.104022
4511	0.103971
3314	0.103919
6895	0.103741
4128	0.103690
5916	0.103188
13533	0.103072
13532	0.103072
13531	0.103072
2105	0.102684
7655	0.102515
2363	0.102387
1958	0.102386
5177	0.101970
12273	0.101949
2902	0.101941
9192	0.101742
3389	0.101639
11646	0.101546
2411	0.101498
169	0.101353
6127	0.101344
9484	0.101336
9483	0.101336
1300	0.101324
5779	0.101185
9174	0.101153
3311	0.101124
5778	0.101116
5777	0.100905
1854	0.100798
5289	0.100737
11681	0.100638
5908	0.100614
1293	0.100333
3666	0.100236
1850	0.100115
1491	0.099853
11803	0.099528
5243	0.099284
14358	0.099215
5909	0.099185
13519	0.098792
4834	0.098784
13694	0.098468
4549	0.098410
6255	0.098301
7526	0.098233
8864	0.098205
8863	0.098205
8583	0.098205
8124	0.098205
7904	0.098205
7903	0.098205
7902	0.098205
7901	0.098205
7900	0.098205
7899	0.098205
7897	0.098205
7896	0.098205
7895	0.098205
243	0.098193
5107	0.098157
12275	0.098148
9741	0.098141
3310	0.098141
4624	0.098130
879	0.098033
231	0.097976
6317	0.097837
82	0.097743
4416	0.097731
882	0.097712
7830	0.097644
6851	0.097637
6198	0.097520
13148	0.097483
13147	0.097483
7892	0.097483
6298	0.097483
6297	0.097483
9999	0.097453
2593	0.097257
8584	0.097214
12131	0.097140
2641	0.097140
2640	0.097140
5914	0.097052
5305	0.096965
6299	0.096838
730	0.096827
145	0.096656
2758	0.096509
6838	0.096399
12069	0.096283
1906	0.096261
8974	0.095959
13626	0.095946
13425	0.095946
7131	0.095818
2666	0.095641
1479	0.095540
11996	0.095463
3000	0.095112
3539	0.095030
1402	0.094782
3786	0.094705
2775	0.094655
406	0.094500
1691	0.094394
1882	0.094278
5737	0.094178
13500	0.094045
4306	0.094019
9735	0.093902
3170	0.093814
268	0.093665
2954	0.093572
7453	0.093506
888	0.093381
461	0.093359
9231	0.093322
8634	0.093299
12077	0.093290
6461	0.093290
3711	0.093290
2955	0.093203
2953	0.093203
9248	0.093153
13235	0.093147
9686	0.093059
11658	0.093041
7295	0.093038
5546	0.093029
8207	0.092996
11634	0.092995
13265	0.092993
3288	0.092959
4168	0.092957
2863	0.092947
1090	0.092912
2964	0.092892
1960	0.092814
7676	0.092751
2870	0.092710
9121	0.092688
9112	0.092688
12873	0.092591
1380	0.092562
9729	0.092560
3774	0.092500
4112	0.092447
141	0.092366
2773	0.092322
6291	0.091976
6252	0.091810
1842	0.091756
10097	0.091434
5788	0.091342
3071	0.091331
1265	0.091176
11739	0.091156
5963	0.091149
9098	0.091106
3128	0.091080
3121	0.091080
3048	0.091080
2624	0.091080
2303	0.091080
7714	0.090978
5911	0.090967
13552	0.090901
13511	0.090901
13507	0.090901
2365	0.090702
4113	0.090596
3054	0.090515
5272	0.090391
6532	0.090294
5746	0.090277
8714	0.090207
1388	0.090108
3061	0.090025
13497	0.089977
6294	0.089895
5913	0.089866
9460	0.089804
743	0.089779
2394	0.089634
5045	0.089468
6704	0.089444
5275	0.089390
6322	0.089341
2458	0.089210
2632	0.089156
11678	0.089128
4922	0.088745
5062	0.088726
3957	0.088692
8928	0.088671
6089	0.088576
9761	0.088548
6091	0.088527
6090	0.088527
92	0.088517
3710	0.088500
948	0.088422
10226	0.088183
989	0.088055
1266	0.087968
9176	0.087966
8809	0.087966
5257	0.087958
4659	0.087898
6473	0.087710
10227	0.087670
1039	0.087620
2432	0.087598
5697	0.087560
2182	0.087556
11840	0.087430
11635	0.087366
426	0.087350
5476	0.087334
10694	0.087290
10748	0.087254
9834	0.087254
4032	0.087243
13498	0.087214
6102	0.087204
2263	0.087196
2845	0.087086
3478	0.086932
9307	0.086905
599	0.086897
4251	0.086769
9957	0.086704
1800	0.086680
8026	0.086603
5424	0.086459
5604	0.086279
1651	0.086173
392	0.086111
3773	0.086045
184	0.086003
678	0.085984
8090	0.085820
2847	0.085820
2843	0.085820
2839	0.085820
11926	0.085814
3209	0.085804
4778	0.085801
1386	0.085797
6482	0.085777
2840	0.085597
2371	0.085588
9726	0.085574
3611	0.085544
4721	0.085377
128	0.085297
4759	0.085265
5044	0.084988
5423	0.084895
35	0.084893
6818	0.084691
3007	0.084526
4094	0.084522
1030	0.084496
6866	0.084251
5354	0.084214
3712	0.084212
5790	0.084123
3960	0.084111
3956	0.084111
7510	0.084062
11982	0.084038
5414	0.084038
5412	0.084038
4229	0.084033
4709	0.084032
8503	0.083949
1320	0.083873
6197	0.083850
143	0.083700
3388	0.083677
1777	0.083666
6292	0.083525
3557	0.083427
7584	0.083388
2950	0.083286
9207	0.083171
9205	0.083171
8528	0.083171
7955	0.083109
2128	0.083107
13370	0.083091
1078	0.083057
7532	0.083011
7358	0.083011
9347	0.082998
4692	0.082947
2447	0.082936
13510	0.082791
1861	0.082763
1482	0.082696
11147	0.082665
238	0.082662
6007	0.082611
1903	0.082543
186	0.082524
3423	0.082487
1254	0.082173
9942	0.082148
9931	0.082148
9930	0.082148
9921	0.082148
9901	0.082148
9899	0.082148
9895	0.082148
9866	0.082148
9836	0.082148
9832	0.082148
9810	0.082148
9698	0.082148
9636	0.082148
9570	0.082148
9299	0.082148
12126	0.082066
10232	0.082021
2941	0.082015
5780	0.081915
13050	0.081862
6077	0.081738
11682	0.081710
4559	0.081708
7686	0.081707
2469	0.081685
10838	0.081682
2522	0.081661
11703	0.081651
2426	0.081631
3613	0.081625
4958	0.081552
10233	0.081432
71	0.081430
3336	0.081419
11715	0.081393
13320	0.081282
3902	0.081228
14269	0.081096
3171	0.081005
13462	0.080992
1173	0.080969
8619	0.080928
6064	0.080863
8531	0.080860
8312	0.080823
4447	0.080800
5923	0.080788
10220	0.080734
10326	0.080571
2320	0.080556
3186	0.080545
9796	0.080544
679	0.080431
9512	0.080430
2280	0.080417
8204	0.080360
9839	0.080232
9302	0.080179
3225	0.080021
6065	0.080018
6300	0.079972
524	0.079919
3420	0.079880
9797	0.079865
13945	0.079817
2639	0.079805
10839	0.079751
8000	0.079724
1148	0.079723
786	0.079711
10300	0.079680
1092	0.079444
7227	0.079367
4781	0.079266
1285	0.079238
5500	0.079218
2037	0.079108
8929	0.079104
63	0.079015
5433	0.078960
2423	0.078895
9540	0.078888
2275	0.078860
2046	0.078761
11758	0.078746
11655	0.078720
13918	0.078625
2374	0.078557
503	0.078469
11566	0.078459
1754	0.078322
11798	0.078296
9438	0.078234
3654	0.078151
9993	0.078138
2438	0.078131
4109	0.078036
468	0.077927
6035	0.077888
1307	0.077882
11226	0.077861
6277	0.077851
12175	0.077775
1862	0.077747
1652	0.077731
1755	0.077730
12310	0.077729
9024	0.077605
9023	0.077605
9022	0.077605
8949	0.077605
8248	0.077443
13947	0.077381
2765	0.077357
5300	0.077324
9875	0.077312
1885	0.077123
1884	0.077123
1883	0.077123
6175	0.077085
3751	0.077067
3750	0.077067
11019	0.077044
11425	0.077021
10379	0.077021
10094	0.077015
14162	0.077015
14404	0.076974
14400	0.076974
8143	0.076974
8096	0.076974
5123	0.076837
9385	0.076772
12868	0.076740
9242	0.076740
9241	0.076740
9240	0.076740
6696	0.076740
9201	0.076621
13557	0.076545
13556	0.076545
11733	0.076529
12549	0.076494
11988	0.076439
8439	0.076427
7435	0.076427
7180	0.076427
8438	0.076380
3735	0.076375
5841	0.076112
3279	0.076097
4848	0.076028
11809	0.075997
5063	0.075979
2020	0.075953
10542	0.075886
12684	0.075880
1816	0.075805
2455	0.075795
9779	0.075776
6044	0.075734
3398	0.075634
4883	0.075601
252	0.075588
814	0.075554
3427	0.075514
6167	0.075490
13659	0.075474
13658	0.075474
187	0.075471
6464	0.075412
6463	0.075412
7240	0.075381
171	0.075361
1635	0.075353
6671	0.075331
1141	0.075277
9269	0.075248
6378	0.075212
3448	0.075208
2501	0.075192
4725	0.075119
7390	0.075035
761	0.075012
11896	0.074911
12686	0.074777
7856	0.074752
4053	0.074701
613	0.074672
9069	0.074634
9068	0.074634
9067	0.074634
6373	0.074587
13545	0.074347
6603	0.074312
14085	0.074303
13767	0.074204
2971	0.074174
2040	0.074153
10186	0.074150
823	0.074125
11708	0.074115
7458	0.074104
3974	0.074021
4753	0.073970
102	0.073869
166	0.073784
14365	0.073767
7178	0.073639
8398	0.073588
5033	0.073418
2018	0.073326
12093	0.073231
13815	0.073204
3387	0.073137
1	0.073136
75	0.073115
2748	0.073112
1780	0.073015
6034	0.072963
162	0.072958
12234	0.072891
13665	0.072861
808	0.072857
14209	0.072849
3631	0.072810
1692	0.072800
7650	0.072758
7096	0.072758
2697	0.072743
2286	0.072730
86	0.072661
1317	0.072618
3749	0.072604
6915	0.072558
10110	0.072520
10098	0.072515
2042	0.072515
2892	0.072495
10538	0.072485
565	0.072475
1280	0.072345
14226	0.072343
14225	0.072343
13873	0.072343
13872	0.072343
13871	0.072343
13870	0.072343
8437	0.072343
8435	0.072343
8434	0.072343
10800	0.072305
14283	0.072287
2464	0.072236
5034	0.072226
1457	0.072204
5461	0.072185
1373	0.072135
5235	0.072116
12915	0.072109
12914	0.072109
12300	0.072098
1634	0.071998
7942	0.071996
14364	0.071966
2073	0.071876
7617	0.071851
13435	0.071751
2059	0.071751
14406	0.071721
14405	0.071721
9495	0.071690
9147	0.071690
5182	0.071657
2067	0.071632
2057	0.071571
3142	0.071527
1760	0.071493
13585	0.071451
3192	0.071373
2985	0.071352
12141	0.071294
5918	0.071284
925	0.071226
6095	0.071136
3438	0.071073
4450	0.071042
11034	0.071022
4377	0.071018
11998	0.071016
1330	0.071008
1638	0.070980
6553	0.070933
4210	0.070933
7993	0.070920
8924	0.070908
8436	0.070897
3913	0.070895
1097	0.070889
817	0.070829
5831	0.070736
1371	0.070728
6881	0.070666
2768	0.070664
5566	0.070646
1742	0.070638
9232	0.070537
11077	0.070534
800	0.070533
2625	0.070508
9143	0.070424
6242	0.070424
2213	0.070421
7239	0.070410
7258	0.070385
5849	0.070349
2054	0.070347
5758	0.070248
3270	0.070205
1991	0.070117
11989	0.070115
2757	0.070089
8874	0.070083
1979	0.070042
13234	0.069987
5460	0.069972
8772	0.069971
7917	0.069962
2256	0.069889
1379	0.069884
11429	0.069864
11324	0.069864
7090	0.069849
3144	0.069796
7981	0.069725
2755	0.069673
4476	0.069667
9855	0.069665
8713	0.069665
6731	0.069642
6695	0.069570
9247	0.069560
10231	0.069447
9953	0.069407
9045	0.069345
9701	0.069345
4463	0.069276
2062	0.069233
1291	0.069214
5523	0.069188
12182	0.069145
4464	0.069145
2962	0.069112
414	0.069086
6663	0.069079
7749	0.069066
105	0.069046
3190	0.069046
13926	0.068998
1319	0.068993
2429	0.068990
4766	0.068961
3754	0.068948
2364	0.068904
7915	0.068807
2351	0.068797
2350	0.068797
2348	0.068797
2346	0.068797
854	0.068767
6552	0.068758
3948	0.068661
11751	0.068643
8937	0.068603
1768	0.068561
2214	0.068521
2881	0.068502
876	0.068477
4977	0.068444
10637	0.068437
9610	0.068432
2097	0.068385
12365	0.068288
3736	0.068285
10646	0.068276
10192	0.068275
10184	0.068275
7933	0.068273
347	0.068273
5907	0.068157
304	0.068141
13970	0.068105
2330	0.068075
10230	0.068031
13054	0.068009
14375	0.067861
7999	0.067800
3276	0.067738
10045	0.067699
1789	0.067697
11737	0.067665
4976	0.067561
4465	0.067512
5775	0.067491
2396	0.067430
1747	0.067407
2430	0.067400
10199	0.067345
8387	0.067283
7351	0.067264
676	0.067261
9102	0.067248
9506	0.067242
6833	0.067237
11298	0.067201
10994	0.067201
10197	0.067188
1496	0.067166
13439	0.067058
1377	0.067050
4720	0.067011
13569	0.066976
299	0.066968
1346	0.066920
3667	0.066801
10093	0.066796
11048	0.066750
4722	0.066749
4175	0.066668
1143	0.066619
7356	0.066608
4460	0.066589
1654	0.066546
7398	0.066300
11799	0.066248
3700	0.066231
3884	0.066189
2015	0.066184
7759	0.066182
7357	0.066182
7355	0.066182
4176	0.066155
6217	0.066082
13698	0.066035
13544	0.066035
12276	0.066027
14263	0.066027
14002	0.066027
14001	0.066027
14000	0.066027
13998	0.066027
13996	0.066027
6666	0.066027
5064	0.066027
4854	0.066027
4852	0.066027
4236	0.066004
9928	0.065968
126	0.065941
10168	0.065937
10022	0.065937
8036	0.065937
2006	0.065929
12031	0.065905
1146	0.065872
